Time NormalisedFlux
0.0 1.0177222140799824
1.0 0.9137158992765356
2.0 0.9130724587031667
3.0 0.9367158092194217
4.0 0.9390754604721332
5.0 0.9612152901317643
6.0 0.9674684572541725
7.0 0.9519479140838348
8.0 1.0015154714452783
9.0 0.9767062175709761
10.0 1.0100414014558967
11.0 1.0336945668634503
12.0 1.028181375149598
13.0 1.041783791744086
14.0 1.0577942014889634
15.0 1.0838149820020264
16.0 1.1066181741068402
17.0 1.0848567767153445
18.0 0.9990453466664184
19.0 0.9335454510100084
20.0 0.9239085103028216
21.0 0.9495678758980364
22.0 0.9573812564146518
23.0 0.9804408664241772
24.0 0.9508959309223162
25.0 0.9535885914812294
26.0 0.9839868061332862
27.0 0.9941112311463519
28.0 1.0406142961926643
29.0 1.027024699596725
30.0 1.0588109603636076
31.0 1.0383139607524559
32.0 1.0402122879950582
33.0 1.0535280198941717
34.0 1.1195787823490937
35.0 1.0660534069222416
36.0 0.9779100488426946
37.0 0.9264398323959353
38.0 0.8944893837443805
39.0 0.9395374677904853
40.0 0.9338463956919411
41.0 0.9510886382517723
42.0 0.983693940929844
43.0 0.9811831422235531
44.0 0.9793156811354212
45.0 1.0312906844659924
46.0 1.0387252563252285
47.0 1.029749246747368
48.0 1.032062996926118
49.0 1.0337382945922007
50.0 1.0691929599205383
51.0 1.0396460347940102
52.0 1.1111308549705874
53.0 1.017805320952986
54.0 1.0008089019956388
55.0 0.8893260617400706
56.0 0.8960596228150136
57.0 0.9145761695051573
58.0 0.9594575179592655
59.0 0.9643709130980306
60.0 0.9532851530038818
61.0 0.9921803307375058
62.0 0.9855152869952016
63.0 1.0060222693887364
64.0 0.9991576555803158
65.0 1.0330392799591717
66.0 1.0213747798002775
67.0 1.0315142047039012
68.0 1.0484875590022278
69.0 1.0547515326343162
70.0 1.0835199066216448
71.0 1.0685558813061518
72.0 0.9963817077779534
73.0 0.9238991806906107
74.0 0.923816293465408
75.0 0.9270259738165927
76.0 0.9386527378750676
77.0 0.9349567815924198
78.0 1.000141936148719
79.0 0.9893894050003221
80.0 0.9971869909745052
81.0 1.0086412557131148
82.0 1.037390952715408
83.0 1.048293752721193
84.0 1.032688199778299
85.0 1.070954601902456
86.0 1.0577906825846546
87.0 1.0650548934628052
88.0 1.0938786982230875
89.0 1.0555102784714607
90.0 0.9433226193931911
91.0 0.8944426075763621
92.0 0.9348462900444322
93.0 0.96005794350433
94.0 0.9676965483090039
95.0 0.9712257682482256
96.0 0.9983213784820741
97.0 0.9707989611581105
98.0 1.0127672375290293
99.0 1.0096541885472874
100.0 1.0162606186062584
101.0 1.0315381805343546
102.0 1.0401777486830963
103.0 1.0416438101169776
104.0 0.9969035872752076
105.0 1.094005706051393
106.0 1.1155510203441366
107.0 1.041898871553865
108.0 0.9659495651016715
109.0 0.903090968418145
110.0 0.9085495370532393
111.0 0.9200242705060668
112.0 0.9692217490906415
113.0 0.9586443703478748
114.0 0.9511958466717496
115.0 0.9990860813315964
116.0 1.0073285412744275
117.0 1.0073919328395151
118.0 1.040641223938033
119.0 1.0398563622691805
120.0 1.0425675245202972
