Time NormalisedFlux
0.0 1.0397606356563474
1.0 0.9922191979684556
2.0 1.0954559602863585
3.0 0.9354428725342865
4.0 0.8843116994618111
5.0 0.8922283167173973
6.0 0.9885722821680918
7.0 1.1429958820665538
8.0 1.1845491695475534
9.0 1.1670548445923985
10.0 1.012775015957934
11.0 1.0423290243914074
12.0 0.742394366451405
13.0 0.8505428516941363
14.0 0.9596374104839135
15.0 1.1297471515751623
16.0 1.0283024015133453
17.0 1.0724261276357145
18.0 0.8531364877581783
19.0 1.0089923943242354
20.0 1.099938836416607
21.0 1.0452401643784954
22.0 1.0067127714332118
23.0 0.9013148533788832
24.0 1.0872306359386523
25.0 1.0834036834619412
26.0 0.8671743586377942
27.0 1.0487171852127775
28.0 0.8803588050566009
29.0 1.0203783163236155
30.0 0.9997724813372698
31.0 0.8585559300047104
32.0 0.9438814809440026
33.0 1.008808542886943
34.0 1.0923536847560265
35.0 1.0099708727939785
36.0 1.0211098140663082
37.0 1.1264577847755812
38.0 1.1428123333252684
39.0 1.2026267821189531
40.0 0.7605341419267757
41.0 1.021923239639011
42.0 1.1460405608753264
43.0 0.9988819589186847
44.0 1.0532717224133048
45.0 1.0986762094463243
46.0 0.9034948447902598
47.0 1.002659958194803
48.0 1.0362849282775015
49.0 1.0069841861229425
50.0 1.099379203848033
51.0 1.0197896667182855
52.0 0.8591035791843744
53.0 1.0219516994776945
54.0 1.016121251567713
55.0 1.0907947693983668
56.0 1.0700003781682061
57.0 1.1015624003342663
58.0 0.9099932370671943
59.0 1.057635051527646
60.0 1.0076674069321727
61.0 0.9942504006332464
62.0 1.0646390753740107
63.0 0.8595810258646014
64.0 0.9900212345782229
65.0 0.9198233310422524
66.0 1.1012781396068096
67.0 1.0232628697505863
68.0 1.0134086603837904
69.0 0.9969198846630204
70.0 0.8919577758218518
71.0 0.8352408246673897
72.0 1.0465008273757381
73.0 1.015268739590757
74.0 1.2045027373598056
75.0 1.146469739094092
76.0 0.8027982138392273
77.0 0.9891788000140033
78.0 0.9673581769666268
79.0 0.9851160885130182
80.0 0.8849652129204075
81.0 1.0432663356753
82.0 1.2815610582284507
83.0 1.0451573751649654
84.0 0.9072727508266588
85.0 1.0718887594325484
86.0 0.891357617458715
87.0 1.0625323421951505
88.0 1.027440503274351
89.0 1.0234093043849348
90.0 1.0026229069841865
91.0 1.1448989900062858
92.0 0.8445405747643376
93.0 0.9965953050625487
94.0 0.8871128321335773
95.0 0.8400046979465903
96.0 0.820797027745424
97.0 1.0169614915166203
98.0 0.9444824557968392
99.0 1.061842781283926
100.0 0.9350107160148204
101.0 1.0669157958396105
102.0 0.9138849271561562
103.0 1.0824841878161793
104.0 0.9128585512500419
105.0 0.9598626573544743
106.0 1.0780414790745558
107.0 1.0358910620035107
108.0 0.9819233157444773
109.0 0.9129084875761286
110.0 1.0399067115333087
111.0 0.9804324222239723
112.0 0.8401881580177972
113.0 0.7932727221788358
114.0 0.9764548527955139
115.0 0.9379391657360505
116.0 1.204820715246318
117.0 0.9528391947628897
118.0 1.0974690806640681
119.0 0.9600997674787906
120.0 0.886639001312487
