Time NormalisedFlux
0.0 0.8398182627136183
1.0 0.8291769040440522
2.0 0.8743261440155796
3.0 0.8817294289361243
4.0 0.9205784609125074
5.0 0.8791162154278231
6.0 0.8906231369366175
7.0 0.9721072421380518
8.0 0.9532884973683531
9.0 0.9115066647405743
10.0 0.9506577075436189
11.0 0.9912207034021303
12.0 0.9041353356381052
13.0 0.9537255412697944
14.0 0.9483410817229713
15.0 0.9818844577886631
16.0 0.9412802654949428
17.0 0.9851007973508843
18.0 0.9745954022460888
19.0 0.9935981832223572
20.0 1.0432631543727815
21.0 1.000313310776268
22.0 1.0122994642341427
23.0 0.9821383525416225
24.0 0.9710629782508258
25.0 1.0841637537437878
26.0 1.0690715419164216
27.0 1.038610205090467
28.0 1.0359947294892684
29.0 1.1048955966259995
30.0 1.0974216374848251
31.0 1.0589755136522756
32.0 1.106130546244636
33.0 1.1202547276756576
34.0 1.1292890384350591
35.0 1.114128061890618
36.0 1.111418271159574
37.0 1.1349104646325308
38.0 1.1739301794160095
39.0 1.119395315646072
40.0 1.164290692477564
41.0 1.1719417422769773
42.0 1.1362721413201995
43.0 1.1261393695344688
44.0 1.101462226539968
45.0 1.1039993235680283
46.0 1.1582578007010966
47.0 1.0707328810890449
48.0 1.0883171551223974
49.0 1.1360447128142277
50.0 1.1076387074225362
51.0 1.086649528600604
52.0 1.103346804342877
53.0 1.0317451465598002
54.0 1.0147444154907348
55.0 1.0252462729426175
56.0 1.0417470505220618
57.0 1.0291679437363173
58.0 0.9886130106947998
59.0 0.9833960369739796
60.0 1.0209346361115832
61.0 0.9810772158556745
62.0 0.9908722803960005
63.0 0.9467256126577079
64.0 0.9711100466747624
65.0 0.9682633044528633
66.0 0.9788967753354064
67.0 0.9537687642542922
68.0 0.9302286918140527
69.0 0.988838480331772
70.0 0.8961394188377345
71.0 0.938428090071445
72.0 0.9282067765107115
73.0 0.9332945914067604
74.0 0.9057010965354665
75.0 0.9129520700790056
76.0 0.8347299828861257
77.0 0.847428367984358
78.0 0.8665556029310314
79.0 0.8526175610537071
80.0 0.8849942944722465
81.0 0.8910161024307823
82.0 0.8798259705539077
83.0 0.8749734242812965
84.0 0.8587284126094696
85.0 0.8871982825839714
86.0 0.8868850911872156
87.0 0.8902590668268531
88.0 0.9016996779697996
89.0 0.8764847941910282
90.0 0.92329087468646
91.0 0.9667460509592269
92.0 0.9258272385960518
93.0 0.9359413099652312
94.0 0.9345681371897804
95.0 0.9725797131052306
96.0 0.995646359945782
97.0 0.9760812363327045
98.0 0.9687422973867519
99.0 0.9392921604185881
100.0 0.9986236827139576
101.0 0.9542356099928584
102.0 0.9965132988971865
103.0 1.029126941620394
104.0 0.9959384756520426
105.0 1.0261503944639183
106.0 1.009265583527432
107.0 1.0232613417825764
108.0 1.0575173334576027
109.0 1.0373749598902904
110.0 1.0686314984292122
111.0 1.0786262107990585
112.0 1.0652406798013674
113.0 1.0864939517840533
114.0 1.133412223722239
115.0 1.0506109673116724
116.0 1.1436718115336921
117.0 1.1379373335930165
118.0 1.1281248013177894
119.0 1.1454993863706728
120.0 1.1324318766888248
