Time NormalisedFlux
0.0 0.9126083912596921
1.0 0.9579516071452284
2.0 1.1986558421881945
3.0 0.8948483147372601
4.0 0.9596618435146766
5.0 1.0012385440661717
6.0 0.791551090790442
7.0 0.818054455929782
8.0 1.189934860702972
9.0 1.0401472431807275
10.0 0.9541967180143989
11.0 0.996645474611331
12.0 0.9232113786201256
13.0 0.9880854020899489
14.0 1.1389312849472026
15.0 1.100674169119423
16.0 1.0031225410001623
17.0 1.1058869745741051
18.0 0.9369763995883129
19.0 1.115730337432513
20.0 0.8895115566305981
21.0 1.03608029624547
22.0 1.0112081656793983
23.0 0.94421798490764
24.0 0.9689310741793977
25.0 0.9262299959280744
26.0 1.0844551378856706
27.0 0.8739910083808563
28.0 1.1731023542715109
29.0 1.037851588754983
30.0 1.0810890357897645
31.0 0.927062910733883
32.0 0.8508137105133022
33.0 1.003112163701868
34.0 0.9744451077834295
35.0 0.8127402096361944
36.0 0.9702501324771882
37.0 0.9218179937867087
38.0 0.9626988157046693
39.0 1.021948151395891
40.0 0.91256181206167
41.0 0.9702520117241471
42.0 1.0922664992192244
43.0 0.8747350600898376
44.0 1.180543432708462
45.0 0.9039004716980666
46.0 1.0757105474693893
47.0 1.0816557596729
48.0 0.9790632287312643
49.0 0.8850792756475885
50.0 1.0989430404785112
51.0 0.9615137126177
52.0 0.8889599682679136
53.0 1.0649487152640689
54.0 1.1011603360774644
55.0 0.8297997504698671
56.0 0.9329132654217304
57.0 1.0872029341375453
58.0 0.8672607732851771
59.0 1.0446781950360473
60.0 0.9386551313640368
61.0 0.9325265200395038
62.0 1.1232380195636162
63.0 0.8994176313277799
64.0 1.0705482336443475
65.0 1.0460285836437648
66.0 1.0820480936342547
67.0 1.0926221714823237
68.0 0.9533664723031724
69.0 1.1549684974585914
70.0 0.978972052479804
71.0 0.9566459211498358
72.0 1.0991434389369343
73.0 0.8632007739036887
74.0 1.0125829149895178
75.0 0.9667696168177672
76.0 0.9996248143349856
77.0 0.9924685910719878
78.0 1.0443590405330268
79.0 1.1481805001591712
80.0 0.9474361776492186
81.0 0.8941468821452279
82.0 0.9058207323301289
83.0 1.0054376189621725
84.0 0.7734997742536025
85.0 0.9631577461000623
86.0 1.0689438343273814
87.0 1.070608151205464
88.0 1.0310663883182258
89.0 0.8755602636770563
90.0 0.8444035610351333
91.0 1.0175177021448047
92.0 1.2589975232625075
93.0 0.8023798131917653
94.0 1.1660017788565604
95.0 1.3418443873755903
96.0 0.9980371034999538
97.0 1.0697857266445903
98.0 1.1213105856336005
99.0 0.9105255168951574
100.0 1.205841813023365
101.0 1.1270086705420996
102.0 0.9790325942254278
103.0 1.135877013691244
104.0 1.1786119372724768
105.0 0.9488212466852478
106.0 0.8934185569209844
107.0 0.9812556290703118
108.0 1.1087494375315008
109.0 1.0980691903046165
110.0 0.8324512295083261
111.0 0.9561215800179743
112.0 0.8680711959222166
113.0 1.142406008803525
114.0 1.1022167241474237
115.0 0.8401254813466353
116.0 1.1208016680023734
117.0 0.9987009878266575
118.0 0.9723368244767591
119.0 1.1298862510233032
120.0 0.9101248940343936
