Time NormalisedFlux
0.0 1.0763298743141032
1.0 1.0578689811052417
2.0 1.0290002893538215
3.0 1.0448957764152895
4.0 1.0593837342821468
5.0 1.0263302623112378
6.0 1.0053421358146477
7.0 1.0218567825560385
8.0 1.0079821839966399
9.0 0.9906532990114585
10.0 0.9720910768902279
11.0 0.967265980502281
12.0 0.9798850430539031
13.0 0.9484069678542411
14.0 0.9473559513946531
15.0 0.9398083625379086
16.0 0.9512359829531207
17.0 0.9069289806090828
18.0 0.912023188969544
19.0 0.8984670327667541
20.0 0.9231609237536622
21.0 0.9345586095488653
22.0 1.0112019162309362
23.0 1.0700957586294761
24.0 1.0625846528637444
25.0 1.0880812766896293
26.0 1.0956375543199222
27.0 1.0808933778358039
28.0 1.0525919867292968
29.0 1.0132156956792815
30.0 1.0604590593399732
31.0 1.0468362899944166
32.0 1.0288909295729514
33.0 1.002934781828309
34.0 0.9892719187561626
35.0 1.049158249289194
36.0 1.0040872523248388
37.0 0.9818304579148673
38.0 0.9580071435513413
39.0 0.9751083862696845
40.0 0.9597610889857232
41.0 0.9456175649294735
42.0 0.9591420483699328
43.0 0.9387966198246891
44.0 0.9573433584537199
45.0 0.9231723442694508
46.0 0.8955539955170052
47.0 0.9429302243222261
48.0 0.9409639557124388
49.0 0.9935258163880255
50.0 1.0526949656617035
51.0 1.0940427210498536
52.0 1.1143106143272261
53.0 1.0601584666433543
54.0 1.049659023768006
55.0 1.051753009988045
56.0 1.0325113029957778
57.0 1.0262513516690976
58.0 1.0185644973004437
59.0 1.0150974925446725
60.0 1.0109527841425332
61.0 1.0009062682958665
62.0 1.0202767790690956
63.0 1.0214322864847303
64.0 0.9657343543557698
65.0 0.9773684280564597
66.0 0.9386478676768453
67.0 0.9667597839175927
68.0 0.9704926574227931
69.0 0.9338172414702941
70.0 0.9672516573341645
71.0 0.9597513250743869
72.0 0.8883921365059756
73.0 0.9149831973991045
74.0 0.884074158762753
75.0 0.9486984486632654
76.0 0.9902453423169644
77.0 1.091677272171728
78.0 1.1024771846253614
79.0 1.0972252049247038
80.0 1.0646759278790354
81.0 1.0720668653069714
82.0 1.0683746041427737
83.0 1.0416645700784741
84.0 1.0485668907033803
85.0 1.0365147384500415
86.0 1.024760929898089
87.0 1.0302108346345107
88.0 0.9768831782762809
89.0 1.0223459939734805
90.0 0.9992456589212599
91.0 0.9640890408165306
92.0 0.9742202236076324
93.0 0.970547838111205
94.0 0.9809706113364
95.0 0.960851226617058
96.0 0.9677639762311959
97.0 0.9595980719969784
98.0 0.9485748809233245
99.0 0.8928374171429844
100.0 0.8985640575611856
101.0 0.889518321091433
102.0 0.9047056415796549
103.0 0.9838891406084763
104.0 1.0806949081191544
105.0 1.0986594604768483
106.0 1.0942268706243652
107.0 1.098000381098245
108.0 1.0414609136164106
109.0 1.0299082237016486
110.0 1.0412600179095
111.0 1.0473456064401943
112.0 1.0435724266820596
113.0 1.0364467910653063
114.0 1.0039150193929876
115.0 0.9729192766053235
116.0 1.0101923390663952
117.0 0.9812672133374707
118.0 0.999150918425007
119.0 0.9658105698550933
120.0 0.9527491117422272
