Time NormalisedFlux
0.0 1.0003953704118482
1.0 1.0798758163372628
2.0 1.090765973763282
3.0 1.0937561001302247
4.0 1.0456581480269012
5.0 1.041332598531025
6.0 1.0382898568868895
7.0 1.0272302660684633
8.0 1.0664549998136912
9.0 1.062398113410287
10.0 1.020341850203685
11.0 0.9821583784977923
12.0 0.9950787039915696
13.0 1.0050825089772444
14.0 0.9835566784456171
15.0 0.9906700146029458
16.0 0.9790713013025705
17.0 0.9493965578065946
18.0 0.9456034952715029
19.0 0.9643714465054793
20.0 0.9622238960170487
21.0 0.9511362424666058
22.0 0.9141304910277249
23.0 0.9176152562744645
24.0 0.9160306355575356
25.0 0.934554538839159
26.0 0.9613190428669809
27.0 1.0186884030432122
28.0 1.0887576169963749
29.0 1.1009909677391885
30.0 1.069249007546521
31.0 1.0576234092368417
32.0 1.0392536348256478
33.0 1.0703854953424217
34.0 1.0493747883906173
35.0 1.0500883778436119
36.0 1.0492123941781344
37.0 1.0327071536451027
38.0 1.0120616640454778
39.0 1.014633621298266
40.0 0.9963973282940419
41.0 1.0150948128827542
42.0 0.9705374172636609
43.0 0.9698794645597992
44.0 0.9593166737960506
45.0 0.9366691863692865
46.0 0.9373479081986592
47.0 0.9460947606101123
48.0 0.9543455559214917
49.0 0.9469348802301315
50.0 0.9058391209617671
51.0 0.9013806348225735
52.0 0.932915811417231
53.0 0.9819319801423588
54.0 1.033217683861806
55.0 1.0839750007064544
56.0 1.1053460479290025
57.0 1.1048569815315885
58.0 1.0420958259655158
59.0 1.0472062592788263
60.0 1.0562067596766564
61.0 1.0476472951513895
62.0 1.0595987654111012
63.0 1.0357477179872276
64.0 0.9897999885770262
65.0 1.0185364482451036
66.0 1.0136692731647252
67.0 0.9964687495343476
68.0 0.9775267191322365
69.0 1.0076223123965624
70.0 0.9837516741101339
71.0 0.9606292317559593
72.0 0.9639382549588105
73.0 0.9720824396455403
74.0 0.9405656166684441
75.0 0.9462171948769992
76.0 0.9463295461090957
77.0 0.9075955305956367
78.0 0.8902210011086955
79.0 0.901640000344243
80.0 0.973114861064179
81.0 1.0535014649303802
82.0 1.070646805681478
83.0 1.0650227455859302
84.0 1.1234458628701334
85.0 1.0571334725878931
86.0 1.0375290733386127
87.0 1.0686585218655529
88.0 1.0445853448180258
89.0 1.0301954716938404
90.0 1.036525154136252
91.0 1.033217132930358
92.0 1.00580417964502
93.0 1.007372639616423
94.0 0.9701798737720944
95.0 0.9844696575085236
96.0 0.9905528240117223
97.0 0.9532320805671514
98.0 0.956944487916937
99.0 0.9458831110133263
100.0 0.9579019907904469
101.0 0.9781870403757051
102.0 0.9313111340927502
103.0 0.9276035018387702
104.0 0.9353430598068403
105.0 0.8992422067860976
106.0 0.9249852458002995
107.0 0.9712519212675103
108.0 1.0369397436087866
109.0 1.052771318620961
110.0 1.0865552594944177
111.0 1.0780386142616731
112.0 1.069982213557588
113.0 1.0379468289188665
114.0 1.0351377146547573
115.0 1.048253158113861
116.0 1.079481382318858
117.0 1.0597107284704694
118.0 1.0503068534036226
119.0 0.9854536058315692
120.0 1.0079373072946558
