Time NormalisedFlux
0.0 1.0232557988627955
1.0 1.110388440896498
2.0 1.0884405193852147
3.0 1.148595902279091
4.0 1.1471864410409052
5.0 1.1577645943689807
6.0 1.1995334675127365
7.0 1.1598844453854096
8.0 1.2265133288042445
9.0 1.122793202773092
10.0 1.183357389220878
11.0 1.1356852418999976
12.0 1.1916850564194832
13.0 1.2278530829770156
14.0 1.2411869589784625
15.0 1.1626147879885758
16.0 1.1622403227090445
17.0 1.1162377203314426
18.0 1.1759009762937132
19.0 1.1665955660185439
20.0 1.0780559167675572
21.0 1.1456811951759902
22.0 1.128718973381891
23.0 1.1130240258822768
24.0 1.0431838949680303
25.0 1.0215963912922013
26.0 0.9656235174946566
27.0 1.0346151360242228
28.0 0.9118376991683946
29.0 0.9106323485359876
30.0 0.8666260904815514
31.0 0.9285577958691572
32.0 0.8598457643905976
33.0 0.8515864363808607
34.0 0.8227434139807228
35.0 0.8607358554287045
36.0 0.7564932069078943
37.0 0.8215030995608634
38.0 0.7654053106422741
39.0 0.7737211890368334
40.0 0.798150111677951
41.0 0.8030531622519427
42.0 0.8814810667293322
43.0 0.8468828775396346
44.0 0.8885303333866335
45.0 0.8584532973403295
46.0 0.9259117318000615
47.0 0.8816096319686695
48.0 0.8746992706116878
49.0 0.9421652112363522
50.0 1.0000208994496615
51.0 0.976182233112072
52.0 0.998281258194338
53.0 1.0994918980765127
54.0 1.0484313085888919
55.0 1.0638765247641329
56.0 1.0879792791406782
57.0 1.1262926803367899
58.0 1.1194831154596887
59.0 1.1609762913142634
60.0 1.2031186523982786
61.0 1.1426271083342652
62.0 1.178124786357874
63.0 1.1547260808921282
64.0 1.2045386272405085
65.0 1.2132605834247436
66.0 1.205259211905056
67.0 1.220411403501421
68.0 1.1604706088430021
69.0 1.15811850990398
70.0 1.2251119691730796
71.0 1.1588927676888687
72.0 1.105189520671878
73.0 1.1545741670124028
74.0 1.0970121829270132
75.0 1.0837449362067788
76.0 1.0944583293166457
77.0 0.9735168516889962
78.0 1.0256360764318284
79.0 1.0043417425039554
80.0 0.9717699064294433
81.0 0.910029615610177
82.0 0.9100103701630691
83.0 0.8659641531020097
84.0 0.8751747558080771
85.0 0.867712928580328
86.0 0.8812238340989249
87.0 0.8869220063912735
88.0 0.8548527390855772
89.0 0.8158894524919836
90.0 0.8740913451002547
91.0 0.8593531381776569
92.0 0.7512958685799682
93.0 0.7420236602822062
94.0 0.8781378919968446
95.0 0.8865381149006621
96.0 0.8079870376742585
97.0 0.8484126730652517
98.0 0.896825801516766
99.0 0.8765751128031202
100.0 0.8885583361792069
101.0 0.8975313315774116
102.0 0.9636542528660224
103.0 0.9323710463603403
104.0 1.0135476824968048
105.0 0.9882480134398959
106.0 1.03044205163165
107.0 1.0482603001422328
108.0 1.0806580542119137
109.0 1.1276248317878244
110.0 1.0303254907294037
111.0 1.1170951347909341
112.0 1.1524766363625956
113.0 1.2412262877595268
114.0 1.171679485921752
115.0 1.19531549274183
116.0 1.2131083420452358
117.0 1.1931084949655255
118.0 1.1365473057764537
119.0 1.1383144091080868
120.0 1.13470777347407
