Time NormalisedFlux
0.0 0.7704798683577604
1.0 0.7946831427006197
2.0 0.8184087260917431
3.0 0.8375605050134204
4.0 0.8306545735808348
5.0 0.8758826234652423
6.0 1.0349339052087263
7.0 0.972976039754816
8.0 1.0366176388819193
9.0 1.0863217589742498
10.0 1.105965215432295
11.0 1.1237079597807926
12.0 1.1924349084755257
13.0 1.1487570098117412
14.0 1.1520786362328401
15.0 1.1544718792203092
16.0 1.0827361287178316
17.0 1.1002208695659461
18.0 1.0058363055089936
19.0 0.9279596697288006
20.0 0.8725143474193701
21.0 0.9124534284239079
22.0 0.8435612703965587
23.0 0.8003502160193855
24.0 0.7854373567607027
25.0 0.8503289597912735
26.0 0.8311641613421954
27.0 0.8965421552867694
28.0 0.9270583312615887
29.0 0.9602650801822873
30.0 1.075238714818164
31.0 1.0665707094659647
32.0 1.1893693332743553
33.0 1.162301228773246
34.0 1.2324926751472405
35.0 1.199201376089052
36.0 1.1899104748899139
37.0 1.1440873420538007
38.0 1.1153138362895278
39.0 1.1500535113130634
40.0 1.021206586211823
41.0 1.0028947172253733
42.0 0.9399038138053903
43.0 0.9163041821686021
44.0 0.8144317474449349
45.0 0.780435925463585
46.0 0.799022691981616
47.0 0.8229110516306017
48.0 0.8284199590784576
49.0 0.8118235175083248
50.0 0.8568630574535174
51.0 0.9446361235484058
52.0 1.0370472538405406
53.0 1.0217414550710846
54.0 1.0930899682077648
55.0 1.1391780021439057
56.0 1.1127911881748576
57.0 1.1968171847985765
58.0 1.221475563414099
59.0 1.1672371793215208
60.0 1.1742801901721176
61.0 1.0904508883972337
62.0 1.0596778987233182
63.0 1.0972109766506903
64.0 0.9585802606320668
65.0 0.8889439676066485
66.0 0.9126263654033441
67.0 0.7896448606948925
68.0 0.7665626070453314
69.0 0.7831672452672168
70.0 0.773319459351466
71.0 0.8538508903317372
72.0 0.8283110347343952
73.0 0.8886997913239144
74.0 0.9036826654899399
75.0 1.0273776660614242
76.0 1.0343965879130208
77.0 1.033230445026044
78.0 1.148055495389063
79.0 1.2258414049255713
80.0 1.2507612499132603
81.0 1.2484860372649156
82.0 1.1823343119613867
83.0 1.193788662360446
84.0 1.1155202775693123
85.0 1.1056687524763953
86.0 1.0660307041956525
87.0 0.9244215461962416
88.0 0.899425565195334
89.0 0.8474796407840754
90.0 0.8957071013791115
91.0 0.8863408249500335
92.0 0.76066068391143
93.0 0.7735734877907339
94.0 0.8171728547602176
95.0 0.7738639958087621
96.0 0.9231034132067499
97.0 0.9261522738306974
98.0 1.0206353683934355
99.0 0.9934089952036005
100.0 1.1200165721153297
101.0 1.1050770750952632
102.0 1.2078817029891817
103.0 1.2041170346671763
104.0 1.180780364724128
105.0 1.161582917601074
106.0 1.1642161503267132
107.0 1.1100939618284267
108.0 1.1079157389071552
109.0 1.0258924388350656
110.0 0.9475878766186526
111.0 0.9667554880654368
112.0 0.8654378147365679
113.0 0.835269105751307
114.0 0.836273511442889
115.0 0.7634231510832356
116.0 0.8206893894500988
117.0 0.8177509736269625
118.0 0.8564041797136716
119.0 0.9156529014690061
120.0 0.9408123358518631
