Time NormalisedFlux
0.0 1.1786692056521237
1.0 1.2267212964961165
2.0 1.0868956315523375
3.0 1.0337648400498998
4.0 0.9429829628061717
5.0 0.9507317673748663
6.0 0.9065516124604531
7.0 0.8734776025277238
8.0 0.8618788785171423
9.0 0.8058717735121176
10.0 0.7997750841810184
11.0 0.8451584350049216
12.0 0.8616059313521445
13.0 0.8164512165118132
14.0 0.8664538676732778
15.0 0.937768488734875
16.0 0.9714835629268381
17.0 1.0303488272822323
18.0 1.0624698710030953
19.0 1.1570261737182495
20.0 1.148867287554138
21.0 1.189139280205258
22.0 1.195766180910146
23.0 1.2178767763698675
24.0 1.1399289449625931
25.0 1.1972205771622948
26.0 1.114516143159292
27.0 1.0011498739991098
28.0 1.0225933869565191
29.0 0.9633360530230315
30.0 0.9458727217994897
31.0 0.8499875527432972
32.0 0.8297097248693038
33.0 0.8420339868155305
34.0 0.8026242940303463
35.0 0.7953077096587846
36.0 0.807236592786594
37.0 0.8613899327426648
38.0 0.9222317248463305
39.0 0.8858267516015249
40.0 0.9325029844471564
41.0 1.0565810251819738
42.0 1.06861576785272
43.0 1.1170103716464839
44.0 1.1901520947991118
45.0 1.170748971086426
46.0 1.1811209161767917
47.0 1.1545121005513455
48.0 1.1962253072320492
49.0 1.1412011933806943
50.0 1.1458653710066697
51.0 1.070122167923177
52.0 1.0747984393574725
53.0 0.951746497325153
54.0 0.9670822340470563
55.0 0.834789793751181
56.0 0.8145831359064223
57.0 0.8525103413666729
58.0 0.8141933563462885
59.0 0.8162646990454452
60.0 0.8461568819156321
61.0 0.912564568239041
62.0 0.8944051508121823
63.0 0.9703174056487271
64.0 0.975396167393616
65.0 1.0756538303272114
66.0 1.0759453025894727
67.0 1.1356323391243186
68.0 1.160357549294712
69.0 1.2218218263298013
70.0 1.1977835381740458
71.0 1.2295436603943242
72.0 1.1894648401189594
73.0 1.1946810096756084
74.0 1.0840740480739786
75.0 0.9881033287637806
76.0 1.0034023490992208
77.0 0.9577617492439865
78.0 0.8889305873867445
79.0 0.8872087537668172
80.0 0.7840616257525979
81.0 0.8123154141268871
82.0 0.7977394116033478
83.0 0.841544531742624
84.0 0.8164997473075029
85.0 0.8497688117770076
86.0 0.8954686805771636
87.0 0.9181219459603538
88.0 0.9905619356271631
89.0 1.0221116914182158
90.0 1.1333506188946805
91.0 1.0908031122501294
92.0 1.163167386183856
93.0 1.1758337615838235
94.0 1.1712291405797723
95.0 1.1335083092622558
96.0 1.1740698844615762
97.0 1.1173814498396486
98.0 1.0674939789732867
99.0 1.113162642366026
100.0 1.058068658589231
101.0 0.9545230895526315
102.0 0.8677817317843491
103.0 0.871171564131619
104.0 0.7560263498346391
105.0 0.8483879392850286
106.0 0.8403220326984786
107.0 0.7970537620407333
108.0 0.8050574996122893
109.0 0.8378659005660847
110.0 0.8931762842170998
111.0 0.8959755293716044
112.0 0.970239985408612
113.0 1.081656625593185
114.0 1.1015258741117215
115.0 1.1357268011802921
116.0 1.1376507223353358
117.0 1.2529862651917045
118.0 1.1933069318728373
119.0 1.2341032547704611
120.0 1.1171351553316826
