Time NormalisedFlux
0.0 0.9152073383403005
1.0 0.7632727293319344
2.0 0.7824594067772299
3.0 1.044412877395476
4.0 1.1193681992213045
5.0 0.9934432504156391
6.0 1.0371639558340005
7.0 0.9337775200849057
8.0 0.975626601032591
9.0 1.085810632449133
10.0 0.9262945131508724
11.0 1.0050199372080808
12.0 1.1489517174936432
13.0 0.9620710604484556
14.0 1.1203113266284523
15.0 1.1011471216341673
16.0 1.0480062795939429
17.0 0.9384072637653983
18.0 1.0177965312413315
19.0 0.7941296619591607
20.0 0.9646864449353386
21.0 0.9814040101967733
22.0 0.9546295815061387
23.0 0.9571878970529375
24.0 0.8888699076275123
25.0 1.0336437884822904
26.0 0.9953953825726709
27.0 1.036375537477005
28.0 0.8963048414862903
29.0 1.1188056916439848
30.0 1.1068578955511588
31.0 1.0360057403820915
32.0 1.0499084768320266
33.0 0.677224828487564
34.0 1.0835491488569242
35.0 1.1588661441807278
36.0 0.9618956912143278
37.0 1.0402634559841315
38.0 0.9075123639049107
39.0 0.9804301295764851
40.0 1.1269007746798072
41.0 0.9146429436907588
42.0 1.0815722600941102
43.0 0.8093430712514126
44.0 0.9087300530768578
45.0 1.0073665566889676
46.0 0.8105767557382157
47.0 0.8450123782140935
48.0 0.9506746550305829
49.0 1.0284096668137275
50.0 1.09296242100693
51.0 0.7988486124365615
52.0 0.9290150612245262
53.0 0.951324198069537
54.0 0.9838507925845948
55.0 1.111667008529964
56.0 1.045951088496015
57.0 0.9198079256090778
58.0 0.9568826786351388
59.0 0.958454514858558
60.0 0.9281769631702134
61.0 1.022460142957871
62.0 0.9319167814775653
63.0 1.1588832701295773
64.0 0.8489921537357279
65.0 0.9921340855023004
66.0 0.8988680573716781
67.0 0.8917205799125569
68.0 0.990828195190547
69.0 0.9849819685610313
70.0 1.0836023364584966
71.0 0.9267573654637336
72.0 0.9957696351808146
73.0 0.9103218706826257
74.0 1.0135919564329405
75.0 0.9987348908329003
76.0 1.0634265557757376
77.0 0.9512610905427086
78.0 0.9294764703828122
79.0 1.2716824809124159
80.0 1.147521052831123
81.0 1.0590031585113557
82.0 0.989499924817992
83.0 0.8877904602602077
84.0 1.0120272959132879
85.0 1.0413970728859234
86.0 1.124680602950491
87.0 1.013676069936965
88.0 0.9340875934955072
89.0 0.9386341018582176
90.0 1.0863195143761053
91.0 0.9966532826536662
92.0 0.8936444797402601
93.0 0.9303627520853402
94.0 0.9648729548182391
95.0 0.9654153159607428
96.0 1.0298330738662722
97.0 0.9912202036167458
98.0 0.818395620520163
99.0 0.9979724738052329
100.0 1.0674114588361463
101.0 1.0045634298175012
102.0 0.8677770741473415
103.0 1.023046840276304
104.0 0.9737977481767676
105.0 1.0445527608008955
106.0 1.0525510933680848
107.0 0.9877524070263861
108.0 0.8160050665684981
109.0 0.9738870332848393
110.0 0.8621937854611361
111.0 0.8959235745000143
112.0 1.04878071791221
113.0 0.8397394982018225
114.0 0.8871578481174828
115.0 1.1806537032272004
116.0 1.0689986785520733
117.0 0.8392870103071931
118.0 0.9657941799511258
119.0 1.0496318096674822
120.0 1.0168646607413634
