Time NormalisedFlux
0.0 0.9714118440293107
1.0 1.0171527111276177
2.0 1.1006493204102907
3.0 1.0671041180823966
4.0 1.144357085321352
5.0 1.1885173890922922
6.0 1.2499728245646842
7.0 1.1845227876760818
8.0 1.1979816891134798
9.0 1.1236490166221755
10.0 1.1178447075604951
11.0 1.0728584250204278
12.0 1.0194511404369582
13.0 0.8835990772512635
14.0 0.902210120990715
15.0 0.8000682920332342
16.0 0.8426451868710241
17.0 0.8217408001916473
18.0 0.771654208014464
19.0 0.8305799376061235
20.0 0.7740545828300117
21.0 0.8294442159944149
22.0 0.9098740023394684
23.0 1.0145745938362343
24.0 0.9977331290638676
25.0 1.0679264966388085
26.0 1.117774953308335
27.0 1.1505587551596719
28.0 1.1776861863708006
29.0 1.2146890207691694
30.0 1.2375214357182949
31.0 1.1563698353284388
32.0 1.1974646523233021
33.0 1.138961242555861
34.0 1.05240770974842
35.0 0.9962424848373093
36.0 0.9510950356480526
37.0 0.9452421270503889
38.0 0.884123521335945
39.0 0.8311775406608825
40.0 0.8534253732099972
41.0 0.8259035245230592
42.0 0.8231322013798726
43.0 0.8333383354782556
44.0 0.8668479467679515
45.0 0.8781669132468206
46.0 0.923010767779328
47.0 0.9697232503730756
48.0 1.0350797415077957
49.0 1.124426573488915
50.0 1.1635260395057108
51.0 1.1700777785619234
52.0 1.1993980779180695
53.0 1.1905330116439026
54.0 1.1377214348621698
55.0 1.2340575343000129
56.0 1.1454297122383474
57.0 1.1379324969264415
58.0 1.0362707338592139
59.0 0.9816367409762504
60.0 0.9096364820781769
61.0 0.9423530469351444
62.0 0.7788190173965834
63.0 0.8010748278078245
64.0 0.7997067399182689
65.0 0.8425458093138277
66.0 0.7920225693544625
67.0 0.7970919550195146
68.0 0.8885979954818771
69.0 0.9355155819120862
70.0 1.0249618069928084
71.0 1.0729944934260534
72.0 1.127348928961201
73.0 1.1083529245528434
74.0 1.1248557454295953
75.0 1.2025849476127264
76.0 1.25434917159529
77.0 1.1687017349534898
78.0 1.1908990980404945
79.0 1.1200182005691632
80.0 1.1339281220589505
81.0 1.0529559796818233
82.0 0.99495455152114
83.0 0.927897181341272
84.0 0.8739583073166233
85.0 0.8263679026459217
86.0 0.7497637122873287
87.0 0.8165903279968261
88.0 0.8378245640303124
89.0 0.7887090083197226
90.0 0.8443490668075184
91.0 0.8972869943285906
92.0 0.9116630040686222
93.0 0.9320861341581919
94.0 1.0777669518597115
95.0 1.0557549685743144
96.0 1.136247414404205
97.0 1.1812591919690623
98.0 1.1987728584257318
99.0 1.1920432246724686
100.0 1.160891697839363
101.0 1.2036280951338856
102.0 1.1719718353289623
103.0 1.1362565844196018
104.0 1.0672156666214494
105.0 1.0235446398057781
106.0 0.9974225114070449
107.0 0.9318724425903705
108.0 0.8268536835094885
109.0 0.8761586148760657
110.0 0.7914984618773998
111.0 0.8256014874923749
112.0 0.8174496704698404
113.0 0.8130790496605087
114.0 0.8038615591158318
115.0 0.8740042650555351
116.0 0.9006377453041222
117.0 1.0078720724057404
118.0 1.0752813711680387
119.0 1.0804040915488669
120.0 1.1452756153702486
