Time NormalisedFlux
0.0 1.1527272968806168
1.0 0.8633755330146831
2.0 1.0592503004185465
3.0 0.8881492805318991
4.0 0.810944967642386
5.0 1.0753496651014849
6.0 0.9915683921003197
7.0 1.2414826288724616
8.0 0.9222570268001978
9.0 0.9891011519695904
10.0 1.0701500903789125
11.0 0.8542359472052434
12.0 1.1967917345166965
13.0 1.020404002828848
14.0 1.3231674854380828
15.0 0.7917732234739041
16.0 0.8308140654815562
17.0 0.8229012149267607
18.0 0.8474929207796176
19.0 1.034693305066799
20.0 0.8977363114419918
21.0 0.9439539223102278
22.0 1.0079463773695148
23.0 1.113727018792941
24.0 0.9148335178354037
25.0 1.058168365827412
26.0 0.9119912152934523
27.0 1.0151817678435588
28.0 0.9831019553349982
29.0 1.104382956077577
30.0 0.8637942587148908
31.0 0.8826854338720056
32.0 0.894154708980655
33.0 1.064026494924956
34.0 0.9740422677860592
35.0 0.9987346893809146
36.0 0.9454132422018872
37.0 0.7344641953102446
38.0 0.834745013692668
39.0 0.8863323497131005
40.0 0.9507639140757513
41.0 0.9217277456880979
42.0 1.038093035532818
43.0 0.9331799631404925
44.0 1.1643518210839738
45.0 1.1781498279847678
46.0 1.1912121465883556
47.0 1.0530570297865651
48.0 0.8944662526039516
49.0 0.9599544340345522
50.0 0.9752429460396307
51.0 0.8325763270667387
52.0 0.8298479387338117
53.0 0.9827447296010421
54.0 0.9929578953313998
55.0 1.031440935385627
56.0 0.8304019730603397
57.0 1.0008494753257207
58.0 1.0079271799454221
59.0 1.104297989221333
60.0 1.104788316927663
61.0 0.8840676177932608
62.0 1.09886181455972
63.0 1.1109497282306438
64.0 0.8240926640599
65.0 1.031849639895188
66.0 0.8488806101435882
67.0 1.078208804195581
68.0 0.9902137867116851
69.0 1.0157996196256003
70.0 1.0769109456638526
71.0 0.8771120094882087
72.0 1.0013379050580158
73.0 1.1318846056935
74.0 0.8693954586619459
75.0 1.0094662155324245
76.0 1.031698257906951
77.0 1.0803796247751754
78.0 1.1680347014825705
79.0 1.0072885466014374
80.0 1.289550604898447
81.0 0.8479500411943934
82.0 0.9855348624919696
83.0 0.8959212173408457
84.0 1.144397904284996
85.0 1.040345694389931
86.0 1.029416297972859
87.0 0.9242909954434197
88.0 1.0082518485215821
89.0 1.1907225541838282
90.0 0.9339042814873255
91.0 1.0215695482450673
92.0 1.1447810161794965
93.0 0.9494760452161874
94.0 1.161274211340273
95.0 0.9840059158595892
96.0 0.9662383715399622
97.0 0.9564297093038173
98.0 1.088290944192339
99.0 0.8896641333438614
100.0 1.0553586587849706
101.0 1.0015167719884486
102.0 0.9642784596845753
103.0 1.0279052978478305
104.0 1.0764765580723958
105.0 1.0303070850768452
106.0 0.9734264386210566
107.0 1.1147220359157295
108.0 0.9989788353364573
109.0 0.975413111548658
110.0 0.7924192812623936
111.0 1.265744995252199
112.0 0.9278702238521699
113.0 1.0956084979754654
114.0 1.0398022686895434
115.0 0.9623759098825132
116.0 1.0444793463303281
117.0 1.036527305535561
118.0 0.8465706833811183
119.0 0.9888744935658591
120.0 1.0690761574253456
