Time NormalisedFlux
0.0 1.2322972489996855
1.0 1.200611510180169
2.0 1.0740963320902932
3.0 1.0202940734176995
4.0 1.0987267684519908
5.0 0.9570234504777146
6.0 0.9522628641072063
7.0 0.8204237381696966
8.0 0.840099084301696
9.0 0.7994572905519757
10.0 0.7634720891249145
11.0 0.7768341187885903
12.0 0.8199542870964794
13.0 0.8183056462722818
14.0 0.8831783164968079
15.0 0.8358502977435511
16.0 1.0125392977037755
17.0 1.0227868371658206
18.0 1.1092350966494502
19.0 1.1048823287204428
20.0 1.1646548807782047
21.0 1.1907439161754736
22.0 1.2054806760103862
23.0 1.157070393718435
24.0 1.1772291265609105
25.0 1.1249973338642556
26.0 1.0670828905742384
27.0 1.0193185465083745
28.0 0.9784543547872419
29.0 0.9292116955982945
30.0 0.836846071898036
31.0 0.8303247337010262
32.0 0.7813172462007151
33.0 0.7484694651092201
34.0 0.7591921347712393
35.0 0.8337410549158482
36.0 0.9203858720532886
37.0 0.9080524626105052
38.0 0.9278808417970865
39.0 1.0592760852120167
40.0 1.0082049150236254
41.0 1.1074286579298491
42.0 1.174397074646903
43.0 1.2032606973409452
44.0 1.1958210242411758
45.0 1.2024352720030567
46.0 1.148865906446911
47.0 1.1063158056885682
48.0 1.0698909521756446
49.0 1.1025927371835536
50.0 1.0359264611969206
51.0 0.969742747103179
52.0 0.8440255432530199
53.0 0.866258507182309
54.0 0.7834163800286851
55.0 0.7796101100048551
56.0 0.8412580320627174
57.0 0.8362543730065983
58.0 0.8652450216926038
59.0 0.9067331893580297
60.0 0.9153068010624634
61.0 0.993481935658602
62.0 1.0360286544288422
63.0 1.144775059865122
64.0 1.1766813311175564
65.0 1.1576368002957913
66.0 1.1615697066947144
67.0 1.2087091975588098
68.0 1.1474147764579368
69.0 1.1380595646393372
70.0 1.1259332151038672
71.0 1.0678842932795702
72.0 0.9999063247875691
73.0 0.9992292009707435
74.0 0.8738929353465387
75.0 0.8932417084090454
76.0 0.8097985347297039
77.0 0.8188183350272452
78.0 0.7711892647653246
79.0 0.7734567758351736
80.0 0.8569011013429171
81.0 0.8485354664113117
82.0 0.9256214830797916
83.0 0.9773960108159867
84.0 1.022852471004768
85.0 1.054858683810591
86.0 1.1453031489108327
87.0 1.1754078012916083
88.0 1.1565042316182343
89.0 1.2040079932397354
90.0 1.252879333909725
91.0 1.2015051562923968
92.0 1.1398733604231934
93.0 1.0850436224550593
94.0 0.9957770603580212
95.0 1.0032812862883949
96.0 0.9354787911420439
97.0 0.8824650948027052
98.0 0.844672451693129
99.0 0.8246445561207212
100.0 0.7664235093063881
101.0 0.7367698400186172
102.0 0.850797847329477
103.0 0.8079982101534017
104.0 0.9538279339749659
105.0 0.9537561675723601
106.0 1.0219459659389547
107.0 1.1007726628773464
108.0 1.1001266380284345
109.0 1.2167117915432146
110.0 1.1276272213316278
111.0 1.1918288635083467
112.0 1.1952944636346814
113.0 1.143955788444467
114.0 1.1876756450977326
115.0 1.139667962646003
116.0 1.0691178894464857
117.0 0.958755914081937
118.0 0.9332398578622112
119.0 0.8781411723030212
120.0 0.8477660870369942
