Time NormalisedFlux
0.0 0.8509898488968306
1.0 0.9633040234785614
2.0 0.9123080091899014
3.0 0.9964102765699437
4.0 0.9712236473767398
5.0 1.0879484052294
6.0 0.8693001716350142
7.0 0.9689443053283268
8.0 0.9233899949754016
9.0 1.155813360939349
10.0 1.088633079692447
11.0 1.0136145500895632
12.0 1.0973669522172889
13.0 0.9258553111787577
14.0 1.0744373489535832
15.0 0.9783910113130223
16.0 0.7596725814357888
17.0 0.9801388612235613
18.0 1.1236202683929164
19.0 0.9012204615812134
20.0 0.9494642704442144
21.0 0.8489512286850284
22.0 1.0042858624348179
23.0 0.8991041844395383
24.0 1.0780728957034984
25.0 0.9354664202899771
26.0 1.0425559564662112
27.0 0.8299533655717795
28.0 0.9749794478352001
29.0 1.020537519106389
30.0 0.9449564724820899
31.0 0.9903210432947099
32.0 1.0606421279737361
33.0 1.1491555898248658
34.0 1.1733835930389307
35.0 1.088316716256796
36.0 1.0610842513612122
37.0 0.9819160390970124
38.0 1.1993601737528532
39.0 0.9504582874694091
40.0 1.0777759070237902
41.0 0.9509386156392304
42.0 0.8956621419285894
43.0 0.981552321907747
44.0 0.9704428040891852
45.0 0.958485107601976
46.0 0.9048898499896505
47.0 0.8549550623710016
48.0 1.1896335898338892
49.0 1.0721790064824264
50.0 1.040842121374706
51.0 1.0926523274172228
52.0 0.9644940891963346
53.0 1.031858947962163
54.0 1.0529246472433516
55.0 0.9612225166715962
56.0 1.0068029689986204
57.0 1.107695280533562
58.0 0.9294821280120859
59.0 1.0954606926237427
60.0 0.9417925769431322
61.0 0.9867775552309972
62.0 1.161946300912228
63.0 0.9027878185180732
64.0 0.8922381898941122
65.0 0.9922143061962595
66.0 1.001440594297588
67.0 1.0202162706276958
68.0 0.9196014824414015
69.0 0.8243450866521383
70.0 1.0135180558899117
71.0 1.0291272018953497
72.0 1.0418043418206075
73.0 1.0009118220830777
74.0 0.8746101949679392
75.0 0.9125056953517385
76.0 0.9974329212326114
77.0 0.8782161572771748
78.0 1.0595428252336092
79.0 0.9397006152605445
80.0 0.9727919981051063
81.0 1.020823957174256
82.0 1.0449306565098975
83.0 1.1802619896863882
84.0 1.2184902620513958
85.0 1.1034860896691017
86.0 0.9753266872108509
87.0 0.9469634117418211
88.0 0.8092791885670593
89.0 0.8208938466054402
90.0 0.9818238579927541
91.0 0.9298717646489834
92.0 0.9664253472147208
93.0 0.9410476694590282
94.0 1.1095318098183764
95.0 1.0630294378839606
96.0 0.9639562550743661
97.0 0.9174379132658266
98.0 1.0231182500022058
99.0 0.9571508896655001
100.0 0.8876388664092341
101.0 0.9081579978508874
102.0 0.8156963483915346
103.0 0.9747546054636029
104.0 1.0089214284073786
105.0 1.1288238923034095
106.0 0.9966556909615725
107.0 0.8721213950099983
108.0 0.9800219862275399
109.0 0.9466772528430181
110.0 1.1090956786243975
111.0 1.0062536908862012
112.0 1.0015194874212892
113.0 0.9698487288628667
114.0 0.9014480921284526
115.0 1.164020571737384
116.0 0.9735543539031178
117.0 1.1052801844046827
118.0 0.8275260485360535
119.0 0.9502918863504347
120.0 0.9008565775330561
