Time NormalisedFlux
0.0 1.1449389915088306
1.0 1.0519749348508591
2.0 1.130135872383469
3.0 1.1014712570802772
4.0 0.9003590277988477
5.0 1.012086842767277
6.0 1.176040654282502
7.0 0.8515372751994013
8.0 0.9212708901200661
9.0 0.9839525288619915
10.0 1.0967779981337975
11.0 0.8157568788459858
12.0 1.0311093454240294
13.0 1.094785690424265
14.0 0.9666796811426358
15.0 0.9426648689414601
16.0 0.8215373043444971
17.0 1.1886317419472188
18.0 0.9764364111299227
19.0 1.0580840031546581
20.0 1.1250375202756133
21.0 0.9649688737647243
22.0 0.8950156666754986
23.0 1.0239441322081413
24.0 1.0454241292146254
25.0 0.9179584400850715
26.0 1.2357117980744154
27.0 1.1275911558019187
28.0 1.0536552520771822
29.0 0.8656951702847122
30.0 0.9001900390545198
31.0 0.9880188008310874
32.0 0.9718899175939193
33.0 0.8977408997794982
34.0 1.1705309818240834
35.0 1.131934926850355
36.0 0.993797807846564
37.0 1.0509628885108628
38.0 0.9415599807375044
39.0 1.0727952718467912
40.0 1.0362360057425912
41.0 1.1846291038156536
42.0 1.017971734850044
43.0 0.9166216766006388
44.0 0.9381791556646898
45.0 1.0142027181925213
46.0 1.1024244009343336
47.0 1.1374381640003806
48.0 0.9150975921673551
49.0 0.9128600312184656
50.0 0.8338771430656474
51.0 0.9255567123219528
52.0 1.0561700796753204
53.0 0.9088855654147989
54.0 0.9298407200340433
55.0 1.1189235613993245
56.0 0.8501109187011094
57.0 1.0288608726562802
58.0 1.0318249461506697
59.0 0.9729909568822319
60.0 0.9763088840229804
61.0 1.1898113743484333
62.0 1.0508133077532997
63.0 0.8565823050688157
64.0 1.1296019871094929
65.0 1.158685827956325
66.0 0.9005089548037993
67.0 1.022066707878135
68.0 0.8871777379125538
69.0 0.9283268777278817
70.0 0.9328281460786557
71.0 0.9929483034675608
72.0 1.0901683339816477
73.0 0.9666922637782307
74.0 0.9335861740964265
75.0 0.9976952019465237
76.0 0.9320050780299894
77.0 1.0222423277464876
78.0 0.9082629020026168
79.0 0.9151098087648759
80.0 0.9585049105356827
81.0 0.9576234580136428
82.0 0.9377333968908718
83.0 1.1437649822374112
84.0 0.9305303561901556
85.0 0.9288822049942872
86.0 1.0293586998662636
87.0 0.791593383767033
88.0 1.0640937663228398
89.0 0.9042583983371422
90.0 0.9995502409727632
91.0 0.9922850169767193
92.0 0.9599639053532445
93.0 1.025413608936271
94.0 0.9813562422344131
95.0 0.8618537771152707
96.0 1.0209033586922993
97.0 1.0985953201860854
98.0 0.9257617965977178
99.0 0.781399222484958
100.0 0.9580030081115337
101.0 1.0145480180101751
102.0 1.0075598094592138
103.0 0.8487510308618047
104.0 1.0011141634862704
105.0 0.9064390883618494
106.0 0.9010891263861381
107.0 1.071205079014145
108.0 0.9084534126005315
109.0 1.0679538074336534
110.0 0.9489672519687864
111.0 0.9958669843459615
112.0 1.0177782815559608
113.0 1.1116242248626076
114.0 0.8760866159008718
115.0 0.9201534148710057
116.0 0.8492767407533753
117.0 0.8073543061209518
118.0 0.9533897924144078
119.0 0.9736946690022174
120.0 1.119394297487691
