Time NormalisedFlux
0.0 1.0906915547907294
1.0 1.0039423416063271
2.0 0.9648173148152211
3.0 0.8914771615993625
4.0 0.8866995284825465
5.0 0.7837937686389629
6.0 0.8107075745950844
7.0 0.817573772457588
8.0 0.8654777286504559
9.0 0.8522421400423656
10.0 0.8860490157098636
11.0 0.9727257136779818
12.0 0.9633306003347518
13.0 1.0760434373211047
14.0 1.0640721202385777
15.0 1.1063678283985203
16.0 1.2310799497883862
17.0 1.2032497269846893
18.0 1.2124440801395444
19.0 1.1604808138146099
20.0 1.1405142790970708
21.0 1.1178891220457596
22.0 1.0084843578056935
23.0 1.0098493649330287
24.0 0.9471167042406566
25.0 0.9012239066859399
26.0 0.8452760865605735
27.0 0.863084144796264
28.0 0.7656505077219868
29.0 0.7921825503347124
30.0 0.8306414145763836
31.0 0.8659781123703274
32.0 0.9154052713861472
33.0 0.9700935815663854
34.0 1.0830769011756132
35.0 1.0977192029129865
36.0 1.1198357304941
37.0 1.1814268991002526
38.0 1.1805993748932986
39.0 1.1855045203402645
40.0 1.2564373161536708
41.0 1.2363208722769328
42.0 1.0984371954797643
43.0 0.9878180875758334
44.0 0.9933669694599164
45.0 0.9057669497421759
46.0 0.8387932734028438
47.0 0.8691009447470692
48.0 0.8526626616989537
49.0 0.7960323563425299
50.0 0.7987140425345137
51.0 0.8192849490602526
52.0 0.8550343612219705
53.0 0.8980494677091823
54.0 0.8920253813214298
55.0 1.0173596120244772
56.0 1.1196190745444576
57.0 1.1479904308291315
58.0 1.1827167195007482
59.0 1.2588099825681214
60.0 1.2246141229701408
61.0 1.2277649107445243
62.0 1.1476100352032874
63.0 1.135131748315017
64.0 1.0482989081822973
65.0 1.006782629671411
66.0 0.9833075087060279
67.0 0.8541001714904374
68.0 0.831954178019707
69.0 0.8523123241618601
70.0 0.7899633731791182
71.0 0.8497150020044507
72.0 0.8716799818162195
73.0 0.8933328190697151
74.0 0.8956199665468274
75.0 1.0431240043147905
76.0 0.993206211918204
77.0 1.0375924186823176
78.0 1.1348172006792079
79.0 1.2174983430621509
80.0 1.2181245359544628
81.0 1.16359852190352
82.0 1.2804740430876016
83.0 1.1749804880995236
84.0 1.1010095479638944
85.0 1.0497848048305418
86.0 0.9797572152079168
87.0 0.9620021394917752
88.0 0.9005251090769267
89.0 0.8419812288248113
90.0 0.8316461196755615
91.0 0.8143951777536451
92.0 0.7687366244731
93.0 0.7803266854619128
94.0 0.8833807560409663
95.0 0.980928373421159
96.0 0.9268669920245524
97.0 0.9805882345618643
98.0 1.086506273727478
99.0 1.11210394339727
100.0 1.1976039454304213
101.0 1.1825037665179672
102.0 1.1996054916236316
103.0 1.1814028134802346
104.0 1.1840729719673257
105.0 1.0952678579775175
106.0 1.0490526911010123
107.0 1.0720774751018702
108.0 0.9530317432934873
109.0 0.9428264786445213
110.0 0.7975100483153384
111.0 0.8327813932048688
112.0 0.8751275157532841
113.0 0.7102736207623743
114.0 0.8010042888797053
115.0 0.8591610421722357
116.0 0.8771057874894999
117.0 0.8893070504342813
118.0 0.9729647520019663
119.0 1.0073816405810463
120.0 1.0993070966753629
