Time NormalisedFlux
0.0 1.19030888576973
1.0 1.3000809223576486
2.0 1.1819466609027334
3.0 1.1256985357166551
4.0 1.1635576961787444
5.0 1.0439816574943865
6.0 1.0423086527142846
7.0 0.9129562700935014
8.0 0.9300254270444063
9.0 0.8080246967493606
10.0 0.8718620221366676
11.0 0.7800504400323112
12.0 0.8060845627812397
13.0 0.7945075192432938
14.0 0.8263157686176612
15.0 0.9328087540295174
16.0 0.9492244433921057
17.0 1.0484553581908391
18.0 1.0568008938375275
19.0 1.1572280362420273
20.0 1.1893861099067713
21.0 1.1683765022311268
22.0 1.2458475486768068
23.0 1.174523005732941
24.0 1.1869573702271208
25.0 1.0723560677665767
26.0 1.0308597516411473
27.0 1.0274058781069728
28.0 0.9344484825979626
29.0 0.8962481982878397
30.0 0.8568275782171562
31.0 0.82454960722601
32.0 0.7854367231877474
33.0 0.8559609823143814
34.0 0.8669747316261625
35.0 0.894910429287279
36.0 0.8774002018507843
37.0 0.9725553376240501
38.0 1.00342266537518
39.0 1.038023096949127
40.0 1.1468256145651408
41.0 1.1416914241355842
42.0 1.2053110262156452
43.0 1.2266535818060798
44.0 1.1697916675202646
45.0 1.15041081484949
46.0 1.1379056771471256
47.0 1.075863242955481
48.0 0.9594994733039202
49.0 0.939768517329003
50.0 0.9668035715726657
51.0 0.8689205813998517
52.0 0.797702723404976
53.0 0.8526376922279235
54.0 0.8533930660539412
55.0 0.8085696456418083
56.0 0.848820074497138
57.0 0.9006660647590288
58.0 0.9441501133058253
59.0 0.9763524791361408
60.0 1.1535834879491997
61.0 1.0563916630091936
62.0 1.1810617197628035
63.0 1.1366907612297061
64.0 1.1751453534138283
65.0 1.1526465709190754
66.0 1.1837838075406013
67.0 1.1255481717135225
68.0 1.0529513734136582
69.0 1.021442757489742
70.0 0.9345779255699947
71.0 0.8814735148915568
72.0 0.8140788230836034
73.0 0.8441384879178923
74.0 0.7626988715264149
75.0 0.7197862850264463
76.0 0.8618715976644404
77.0 0.8088443927409611
78.0 0.9007246374220301
79.0 0.9568317118598875
80.0 1.0486855575417828
81.0 1.1169977384570835
82.0 1.0759073115410265
83.0 1.186010239227337
84.0 1.168213128504689
85.0 1.201614038513799
86.0 1.170299876259371
87.0 1.172758052907043
88.0 1.2004741073069898
89.0 1.1168850017999805
90.0 1.0404459212199733
91.0 0.9702839745107351
92.0 0.8975357862174453
93.0 0.8926014152375861
94.0 0.7958064017747911
95.0 0.7975059233579297
96.0 0.7636233432211512
97.0 0.8395579982585367
98.0 0.8845800930412271
99.0 0.8393433331737664
100.0 1.0035311386233572
101.0 1.0594459832319836
102.0 1.1184583423989134
103.0 1.1273808573539075
104.0 1.1798681590417595
105.0 1.1545298555196895
106.0 1.1665635934496528
107.0 1.1576239180173915
108.0 1.108163040454026
109.0 1.1751978496868714
110.0 1.0814718173505256
111.0 0.9843334551696754
112.0 0.9318067293374432
113.0 0.9443878535176201
114.0 0.8806213176590981
115.0 0.8222648965986431
116.0 0.8067876172271488
117.0 0.821079092489539
118.0 0.9103765832913913
119.0 0.8253263005038041
120.0 0.9090932590669814
