Time NormalisedFlux
0.0 1.093393660371204
1.0 1.0092253945871184
2.0 0.913871949499884
3.0 0.8907837603197534
4.0 0.8678447841739951
5.0 0.8241041372429267
6.0 0.7553551378655956
7.0 0.8717428457394258
8.0 0.7521742195526073
9.0 0.8357543572321867
10.0 0.9390652926776109
11.0 0.9348937523110205
12.0 0.9849819878127141
13.0 1.0807184827587482
14.0 1.138714627974717
15.0 1.1628015615426635
16.0 1.209998109611559
17.0 1.1801890712225982
18.0 1.187384582357538
19.0 1.1633693288649205
20.0 1.1090907271211092
21.0 1.002732662024164
22.0 1.0637340113938316
23.0 1.0174024067102678
24.0 0.9426901541988986
25.0 0.8809525984508326
26.0 0.8448357495715874
27.0 0.7426255312924898
28.0 0.7299463599856442
29.0 0.8380046339865416
30.0 0.8288315939067391
31.0 0.8710752586751553
32.0 0.940590677230732
33.0 0.9943029791318693
34.0 1.0649565228922224
35.0 1.1319495972936418
36.0 1.1130634755661168
37.0 1.1661793998807044
38.0 1.1533035711827304
39.0 1.208813836784707
40.0 1.1446752252535508
41.0 1.113655277714204
42.0 1.1153439163055834
43.0 1.0519453722857668
44.0 1.0481008758596022
45.0 0.964226197994671
46.0 0.9554912146954152
47.0 0.8482228435553665
48.0 0.7313081239247982
49.0 0.8114797066324495
50.0 0.8343825418127628
51.0 0.8307945094024235
52.0 0.8337214820015931
53.0 0.8283048764262761
54.0 0.9287944108513958
55.0 0.9511092048551297
56.0 1.0317154808031983
57.0 1.0729781134427931
58.0 1.1433315036675062
59.0 1.2198447071622278
60.0 1.231306850001945
61.0 1.2085793592342073
62.0 1.1372969743116954
63.0 1.1457095948503186
64.0 1.0878278300113993
65.0 1.0022391036124578
66.0 1.0057550054872393
67.0 0.9710092635422357
68.0 0.8836586764311587
69.0 0.868448038700773
70.0 0.790407739729176
71.0 0.80462395971112
72.0 0.8369227624716598
73.0 0.8241447237900092
74.0 0.8127218784179255
75.0 0.9190150440564046
76.0 0.9549268809528846
77.0 1.0393993148490528
78.0 1.0931715429197297
79.0 1.1038006570554166
80.0 1.1994073219859855
81.0 1.2293171102193834
82.0 1.17097427257408
83.0 1.1146979756208677
84.0 1.1804404970572788
85.0 1.1337254845931242
86.0 1.0733172014562904
87.0 1.0900425516643784
88.0 0.9399976591886755
89.0 0.9312669337541987
90.0 0.882254805961063
91.0 0.7938716155655849
92.0 0.8157572837004501
93.0 0.7915403907933322
94.0 0.7697102677982854
95.0 0.8700379597273551
96.0 0.8787526311842501
97.0 0.9532989086901201
98.0 0.9874826567187666
99.0 1.0328838992689235
100.0 1.100584480485752
101.0 1.1568871030485515
102.0 1.1187224486904732
103.0 1.199400206882221
104.0 1.1972285124674202
105.0 1.1505848171387676
106.0 1.1442098027800505
107.0 1.1089425667304766
108.0 1.063560537800244
109.0 0.9900143009063225
110.0 0.9769220981019744
111.0 0.8301503487964197
112.0 0.8741689806409482
113.0 0.8231522265052644
114.0 0.8221925476737683
115.0 0.851989324552974
116.0 0.8471174972841068
117.0 0.9126526059875051
118.0 0.9093201117376832
119.0 0.9604737698671185
120.0 1.0131327084131978
