Time NormalisedFlux
0.0 1.1058261511084773
1.0 1.0421842659451332
2.0 0.963646771774949
3.0 0.9664224040510051
4.0 0.8735002300289467
5.0 0.8733073649673574
6.0 0.8514096488077376
7.0 0.7952092960906176
8.0 0.8366581307616647
9.0 0.8120571599218969
10.0 0.8774281291581604
11.0 0.9314485488609934
12.0 1.0228760493516806
13.0 1.0019237075241676
14.0 1.05501140537099
15.0 1.1372431809595538
16.0 1.1800576154464362
17.0 1.2243344785535024
18.0 1.2286336917669014
19.0 1.1530670853193445
20.0 1.1571366513055914
21.0 1.148761157056894
22.0 1.057483728019244
23.0 0.948463123952012
24.0 0.9204178062399425
25.0 0.8393287812157005
26.0 0.7975413432354411
27.0 0.7871689459427365
28.0 0.7959484164795703
29.0 0.8415627167772555
30.0 0.8342464955174408
31.0 0.8028667633100891
32.0 0.8664653587858033
33.0 0.9555291462546774
34.0 1.0621144781953336
35.0 1.0702341627813656
36.0 1.0942664714572257
37.0 1.1950053556456894
38.0 1.2049551024950933
39.0 1.1837383752543318
40.0 1.1953478089383482
41.0 1.1802287187857916
42.0 1.200640002830335
43.0 1.170060419036898
44.0 1.1033203444907225
45.0 0.9618608786818552
46.0 0.9893871871660758
47.0 0.8333684221343497
48.0 0.8092094536249179
49.0 0.7706831500660697
50.0 0.7537456224149941
51.0 0.765500977257513
52.0 0.8536439737375706
53.0 0.9267156211367775
54.0 0.9561721867321352
55.0 0.9588445373881614
56.0 0.9985180989459354
57.0 1.074480910984595
58.0 1.1307480395719631
59.0 1.2210842214307123
60.0 1.220827508133454
61.0 1.1875180759017276
62.0 1.170300572868923
63.0 1.1861904595837742
64.0 1.0697452890642882
65.0 1.0714067425047595
66.0 1.0257102974262553
67.0 0.9141629542223865
68.0 0.8804244692922116
69.0 0.8374825106743766
70.0 0.8285261563571034
71.0 0.8314415569047903
72.0 0.7862367483910846
73.0 0.8067312835447507
74.0 0.8490798396661504
75.0 0.9453251296527904
76.0 0.9090704138821268
77.0 0.9530716876858282
78.0 1.0317942955204373
79.0 1.0352150053072846
80.0 1.176161431633502
81.0 1.1780464030093591
82.0 1.1340776311292913
83.0 1.2112275760002964
84.0 1.219326807289441
85.0 1.2161798213200024
86.0 1.0758244398486128
87.0 1.0586307450429564
88.0 0.978773578160434
89.0 0.9448442993379996
90.0 0.8837821222380656
91.0 0.8159550027666558
92.0 0.7779841082727571
93.0 0.8476927801593137
94.0 0.7607226567332603
95.0 0.8878814540737411
96.0 0.907609593097168
97.0 0.8867530839501114
98.0 0.9320552873837606
99.0 0.9988329719542689
100.0 1.0553159284243965
101.0 1.1327762702954587
102.0 1.1914230961997088
103.0 1.2075331409591432
104.0 1.2416332763543885
105.0 1.1291576221427606
106.0 1.201353985617348
107.0 1.1344350730875385
108.0 1.0796707539908421
109.0 1.0018772531235638
110.0 0.9885700326618015
111.0 0.8846522296438325
112.0 0.8880464080988698
113.0 0.8104081439662942
114.0 0.8358366163885581
115.0 0.7576667907275941
116.0 0.79153978567913
117.0 0.851312223469615
118.0 0.9264439603356568
119.0 0.9518025608639006
120.0 0.9798931363307939
