Time NormalisedFlux
0.0 0.9189529545437288
1.0 0.9075004974991784
2.0 0.9405878850966654
3.0 0.9649660712942884
4.0 1.0024039661960822
5.0 1.0185267815380359
6.0 1.056112553107806
7.0 1.0612775809872224
8.0 1.0930251308553127
9.0 1.0930893877733854
10.0 1.1174367089376067
11.0 1.056991044395765
12.0 1.0688493944579263
13.0 1.036934513963369
14.0 1.0655094963956002
15.0 1.0337737947926249
16.0 1.0402149980277355
17.0 1.0178799121863753
18.0 1.0311141381038331
19.0 1.0322033932734902
20.0 0.9863538148447266
21.0 1.015851688617103
22.0 1.0241815806637058
23.0 1.005608382078411
24.0 0.9908257768257085
25.0 0.9937901002110583
26.0 1.007748793279345
27.0 1.0005226875565025
28.0 0.9799588825046434
29.0 0.9818630919414374
30.0 0.9990670955829195
31.0 0.9685395166382602
32.0 0.9527362219372807
33.0 0.9478840864785475
34.0 0.9762929426342923
35.0 0.9418085476105789
36.0 0.9529535238708507
37.0 0.9263247050189446
38.0 0.9344782240902724
39.0 0.9256345632033987
40.0 0.9285338231913005
41.0 0.8902727787854972
42.0 0.8995186272639734
43.0 0.8848847180742275
44.0 0.9351637367300876
45.0 0.9626401699771597
46.0 0.9955625351744495
47.0 1.0450297636012418
48.0 1.0101679743703187
49.0 1.0864098804260425
50.0 1.1055889725275818
51.0 1.0847699521231695
52.0 1.0978785390269175
53.0 1.0971052595312176
54.0 1.0383642921798522
55.0 1.0632233322110958
56.0 1.046579783954566
57.0 1.0473572388915378
58.0 1.0513210636317507
59.0 1.0360632869705833
60.0 1.0440590010228108
61.0 1.0361154052790253
62.0 1.0344263824466216
63.0 1.0161332350679984
64.0 0.99103295318325
65.0 1.012347658076262
66.0 0.9838814130981525
67.0 1.018647756069502
68.0 1.0100289417554953
69.0 0.9829008366311426
70.0 0.9938535588187664
71.0 0.9875428092640495
72.0 0.9836977080961695
73.0 0.9528482835961141
74.0 0.9467006717442124
75.0 0.9548636191840547
76.0 0.9755568827191166
77.0 0.9410083502782765
78.0 0.9790418990237054
79.0 0.9421507781294378
80.0 0.9763608301445706
81.0 0.9203842992664883
82.0 0.9122870151057187
83.0 0.9112124151558584
84.0 0.8964545160578958
85.0 0.9178204385963353
86.0 0.9153695301621544
87.0 0.9573181990575201
88.0 0.9781217295299287
89.0 1.034391325855203
90.0 1.0272210270709963
91.0 1.0917326095949793
92.0 1.1116474351382089
93.0 1.1298737087576427
94.0 1.0667011236328827
95.0 1.093337595712422
96.0 1.0529513996116833
97.0 1.0409099720744117
98.0 1.030188880003943
99.0 1.0412694933163347
100.0 1.0585092336380975
101.0 1.0031994716806207
102.0 1.042154475077795
103.0 1.0443021305648996
104.0 1.02340929059601
105.0 1.0348376314094938
106.0 1.050414394754266
107.0 1.0024474813697588
108.0 1.0006912034974411
109.0 0.9874743499004109
110.0 0.996898261217356
111.0 0.9994481142084024
112.0 1.0000087632515353
113.0 1.0114418784242893
114.0 0.9925199812364124
115.0 0.956851035175467
116.0 0.9983907656325928
117.0 0.9380417438122026
118.0 0.9453906954522734
119.0 0.973028907297931
120.0 0.9493433329997176
