Time NormalisedFlux
0.0 0.8604031795947298
1.0 0.9761004854103661
2.0 0.9394106829372953
3.0 0.9194496700026799
4.0 0.8738106103169574
5.0 0.8838858592234284
6.0 1.0381694925424754
7.0 0.8612313022416562
8.0 1.0056990619725585
9.0 1.0946824579955243
10.0 0.9242181298410845
11.0 0.93536146938932
12.0 1.0049815684481513
13.0 1.1178297820110934
14.0 1.061713190294075
15.0 1.1538609066936196
16.0 0.992775131429401
17.0 0.9451714464159847
18.0 1.0431881417880429
19.0 0.8683948439286425
20.0 0.9677814670560868
21.0 1.0388038381644047
22.0 0.9210743858843562
23.0 1.003947859353506
24.0 0.9066404675853215
25.0 1.0993255730671845
26.0 0.8886613171503186
27.0 0.972531876078378
28.0 0.9589915441478065
29.0 0.9873618065412897
30.0 0.9969678894918836
31.0 1.014425349997732
32.0 0.9401249371188013
33.0 1.0703924082917173
34.0 0.9633932827262166
35.0 0.9473405370186071
36.0 1.2024422850206333
37.0 0.9954474731707534
38.0 1.0829470453332557
39.0 0.9516181821997972
40.0 1.1516030246544118
41.0 0.9262047104844833
42.0 1.0424714462101459
43.0 1.1636306719926155
44.0 1.1318012238307884
45.0 1.0182108638586438
46.0 1.068361899488021
47.0 0.9886304207472449
48.0 1.0918286331692815
49.0 1.1891094689288333
50.0 1.0310626901594377
51.0 1.0368144588760402
52.0 0.9806443642806772
53.0 1.0072752699734349
54.0 1.0497909963943104
55.0 1.0157100105504546
56.0 0.9024316527459723
57.0 0.8618534561075787
58.0 0.9276214684088564
59.0 1.0652610574328805
60.0 1.0044890898409558
61.0 0.9566285455562108
62.0 0.8070152831082751
63.0 0.9541408947452028
64.0 1.0031815273156486
65.0 1.1046041795415875
66.0 1.0301215473453529
67.0 1.040466927201011
68.0 1.0650530758802295
69.0 1.107289118153248
70.0 0.9815310897490512
71.0 1.0394888525941093
72.0 0.8860477795150451
73.0 0.9681851569367952
74.0 1.1455967688594206
75.0 0.9697568399250001
76.0 0.9457964369782573
77.0 1.13373768850354
78.0 1.1715573663297114
79.0 1.0425395658902525
80.0 1.0231073762409704
81.0 1.1144991155638257
82.0 0.983408380224818
83.0 0.9551280789907592
84.0 0.8017323848877427
85.0 0.9702930799079208
86.0 1.126482816674372
87.0 0.9006182215161513
88.0 0.9182165899141196
89.0 0.8954402720780552
90.0 0.9148957684276979
91.0 1.0190454890931857
92.0 0.8111241518446864
93.0 0.9448092236544924
94.0 0.9798972079202939
95.0 0.9304138320552985
96.0 0.9348143187961084
97.0 1.0557062817593483
98.0 0.8949791620504041
99.0 0.9548592615605189
100.0 0.9524583267273081
101.0 0.9135719068386869
102.0 0.948740068785833
103.0 0.9542413928543638
104.0 1.2093319545459777
105.0 0.8674799916102628
106.0 0.9532553577870283
107.0 0.9482310112482151
108.0 1.0892774022856613
109.0 1.0919876039648373
110.0 0.9961175891760045
111.0 1.063640108138477
112.0 1.0356266517179105
113.0 0.8413508103858935
114.0 1.036401949820882
115.0 0.946073383693698
116.0 1.0852733522791929
117.0 0.8546884055277761
118.0 1.1857272458567163
119.0 0.8506247769495918
120.0 0.9640557645064145
