Time NormalisedFlux
0.0 0.7892320091254573
1.0 0.7639237725053238
2.0 0.8638712453244153
3.0 0.8361887434182405
4.0 0.9335641649274858
5.0 0.9122809363095262
6.0 1.0074412258910104
7.0 1.1155346443461855
8.0 1.1475120848923217
9.0 1.1332686357375161
10.0 1.1913434836032728
11.0 1.159478594130364
12.0 1.1868136108697955
13.0 1.2173662685591744
14.0 1.1173475667445332
15.0 1.087228676802049
16.0 0.976913301637392
17.0 0.9787507929159123
18.0 0.8966581230431399
19.0 0.914851015297033
20.0 0.8065240834332119
21.0 0.8232013052409186
22.0 0.7459014722352748
23.0 0.8500474550635192
24.0 0.8341973072526738
25.0 0.8430020455288445
26.0 0.8992595429667575
27.0 0.9276301049306183
28.0 1.0724195609043894
29.0 1.133092852078551
30.0 1.149857227275771
31.0 1.1872441212051639
32.0 1.1250381746077622
33.0 1.173116560711176
34.0 1.1358159507272274
35.0 1.2256335353636987
36.0 1.13626371998576
37.0 1.1045451553987067
38.0 1.0546075673097108
39.0 0.981096202309883
40.0 0.9069865150784424
41.0 0.903872880185577
42.0 0.8472953883741197
43.0 0.7977648643914937
44.0 0.7700332725730471
45.0 0.8013966246833005
46.0 0.8525467013944774
47.0 0.8331891061316692
48.0 0.9309373717111125
49.0 0.9870285593508822
50.0 1.00941215402497
51.0 1.0706769671832823
52.0 1.195432758996687
53.0 1.1516939642431343
54.0 1.2119029246621653
55.0 1.2345203874576967
56.0 1.2156505420312251
57.0 1.110137696911773
58.0 1.1487631162410588
59.0 1.0534027974441986
60.0 1.0379787323573897
61.0 0.9917933963235324
62.0 0.9055965187997159
63.0 0.9327940979331544
64.0 0.8580872586111654
65.0 0.8244688264960507
66.0 0.778012607146275
67.0 0.8050805167185967
68.0 0.8361471358996826
69.0 0.8506274675214336
70.0 0.9068207765922688
71.0 1.0032387322966612
72.0 1.0347958918121443
73.0 1.0761290555115954
74.0 1.179395020520651
75.0 1.1803674580030192
76.0 1.2034982794154212
77.0 1.1287556535841752
78.0 1.156270293929165
79.0 1.187602301655706
80.0 1.1060923913127605
81.0 1.0177978626509492
82.0 1.0130313234030126
83.0 0.924156360732326
84.0 0.9102655111367906
85.0 0.9128171524340455
86.0 0.7482275564741969
87.0 0.8399528112562684
88.0 0.7761021830203727
89.0 0.8430884531744602
90.0 0.8067009979427069
91.0 0.902812357587381
92.0 0.8864721273221735
93.0 0.9750151499242758
94.0 0.9944174291660687
95.0 1.1169102903767136
96.0 1.1458807849160517
97.0 1.201749597895957
98.0 1.2439533895280517
99.0 1.238473394449499
100.0 1.1984583431654678
101.0 1.1961886874733243
102.0 1.0731284014071505
103.0 1.084217140887104
104.0 1.0338297601180748
105.0 0.9454288099103739
106.0 0.9335324706842959
107.0 0.8677360067365054
108.0 0.8808164423865996
109.0 0.8688524316358981
110.0 0.8797592165252771
111.0 0.8063044483650039
112.0 0.7961242117074389
113.0 0.9136355384188372
114.0 0.9006918997007507
115.0 1.012409145830275
116.0 1.0219643653085004
117.0 1.1602841172058393
118.0 1.1733429975315177
119.0 1.1966175809813437
120.0 1.2326843690061535
