Time NormalisedFlux
0.0 1.1463771423499132
1.0 0.9229208195522339
2.0 0.9561717405666257
3.0 0.8918757705214476
4.0 0.8621041789230222
5.0 0.9325965978099051
6.0 0.982019191443554
7.0 1.0552784639731803
8.0 0.9114556435927478
9.0 0.9285104982040152
10.0 1.099648947565367
11.0 0.950025924083587
12.0 0.7719351698689259
13.0 1.0933274472747412
14.0 1.0444812168162727
15.0 0.9829215904000551
16.0 0.9466362161447064
17.0 1.0518432041191894
18.0 1.0533648027400107
19.0 0.9534670161008248
20.0 0.9250332977038797
21.0 1.1941504711912758
22.0 1.1116213779668944
23.0 0.9626904238342401
24.0 1.0546476984137496
25.0 1.0151930805589977
26.0 0.7734857751092912
27.0 1.224148958538603
28.0 0.901080315614764
29.0 0.802039806372213
30.0 0.8785298613517156
31.0 0.8894497533055629
32.0 1.055287215347083
33.0 1.0073944182203585
34.0 1.0427320964239664
35.0 1.0596248386330775
36.0 0.9232223584326096
37.0 1.0617575465766074
38.0 1.1150110027181372
39.0 0.9101352826432179
40.0 1.0425983701457604
41.0 0.9541387887490933
42.0 0.988093828507983
43.0 1.015486527360783
44.0 0.9607880563365822
45.0 1.2178095083505458
46.0 1.0456368925480954
47.0 1.0858365530697607
48.0 1.1815649127958057
49.0 1.075068034516875
50.0 1.034241954305766
51.0 0.996260412473252
52.0 1.0550450833431422
53.0 1.0046618365757547
54.0 0.9513917618797407
55.0 0.955410024836591
56.0 1.0690139319142684
57.0 1.163572322896757
58.0 0.9298392187650807
59.0 1.0916337885058924
60.0 1.0108389842714158
61.0 1.0684319986998942
62.0 1.1955652293265617
63.0 1.057820613356267
64.0 1.1825828348237601
65.0 1.0924539872761854
66.0 1.0296643463311508
67.0 1.038352841291841
68.0 1.041570582817224
69.0 0.9382246245550587
70.0 1.1384642683856674
71.0 0.8931788700812104
72.0 0.9098628671889272
73.0 1.0657965034747703
74.0 1.1313059010119475
75.0 1.0855393117506413
76.0 1.1328534997437045
77.0 0.9205414966712411
78.0 1.1246821535232805
79.0 1.0110292562485643
80.0 1.13485102235516
81.0 1.2634392343091514
82.0 1.0788891350408707
83.0 0.8251081012493306
84.0 0.8943631423869838
85.0 0.9106780383328843
86.0 0.9175951355250795
87.0 1.0675845687220618
88.0 0.9599969984501087
89.0 0.8512835825680775
90.0 1.0158652126353556
91.0 0.9196469800675231
92.0 0.9335857867578653
93.0 0.9320447203695288
94.0 0.9555256451863217
95.0 0.8490379507983702
96.0 1.101932387884805
97.0 0.9068953992603324
98.0 1.0901141022449061
99.0 1.0495157076538881
100.0 0.8945806537746134
101.0 0.9174311652630873
102.0 1.0448663775116533
103.0 1.0425546807573527
104.0 1.1012352728476993
105.0 1.0219981729717573
106.0 0.8715276998965316
107.0 0.8576664676185941
108.0 0.8633999793564734
109.0 0.8210172906066942
110.0 1.119156612123291
111.0 0.9260430605110881
112.0 0.9189406364790274
113.0 1.0172604614703828
114.0 0.9866221839912606
115.0 0.9971685570393587
116.0 1.1297933697374754
117.0 0.8145845064863699
118.0 1.0562630678895304
119.0 1.07351497089601
120.0 1.0538703444945574
