Time NormalisedFlux
0.0 1.01587258156083
1.0 0.944195069173136
2.0 0.8966347412714241
3.0 0.8118067633821062
4.0 0.9252678277513388
5.0 1.0653442528267458
6.0 0.9453720985986015
7.0 1.0550293207156678
8.0 1.0600382158468773
9.0 1.0860407025687027
10.0 1.0137071852049049
11.0 1.0691360444212656
12.0 1.0390589551298302
13.0 0.8316834951332434
14.0 0.8886690791253675
15.0 1.00529798942946
16.0 0.8219027452590538
17.0 0.7875022884672144
18.0 0.8738706904823599
19.0 1.124829797915061
20.0 0.995650251960461
21.0 0.9523293177856035
22.0 0.9814055476918978
23.0 1.0567442343901992
24.0 0.9396981293353429
25.0 1.071475334736037
26.0 1.1810978473227827
27.0 1.0161674914179513
28.0 1.204808286573933
29.0 0.9968786470585748
30.0 0.9593454131033313
31.0 1.1174455449435763
32.0 0.9159286801221853
33.0 0.9975290455761603
34.0 0.9873676523418409
35.0 0.8282963006391424
36.0 1.1930333190272164
37.0 0.9405768564763716
38.0 1.0730144370607728
39.0 1.09099779988435
40.0 1.0410673550620069
41.0 1.0968753760101133
42.0 1.082172559096322
43.0 1.0759058428110277
44.0 1.023093424731373
45.0 0.9583927948263811
46.0 0.9328151302135472
47.0 0.9362527923451754
48.0 1.0369098268988584
49.0 0.9556558369603895
50.0 0.9491837025572412
51.0 0.9423794710745664
52.0 1.1268844368279625
53.0 1.1581113770742582
54.0 0.9676242112236089
55.0 0.9971558947641953
56.0 1.0145206555580588
57.0 1.0419099744623646
58.0 0.7909446514497567
59.0 0.8542347448766866
60.0 1.003536463918763
61.0 0.9145263989885253
62.0 0.755899863905543
63.0 1.032749522906089
64.0 1.1925477179685757
65.0 1.0293467618719716
66.0 1.019284527546442
67.0 0.9511759100355623
68.0 0.9975565227554465
69.0 0.8731794338962768
70.0 1.114497842165116
71.0 0.9616585856222795
72.0 1.0864645827774488
73.0 0.9299224278494773
74.0 1.1597917955103478
75.0 1.0832063074634017
76.0 0.7594025140884293
77.0 1.0999436711480954
78.0 1.0703187444819218
79.0 1.127003800135488
80.0 0.9305019649700389
81.0 0.9934765585082298
82.0 1.0519173610208494
83.0 1.2457668027716984
84.0 1.1318261013262745
85.0 1.0347082617115244
86.0 0.9988460327866631
87.0 1.0878552746418557
88.0 1.029236423236102
89.0 0.9572131637425932
90.0 1.031748757101693
91.0 0.8990437606087777
92.0 0.9458465666702662
93.0 0.9177813287752348
94.0 0.9854174015144112
95.0 1.0925848440577293
96.0 1.0447293653000236
97.0 1.0052026785824528
98.0 0.8705072612735203
99.0 0.9395510619815372
100.0 1.072307940212146
101.0 0.8754921976526208
102.0 0.9806973348310704
103.0 1.047448258618868
104.0 0.9874010635169955
105.0 0.9216216389690837
106.0 0.927303503839005
107.0 1.0490999880728398
108.0 1.0821579328316013
109.0 1.0440661407864666
110.0 1.110565813018792
111.0 0.9680719271439175
112.0 0.9932946997244679
113.0 0.9662063501023871
114.0 1.1221143006926022
115.0 0.8837244612723332
116.0 0.8657898905451443
117.0 1.0379089958556624
118.0 1.1157713331718946
119.0 1.0982656901703642
120.0 1.0280523970092923
