Time NormalisedFlux
0.0 1.1364432836292722
1.0 1.112906077040012
2.0 0.9054235877792531
3.0 0.952285599471594
4.0 0.9378417069135531
5.0 1.2106051521671324
6.0 0.9963809022188554
7.0 1.0538940582849892
8.0 0.7928025110998211
9.0 1.0878294024255202
10.0 1.188985681251606
11.0 1.034020280482505
12.0 1.1551184622911426
13.0 1.053394979612788
14.0 1.0787441285203516
15.0 1.0749783172509424
16.0 1.0368526806784062
17.0 0.9692807431026473
18.0 0.8789478399649109
19.0 0.757976135245739
20.0 1.1593928765146098
21.0 1.0816832453743859
22.0 1.1044584092605538
23.0 0.8853136280711147
24.0 0.7982078735407049
25.0 1.004323095555144
26.0 1.1625941561469062
27.0 0.9521564718925478
28.0 1.0193591290032016
29.0 0.8551186211523406
30.0 0.9401925015574442
31.0 0.7027976417103008
32.0 0.9012908499376497
33.0 0.885688377772905
34.0 1.1050346940049907
35.0 1.0330630098332927
36.0 1.0528815059829904
37.0 0.9462215064133583
38.0 0.895277697535521
39.0 0.9972483670313572
40.0 0.9932694918978824
41.0 1.2105420062330599
42.0 1.0460500765590843
43.0 0.8163178778893398
44.0 0.9753304394268196
45.0 1.00980796378659
46.0 1.0276677551236428
47.0 1.0641617989592087
48.0 0.8187570405498776
49.0 0.8401148145383264
50.0 0.9899810541278681
51.0 0.9811885484815205
52.0 1.0310095290708785
53.0 1.056843251643808
54.0 1.1491617253635447
55.0 0.9551019949146339
56.0 0.9039268965500282
57.0 0.9817889696059794
58.0 0.9234445733037117
59.0 1.203783276531189
60.0 0.9427732579945891
61.0 1.0287372039008351
62.0 0.9901461314443939
63.0 1.071144488205483
64.0 1.0191031254709333
65.0 1.0105901685342984
66.0 0.931606637207886
67.0 1.0713619453951666
68.0 0.9943340844795177
69.0 0.9876519753852487
70.0 1.0341550423264556
71.0 1.0389591043315614
72.0 0.8409182913715723
73.0 1.0575487064764337
74.0 0.863669983295026
75.0 0.906813350640041
76.0 0.9918318206221969
77.0 1.0626588938655526
78.0 0.9856374002877474
79.0 0.9857268645305074
80.0 1.0599877872772296
81.0 0.9519042758429697
82.0 0.9116981391876936
83.0 0.8573868203958022
84.0 1.1285199700536344
85.0 1.0164814720910285
86.0 0.7864128401919285
87.0 1.080728085448874
88.0 0.953110726263723
89.0 1.1885974314557974
90.0 1.003475244313958
91.0 0.6961734322807701
92.0 1.0203680111417752
93.0 1.031799557783671
94.0 1.0502748701796416
95.0 1.1199213341863996
96.0 1.0720600078275688
97.0 1.1059684476175944
98.0 0.924429439187853
99.0 1.1214706853193894
100.0 0.7507868386161608
101.0 0.845583105566387
102.0 1.0175410997558407
103.0 1.1094372763375464
104.0 1.1908071909561113
105.0 1.0816076324614867
106.0 0.9877003881002561
107.0 0.9244366280907146
108.0 1.115978175971772
109.0 0.9158312186320581
110.0 1.002984300015869
111.0 0.876710003970353
112.0 0.901813130714187
113.0 0.9939392669543227
114.0 1.0111002680951386
115.0 1.0882177138522013
116.0 1.067125490787175
117.0 0.990036036457841
118.0 1.0110167788481141
119.0 0.9939449654264265
120.0 1.1067182214637028
