Time NormalisedFlux
0.0 1.1328774012850573
1.0 1.11795433741501
2.0 1.0773068908095138
3.0 1.0595592083594036
4.0 1.0095425701570115
5.0 0.992259512462594
6.0 0.9556181151860833
7.0 0.9723019726507688
8.0 0.9702745620455575
9.0 0.9460302657765007
10.0 0.8814143052634873
11.0 0.874769064205877
12.0 0.866777719659382
13.0 0.8699369530659127
14.0 0.9159674436418866
15.0 0.9663185887702479
16.0 0.9230264654296781
17.0 0.9711444939830853
18.0 0.9871776686138592
19.0 1.054468240181159
20.0 1.0856731470990146
21.0 1.0678399681352724
22.0 1.0445844015955024
23.0 1.1008241011543713
24.0 1.146628375385271
25.0 1.11235281417533
26.0 1.1248854692583683
27.0 1.1265813958468875
28.0 1.0747962864605858
29.0 1.0587749775152768
30.0 1.0534971544304241
31.0 1.026664317981222
32.0 1.0084664738070157
33.0 0.9602149235499052
34.0 0.9817415028227608
35.0 0.9591935604581128
36.0 0.9211360508005951
37.0 0.8976796770920955
38.0 0.8421510249559027
39.0 0.8276908485283077
40.0 0.8605303870910087
41.0 0.8405170206699365
42.0 0.9393699925242004
43.0 0.9554625455253711
44.0 0.9545935918124588
45.0 0.9984051216467995
46.0 1.020074881441748
47.0 1.0670434992528732
48.0 1.0630981986347572
49.0 1.0143513258416137
50.0 1.129148958747456
51.0 1.0988478046546497
52.0 1.1503107242783241
53.0 1.1343101931135644
54.0 1.1191014114169306
55.0 1.100210308522227
56.0 1.0261798066121421
57.0 1.0477165883660589
58.0 1.0542430450642026
59.0 1.010762541237018
60.0 0.9987713112849259
61.0 0.9188374945278118
62.0 0.8994037629966334
63.0 0.933563403090688
64.0 0.8478738520567967
65.0 0.8588139894870009
66.0 0.8269994309440319
67.0 0.8370308341414664
68.0 0.9241515964671798
69.0 0.935090604623784
70.0 0.9468309166142397
71.0 0.9384747799852562
72.0 1.0094313520900722
73.0 1.0071711641359116
74.0 1.043157148702935
75.0 1.06390623086834
76.0 1.0522437440108465
77.0 1.1123207609841588
78.0 1.130467457009215
79.0 1.119747087699594
80.0 1.181598050358862
81.0 1.1098662988795975
82.0 1.0809715730221219
83.0 1.032208948819845
84.0 1.0761561918303355
85.0 1.0528916810960194
86.0 1.0353554879890892
87.0 1.0210149835915598
88.0 0.9621518317283505
89.0 1.0089813464153923
90.0 0.9460466205329097
91.0 0.8568985376795001
92.0 0.8814037506332907
93.0 0.8598564722992411
94.0 0.862954534869666
95.0 0.883445628259653
96.0 0.9512510266163663
97.0 0.9476267318055436
98.0 0.9543547766789495
99.0 1.0299659382329378
100.0 0.9964686942633549
101.0 1.0345974364982782
102.0 1.0861548359405813
103.0 1.0660356350719493
104.0 1.0719912858258036
105.0 1.1468136421198858
106.0 1.1122952708785379
107.0 1.1737378834949477
108.0 1.1293266195051923
109.0 1.0861855354256165
110.0 1.1197103787196498
111.0 1.0527968035877484
112.0 1.0064079786942162
113.0 1.0016152613439067
114.0 0.9734073230259391
115.0 0.9437605596149068
116.0 0.9272883812014409
117.0 0.9069397683225248
118.0 0.9033880140132231
119.0 0.9195239667296917
120.0 0.8605240805681722
