Time NormalisedFlux
0.0 1.0516008437123288
1.0 0.9989058472872239
2.0 0.9791639129994414
3.0 0.9576903033629428
4.0 0.9357065968357944
5.0 0.9219437898724504
6.0 0.9042987227810907
7.0 0.8439369436938969
8.0 0.8354362033707172
9.0 0.8954674198986019
10.0 0.951815335901772
11.0 0.9622909657472983
12.0 0.924874546018043
13.0 0.9802447222724875
14.0 1.0114842293597288
15.0 1.0213569266100107
16.0 1.0163305759899948
17.0 1.0369469520349517
18.0 1.0809454319087943
19.0 1.1185775296460214
20.0 1.1828572275212772
21.0 1.1455380647311548
22.0 1.1354228253665273
23.0 1.0492649808266086
24.0 1.0502984320998474
25.0 1.0150342041018783
26.0 0.9926800663596642
27.0 0.9803445799069888
28.0 1.0089750663008137
29.0 0.9613299841276461
30.0 0.9314078811265788
31.0 0.9413805885875525
32.0 0.8876131755312031
33.0 0.883621212070051
34.0 0.8828939898419701
35.0 0.8689779966514997
36.0 0.8520298979609483
37.0 0.9964806902787255
38.0 0.9013823238449283
39.0 0.9369899551650805
40.0 1.013693403648051
41.0 0.9948856788247569
42.0 1.0145670468916212
43.0 1.0612187366914085
44.0 1.0891167278014933
45.0 1.1389766117859434
46.0 1.1543339919397697
47.0 1.157848621253277
48.0 1.0997839695388811
49.0 1.0916840959846414
50.0 1.125110368072772
51.0 1.0739690401011865
52.0 0.9964419971806109
53.0 1.0114175989606413
54.0 0.9680485726091266
55.0 0.9735159743101895
56.0 0.9126249117910467
57.0 0.9431502873295305
58.0 0.8583801677118247
59.0 0.8515334790119998
60.0 0.8747408970045737
61.0 0.8808340601298227
62.0 0.927143265163966
63.0 0.9436465990639272
64.0 0.951714238457358
65.0 0.9207650071091601
66.0 0.9681711182442352
67.0 0.9812821847694851
68.0 1.0453006199096457
69.0 1.017942829826687
70.0 1.073708687787089
71.0 1.0797773540448925
72.0 1.1034933214190379
73.0 1.1089482334030563
74.0 1.1681027514219455
75.0 1.1027467203909513
76.0 1.104323123793982
77.0 1.08419932899345
78.0 1.0429582081084467
79.0 1.0489950087194377
80.0 0.9689517290279871
81.0 0.9567490300770745
82.0 0.9773809076572
83.0 0.9044645628685631
84.0 0.9061701067960702
85.0 0.9002633571822203
86.0 0.8808263319736016
87.0 0.8571797295708863
88.0 0.8413439721176954
89.0 0.9044517157100054
90.0 0.8704616157458069
91.0 0.9361399187390961
92.0 0.9290215898280556
93.0 0.9797211122474797
94.0 1.0128463552191518
95.0 1.0177636300494688
96.0 1.0719369838075818
97.0 1.0586438662953714
98.0 1.1014200030635035
99.0 1.1267449171450343
100.0 1.1328371026128237
101.0 1.1094580983598976
102.0 1.091803127503401
103.0 1.0956426303551374
104.0 1.0785073269219903
105.0 1.0613330263852323
106.0 1.0695719182660812
107.0 1.008691551320067
108.0 0.9703971004223987
109.0 0.9729769009604058
110.0 0.9275696104745499
111.0 0.9049228414083917
112.0 0.8722236902829262
113.0 0.863292294588441
114.0 0.8871763725445327
115.0 0.8649734657032331
116.0 0.9104384274573004
117.0 0.9178647225892966
118.0 0.9426843635645908
119.0 0.9285227643215475
120.0 0.9608367517490854
