Time NormalisedFlux
0.0 1.0696518782719686
1.0 1.0764910277594848
2.0 0.9103767984402451
3.0 0.9219932924413671
4.0 0.9810306097703162
5.0 0.7511142316440538
6.0 1.0943942098595034
7.0 0.9939417036263944
8.0 1.0002370751987537
9.0 1.0517961965988811
10.0 1.1436562456471708
11.0 1.1197953265520955
12.0 1.1004071165350324
13.0 1.003447865021127
14.0 1.0624888448809764
15.0 1.0573005720506252
16.0 0.9075278975775503
17.0 1.083504969867442
18.0 1.0022960426875693
19.0 1.1542127925407615
20.0 1.1031496461771373
21.0 1.0761188729015636
22.0 1.1106220564087086
23.0 0.9957414628752316
24.0 0.7823457363244365
25.0 1.0913278725182052
26.0 0.8484414021499891
27.0 1.0528041102454215
28.0 1.0385121535109822
29.0 0.9469104227728052
30.0 0.7934942060783526
31.0 1.0891889746304566
32.0 1.1382757825009653
33.0 0.9758817848681888
34.0 1.1915278799993305
35.0 1.0707129869133456
36.0 1.0473372974619362
37.0 1.0236199212875083
38.0 0.8501604065625671
39.0 1.0169340901671537
40.0 1.0791836921178675
41.0 1.1422518590829758
42.0 1.116146953234107
43.0 0.9640043746473026
44.0 0.9230824558125629
45.0 1.0622994821698866
46.0 1.0271660787079577
47.0 0.9484106723704291
48.0 1.066391080503006
49.0 0.7806673128296416
50.0 1.0167441873661427
51.0 0.8833780603588484
52.0 0.9518420000479618
53.0 0.8609423107788337
54.0 1.1875390170005984
55.0 0.919385646254798
56.0 1.054814951835799
57.0 1.173673206136114
58.0 0.9330320292550656
59.0 1.0084011758253566
60.0 0.9485376738067407
61.0 0.9844079181854036
62.0 0.983711314189965
63.0 0.9536515459441817
64.0 1.084080379276881
65.0 0.8977479216869809
66.0 0.9560785552198076
67.0 1.086202807098694
68.0 1.093247718931652
69.0 1.1217259201023346
70.0 0.9825764245772671
71.0 1.017105760738545
72.0 0.9913558259943122
73.0 1.0173512051683387
74.0 0.9344541304879922
75.0 1.0621575890089834
76.0 0.9546271443380608
77.0 0.9332397180759615
78.0 0.9619987528152908
79.0 1.0902790302754655
80.0 1.0550002004377521
81.0 1.0514136985851235
82.0 1.1147027141181312
83.0 0.8442157833038132
84.0 0.9063877666032721
85.0 0.9430083907062796
86.0 1.1795528199222374
87.0 0.9822153285403067
88.0 0.9579128253557448
89.0 0.9700111670449659
90.0 0.9438658858534088
91.0 0.9496684295675617
92.0 1.1577385104840592
93.0 1.0070186045171872
94.0 0.9045630995263297
95.0 0.99077771126402
96.0 0.9798632234924275
97.0 1.1711241725020962
98.0 0.9038229086503592
99.0 1.0101049178211947
100.0 0.8110816555224315
101.0 1.085218843651966
102.0 1.034667404648702
103.0 1.1268828741369425
104.0 1.0176305898422073
105.0 0.8287965292071285
106.0 0.8800547912954155
107.0 1.2069831438395329
108.0 1.0268092277664795
109.0 0.8665175285378277
110.0 0.9454019867260273
111.0 1.1575934514913027
112.0 0.9729315244588648
113.0 0.995115549670796
114.0 0.951908787793637
115.0 0.8305114920280819
116.0 1.1217634293053582
117.0 0.9552750445670339
118.0 1.0928886570923655
119.0 0.9853353820732642
120.0 0.944653850424864
