Time NormalisedFlux
0.0 1.2298180005931771
1.0 1.1817644688577382
2.0 1.1985751533358564
3.0 1.2318252888575802
4.0 1.1734107277905166
5.0 1.2177121017443673
6.0 1.1407634112373803
7.0 1.0946994043890739
8.0 1.118812225236376
9.0 1.0591018187826988
10.0 1.075561514039908
11.0 1.0951734242842777
12.0 1.001537661988955
13.0 0.9789924133336042
14.0 0.9046399961242005
15.0 0.9327831615892446
16.0 0.8850843429656943
17.0 0.8935258094270865
18.0 0.8346250519307693
19.0 0.8235907973186716
20.0 0.7866737221844059
21.0 0.8225673824987632
22.0 0.7630250874113191
23.0 0.8073653437484192
24.0 0.8036058586287422
25.0 0.8085949579151506
26.0 0.8854044558453409
27.0 0.8555813717400338
28.0 0.8685941762193561
29.0 0.8778744867839666
30.0 0.8468409203974582
31.0 0.9375441840723379
32.0 0.8808318088354671
33.0 0.961456123305359
34.0 0.9989328020476538
35.0 0.9604389501938052
36.0 1.0095152820578646
37.0 1.027280749559853
38.0 1.065161357284415
39.0 1.1310710255291354
40.0 1.1207639033339096
41.0 1.197257883872151
42.0 1.1752296589962818
43.0 1.1682573015998623
44.0 1.2342450386569217
45.0 1.2150224386643902
46.0 1.2186065266729877
47.0 1.2417775956108217
48.0 1.2029409681275167
49.0 1.2286802761492541
50.0 1.1939426644623718
51.0 1.132739077232958
52.0 1.0877793636187538
53.0 1.1388452475308308
54.0 1.0060335858576877
55.0 1.0184754788628694
56.0 1.0506649196339444
57.0 0.979326647432399
58.0 0.8808410863234427
59.0 0.8938912449353815
60.0 0.8944680425263621
61.0 0.8294261188281378
62.0 0.8439091203136024
63.0 0.8239637304448585
64.0 0.8541464586395779
65.0 0.82486103796052
66.0 0.7946812347761907
67.0 0.8170595323089913
68.0 0.8241537164009297
69.0 0.8528689902995434
70.0 0.8614284884805178
71.0 0.8399949114817008
72.0 0.8093591789114185
73.0 0.8608065836656094
74.0 0.8409443073535156
75.0 0.9307781843418304
76.0 0.9208789983746174
77.0 0.9689433151136811
78.0 1.054823868887664
79.0 0.9835723766184971
80.0 1.0671295866904016
81.0 1.0351665128641512
82.0 1.0628857385336616
83.0 1.100613601146277
84.0 1.095917114594027
85.0 1.1618449964975819
86.0 1.2048252939841344
87.0 1.120546140865649
88.0 1.2342925849236668
89.0 1.1896700376261438
90.0 1.17676954786257
91.0 1.1795868903337368
92.0 1.180493286694985
93.0 1.2015091618828564
94.0 1.0783279256921454
95.0 1.1448750484460657
96.0 1.1158843673402188
97.0 1.1437863889558437
98.0 1.1178368326915296
99.0 1.0556054499474319
100.0 1.0716536811927704
101.0 0.9410926631485775
102.0 0.9679733471057613
103.0 0.9324155734765086
104.0 0.9219418407034699
105.0 0.902760251486124
106.0 0.8502325591277177
107.0 0.84125634128396
108.0 0.818425999185041
109.0 0.8227395261231308
110.0 0.7746143713562528
111.0 0.8800913970839638
112.0 0.8152373677816444
113.0 0.7966433334326124
114.0 0.823113778355635
115.0 0.8037617746605735
116.0 0.8031598063123209
117.0 0.8332521061138088
118.0 0.8568926024493566
119.0 0.8654376470584262
120.0 0.8865560928466554
