Time NormalisedFlux
0.0 0.9985834642119544
1.0 1.0429652274167314
2.0 1.01798510253658
3.0 0.9991226363800463
4.0 1.070326161274065
5.0 1.0760008062862316
6.0 1.0785561280978688
7.0 1.1219424954685167
8.0 1.117172158381858
9.0 1.1375046983655928
10.0 1.1402823460422127
11.0 1.1090059819267992
12.0 1.165818107906924
13.0 1.1671396244631436
14.0 1.1333201788869136
15.0 1.1631571707855826
16.0 1.2140245785623527
17.0 1.1815134887277865
18.0 1.1992447350040454
19.0 1.2198886516417888
20.0 1.129359636661084
21.0 1.2864531794143028
22.0 1.2003973363415412
23.0 1.1829000855844884
24.0 1.232481399469061
25.0 1.2388979807652416
26.0 1.2389982650696811
27.0 1.2383864313205997
28.0 1.2118152905111008
29.0 1.1989617657401757
30.0 1.156433120134262
31.0 1.1361755819117547
32.0 1.2178121351930118
33.0 1.0955773492784084
34.0 1.1046404993613197
35.0 1.103283463639635
36.0 1.1153497965275359
37.0 1.1187451729012667
38.0 1.1662999326995689
39.0 1.0476672082985565
40.0 1.0143895240834884
41.0 1.0652891259436346
42.0 1.0635876799762631
43.0 1.035728219790247
44.0 0.9969014341918274
45.0 1.0712432221396386
46.0 0.9915681470737392
47.0 0.9008489975807854
48.0 0.9499427203387992
49.0 0.964310870202538
50.0 0.9212719684216595
51.0 0.9271209325569836
52.0 0.8944195045811397
53.0 0.9208615207857606
54.0 0.8490378761150409
55.0 0.8719989147880225
56.0 0.8898972528955182
57.0 0.9178029605478369
58.0 0.8850433018188714
59.0 0.8297011581353185
60.0 0.8478748802590024
61.0 0.8363804882867786
62.0 0.8167383005900081
63.0 0.7816520996431698
64.0 0.8271941303782783
65.0 0.7326675691297749
66.0 0.8006745447686712
67.0 0.8164011050500803
68.0 0.8319711622816908
69.0 0.7944293072540322
70.0 0.7630351740607723
71.0 0.7846580323764701
72.0 0.7857432222188895
73.0 0.8219600736240691
74.0 0.7713637914643525
75.0 0.7738093331377915
76.0 0.8210843302571548
77.0 0.8047020480639847
78.0 0.87906773964137
79.0 0.8442370944368903
80.0 0.8486857579980751
81.0 0.8224484125249572
82.0 0.8980014894005013
83.0 0.8940421402644103
84.0 0.9076102423514213
85.0 0.8699918335808174
86.0 0.9040165902907188
87.0 0.9200752302018436
88.0 0.8939484164218833
89.0 0.9949400407482603
90.0 0.9857727726256842
91.0 0.933819554000412
92.0 1.001115722304752
93.0 0.9467835199246198
94.0 1.0211084642462023
95.0 1.0340086605142005
96.0 1.0772918708776533
97.0 1.0653206761449663
98.0 1.0384672874246164
99.0 1.0899711064266042
100.0 1.1885546558450986
101.0 1.1155240002547286
102.0 1.0930095760889105
103.0 1.15196592863822
104.0 1.1061724890701046
105.0 1.1363376058588155
106.0 1.1996533899490227
107.0 1.130981881385289
108.0 1.1542390410583259
109.0 1.1670075435214176
110.0 1.1795853637880684
111.0 1.2106511866618033
112.0 1.1139626742547604
113.0 1.197091349231954
114.0 1.1880437006464855
115.0 1.1470172209773057
116.0 1.230297453694189
117.0 1.1944929103519266
118.0 1.1959745204211383
119.0 1.2139226463689083
120.0 1.1618774358424655
