Time NormalisedFlux
0.0 1.0954833889308186
1.0 1.0280303738412566
2.0 1.0792326287035818
3.0 1.054433972241542
4.0 1.0604129340701205
5.0 1.1018060516531698
6.0 1.0889488465359856
7.0 1.0896717375930256
8.0 1.0781228538427614
9.0 1.1065911324602042
10.0 1.1987749931106535
11.0 1.1513309818976003
12.0 1.1596637447617695
13.0 1.1448787476079534
14.0 1.1543278436339977
15.0 1.1583999953688062
16.0 1.1740767809602886
17.0 1.271769667763294
18.0 1.1435618427470244
19.0 1.2077785004765713
20.0 1.1842199763105847
21.0 1.163453614962065
22.0 1.1998149335991775
23.0 1.2073854236582537
24.0 1.1860573455147874
25.0 1.2392145002187327
26.0 1.1800751443250797
27.0 1.1942607507164427
28.0 1.2174935220479353
29.0 1.2401555752187765
30.0 1.1883696477488246
31.0 1.1850390663945358
32.0 1.1856388982399342
33.0 1.1355544597925384
34.0 1.1151194420509758
35.0 1.1767601809224868
36.0 1.1348751537308055
37.0 1.09887720191574
38.0 1.1145398503371258
39.0 1.0503620133329308
40.0 1.0453654310568377
41.0 1.030999994463251
42.0 1.0581558547823282
43.0 1.0191377863370423
44.0 1.0009690740028039
45.0 1.0385117879759673
46.0 0.9501018548848931
47.0 0.9788077369823291
48.0 0.9616106246073697
49.0 0.9162576115002351
50.0 0.935579806017522
51.0 0.972144628657814
52.0 0.9151082265639046
53.0 0.9374930325428592
54.0 0.9114563646530922
55.0 0.8960888557986174
56.0 0.8425056604840232
57.0 0.8429818396255232
58.0 0.8782503543656843
59.0 0.866317326255022
60.0 0.8609767209173151
61.0 0.8294179752253731
62.0 0.8193991548602796
63.0 0.8246160798756239
64.0 0.7437004935685826
65.0 0.7960475481261479
66.0 0.7871071725670811
67.0 0.8155721744637595
68.0 0.7979685489948363
69.0 0.7570802769860648
70.0 0.8431035190819895
71.0 0.7839055018951654
72.0 0.7823212519343352
73.0 0.8338994263617704
74.0 0.7905575890843656
75.0 0.8431540123724433
76.0 0.7774144909773315
77.0 0.8528075641668783
78.0 0.8097734485456257
79.0 0.8178204304106782
80.0 0.815398059173861
81.0 0.858148910530281
82.0 0.8858585604631759
83.0 0.8571148839144132
84.0 0.8918509497306165
85.0 0.8389038428996771
86.0 0.842119553806477
87.0 0.9451566707213093
88.0 0.8644322416402818
89.0 0.9767358195036129
90.0 0.9490804316944386
91.0 0.938726552156685
92.0 0.968050159134721
93.0 0.924075690739549
94.0 0.9299943280983521
95.0 0.994427024834829
96.0 0.9778972257109251
97.0 0.9576297605710028
98.0 1.0077056252260865
99.0 1.0310099743355674
100.0 1.1014645488113448
101.0 1.0763099135196743
102.0 1.0483433812545853
103.0 1.140607815523604
104.0 1.1124636220101922
105.0 1.0870490038182845
106.0 1.1316156232171755
107.0 1.1276834221672536
108.0 1.1571100344755278
109.0 1.1025723963134295
110.0 1.13000768389343
111.0 1.1622075160046799
112.0 1.1321258029623826
113.0 1.2127610016448835
114.0 1.2095808785765814
115.0 1.1964938104734193
116.0 1.1533738544039644
117.0 1.216547669993235
118.0 1.2159251612536457
119.0 1.2514275729334903
120.0 1.1835320212623763
