Time NormalisedFlux
0.0 0.9569295998024236
1.0 1.0057171131246787
2.0 0.9470184383194814
3.0 0.9848661823942696
4.0 1.0804761325803567
5.0 1.0206708309462527
6.0 1.0843691717672828
7.0 1.2857692619653798
8.0 0.993956028051456
9.0 0.9904057115563163
10.0 0.9628468229954682
11.0 0.898870250799011
12.0 0.7850565275795676
13.0 1.038517537058239
14.0 1.0631074228918889
15.0 1.076953565024547
16.0 1.1079246291527398
17.0 0.9339444612418505
18.0 1.1795193321050859
19.0 0.9294185145716554
20.0 0.9724538686404398
21.0 1.165511863485398
22.0 1.0379400895499675
23.0 1.1609309501506149
24.0 1.0117020251904842
25.0 0.9647830473657102
26.0 0.9183558917191431
27.0 1.1918371307196751
28.0 1.090953726623834
29.0 1.189374839351197
30.0 1.0180756715251749
31.0 0.9353387868644404
32.0 1.0776584947238446
33.0 0.984232045312268
34.0 0.962344679455849
35.0 0.9647690772672696
36.0 0.9603961882430043
37.0 0.9453668904924372
38.0 1.0149898041172454
39.0 1.033053039673301
40.0 1.1970122419379534
41.0 0.8974324412531701
42.0 0.8901072067742807
43.0 1.0052655672546003
44.0 1.122306948646478
45.0 1.0512820067436623
46.0 0.8774876176662797
47.0 0.9908693396373887
48.0 0.9485960144350216
49.0 1.0642124373480069
50.0 0.8740446531406278
51.0 1.1003918550516774
52.0 0.801117263629094
53.0 1.0210069578325496
54.0 1.1788539821439081
55.0 0.9987619076551547
56.0 1.1513906536551466
57.0 1.189098827246772
58.0 0.9202906624719419
59.0 0.9849678757870663
60.0 0.8769487246524619
61.0 0.9255384920942628
62.0 0.8670113713497363
63.0 1.136355836165798
64.0 1.0924262894589032
65.0 1.156510535947823
66.0 1.027104763971061
67.0 0.9979836344300133
68.0 1.122674849735878
69.0 1.0267046407741227
70.0 1.0141884112836521
71.0 0.8533497383668305
72.0 0.8056122678368642
73.0 1.053381050661825
74.0 1.1239306068645067
75.0 1.0519859290174156
76.0 0.9722800735423918
77.0 0.9733423195849797
78.0 0.985556789514481
79.0 0.9715130409243268
80.0 0.6811726756697005
81.0 0.9223663112675298
82.0 1.0721128418776849
83.0 1.0209885681032014
84.0 1.1348185360898098
85.0 0.879564764779952
86.0 1.0325081139189671
87.0 0.9841839094864957
88.0 0.8219190807072593
89.0 0.9502482830080338
90.0 1.0518485369761144
91.0 0.9775523005035935
92.0 0.8870888872098263
93.0 0.9601005545845552
94.0 1.1330213054796852
95.0 1.0049108980512544
96.0 0.9403451286411393
97.0 0.9694411826554334
98.0 0.9837323496098873
99.0 0.9876350925367989
100.0 1.0866645413637324
101.0 0.9886910571743304
102.0 0.7720780064964808
103.0 1.0903114701184746
104.0 1.0729842242836707
105.0 1.045888225484147
106.0 0.9219269581398775
107.0 0.8509226032649643
108.0 0.985941301808675
109.0 1.0994236604854877
110.0 0.9358204669955421
111.0 1.0763199439627096
112.0 0.9919030721841378
113.0 0.9812375716177951
114.0 1.108043622963907
115.0 0.9615782356365519
116.0 0.9600047779442223
117.0 0.888572040440492
118.0 1.0034964626602876
119.0 1.0042275450696792
120.0 1.0276862068324606
