Time NormalisedFlux
0.0 1.00861722907983
1.0 1.0545041367893653
2.0 0.9913867084615224
3.0 0.8537179096724076
4.0 1.01694103083962
5.0 0.981913759162606
6.0 1.07385078347129
7.0 1.0789205719413066
8.0 0.8891539094461125
9.0 0.9711913047592854
10.0 0.881447260221911
11.0 1.0546008363113681
12.0 0.9274424236595656
13.0 1.0205375160676295
14.0 0.803968681892688
15.0 0.9646578439786146
16.0 0.925530021715352
17.0 0.9370310970771631
18.0 0.9672520612923727
19.0 0.7656259645608361
20.0 1.0396727905788958
21.0 1.1715949284069815
22.0 0.9715515219544505
23.0 1.0797280938349887
24.0 0.9838842978286719
25.0 1.0661376089907721
26.0 0.9951000076420352
27.0 1.116753668323485
28.0 1.1880075724739956
29.0 1.0188070298225298
30.0 0.9443264953706916
31.0 0.8913318053889959
32.0 1.02645106678516
33.0 1.0747978074308118
34.0 0.9492685515680945
35.0 1.0675225534150545
36.0 0.8642481689433431
37.0 0.9957499480991652
38.0 0.8290729746015554
39.0 0.955780872660353
40.0 0.9522010956364307
41.0 1.010267114611817
42.0 0.8944390376741548
43.0 0.9754484619799085
44.0 0.9280849003538677
45.0 0.8889383596238726
46.0 1.1293397528761104
47.0 0.9917258399273603
48.0 1.1588816106713262
49.0 1.0559198651779342
50.0 0.8585637471952088
51.0 1.0675225250007345
52.0 0.9756324931601944
53.0 1.1908455659518826
54.0 1.0260970194340162
55.0 1.1302729173956092
56.0 0.7567915821047535
57.0 1.0838090442957156
58.0 1.0432235939920078
59.0 0.9843491011303364
60.0 1.1269494061440606
61.0 1.0406934560453374
62.0 1.1225907144856027
63.0 1.0295289708213768
64.0 1.0812395036273534
65.0 0.9441179430327838
66.0 0.8027187214221414
67.0 0.9305491160829533
68.0 0.9524938512467832
69.0 1.0435830034587767
70.0 1.0205360664504817
71.0 0.9508790005833426
72.0 0.8761289307850949
73.0 1.1144720131210604
74.0 1.128187733691312
75.0 1.0351398571604076
76.0 0.8102374352641413
77.0 0.9381688411558518
78.0 0.9374545981452539
79.0 0.8566800819036792
80.0 0.882786186146356
81.0 0.9359041276842778
82.0 0.9556214495920512
83.0 1.1535507658777409
84.0 1.1842795112231925
85.0 1.1039202980289837
86.0 1.041084690653588
87.0 1.1721247122709553
88.0 1.0155327814572361
89.0 1.0325213639126727
90.0 1.0796172366165289
91.0 1.0333473553806416
92.0 0.810316999589287
93.0 0.9250558539812007
94.0 1.0444991926901281
95.0 1.0941702515493628
96.0 0.785133444996729
97.0 1.0471376740871972
98.0 1.0465057488954448
99.0 0.7138121159022194
100.0 1.072697263274642
101.0 1.066202155197856
102.0 0.8417484365375878
103.0 0.9434179558824656
104.0 1.022839280564399
105.0 1.1014707723277044
106.0 0.899872116369646
107.0 1.045773132119756
108.0 0.936525276582684
109.0 1.0669160671135913
110.0 0.8471471934228094
111.0 1.0005014417260754
112.0 1.1293566336769885
113.0 1.0002770718809766
114.0 1.1041839622322158
115.0 1.2121441088148135
116.0 1.3429829558056032
117.0 0.9769736984962243
118.0 0.8815401327989348
119.0 0.9447173871300469
120.0 1.0788170494205778
