Time NormalisedFlux
0.0 0.983363067865103
1.0 1.0061091716024542
2.0 1.0022387444987646
3.0 1.0076624005533559
4.0 0.9902437285334571
5.0 0.9627966668822614
6.0 0.989806570584607
7.0 0.9589092009204202
8.0 0.9685101245293047
9.0 0.9809253758239873
10.0 0.9571613333051762
11.0 0.9844522428500946
12.0 0.9789919792642992
13.0 0.9940144063609747
14.0 0.9489017186117854
15.0 0.9432599967971826
16.0 0.9351561724278308
17.0 0.9185617768768654
18.0 0.9155218758279491
19.0 0.9163822096944668
20.0 0.9185012025660609
21.0 0.9139073388495319
22.0 0.9652057577732928
23.0 0.9482116518803326
24.0 1.0213589922329538
25.0 1.0157576145238727
26.0 1.0410627268643033
27.0 1.04825720443835
28.0 1.0981905899913795
29.0 1.0756926682375154
30.0 1.1085417244179299
31.0 1.0691297995745865
32.0 1.0749522808183802
33.0 1.0792472802656043
34.0 1.0296393065539162
35.0 1.0519849924358995
36.0 1.0306589204939551
37.0 1.0374936145515967
38.0 1.0470993713236865
39.0 1.0386302122105526
40.0 1.0534065714361163
41.0 1.0283361625644707
42.0 1.0276201683596395
43.0 1.0206667263618612
44.0 1.0063153432999707
45.0 0.9840069321231512
46.0 1.0124406187906627
47.0 1.016644151260811
48.0 0.9984062838552031
49.0 1.0035134128360554
50.0 0.9732963692240935
51.0 0.9844350954614375
52.0 0.981606771452033
53.0 0.9701729605623892
54.0 0.9670360335218696
55.0 0.9352348288836451
56.0 0.9701505244685865
57.0 0.9656960334229054
58.0 0.9863496398515268
59.0 0.9464217910666504
60.0 0.9422175940146684
61.0 0.956162819035058
62.0 0.9321831677242279
63.0 0.9395946412673761
64.0 0.8723169756197418
65.0 0.9269803477912426
66.0 0.8945092191709028
67.0 0.9335094788123987
68.0 0.921466586159862
69.0 0.9530498660601072
70.0 0.9893986660480242
71.0 1.0422537544647836
72.0 1.0261689692919487
73.0 1.0869432712914597
74.0 1.112232299750091
75.0 1.08655359860251
76.0 1.0834890761842895
77.0 1.0532803843274874
78.0 1.0629113175419562
79.0 1.0500237823116347
80.0 1.0735163205947384
81.0 1.0536074953995078
82.0 1.030181184724124
83.0 1.0530573163190327
84.0 1.0547288627404552
85.0 1.0518377827513026
86.0 1.0498500903116554
87.0 1.0267585519599816
88.0 1.0391332091207257
89.0 1.0049328036872327
90.0 1.0255891802266677
91.0 1.0135497520883059
92.0 0.998405452063103
93.0 1.0005049671298538
94.0 1.0093840386957356
95.0 1.009497793860139
96.0 0.9903013112390102
97.0 0.9735116354479078
98.0 0.9777000488825729
99.0 0.9785392929357798
100.0 0.9714709387345805
101.0 0.9627177751737404
102.0 0.9581752437254273
103.0 0.9571372066285538
104.0 0.9610749762316001
105.0 0.9460100045994042
106.0 0.9526456105550131
107.0 0.9301903332327927
108.0 0.9580383833528386
109.0 0.9181370521130332
110.0 0.9279976449323613
111.0 0.9100943678342097
112.0 0.8897079956876116
113.0 0.9096701265586389
114.0 0.9683282506533087
115.0 0.9435212425717275
116.0 1.0035402625016874
117.0 1.0432358502593713
118.0 1.0591151179406435
119.0 1.0759938111241596
120.0 1.0447742727151292
