Time NormalisedFlux
0.0 0.9341792387165303
1.0 0.9697806293003027
2.0 0.9417916761856773
3.0 0.9983640824558596
4.0 0.9650161401002922
5.0 0.9192050171471484
6.0 0.9194808971052844
7.0 0.9303190323840338
8.0 0.9052078360256197
9.0 0.8936552487475293
10.0 0.8968747316445901
11.0 0.9273622610703904
12.0 0.9336934729539947
13.0 0.9722787018866561
14.0 1.0283803512103338
15.0 1.0783244610130485
16.0 1.0681259075907656
17.0 1.0928005801922598
18.0 1.1181864995901356
19.0 1.1096099121918823
20.0 1.0637511087485931
21.0 1.0702957588170166
22.0 1.0736416585905575
23.0 1.023863717478288
24.0 1.0689760360726688
25.0 1.0209261877247027
26.0 1.048241195047453
27.0 1.0505639526468533
28.0 1.0612686804987612
29.0 1.0586664280392748
30.0 1.0403484069389977
31.0 1.0292956735663403
32.0 1.0077865383038755
33.0 1.0017916349398786
34.0 0.9693780538060467
35.0 0.9903632879261365
36.0 1.0011463817614712
37.0 1.0177658517730028
38.0 0.97584572130702
39.0 0.9807292319656052
40.0 0.979848191478462
41.0 0.9622434382971297
42.0 0.9702136000434403
43.0 0.9772148391618841
44.0 0.9514667858471746
45.0 0.9563498827919383
46.0 0.9406147519080739
47.0 0.9482451314640308
48.0 0.9489493516336819
49.0 0.9629312940457018
50.0 0.9460166195593935
51.0 0.9544617785398212
52.0 0.9116696760028179
53.0 0.8959159732471133
54.0 0.9032607551245035
55.0 0.9125898938323832
56.0 0.8835321235363307
57.0 0.9327249778732882
58.0 0.9675242030516227
59.0 1.0040320757491594
60.0 1.0500335427249805
61.0 1.066218047783975
62.0 1.0819366626254592
63.0 1.0928543271476285
64.0 1.1260287524036372
65.0 1.0936851853462533
66.0 1.0989772306313772
67.0 1.0768599682109945
68.0 1.0610360628604194
69.0 1.055394199265201
70.0 1.0473572789842192
71.0 1.0057459245242064
72.0 1.0241440103353228
73.0 1.0344899103972716
74.0 1.0233151916410683
75.0 1.038649556559678
76.0 1.0128675898153183
77.0 1.0188819293689122
78.0 1.0159908221901348
79.0 1.0096908591270202
80.0 0.9954671740272437
81.0 1.0076122974808555
82.0 0.9955279485942065
83.0 0.9984234536548213
84.0 1.0184427877583753
85.0 0.9926772973798835
86.0 0.9622834329143591
87.0 0.9668666359744532
88.0 0.9599921682085775
89.0 0.9906272282022642
90.0 0.9521499082118814
91.0 0.9218493893501182
92.0 0.941678075188949
93.0 0.9518713752862722
94.0 0.9195936675910397
95.0 0.9291631280441567
96.0 0.9352442500455984
97.0 0.926899828288633
98.0 0.9106096301340523
99.0 0.9012037599603522
100.0 0.8888341261923214
101.0 0.9045461780336963
102.0 0.884195498013782
103.0 0.9601228502896504
104.0 1.0009686989427644
105.0 1.0277961192650575
106.0 1.063164490596901
107.0 1.061010472429147
108.0 1.1060681698763135
109.0 1.089154710197298
110.0 1.083394827914765
111.0 1.08644749636229
112.0 1.05863139188606
113.0 1.0463341700265323
114.0 1.0310277785467346
115.0 1.0341616863430236
116.0 1.0441337237054307
117.0 1.0182310458231638
118.0 1.0608822952203356
119.0 1.030594463864551
120.0 1.0316099425620548
