Time NormalisedFlux
0.0 1.0119534065343545
1.0 0.9902018889136699
2.0 0.9818154902367401
3.0 0.9911472383276194
4.0 0.9777320281006148
5.0 0.9774076215609204
6.0 0.9479350937236294
7.0 0.9538870037103386
8.0 0.934037176539451
9.0 0.932461052078604
10.0 0.9580556780123629
11.0 0.938789241997527
12.0 0.9603622197999302
13.0 0.9295420084856121
14.0 0.9380013019874676
15.0 0.9213552336420889
16.0 0.9044847056393265
17.0 0.9206565364681916
18.0 0.8817485158301301
19.0 0.948045622892906
20.0 0.9416051055591872
21.0 0.9589432289665051
22.0 0.9893071516563468
23.0 0.9872631699225831
24.0 1.0476519070195283
25.0 1.052357042242272
26.0 1.1204804381005733
27.0 1.1103603466246734
28.0 1.1011760115995106
29.0 1.0552728734769334
30.0 1.0878308903710239
31.0 1.0848345988519978
32.0 1.0622235857391655
33.0 1.0528838668564684
34.0 1.0656413215215665
35.0 1.0593415376429585
36.0 1.0362248754428045
37.0 1.012914137418767
38.0 1.0292824267364773
39.0 1.0459008888758863
40.0 1.0196682413680112
41.0 1.0288571016207835
42.0 1.0129527144715005
43.0 1.0147516985064506
44.0 0.9898779736510569
45.0 1.0031522199001683
46.0 0.9870257750311116
47.0 1.0159443501064125
48.0 1.0036962164827186
49.0 1.0153577315697135
50.0 0.9884211791287737
51.0 0.9900639953069524
52.0 0.9677419763556946
53.0 0.977778216480082
54.0 0.9781163465242428
55.0 0.9657497587698822
56.0 0.9279106243951574
57.0 0.9238711743571602
58.0 0.9620787775959376
59.0 0.9661870125566362
60.0 1.0073136870389514
61.0 0.9225646484255413
62.0 0.9462754678799373
63.0 0.9344935524424308
64.0 0.9272899423191214
65.0 0.9291847345175532
66.0 0.8950147728677327
67.0 0.9191020755098522
68.0 0.9418983231814293
69.0 0.9594166588950794
70.0 0.9855802659700698
71.0 0.9773424957935017
72.0 1.037510992398119
73.0 1.0575617822080967
74.0 1.1007083159316906
75.0 1.0795526319520372
76.0 1.1083036538997506
77.0 1.0976999137148882
78.0 1.100563715892862
79.0 1.1019243017607365
80.0 1.0639900817703274
81.0 1.0140984848133798
82.0 1.0328753527665635
83.0 1.0395921678011752
84.0 1.0336774454843891
85.0 1.050723208321178
86.0 1.0611341143216726
87.0 1.0447921247936407
88.0 1.0170531919803294
89.0 1.0548852770503327
90.0 1.0540231185904574
91.0 1.009021235630313
92.0 0.9964859228607966
93.0 0.9933930453411908
94.0 1.0160942432427955
95.0 0.991353871414479
96.0 1.0178490919042875
97.0 0.9735727687324895
98.0 0.9941194457162268
99.0 1.012133919709309
100.0 0.9905980339690044
101.0 0.9574303729595709
102.0 0.9307638724045745
103.0 0.9595948195420392
104.0 0.9671923054642029
105.0 0.9361679976010572
106.0 0.9623879820411678
107.0 0.9700285505686987
108.0 0.9648895866209591
109.0 0.9376107679777413
110.0 0.9277788127318045
111.0 0.9460287251860072
112.0 0.9284911176650625
113.0 0.9144237546698603
114.0 0.8790543469171312
115.0 0.9149075476438069
116.0 0.9143654804712991
117.0 0.9423856076689237
118.0 0.9496409306358063
119.0 1.0436173311490393
120.0 1.0336676847448782
