Time NormalisedFlux
0.0 1.0571870782595914
1.0 1.0518915558670812
2.0 1.0352322929311661
3.0 1.0208885620638588
4.0 1.028105159393242
5.0 1.0525952222930917
6.0 1.0724498092981831
7.0 1.0268130382502747
8.0 1.0213180171883007
9.0 1.0576194893211104
10.0 0.9780911362411917
11.0 0.9925347116159651
12.0 1.0034277605492743
13.0 1.0141571921329036
14.0 1.0090930198391976
15.0 0.9716155645793974
16.0 1.0210600738903877
17.0 0.9731897408941732
18.0 0.9972682151042743
19.0 0.9740851923987839
20.0 0.9965107096415478
21.0 0.9425892023276508
22.0 0.9385185852425433
23.0 0.9802182521704924
24.0 0.967170060807332
25.0 0.9476787430126374
26.0 0.933150079204166
27.0 0.953333920921027
28.0 0.9535120022963705
29.0 0.9405645869378814
30.0 0.9185525074936352
31.0 0.947549838701889
32.0 0.8959048582336264
33.0 0.902135290907849
34.0 0.9149752167304929
35.0 0.8869676647351805
36.0 0.9487332295131204
37.0 0.9741343825479423
38.0 1.0113108689836994
39.0 1.0530067666356968
40.0 1.0748299373737038
41.0 1.0752106640214552
42.0 1.094382200276365
43.0 1.1166481776006543
44.0 1.0924206127810943
45.0 1.0814050795636008
46.0 1.0787127997074206
47.0 1.006422371737565
48.0 1.0555158859901173
49.0 1.013826301078376
50.0 1.0227353598744477
51.0 1.0240802583887891
52.0 1.0556459016400044
53.0 1.0446830939337635
54.0 1.0494143587357947
55.0 1.0169338236749061
56.0 1.015227186275833
57.0 1.027028359017765
58.0 1.0169014128090976
59.0 0.9871037990781937
60.0 1.0016349656773966
61.0 1.0101506835114191
62.0 1.037286058626612
63.0 0.9757205889217438
64.0 0.9851230906775759
65.0 0.9855957740305926
66.0 0.9843380496011057
67.0 0.9522040580379937
68.0 0.9523792774427047
69.0 0.9600330536366065
70.0 0.9608587901800706
71.0 0.9434163363956061
72.0 0.9691963080968862
73.0 0.9709162499017422
74.0 0.9394894120223766
75.0 0.9700349264454358
76.0 0.93686715394136
77.0 0.932350787669938
78.0 0.8961719879276817
79.0 0.8610011293575474
80.0 0.9274727557169349
81.0 0.9170554065878437
82.0 0.9557369084358274
83.0 0.9609004474152063
84.0 0.9827983011118456
85.0 1.0363413382536555
86.0 1.0789085764672461
87.0 1.1038946542974264
88.0 1.1050048680399858
89.0 1.0761373969532904
90.0 1.0879773191351647
91.0 1.096552968519476
92.0 1.0621662534147862
93.0 1.0671933538782017
94.0 1.0376228249004258
95.0 1.0407731461746503
96.0 1.0564147781308413
97.0 1.0335833318801164
98.0 1.0660841339319764
99.0 1.0532650043362581
100.0 1.0226575340889434
101.0 1.033744960328749
102.0 1.0523830162545746
103.0 0.98845583502698
104.0 0.9932083805665054
105.0 0.9826184528771192
106.0 1.001682942231846
107.0 1.028327159914349
108.0 0.9834326296526685
109.0 1.00040226721081
110.0 1.0196418003687895
111.0 0.9957269715741708
112.0 0.9667404303817165
113.0 0.9712972081143217
114.0 0.9719130071537058
115.0 0.9439638122557971
116.0 0.937142453744917
117.0 0.9620455707742156
118.0 0.95866388728372
119.0 0.9615456335696012
120.0 0.9384706089366184
