Time NormalisedFlux
0.0 0.9205096265943166
1.0 0.9266189960400579
2.0 0.8954910541528154
3.0 0.9010795365157165
4.0 0.8581813315692386
5.0 0.8411560344909728
6.0 0.8768001456234994
7.0 0.9374841398518997
8.0 0.9223506292219525
9.0 0.9584117381057689
10.0 0.9675908784527434
11.0 1.0099175295457812
12.0 1.000293827530879
13.0 1.0676139123930155
14.0 1.0238685648808277
15.0 1.0878151044872972
16.0 1.1222005023063453
17.0 1.094450213132156
18.0 1.1285117090556664
19.0 1.1111444299597506
20.0 1.096647471363447
21.0 1.113091406958637
22.0 1.067755175497872
23.0 1.0581213689588593
24.0 1.0311415252711535
25.0 1.026032454301207
26.0 1.0144799973514271
27.0 0.9664996887058155
28.0 0.922917586477682
29.0 0.9366847766420126
30.0 0.8441545525459557
31.0 0.9128143427110905
32.0 0.8952898857138761
33.0 0.8383929826777567
34.0 0.9190121631662198
35.0 0.9155099605589975
36.0 0.9480374447373517
37.0 0.9745559375226379
38.0 0.9465295446135291
39.0 1.0092131441972472
40.0 0.9950797496459687
41.0 1.0799751737572942
42.0 1.088231486053578
43.0 1.1118938589664888
44.0 1.1192096932694466
45.0 1.167207837266586
46.0 1.1223576755018492
47.0 1.1100605859988564
48.0 1.1026087314755477
49.0 1.0657188184153568
50.0 1.0703813278648642
51.0 1.0771055044424933
52.0 1.00743708396007
53.0 0.9959157624930959
54.0 0.9520485763716897
55.0 0.9278942187211753
56.0 0.9000930565678493
57.0 0.865976277232079
58.0 0.8742095165727986
59.0 0.8814195713331489
60.0 0.8565287530835318
61.0 0.9045230673947801
62.0 0.915085626993164
63.0 0.9503617973596427
64.0 0.9908948251284959
65.0 1.0157859983383368
66.0 1.0247101188370282
67.0 0.9971116748943994
68.0 1.0978154820235348
69.0 1.0952720406456369
70.0 1.1281717677897283
71.0 1.12310086070383
72.0 1.1679970559941455
73.0 1.1894126847610085
74.0 1.0934627688598284
75.0 1.087731239468149
76.0 1.066597733524086
77.0 1.0971927239053396
78.0 1.0293818639612131
79.0 0.9983471385397312
80.0 0.943847339614491
81.0 0.962681141003353
82.0 0.9578477782854716
83.0 0.8875836362939489
84.0 0.835414332913057
85.0 0.8889976741169351
86.0 0.864134778493125
87.0 0.8431789891089341
88.0 0.8911583430805322
89.0 0.9216457144747474
90.0 0.9754097167528215
91.0 0.9781888372927697
92.0 0.9686396595093587
93.0 0.9670654892732445
94.0 1.0482260408434418
95.0 1.0541552225052575
96.0 1.0742806608482747
97.0 1.122036091406574
98.0 1.108436227348198
99.0 1.1489807878586327
100.0 1.1134192078560623
101.0 1.0625781105531524
102.0 1.119819762693115
103.0 1.0981130825736898
104.0 1.0462223673260518
105.0 1.0174267288858454
106.0 1.0165708262156645
107.0 0.9525416375756272
108.0 0.9300595557673097
109.0 0.9473209162790133
110.0 0.956048520312808
111.0 0.8860316333122242
112.0 0.8115833744537179
113.0 0.8611623287242618
114.0 0.9138140546767798
115.0 0.8513397968338083
116.0 0.9444614637051081
117.0 0.8911070845103926
118.0 1.005081695799076
119.0 1.0082594475040452
120.0 0.9852791578467976
