Time NormalisedFlux
0.0 0.8585372616312636
1.0 0.9174795422192061
2.0 0.941375062193501
3.0 0.9603368132520742
4.0 0.9855160781711888
5.0 1.0095114684686557
6.0 1.061405776576943
7.0 1.044881047543206
8.0 1.0403415387970856
9.0 1.0679673122643776
10.0 1.1423408161770647
11.0 1.165585648315971
12.0 1.1202840857818739
13.0 1.0871285756026128
14.0 1.089860273403967
15.0 1.107472022358437
16.0 1.0526206759517607
17.0 1.04002987910689
18.0 1.0356687027827884
19.0 0.9905850505628117
20.0 0.9409041331487424
21.0 0.9838116762006689
22.0 0.9461509132503979
23.0 0.8768005063386362
24.0 0.8331196015106261
25.0 0.8450800457324827
26.0 0.8544753518398153
27.0 0.934471066624324
28.0 0.9462452612894936
29.0 0.9511747486849946
30.0 0.9500009015626951
31.0 0.9922263545494131
32.0 1.002327240952446
33.0 1.0172357931623563
34.0 1.0305624467149634
35.0 1.069698921815633
36.0 1.1129714798049504
37.0 1.1091441702116698
38.0 1.157816800985111
39.0 1.1483816007694807
40.0 1.1078415677888438
41.0 1.095692998321805
42.0 1.0398147151240718
43.0 1.0553852497436742
44.0 1.007074445086431
45.0 0.9487673584922259
46.0 0.9984517252425131
47.0 0.9186048367652673
48.0 0.8971765519960274
49.0 0.886786960837605
50.0 0.8820319768402851
51.0 0.8624802648988814
52.0 0.8756171648858546
53.0 0.8527962692560151
54.0 0.9359722811254807
55.0 0.9426599628523281
56.0 0.9697681795333797
57.0 0.9878834179431624
58.0 1.0047556753591629
59.0 1.0479096329903057
60.0 1.060193464246976
61.0 1.0483410932534674
62.0 1.1083696061582613
63.0 1.1539104072259234
64.0 1.1379891578518433
65.0 1.1281045849732163
66.0 1.0772920631934773
67.0 1.0931751392630775
68.0 1.0639480764657547
69.0 1.0077226858922206
70.0 1.0532087651987792
71.0 1.0029112200204684
72.0 0.9838587375737189
73.0 0.9424868761301318
74.0 0.9308934052332821
75.0 0.9184079698916314
76.0 0.8550532364444365
77.0 0.8601292095064053
78.0 0.8104473335741985
79.0 0.8853291678454013
80.0 0.9379695179424091
81.0 0.9810230565102295
82.0 0.9316491915498225
83.0 0.9574945856126135
84.0 1.0104587982573905
85.0 1.0619300434470091
86.0 1.0433263734604434
87.0 1.088264096890782
88.0 1.0804792075350849
89.0 1.150696932825939
90.0 1.1485571260384029
91.0 1.147975577071905
92.0 1.1052152803728676
93.0 1.103304162287833
94.0 1.0656819388960201
95.0 1.0492162847924502
96.0 1.0698751874864012
97.0 1.0398563515784711
98.0 0.9559648933148566
99.0 0.938109571990186
100.0 0.9507940052627286
101.0 0.9036103162305187
102.0 0.8968159296715982
103.0 0.8822451314127127
104.0 0.8400401720064713
105.0 0.8324938667506918
106.0 0.9057534177649772
107.0 0.9082765797906927
108.0 0.9722240403828003
109.0 0.9789873889933375
110.0 0.959744277629022
111.0 1.0253224511140313
112.0 1.0380490312608686
113.0 1.0537684344672527
114.0 1.0892051660941588
115.0 1.116736538439886
116.0 1.1758412186434415
117.0 1.1264440289770403
118.0 1.1475284771128422
119.0 1.0998537937993051
120.0 1.094218959814355
