Time NormalisedFlux
0.0 0.8502419067655116
1.0 0.9523899905812314
2.0 1.1863908388479805
3.0 1.0185503193880439
4.0 1.1200885195292518
5.0 1.0770722050427126
6.0 1.0816260285977495
7.0 1.0970563745479627
8.0 1.0586908168425362
9.0 0.9997986383251365
10.0 1.0223397749389966
11.0 0.8687811167598163
12.0 0.9669401085883473
13.0 0.9266893122245302
14.0 1.174937274272081
15.0 0.9760586124191126
16.0 0.9589043539998066
17.0 0.9997415659562171
18.0 1.1562671809139253
19.0 0.926757754282978
20.0 0.8883393665121075
21.0 1.030911578980657
22.0 1.085360294736815
23.0 1.0822774632318697
24.0 1.1032816077467982
25.0 1.087508581343694
26.0 1.1088652787708817
27.0 0.9311201655399813
28.0 1.09469776328321
29.0 1.0656348637996629
30.0 1.0576976196094248
31.0 1.0527090330043014
32.0 0.873678454251349
33.0 0.8882484239500199
34.0 1.0258953226600847
35.0 1.0616183992006127
36.0 1.0065911388529458
37.0 1.0726635262300686
38.0 1.17189117058293
39.0 0.9938560268987378
40.0 1.032696311234598
41.0 0.9575952162391808
42.0 1.114935012071694
43.0 1.066731213491663
44.0 0.9415423955976008
45.0 0.9549532967606045
46.0 1.217397720752127
47.0 0.8290090379439307
48.0 1.1508455395499002
49.0 0.9367228816351322
50.0 1.0704830063679522
51.0 1.0177178940994545
52.0 1.054913371183744
53.0 0.985434302859072
54.0 0.9863694760155538
55.0 1.009808958092226
56.0 0.9667137687199469
57.0 1.182194701020315
58.0 1.0412348521173198
59.0 0.8254253799569895
60.0 0.8099402557002422
61.0 0.8202018748155389
62.0 1.1949151178665869
63.0 0.9747794257870755
64.0 1.1008807352448424
65.0 1.0199808055437958
66.0 0.9616683429191983
67.0 1.1928237588538542
68.0 1.0105203531028706
69.0 0.9994950071085411
70.0 0.9669002184197757
71.0 1.2140310052730707
72.0 1.0091719836003248
73.0 1.1376398711293751
74.0 0.9398513761286409
75.0 1.0213128372520488
76.0 0.9377954524989707
77.0 1.0484477372481198
78.0 0.9702609637164124
79.0 1.0423598023516003
80.0 0.8278396985815988
81.0 1.1236030644824515
82.0 0.8411876552237869
83.0 1.0773985818971064
84.0 0.9889253482240472
85.0 1.0391768069746041
86.0 0.9961012466952526
87.0 0.9542925560073223
88.0 0.943034121525202
89.0 0.8134179965696723
90.0 1.0025432798649538
91.0 1.0717109690284514
92.0 0.9576193448313018
93.0 0.9753979351259354
94.0 0.9977217378540736
95.0 0.9396886226813327
96.0 1.100204137456766
97.0 0.908766342443403
98.0 0.780268075607641
99.0 1.0145074961526035
100.0 1.0869083458886062
101.0 1.116442852231226
102.0 1.0018092872468323
103.0 0.8542487036840347
104.0 0.9035575930308132
105.0 0.9844453522972898
106.0 0.944896449784074
107.0 0.7625500789950909
108.0 1.0675746757860656
109.0 0.8942749338989774
110.0 0.9477809622003852
111.0 0.8749072960126069
112.0 1.0274042772634233
113.0 0.9884032280902804
114.0 1.0849265919669415
115.0 1.077086766779097
116.0 1.0767815045557758
117.0 0.9765821785492695
118.0 1.0987936229212205
119.0 0.9756328789285594
120.0 0.9863817043849912
