Time NormalisedFlux
0.0 1.029759223943088
1.0 1.0274077324647204
2.0 1.0380960036837845
3.0 0.9808680225033471
4.0 0.9705167554966698
5.0 0.9909399655894495
6.0 1.0011854906015245
7.0 1.0142930417454366
8.0 1.0002320695413203
9.0 0.9839170128780718
10.0 0.9743596554967904
11.0 0.9966697723648313
12.0 0.9793180371277777
13.0 0.9789289089985141
14.0 0.9252950894026696
15.0 0.9427641011840824
16.0 0.9354400077665181
17.0 0.9365997501480564
18.0 0.93766374919567
19.0 0.9608611271530828
20.0 0.9643053165280152
21.0 0.9378011277249462
22.0 0.9410097218590912
23.0 0.9026652254675944
24.0 0.9059933886683221
25.0 0.9256791794774413
26.0 0.8818681133484604
27.0 0.907914734703175
28.0 0.9151915196335267
29.0 0.9688029119079611
30.0 0.9966121307188838
31.0 1.0256346724491334
32.0 1.065432553394632
33.0 1.0789214090122696
34.0 1.0741265458141356
35.0 1.0783888630263654
36.0 1.1046972863052396
37.0 1.0894488707128243
38.0 1.055285000036739
39.0 1.098224111502242
40.0 1.04838138170615
41.0 1.036822224616552
42.0 1.0611721004818744
43.0 1.0889053998281863
44.0 1.0387754368372413
45.0 1.031225686994677
46.0 1.0588366298972536
47.0 1.0178327722465146
48.0 1.0331036355898344
49.0 1.0110528575921003
50.0 1.0129580759004961
51.0 1.0150119479396051
52.0 0.9637738119845579
53.0 1.0207172528285442
54.0 1.0297079590723226
55.0 1.0046446311316144
56.0 0.9860639548760508
57.0 1.0007902671306859
58.0 0.9821789042855494
59.0 0.974212733966603
60.0 0.9591047425944033
61.0 0.9675271161387331
62.0 0.9586269163175513
63.0 0.9182067999472024
64.0 0.9301832218598296
65.0 0.9724502605002404
66.0 0.9591898188770237
67.0 0.9797775313213888
68.0 0.9523034965519539
69.0 0.9284127136828747
70.0 0.9477082877916377
71.0 0.941179912796238
72.0 0.8954805480918195
73.0 0.9046638046336857
74.0 0.9173649311543319
75.0 0.9327649490655141
76.0 0.9446236935232287
77.0 0.9803961492874699
78.0 1.0234302641490196
79.0 1.05532381038002
80.0 1.0762367743389594
81.0 1.0786877320824413
82.0 1.0754808851912983
83.0 1.0714909726613633
84.0 1.0680468718202072
85.0 1.0790844285758345
86.0 1.0239003462545881
87.0 1.046504760025482
88.0 1.0209739432340994
89.0 1.0143594844176056
90.0 1.039643873071269
91.0 1.062875356338996
92.0 1.037542988943607
93.0 1.0555201441692124
94.0 1.0252384540792145
95.0 1.0378758917539679
96.0 1.0029376209783283
97.0 1.0199411020322373
98.0 1.0036068326881988
99.0 0.9853475337878093
100.0 0.9729372590382055
101.0 1.0342247703006586
102.0 1.004440562614648
103.0 0.9908531822015793
104.0 0.9796898003443324
105.0 0.9947395740338377
106.0 0.9753361340810836
107.0 0.9542229669870855
108.0 0.9384964593124426
109.0 0.9557231090793232
110.0 0.9579451687243544
111.0 0.9510317798054335
112.0 0.9425882374815236
113.0 0.9737704681509991
114.0 0.9734403759414263
115.0 0.9261330984144717
116.0 0.9585774546803335
117.0 0.9086457418748343
118.0 0.9147153304733956
119.0 0.9092188081132984
120.0 0.9089851072009346
