Time NormalisedFlux
0.0 1.077558565187221
1.0 1.091184603945472
2.0 1.0877189402793428
3.0 1.1673066434934134
4.0 1.1386206184866783
5.0 1.0776713789530896
6.0 1.0863425160454188
7.0 1.06747923117653
8.0 1.0255252934518704
9.0 1.0177582986994085
10.0 1.002589469058077
11.0 0.9885102010079408
12.0 0.9926794844737037
13.0 0.9773937068603629
14.0 0.8866260133905708
15.0 0.8534086893417442
16.0 0.883084282021513
17.0 0.839894958393799
18.0 0.892981593669812
19.0 0.8960333730177796
20.0 0.9037706737040045
21.0 0.9219302870561836
22.0 0.9708647821336535
23.0 0.9452422468392666
24.0 1.0438744100309663
25.0 0.9999414416814959
26.0 1.0527854471511244
27.0 1.0618171038775277
28.0 1.164527362715945
29.0 1.139773237377432
30.0 1.1465576308251517
31.0 1.1104613530387821
32.0 1.0773507792669963
33.0 1.0705410112541958
34.0 1.0566854409491917
35.0 1.0632004474051848
36.0 1.023645139530071
37.0 0.9971022876882482
38.0 0.9882365550085527
39.0 0.9734774998556771
40.0 0.9655207236112315
41.0 0.9372687571331161
42.0 0.901161113950726
43.0 0.8732018096916695
44.0 0.876002789235583
45.0 0.8444945196928073
46.0 0.940392094362816
47.0 0.9469145629624832
48.0 0.9331193820956577
49.0 0.9981869070729809
50.0 1.0078711604586539
51.0 1.022635122492561
52.0 1.01863160419289
53.0 1.0722043445231662
54.0 1.1007841915478633
55.0 1.0797904333454291
56.0 1.1293024860400334
57.0 1.1592769537741712
58.0 1.1392649996691326
59.0 1.0872475992033743
60.0 1.0812035382306704
61.0 1.0820448924387907
62.0 1.0051693537449924
63.0 1.028608615749998
64.0 0.9739376637654125
65.0 1.0041708205834283
66.0 0.9873048452106997
67.0 0.9387505998615299
68.0 0.9501233992933165
69.0 0.8918687661558782
70.0 0.8870606061442405
71.0 0.8457916769179186
72.0 0.8745175382367367
73.0 0.9074033003625771
74.0 0.9404935161084522
75.0 0.9644460067803949
76.0 0.9615855204995827
77.0 0.9888126324880446
78.0 1.008530534388828
79.0 1.0233591220351788
80.0 1.0465487177754953
81.0 1.0965219593921653
82.0 1.0909459550474752
83.0 1.1243531170984689
84.0 1.1368821318952307
85.0 1.153639003267972
86.0 1.065964221651671
87.0 1.1288596270690563
88.0 1.070550607099549
89.0 1.0564683834850785
90.0 0.9964351708716959
91.0 1.0298143980380945
92.0 1.0231235917156234
93.0 0.9700873833523901
94.0 0.9496894038461486
95.0 0.8629153506791784
96.0 0.9050522082211072
97.0 0.8911079302329122
98.0 0.842855599589423
99.0 0.8812735627639022
100.0 0.9137872823668849
101.0 0.8863868440843385
102.0 0.9248224801636223
103.0 0.9689411866414459
104.0 1.0114750124320584
105.0 1.0087494627106006
106.0 1.024433633697119
107.0 1.0246749803185802
108.0 1.0832788942147684
109.0 1.1212961798475454
110.0 1.083658965121805
111.0 1.141350015869251
112.0 1.1004283456964152
113.0 1.1390783120245043
114.0 1.100045095757123
115.0 1.0630880191620555
116.0 1.0579116030163909
117.0 1.0009870141825887
118.0 1.0111396406495885
119.0 0.9495477826586202
120.0 0.9556277346061712
