Time NormalisedFlux
0.0 1.0242998202433204
1.0 1.0075035893840498
2.0 1.0653845294904323
3.0 0.9714338107792186
4.0 0.9479998094359249
5.0 0.9386702542868287
6.0 0.8934040247920331
7.0 0.9045724196963945
8.0 0.8641712393225863
9.0 0.8841024668358847
10.0 0.8585894620402031
11.0 0.9415542417776531
12.0 0.9390833203775262
13.0 0.9874848807440787
14.0 0.9807361075869271
15.0 1.0095191698594908
16.0 1.0757667063949405
17.0 1.0637854949821532
18.0 1.0669308127817012
19.0 1.0803597707593455
20.0 1.1562418231654503
21.0 1.1738412730934649
22.0 1.1133720818202788
23.0 1.1445867693441496
24.0 1.0636588896902135
25.0 1.0882828465646013
26.0 1.0543477500242842
27.0 1.0193347620630475
28.0 0.9660781360106355
29.0 1.0071886929467018
30.0 0.9660560241315541
31.0 0.922867835145558
32.0 0.9104293597191343
33.0 0.847231332949184
34.0 0.8550427005053713
35.0 0.8713822645984622
36.0 0.9082597004279025
37.0 0.9056607939674907
38.0 0.9289611099762204
39.0 0.9737758368581955
40.0 0.9778687061176219
41.0 0.9937440329566483
42.0 0.9829185397540214
43.0 1.0594592124533508
44.0 1.0464860834047351
45.0 1.1254762655734116
46.0 1.154258999948226
47.0 1.1373235122869156
48.0 1.1179552260747143
49.0 1.1304245236341433
50.0 1.080687367488475
51.0 1.0300107737423752
52.0 1.042392384859459
53.0 1.0059896357778626
54.0 1.0222664661865457
55.0 0.9811398033524408
56.0 0.936093274241702
57.0 0.9144694949779335
58.0 0.8369069470914443
59.0 0.8773759504598403
60.0 0.9101363369989875
61.0 0.9127812740462442
62.0 0.9234133750571725
63.0 0.8982945950572524
64.0 0.9777349681083354
65.0 0.9703553731603674
66.0 0.972811949077829
67.0 1.0011272877978732
68.0 1.0446482030338542
69.0 1.101560636503911
70.0 1.0706332119088493
71.0 1.1178847730973427
72.0 1.1529424686614504
73.0 1.129191736414262
74.0 1.1271197949371778
75.0 1.08121610066666
76.0 1.0568483003512894
77.0 1.0515100589365016
78.0 1.0279611535799356
79.0 1.0411518567960776
80.0 0.9387630455990496
81.0 0.9702106865599239
82.0 0.9028640217284035
83.0 0.9245932625835885
84.0 0.8677409795354857
85.0 0.870149681044369
86.0 0.8228869174199701
87.0 0.8904024901912556
88.0 0.9034295800537154
89.0 0.913791860324724
90.0 0.9590640600201547
91.0 0.9673418981452434
92.0 1.0003874672067252
93.0 0.9956781938182665
94.0 1.042549838810211
95.0 1.098102889864821
96.0 1.0786075490160751
97.0 1.0694051043538941
98.0 1.1409232811004382
99.0 1.154853758568999
100.0 1.0919037000104463
101.0 1.110444068081976
102.0 1.0693663897338532
103.0 1.0278872353260817
104.0 1.0309066575490367
105.0 1.043251895635483
106.0 0.9621379068083922
107.0 0.9071526962714045
108.0 0.9276244872104301
109.0 0.8888628186844288
110.0 0.854119509836853
111.0 0.8858691125574281
112.0 0.8655087612201543
113.0 0.8710919013242724
114.0 0.9208479546025388
115.0 0.9496772217802623
116.0 0.950903159868838
117.0 1.0245137203038355
118.0 1.0105404185886764
119.0 1.029210993642474
120.0 1.0509799930123183
