Time NormalisedFlux
0.0 0.8770442780900712
1.0 1.1885257438078916
2.0 1.0333860341339767
3.0 1.2584467093411946
4.0 0.9458290589199296
5.0 0.9591338334423551
6.0 1.0496593855752423
7.0 0.9604057773806518
8.0 1.0267733204500673
9.0 1.0054899874903545
10.0 0.8721797350407806
11.0 1.0261565957965497
12.0 1.1160849300045288
13.0 0.8841653821410005
14.0 1.0400330524661157
15.0 0.8999160569702885
16.0 1.0094430121838829
17.0 1.1377398819867721
18.0 0.935752098135844
19.0 1.135175695913993
20.0 0.9140995336438946
21.0 0.9245482452057895
22.0 1.2298263723875937
23.0 1.035187968805818
24.0 1.1116469059043521
25.0 1.1617589591450628
26.0 0.9186642494327109
27.0 0.9485083224786337
28.0 1.0113765545468956
29.0 0.9636481322747509
30.0 0.9092955092114876
31.0 0.9399685026633576
32.0 1.163060924218109
33.0 1.159013871492826
34.0 0.9293892103187056
35.0 0.7539898115387917
36.0 0.8789503444094677
37.0 1.2253118375219734
38.0 1.041887709500118
39.0 0.9351417337609208
40.0 0.8929781584737537
41.0 1.081273513576258
42.0 1.0339868763402398
43.0 0.975815865539215
44.0 0.9664838980722601
45.0 0.9433825845795033
46.0 0.9629963968753176
47.0 0.9724291371813204
48.0 1.0239855289167359
49.0 0.9801550468293518
50.0 0.9585160151627266
51.0 0.9215675283471415
52.0 0.9056126258430662
53.0 0.9846713845168443
54.0 0.860520998539402
55.0 0.9598704398359494
56.0 0.8126850329105948
57.0 0.9886379827339572
58.0 0.9336092471120441
59.0 0.9573291711909105
60.0 0.8649396108307082
61.0 1.0918780810563185
62.0 1.0757020517692983
63.0 1.0242991822209226
64.0 0.9566123516729214
65.0 0.9916295162916106
66.0 0.8537521983912303
67.0 1.170371010463935
68.0 0.9226498989648788
69.0 1.01686945627197
70.0 0.7551074996264382
71.0 0.9610724035401125
72.0 1.0223803943364118
73.0 1.140453668691181
74.0 1.0815409281752133
75.0 0.8814781201946196
76.0 0.903305598085576
77.0 1.079537118253922
78.0 0.9806189155739744
79.0 1.1502870053869256
80.0 0.9333969704504164
81.0 1.0788272189107415
82.0 1.0937481082468072
83.0 0.9794915379703822
84.0 0.9389992077904235
85.0 0.8964626091979474
86.0 1.1947557035310485
87.0 1.0491656212141258
88.0 1.0109244378804039
89.0 0.9083929877110268
90.0 0.9366438654759716
91.0 1.0676630398716518
92.0 1.0046180107388185
93.0 1.050376619286456
94.0 1.1171821648849778
95.0 1.1004735847727056
96.0 0.9382805565960881
97.0 0.9857117452952584
98.0 1.1335444028107267
99.0 0.8634762786794409
100.0 0.8760727856444785
101.0 1.0311679942465597
102.0 1.0593774228016561
103.0 1.0160990386986408
104.0 1.0966794705042917
105.0 1.1360755982294295
106.0 1.1540159732936386
107.0 0.9435975971810998
108.0 1.0577110408403179
109.0 1.0167213634399443
110.0 0.9224541346379201
111.0 1.0906802136671718
112.0 1.0594446996648463
113.0 1.1258585320973278
114.0 1.2238642047797235
115.0 0.8597937877124462
116.0 1.0602653977668381
117.0 0.87703367035458
118.0 0.9777085797025699
119.0 1.1444060963727587
120.0 1.0814880764262973
