Time NormalisedFlux
0.0 1.0516635140882047
1.0 0.843621770731236
2.0 0.7940431553445206
3.0 1.136291554011157
4.0 0.9643698789734108
5.0 1.0657348134884377
6.0 0.8891472739658169
7.0 0.9587275745199278
8.0 0.9181501817989133
9.0 0.8926478882214998
10.0 1.0830301491274217
11.0 0.9362532972828532
12.0 1.1429860639876714
13.0 1.0723448203346042
14.0 1.042044662628478
15.0 1.165554345118819
16.0 1.136959991459341
17.0 1.0048578720444057
18.0 1.0172234815177814
19.0 0.8278941835442266
20.0 1.154507294968793
21.0 1.0665414121405246
22.0 1.0216279725975306
23.0 0.8316891677494069
24.0 0.9487587995402396
25.0 1.1831528616899516
26.0 0.8014645108722047
27.0 0.9954601627923872
28.0 0.9202384218703074
29.0 1.0157400248613122
30.0 0.8404195818977911
31.0 0.8758434163176375
32.0 0.8972480194856697
33.0 1.0179119841523052
34.0 0.9545526309540711
35.0 0.8869876770695366
36.0 0.7715326521805863
37.0 1.0278165180452214
38.0 0.991519935754844
39.0 1.034267972993388
40.0 0.9193190182572641
41.0 1.1748072084107533
42.0 1.0257499358035724
43.0 0.8963441798178486
44.0 1.0131821446600728
45.0 0.9353417429428682
46.0 0.956688443592814
47.0 1.0928495934772904
48.0 0.9013517949570983
49.0 1.1443956444883916
50.0 1.0985295618159059
51.0 0.9761238145466189
52.0 1.0841689576692537
53.0 1.1767008243238337
54.0 0.9332226436531961
55.0 0.8874267014946291
56.0 1.1804197661054858
57.0 1.0062998366887932
58.0 0.9850509756976518
59.0 0.9796253442828998
60.0 0.9658142875594851
61.0 0.875068991149645
62.0 0.9523141575903652
63.0 1.1793009856459364
64.0 0.9879653229931213
65.0 1.056552511748325
66.0 1.0074991382983058
67.0 0.8873825736012333
68.0 0.9230857181204732
69.0 1.039995113809714
70.0 0.9667995262595025
71.0 0.7585486872936029
72.0 1.0588858389015259
73.0 1.2193203069212968
74.0 0.880264484629077
75.0 0.9747817246508377
76.0 0.9845686612343645
77.0 1.0025278593187745
78.0 1.1751587190571344
79.0 1.128507919142003
80.0 1.1279688520788704
81.0 0.9248146904300731
82.0 1.043351572053067
83.0 0.8537515852620087
84.0 1.209807075719914
85.0 1.148836354691803
86.0 1.0296453151285336
87.0 0.8335612907176417
88.0 0.9336452342383358
89.0 1.0960259607847878
90.0 1.1178459915158592
91.0 0.9042982781690477
92.0 1.0783691852311172
93.0 0.79274425058148
94.0 0.9926203926348272
95.0 0.9639451179982379
96.0 1.1579228077732817
97.0 0.888262185401669
98.0 1.1873246811002747
99.0 1.103455536386165
100.0 1.0155920722911376
101.0 1.1236557409349865
102.0 0.8279561870716654
103.0 1.0169046472314203
104.0 0.8746352121847232
105.0 1.0674230123687571
106.0 1.0048256897061167
107.0 1.088125569104669
108.0 0.9641386713495408
109.0 1.0178273522608365
110.0 0.867655193238059
111.0 0.9592521972933826
112.0 0.9865174658659484
113.0 1.0609802847517833
114.0 1.0135786700404574
115.0 1.1294093309165807
116.0 0.8839960842838829
117.0 0.8885698728229763
118.0 1.2245016142160245
119.0 1.0279209271803584
120.0 0.9701045937206266
