Time NormalisedFlux
0.0 0.9265493603973147
1.0 0.8877885539759408
2.0 0.9086938886409536
3.0 0.9289026867714215
4.0 0.8454290122244325
5.0 0.9064557281059239
6.0 0.8848212693905774
7.0 0.8880558145764345
8.0 0.8895567531616437
9.0 0.8143649758075965
10.0 0.9073412528390642
11.0 0.8709820572230534
12.0 0.8396272326493629
13.0 0.8642749390474416
14.0 0.8875143842380889
15.0 0.8485063035756933
16.0 0.8738178901568551
17.0 0.8415207390585422
18.0 0.8391890333949812
19.0 0.8943787510860693
20.0 0.892350778227616
21.0 0.8966358200909677
22.0 0.9016141971840665
23.0 0.8915482834816745
24.0 0.8816961475139505
25.0 0.8918509887303606
26.0 0.9300368101104111
27.0 0.9889891489232211
28.0 0.9487788434467305
29.0 0.9479358033379288
30.0 0.9419826068685783
31.0 0.9958124854943328
32.0 0.9312290959809346
33.0 0.9867079976546851
34.0 1.0121553205537637
35.0 0.950990927804294
36.0 1.0464492495740518
37.0 0.9651168090982798
38.0 0.99875642149875
39.0 1.0196512742436767
40.0 1.0299983785725095
41.0 0.9987467574279714
42.0 1.0580303853698718
43.0 1.094676117735854
44.0 0.9917051122095947
45.0 1.0133142929016854
46.0 1.042104023491311
47.0 0.9986063645138196
48.0 1.0610177798229796
49.0 1.0905814938229534
50.0 1.069000929995044
51.0 1.0966582160702278
52.0 1.0969409365754244
53.0 1.0646317194634232
54.0 1.1271642119584167
55.0 1.1356439847744908
56.0 1.115143384161599
57.0 1.081313454085095
58.0 1.0638911532429027
59.0 1.1514082610442564
60.0 1.0817916364436027
61.0 1.1382630297989633
62.0 1.1684123856805597
63.0 1.1106524454869002
64.0 1.144975990082774
65.0 1.147618813776458
66.0 1.120966393736952
67.0 1.1136808009259798
68.0 1.142946418080451
69.0 1.0841569129533721
70.0 1.1074673596757545
71.0 1.096738056526089
72.0 1.0746521287670447
73.0 1.0879122987746748
74.0 1.0656728065421341
75.0 1.0834329479213944
76.0 1.064850629888231
77.0 1.0962419605978024
78.0 1.1072703679855147
79.0 1.0731866507552208
80.0 1.0186357480048207
81.0 1.048338840141932
82.0 0.9930630408708266
83.0 1.0325715319969508
84.0 0.9996837939304258
85.0 1.0073618394800692
86.0 1.0153596249375076
87.0 0.97170136142981
88.0 1.0023332906683695
89.0 0.9855698031458965
90.0 0.9705133916624592
91.0 0.9614669910269216
92.0 0.9856981549888784
93.0 1.0044827863638541
94.0 0.9624192769203794
95.0 0.9995700150493967
96.0 0.957615620589832
97.0 0.929271258274372
98.0 0.9503490324974837
99.0 0.9344946017637977
100.0 0.9115848451248247
101.0 0.9514774400962983
102.0 0.9147761860958961
103.0 0.8868014083693596
104.0 0.8863906249236377
105.0 0.90644572578344
106.0 0.8972701586914618
107.0 0.8889992047313381
108.0 0.868010325250369
109.0 0.8387796933600937
110.0 0.8608315223119685
111.0 0.8413122345543833
112.0 0.8381772964796347
113.0 0.8700231183689934
114.0 0.8850128615129259
115.0 0.8233862876672802
116.0 0.8487062428291741
117.0 0.8856201117372414
118.0 0.9136546685683876
119.0 0.8751341743100728
120.0 0.8580306142792454
