Time NormalisedFlux
0.0 1.0408939760926104
1.0 1.170405030360118
2.0 0.8797539402081019
3.0 1.0185420595294845
4.0 0.9120336115640422
5.0 0.9315353336937732
6.0 0.94982952227176
7.0 0.9054861438087323
8.0 1.134480920088103
9.0 1.0702479922721215
10.0 0.854029284619545
11.0 1.113779055044424
12.0 1.1255291364781734
13.0 0.9649512284455046
14.0 0.8936156929243538
15.0 1.0991081534246556
16.0 1.0545044028236668
17.0 1.0024532364748788
18.0 0.799219558013413
19.0 1.0064662842528895
20.0 1.0861220464527381
21.0 0.9396811216441426
22.0 1.0671289356813283
23.0 0.7032798847246089
24.0 0.8522525265524517
25.0 0.8620640939903548
26.0 1.0183441794098498
27.0 1.004835288177832
28.0 0.9153757292337715
29.0 0.9300965497817096
30.0 0.9825085569222791
31.0 1.0192805214771639
32.0 1.0439289213830902
33.0 1.027414486505474
34.0 1.025483322849027
35.0 0.9803820916503014
36.0 0.8922283714234661
37.0 1.2043017821573847
38.0 1.0881595255962613
39.0 1.0697939654287711
40.0 0.8074895685768251
41.0 1.0786368283243717
42.0 0.8637526176343816
43.0 1.0404332150697064
44.0 0.8690591454639001
45.0 0.9539689788142782
46.0 1.1574204832031039
47.0 1.0902294609007968
48.0 1.0298229558837326
49.0 1.0613495720183592
50.0 1.0442927984166148
51.0 1.0265944440250518
52.0 1.2531275189311093
53.0 1.095288719527153
54.0 0.9689962449086666
55.0 0.9384688859174612
56.0 1.0891773924576544
57.0 1.0933279899335584
58.0 0.8958345514190819
59.0 0.9564375097425729
60.0 1.0945185230114456
61.0 0.9630282789505857
62.0 0.884745475449902
63.0 0.8707347518619852
64.0 1.123632348644621
65.0 1.0678887220291169
66.0 1.0741465768753546
67.0 1.0365327866296414
68.0 1.0813676197688429
69.0 1.035404273736466
70.0 0.8901331972551687
71.0 0.9475787830553947
72.0 0.9155612736603673
73.0 1.0487703697522293
74.0 1.0032722180665143
75.0 0.9798345549947353
76.0 1.0194026788581232
77.0 1.162304303171895
78.0 1.048953807332374
79.0 0.9642286381407701
80.0 0.7546861455269072
81.0 1.2193963283185698
82.0 0.899774768550994
83.0 1.1485200933846547
84.0 1.0277258595495977
85.0 1.1745903594213112
86.0 1.0847580517774122
87.0 1.0659627803473828
88.0 0.8843372948872652
89.0 0.9388792421530268
90.0 1.0562029278231768
91.0 1.1242916458067342
92.0 0.9242906659500922
93.0 1.017393104640685
94.0 1.0081527591883013
95.0 1.102439597326174
96.0 1.0566629023190743
97.0 1.0581193547788783
98.0 0.8075474296952233
99.0 0.9838379126131288
100.0 0.8598219250516781
101.0 0.8214593360959527
102.0 0.7986539641088333
103.0 1.0510501456648267
104.0 0.8660043178144616
105.0 0.7960829335293843
106.0 1.0572474524020639
107.0 1.0078879008059962
108.0 1.0119831024659252
109.0 1.1563810072628662
110.0 0.7725519768057106
111.0 0.9652796073080342
112.0 1.001741838672611
113.0 0.9365793764423643
114.0 0.8814699926385619
115.0 1.091973094687941
116.0 1.0012780184232697
117.0 0.9972489994663863
118.0 0.7544853142946004
119.0 0.8680136807719773
120.0 1.1685111778380703
