Time NormalisedFlux
0.0 1.0300870670489148
1.0 0.9900712458093747
2.0 1.0370641112942993
3.0 1.038134697565876
4.0 1.0206849238825129
5.0 1.0620541114585098
6.0 1.0780971399302341
7.0 1.0785667130893604
8.0 1.0564221527254092
9.0 1.092136528053318
10.0 1.14472811497456
11.0 1.1244258179662396
12.0 1.0763274020165754
13.0 1.166916346437633
14.0 1.113238940795355
15.0 1.1213085259410074
16.0 1.1078571885631923
17.0 1.1391948857334642
18.0 1.1223074653426521
19.0 1.1216236985774786
20.0 1.1613310606432319
21.0 1.1034240205862234
22.0 1.1318902223183405
23.0 1.1144804975387217
24.0 1.0920967492978295
25.0 1.1386314696563866
26.0 1.1013383987267353
27.0 1.0834427602808936
28.0 1.134994118664141
29.0 1.0910659569028307
30.0 1.058712699921012
31.0 1.0657914589890185
32.0 1.0909191650237515
33.0 1.0616588067044819
34.0 1.074718789087361
35.0 1.0695138438495646
36.0 1.0281982293248588
37.0 1.0478789891854063
38.0 1.0346259327917164
39.0 1.0171393787389524
40.0 1.0072863459428423
41.0 0.9872549929875479
42.0 1.0120467412880338
43.0 0.9845705203517202
44.0 0.9188520593701244
45.0 0.9767885536548105
46.0 1.013133104390472
47.0 0.9809734727674585
48.0 0.9455341650706897
49.0 0.9183888975466796
50.0 0.9177489433102207
51.0 0.97160376032706
52.0 0.9255977879853153
53.0 0.9267994646394906
54.0 0.9130146725584701
55.0 0.8919006290094127
56.0 0.9147231830032728
57.0 0.8888619020440989
58.0 0.8879302164429094
59.0 0.8926225581249624
60.0 0.8749294004650349
61.0 0.8553530590444821
62.0 0.8770698912701892
63.0 0.8669937996688047
64.0 0.8257632835665009
65.0 0.8733207907103118
66.0 0.8583514539879096
67.0 0.8692886389571983
68.0 0.7794333859747279
69.0 0.8203182805513451
70.0 0.8603748969284722
71.0 0.8914618559883982
72.0 0.8622094507441096
73.0 0.92855892449823
74.0 0.8764408464492027
75.0 0.9394089606657103
76.0 0.9205798004537481
77.0 0.8805887492536517
78.0 0.90317453271048
79.0 0.9483517964764863
80.0 0.9161575317136568
81.0 0.9460650819190973
82.0 0.9866291859790391
83.0 0.9476242068572637
84.0 0.9519040586751627
85.0 0.9417822390450057
86.0 0.9841570878255244
87.0 0.981027150317787
88.0 0.9747486064615332
89.0 0.9799067875805155
90.0 1.0026767106236927
91.0 0.9846759481015489
92.0 1.0362620217680325
93.0 1.0278110164749017
94.0 1.0700100829490116
95.0 1.0706230340158553
96.0 1.0372839535002985
97.0 1.074328126419379
98.0 1.0941164990309047
99.0 1.0953629391317172
100.0 1.1240899410179714
101.0 1.0574598729630282
102.0 1.0597272104800637
103.0 1.0672905240515536
104.0 1.0937247958552845
105.0 1.0681470190252071
106.0 1.0985665847217096
107.0 1.0756056132989789
108.0 1.107111860810105
109.0 1.1259208648097665
110.0 1.0849611766300762
111.0 1.1635047092778243
112.0 1.1326256124876164
113.0 1.158711064670383
114.0 1.118343644445934
115.0 1.1196441094380418
116.0 1.0819910225478737
117.0 1.1556038288159902
118.0 1.108826970259357
119.0 1.1370686264192056
120.0 1.1347861647551576
