Time NormalisedFlux
0.0 0.9185037697238694
1.0 0.9501602563692703
2.0 0.978761151599092
3.0 1.0230434902507053
4.0 1.0393622987609565
5.0 1.1133574491683658
6.0 1.0505560302491797
7.0 1.0709458063028694
8.0 1.1559471795367344
9.0 1.1102396384295248
10.0 1.188084750983316
11.0 1.1498272090820334
12.0 1.1571706707354652
13.0 1.2126027649653757
14.0 1.1802048166065742
15.0 1.2054989524840396
16.0 1.1873107923553323
17.0 1.217947135840801
18.0 1.1645594610396557
19.0 1.0758554651596133
20.0 1.1320897789299404
21.0 1.104105647463017
22.0 1.0799833910372172
23.0 1.0626334313280144
24.0 0.9983437205142096
25.0 1.012194897413248
26.0 0.9378848818822415
27.0 0.9239445941882486
28.0 0.9369354322463554
29.0 0.8344654712099061
30.0 0.9079504496455125
31.0 0.8575818356794971
32.0 0.8039735401273521
33.0 0.7878178389247805
34.0 0.7900198832431805
35.0 0.8460388754422227
36.0 0.8707383102460303
37.0 0.8152129968640714
38.0 0.7506808854910451
39.0 0.8620859294616036
40.0 0.8283112464896678
41.0 0.8909073667645695
42.0 0.8640831841510109
43.0 0.8569531897454513
44.0 0.9562165742022051
45.0 0.9214162481307197
46.0 0.9673821599483065
47.0 0.9831781249734112
48.0 1.053331805765789
49.0 1.0724888006090991
50.0 1.0386109699305843
51.0 1.0822300578292556
52.0 1.1194841216577736
53.0 1.1808300538425374
54.0 1.160802661558964
55.0 1.2210211768479673
56.0 1.221645797950965
57.0 1.1738079079026964
58.0 1.1813160572677435
59.0 1.1925898444074656
60.0 1.1536708695643152
61.0 1.221772439245147
62.0 1.1470197686456007
63.0 1.183036776727186
64.0 1.1137355401955225
65.0 1.169973973459682
66.0 1.0819845584753576
67.0 1.0966936602031656
68.0 1.0416633134285258
69.0 1.0024476958586561
70.0 1.0490280820691948
71.0 0.9264408499882725
72.0 0.9795927109289936
73.0 0.8984171161887458
74.0 0.8458152851736787
75.0 0.9130627098038754
76.0 0.8637379355507396
77.0 0.8355633016160741
78.0 0.8224806403495096
79.0 0.7760095249967562
80.0 0.7718613485347168
81.0 0.7654891336717551
82.0 0.8125799004932822
83.0 0.8001686288324914
84.0 0.8493149592221927
85.0 0.8832633754340652
86.0 0.8488763974903405
87.0 0.8848403556156802
88.0 0.8620512172386555
89.0 0.8327449337250419
90.0 0.8584047323046616
91.0 0.9541097369484335
92.0 1.0205708289234805
93.0 1.0387213016928867
94.0 1.0768087314563868
95.0 1.0832899430981693
96.0 1.123095271853456
97.0 1.1353355907609406
98.0 1.08475739111374
99.0 1.1829536175319804
100.0 1.1338355644433693
101.0 1.210711410818514
102.0 1.1918013551106659
103.0 1.1880805316894203
104.0 1.2072166339575137
105.0 1.2232481378881281
106.0 1.1663750281114358
107.0 1.184267963036746
108.0 1.1197817946901565
109.0 1.1657236877374133
110.0 1.0611703016152445
111.0 1.0842577411045842
112.0 1.0418348505675912
113.0 1.1106777394527052
114.0 0.991284762775432
115.0 0.9653655421337893
116.0 0.9974318505136653
117.0 0.9701657460825467
118.0 0.871916144602382
119.0 0.9054045557115308
120.0 0.816214871193883
