Time NormalisedFlux
0.0 0.9953703205051071
1.0 0.9654849129210542
2.0 1.1128117187303146
3.0 0.9943610485116247
4.0 1.0582430564289993
5.0 1.0189008000128976
6.0 1.1594687658991152
7.0 1.031964608381308
8.0 1.062143929571354
9.0 1.0707669469543224
10.0 1.1278400025994075
11.0 0.8606249545436788
12.0 0.9551866069516495
13.0 1.0893084466148086
14.0 1.0548300328538844
15.0 0.8982047408325466
16.0 1.0704270126068038
17.0 1.272041626105581
18.0 0.8895640545109524
19.0 0.9451112379342751
20.0 0.8421930012813373
21.0 0.9371519705065168
22.0 1.0495423533948642
23.0 1.052414950876254
24.0 1.1120585289795484
25.0 1.1207300083891107
26.0 0.7873474014580351
27.0 1.0201033572468006
28.0 0.9243465381731986
29.0 0.9552564417234631
30.0 0.8676729535988997
31.0 1.0341136934694666
32.0 0.9220627812646721
33.0 1.085084401555113
34.0 0.911936766218196
35.0 0.8816562464527445
36.0 1.0276145146663107
37.0 0.899184082991973
38.0 0.9127112722356769
39.0 0.981643485011675
40.0 0.9984221737756743
41.0 1.0908412743283409
42.0 1.046171659839867
43.0 0.9728879633121501
44.0 0.7505289452835852
45.0 0.9715113730302456
46.0 1.0781770200237573
47.0 1.064376506333528
48.0 1.010718956111203
49.0 0.9489245154695513
50.0 1.027122947428248
51.0 1.0620726660583975
52.0 0.9352074688800371
53.0 0.8356963591852745
54.0 1.089834515457419
55.0 1.049352410160133
56.0 1.104140932913469
57.0 1.0622069203940696
58.0 0.9630397631853078
59.0 1.085782465239091
60.0 1.2191957229071404
61.0 0.9848499325803987
62.0 0.897468222382712
63.0 1.0476870806029477
64.0 1.007471477115156
65.0 1.0692901231110534
66.0 1.0708391961396273
67.0 0.9287090899938106
68.0 0.9527577018483175
69.0 0.913927806233878
70.0 1.2261149486174303
71.0 0.9972626123465936
72.0 0.941477031545966
73.0 0.9688078404014554
74.0 1.097088864141267
75.0 0.9668704447251327
76.0 0.9794272358512663
77.0 1.0538209027559409
78.0 0.7956183149576701
79.0 1.138519060340434
80.0 1.0228580168341759
81.0 0.9298532081905496
82.0 1.0073927846813084
83.0 1.0104093264277252
84.0 1.0055601006315409
85.0 0.9972447899051197
86.0 1.1219087043588105
87.0 0.9998754906596528
88.0 1.081457794825471
89.0 0.9018754593851028
90.0 0.9916195111020496
91.0 1.06239789717977
92.0 0.9142481936914265
93.0 0.9350401774813363
94.0 0.9520483000153401
95.0 0.8978165802977504
96.0 0.9863090458071894
97.0 0.8951375131118697
98.0 0.9971229793762836
99.0 1.020224895499252
100.0 0.9406007103708247
101.0 0.8590852077878366
102.0 1.046000985230985
103.0 0.8774253054683268
104.0 0.7941613211570286
105.0 0.9929356175586611
106.0 1.0115842376881188
107.0 0.9471193228283791
108.0 1.048619974079871
109.0 0.9665617607719366
110.0 0.8302624735154287
111.0 0.9970826577892722
112.0 0.9622804073553249
113.0 0.8753521129184935
114.0 0.9890272016938773
115.0 1.1274206588745814
116.0 1.1413394814084534
117.0 0.8654321434081288
118.0 1.058118175687186
119.0 0.8455156135182891
120.0 0.9989276864476312
