Time NormalisedFlux
0.0 1.1514274908523736
1.0 1.143208900947301
2.0 1.1385416619115167
3.0 1.1676832331237317
4.0 1.1325493442495045
5.0 1.0900335792217237
6.0 1.052060300572487
7.0 1.009232949853809
8.0 0.9621506263272006
9.0 0.8888998236597323
10.0 0.9065905268954708
11.0 0.9073356323015964
12.0 0.8744859439609453
13.0 0.8655665097239793
14.0 0.8071155059380418
15.0 0.8209819853095343
16.0 0.82849942013407
17.0 0.766741324341574
18.0 0.8222477334764524
19.0 0.8043350778531004
20.0 0.8225857991527958
21.0 0.8107395296900832
22.0 0.8432881590408842
23.0 0.8159175394967105
24.0 0.757459249612514
25.0 0.8575980846344241
26.0 0.8534043491029292
27.0 0.9240284139105914
28.0 0.8773427540096929
29.0 0.9623224682683545
30.0 0.9635150309918504
31.0 1.0456099995487778
32.0 1.0633151928917433
33.0 1.0392238212000418
34.0 1.0852960499216466
35.0 1.1166730497036468
36.0 1.1378497818841486
37.0 1.1438280101716554
38.0 1.2249651745541519
39.0 1.160792848235222
40.0 1.1714793296326427
41.0 1.2199842757237107
42.0 1.1957908355920759
43.0 1.225455407889829
44.0 1.1772432338212968
45.0 1.204131965084512
46.0 1.1590822428461653
47.0 1.1924193974815418
48.0 1.228157725995478
49.0 1.1168620800188809
50.0 1.0878325642029545
51.0 1.0978597136951405
52.0 1.0993170187168486
53.0 1.0044497191482018
54.0 0.9745360302186435
55.0 0.9096139505080871
56.0 0.9606656341204177
57.0 0.9403220609135899
58.0 0.9122326514685428
59.0 0.8820663390664758
60.0 0.8150614118794918
61.0 0.8739628063316668
62.0 0.8312108450567891
63.0 0.7913417707536452
64.0 0.8418865435978099
65.0 0.7868612585229781
66.0 0.8119308167431337
67.0 0.8436482109027961
68.0 0.796923581291398
69.0 0.8455419578028825
70.0 0.7902145156102601
71.0 0.898497278742908
72.0 0.8691822342562779
73.0 0.8759470503980274
74.0 0.9901507167711142
75.0 0.8743550717055972
76.0 0.956387008737069
77.0 0.9659030226686712
78.0 1.0492244461648736
79.0 1.0834442241654059
80.0 1.0633029667651062
81.0 1.156205719912238
82.0 1.100899836866507
83.0 1.1407823601956264
84.0 1.161569565097971
85.0 1.2459685446826043
86.0 1.164894595223395
87.0 1.2064661187622192
88.0 1.1654577398338102
89.0 1.2537657029366933
90.0 1.2020649122930605
91.0 1.2214873413173553
92.0 1.2157946223649703
93.0 1.1488359226773297
94.0 1.1509280878791053
95.0 1.0844283766279161
96.0 1.093021220942894
97.0 1.0915847520009767
98.0 1.0590874856288826
99.0 1.0002974082091685
100.0 1.0623676704691973
101.0 0.9452915962543016
102.0 0.9638663167315232
103.0 0.9373069138324596
104.0 0.8571320789117717
105.0 0.9270578473208041
106.0 0.8395962590443538
107.0 0.7957489381967598
108.0 0.8509938013633414
109.0 0.8554724509123427
110.0 0.8068353584762138
111.0 0.8026592253153337
112.0 0.819591885278382
113.0 0.8458203750178431
114.0 0.7951952479838605
115.0 0.792730566349338
116.0 0.8311049014619998
117.0 0.9139671233418633
118.0 0.8816408628616502
119.0 0.9274393293235552
120.0 0.9344326701658194
