Time NormalisedFlux
0.0 0.9282259776103505
1.0 0.9142213674623552
2.0 0.8976671862187597
3.0 0.9741871512093823
4.0 0.8129439651572219
5.0 1.117609691792716
6.0 1.016688209377036
7.0 0.9851470800764237
8.0 0.9227312363593325
9.0 1.1273391463746094
10.0 1.1087955600221446
11.0 1.0853885571097297
12.0 1.0470824122958577
13.0 0.8856701561085563
14.0 1.051577796989795
15.0 1.0028137356382671
16.0 1.072966649983609
17.0 0.9643518754599734
18.0 0.9346819926218284
19.0 0.9629802993026658
20.0 1.020942720618561
21.0 1.0147602833005591
22.0 0.9308400081462761
23.0 1.1116078044236575
24.0 0.9570392001849313
25.0 0.9676328966420473
26.0 1.2908545403146974
27.0 0.9115052493238641
28.0 0.9659582895834988
29.0 0.9612370932519824
30.0 0.9482349672053705
31.0 0.9153866912643542
32.0 1.0766552288605336
33.0 0.8868278785398915
34.0 1.059430408158825
35.0 0.8874902317540395
36.0 0.9472638826960402
37.0 0.947232006263946
38.0 1.1957937471811908
39.0 1.0942478276256538
40.0 0.9575082637894952
41.0 0.9640955674202738
42.0 0.9928127780981726
43.0 0.9831173411054961
44.0 0.8505237685109209
45.0 0.9212890046009188
46.0 1.0285328332122723
47.0 0.9231486485570314
48.0 0.9897717376018397
49.0 1.2179038727754907
50.0 0.9543947719888027
51.0 1.256780937475484
52.0 0.8947361509001766
53.0 0.9658342737374532
54.0 1.0728715720235762
55.0 1.070272431297119
56.0 0.9711691345835058
57.0 0.9125388118993282
58.0 0.9621111171782536
59.0 0.9639830313597024
60.0 1.049003314130999
61.0 1.0150318418649593
62.0 1.0839927521007842
63.0 1.007976234587076
64.0 0.9845282807256085
65.0 1.019774928261718
66.0 1.0722625108241126
67.0 0.921562208069273
68.0 1.0996731221293865
69.0 0.9056145683260518
70.0 1.0897721615277534
71.0 0.869336535584964
72.0 1.1309267366683868
73.0 0.9533967360221828
74.0 0.8830182884181669
75.0 1.099427999960418
76.0 0.8823223879676018
77.0 1.0270394793198931
78.0 0.9890029215364013
79.0 1.1193566931029393
80.0 0.9254876805837687
81.0 0.9914651827290971
82.0 0.981889640381759
83.0 0.8659511370257554
84.0 1.0760427639051005
85.0 1.0329574370500578
86.0 1.1035987178543907
87.0 0.9030860264639825
88.0 1.0457003242496794
89.0 1.0089976674699421
90.0 0.9656981641833775
91.0 0.9314722847425895
92.0 1.0449672264908207
93.0 0.8705875428504849
94.0 1.0631802610976262
95.0 0.83737025480691
96.0 0.9169530841021496
97.0 1.0302297305931722
98.0 0.8955716905166873
99.0 0.9534907976788816
100.0 1.1581977998995967
101.0 1.0013979240784847
102.0 1.0183782548028282
103.0 1.040829477038804
104.0 1.089163909887177
105.0 0.9557688193072859
106.0 0.972633251790431
107.0 1.1018628640803394
108.0 0.8151465828430761
109.0 1.0782147962388335
110.0 1.0617796922959655
111.0 0.9657144492623781
112.0 1.1585347625834626
113.0 0.952329772870502
114.0 0.917419606155734
115.0 0.919388884510095
116.0 1.0575032195758303
117.0 0.9001649460909168
118.0 1.1565143225014718
119.0 1.0541204674722002
120.0 1.1424499000779196
