Time NormalisedFlux
0.0 1.1266011067255683
1.0 1.1570689707046964
2.0 1.1413101146478033
3.0 1.1435639660147863
4.0 1.1443482910289509
5.0 1.1191283068433786
6.0 1.1149572799459266
7.0 1.161282032117215
8.0 1.137921326373473
9.0 1.1034024060335659
10.0 1.1210936263662181
11.0 1.1121167576184643
12.0 1.078835804128549
13.0 1.0877267734745644
14.0 1.0380917909222285
15.0 1.0521768065725925
16.0 1.0825217901858748
17.0 1.0716269624310333
18.0 1.0757909147275373
19.0 1.0226693230995436
20.0 1.0055032356513407
21.0 1.0584705811493649
22.0 1.0110487834344342
23.0 1.0133804340888692
24.0 1.023742674016207
25.0 1.0412202748090182
26.0 0.9615671941741473
27.0 1.0002858349066812
28.0 0.9825299804048868
29.0 0.9501768883613537
30.0 0.9609512755121361
31.0 1.0264631808794384
32.0 0.9878499408983357
33.0 0.9685621146969167
34.0 0.9354811983321686
35.0 0.9686794088820116
36.0 0.9495704391658307
37.0 0.9373480378783519
38.0 0.9308244225689851
39.0 0.9377946261000376
40.0 0.9698768695234853
41.0 0.9151551885179161
42.0 0.8707877715161483
43.0 0.9042168470614662
44.0 0.9081244941764477
45.0 0.8416639297606571
46.0 0.8742510378527114
47.0 0.8664627873230434
48.0 0.8575680702964328
49.0 0.882801375269909
50.0 0.8902748481583522
51.0 0.8375247622368893
52.0 0.8700727749797822
53.0 0.8910261666044603
54.0 0.8412921273445368
55.0 0.9040660896458443
56.0 0.9175768186557913
57.0 0.908019027687351
58.0 0.876564680580748
59.0 0.8814212586103002
60.0 0.909005400363211
61.0 0.912800405510299
62.0 0.9308770599807681
63.0 0.8751533135940336
64.0 0.9136508593022292
65.0 1.0072201765715267
66.0 0.9451148291994169
67.0 0.9606512685586356
68.0 0.9188958722836821
69.0 0.9996723988161962
70.0 0.9886058589669049
71.0 0.9775567222606728
72.0 1.0094994510653463
73.0 1.002659945247741
74.0 1.0024897339038101
75.0 1.0195241624260807
76.0 1.0041900066611953
77.0 0.9949228000100563
78.0 1.0078533303238153
79.0 1.0262259459384557
80.0 0.9907681029028036
81.0 1.0307405254319633
82.0 1.0764049223987142
83.0 1.1072311301727236
84.0 1.063302673651353
85.0 1.1189573166780498
86.0 1.0615336722550803
87.0 1.0473632971457252
88.0 1.1099010356570942
89.0 1.110789921758733
90.0 1.1253935986039278
91.0 1.1293219377501305
92.0 1.0756710248495762
93.0 1.1524586789381417
94.0 1.140291080720326
95.0 1.160815063096996
96.0 1.1500583341016481
97.0 1.1754866548606022
98.0 1.1380012907412125
99.0 1.1144466183060064
100.0 1.1487660697149624
101.0 1.1381623037343422
102.0 1.0930102896537455
103.0 1.0813416572158943
104.0 1.0503909486946588
105.0 1.1241670925153808
106.0 1.1351613745962226
107.0 1.181815806486842
108.0 1.0826165304933317
109.0 1.0866609571796082
110.0 1.1116930648853285
111.0 1.088492996722697
112.0 1.0674435595207599
113.0 1.0333496606807482
114.0 1.0357284708394952
115.0 1.0458312058467953
116.0 1.0096295177400538
117.0 1.0481613288902627
118.0 1.0273721601003667
119.0 1.0022129015939587
120.0 0.9845950878980412
