Time NormalisedFlux
0.0 0.8387409209357257
1.0 0.8190476060999816
2.0 0.8536357828281794
3.0 0.8029188903083092
4.0 0.7752773945888682
5.0 0.831989815111944
6.0 0.8365421684646065
7.0 0.840450888597811
8.0 0.8345974941942378
9.0 0.9380092378785079
10.0 0.9511716624177432
11.0 0.9851770511794808
12.0 1.0270225679102358
13.0 1.0075671291442765
14.0 1.03503130582028
15.0 0.9901540668077067
16.0 1.1310342955629538
17.0 1.1075639236427044
18.0 1.1178881031230912
19.0 1.175141431136129
20.0 1.1333496474144114
21.0 1.1667881889373886
22.0 1.1644187779851438
23.0 1.2411756458197174
24.0 1.2221215065212556
25.0 1.2014229352438361
26.0 1.2221811203815174
27.0 1.3017032919518914
28.0 1.1558509070295688
29.0 1.1134951522907959
30.0 1.1342736274476113
31.0 1.0641920789328272
32.0 1.0757050864026794
33.0 1.1070409369326533
34.0 1.0037455379040523
35.0 0.9689018031792531
36.0 1.0072324516550555
37.0 0.9725079371411028
38.0 0.8719486821020204
39.0 0.9384851852301094
40.0 0.85318031080179
41.0 0.8574204840035216
42.0 0.8138851991090954
43.0 0.8610878883325065
44.0 0.8269213262587168
45.0 0.8033664194033867
46.0 0.8015669205196678
47.0 0.8429039671521367
48.0 0.7717273519567517
49.0 0.8818987478442157
50.0 0.8405639989103361
51.0 0.8476302878058543
52.0 0.8102539466936687
53.0 0.9008273442664122
54.0 0.8681258567539125
55.0 0.9529559863926166
56.0 0.9846248101843111
57.0 0.9898085905130127
58.0 1.0334690589805615
59.0 1.0203211962205598
60.0 1.0759874751395189
61.0 1.0694902289972974
62.0 1.073342554549593
63.0 1.1128582117417731
64.0 1.102870957054696
65.0 1.136182685901406
66.0 1.1999570898960548
67.0 1.1719497513451451
68.0 1.1498286999676048
69.0 1.2484218371891334
70.0 1.1360168052822497
71.0 1.2512418153597766
72.0 1.1216321443836044
73.0 1.2328150592137357
74.0 1.2092785106409656
75.0 1.1195963621760407
76.0 1.1074489429650236
77.0 1.0689914212621725
78.0 1.1157042350170143
79.0 1.001874944376372
80.0 1.0451418585390668
81.0 0.9796533928228814
82.0 0.913297708983362
83.0 0.987438880293088
84.0 0.9008683779017063
85.0 0.8699953041827518
86.0 0.8834156907060912
87.0 0.8757962095205367
88.0 0.8169929142731911
89.0 0.8799675774416879
90.0 0.7797986228816441
91.0 0.7916375484394376
92.0 0.8278314983600529
93.0 0.828065925143436
94.0 0.8256847750175655
95.0 0.8116482514875112
96.0 0.8247810670724476
97.0 0.8506117812369647
98.0 0.8663177909747971
99.0 0.9248016213726377
100.0 0.9288500280971741
101.0 0.923053471848233
102.0 0.9001488433525048
103.0 1.0228659013216967
104.0 1.0334127788865377
105.0 1.1045066961771273
106.0 1.0706480705551533
107.0 1.11772378468631
108.0 1.109534668652995
109.0 1.1371864328452872
110.0 1.1139019660601064
111.0 1.1355981493966771
112.0 1.1621358710559968
113.0 1.262996748423843
114.0 1.1722477603762353
115.0 1.2146161559655622
116.0 1.196485168710906
117.0 1.2296632286616505
118.0 1.2074285251642627
119.0 1.2027936346863797
120.0 1.0850077570595211
