Time NormalisedFlux
0.0 0.9984793020911417
1.0 0.9951492501448955
2.0 0.9945362036023839
3.0 0.9882128787394366
4.0 0.982019970403949
5.0 1.0286783550860976
6.0 0.9926590684847868
7.0 0.989747675286898
8.0 0.9809105458234495
9.0 0.9904727720208487
10.0 0.9869855640791948
11.0 0.9635983066306757
12.0 0.965160811353114
13.0 0.98200577595921
14.0 0.9585305111606351
15.0 0.949053586214795
16.0 0.9739631738107133
17.0 0.944366920131114
18.0 0.9437816906632995
19.0 0.9499587810367305
20.0 0.9380177342745056
21.0 0.96467558540363
22.0 0.9369969517219523
23.0 0.9245921453050077
24.0 0.9091264390806307
25.0 0.8984888245023787
26.0 0.9294368115318394
27.0 0.9088139476460971
28.0 0.942478008590094
29.0 0.9552992688026859
30.0 1.002515096635366
31.0 1.0103712968896184
32.0 1.0506493252205489
33.0 1.087275179674305
34.0 1.0911364181346415
35.0 1.089503169421859
36.0 1.0937049770598288
37.0 1.0704512180783377
38.0 1.0620898574975484
39.0 1.0528625388751518
40.0 1.0347749631861265
41.0 1.041031775722155
42.0 1.0648337966862398
43.0 1.031290583068643
44.0 1.0291379171077535
45.0 1.0517658574235371
46.0 1.032180238199533
47.0 1.0530240356681948
48.0 1.0184592243215476
49.0 1.0174877583121327
50.0 0.9953706519227332
51.0 1.0049361494932376
52.0 0.985249162244064
53.0 0.9713695623666246
54.0 0.9875755585643683
55.0 1.0042000504952306
56.0 0.9743560182495411
57.0 0.9911679237425275
58.0 0.987393593440716
59.0 0.9490692048009174
60.0 1.0200905655596315
61.0 0.9488881702448336
62.0 0.9719456543831807
63.0 0.9890341983412554
64.0 0.9711990274200543
65.0 0.9392759822775055
66.0 0.9675269295839322
67.0 0.9200912429094428
68.0 0.9427476598344653
69.0 0.9316431810191882
70.0 0.9470053384594872
71.0 0.9287362535318079
72.0 0.9144242253592495
73.0 0.9315202633494492
74.0 0.9229176356422686
75.0 0.9085232266620955
76.0 0.9076523072411261
77.0 0.9342655288416999
78.0 0.9640242740071399
79.0 0.9951525232942118
80.0 1.0070393153762491
81.0 1.0244748019379388
82.0 1.0794071196151207
83.0 1.1059406913769594
84.0 1.102678983580606
85.0 1.0896395530539194
86.0 1.0482991746356052
87.0 1.1005031729480519
88.0 1.0465220203384589
89.0 1.0491464440562326
90.0 1.0395552051047172
91.0 1.031746131698274
92.0 1.0527711098950292
93.0 1.041064191740956
94.0 1.0473175565434976
95.0 1.0463733182390795
96.0 1.0713559981159182
97.0 1.0310278909884527
98.0 1.0560936661029763
99.0 1.0021511177847509
100.0 1.0189110557972012
101.0 0.997306115149874
102.0 1.0049444922039943
103.0 1.0145621126449722
104.0 0.9803086628178938
105.0 1.0062937490410628
106.0 1.006720922945172
107.0 0.9805391384372347
108.0 0.9796880164035251
109.0 1.0121884952210543
110.0 0.9919503729497092
111.0 0.9507190413233069
112.0 0.9752830616799602
113.0 0.9534963854126618
114.0 0.9438182565502692
115.0 0.9625450800371745
116.0 0.9654568916630563
117.0 0.9656161675759444
118.0 0.9770748670352338
119.0 0.9600811242335976
120.0 0.9374945454967509
