Time NormalisedFlux
0.0 1.0458047400373924
1.0 1.1105815196118063
2.0 1.1132149704354548
3.0 1.0922673686369617
4.0 1.1231314251088125
5.0 1.1725247509028887
6.0 1.0759135940422606
7.0 1.1213043304302743
8.0 1.1262799383400361
9.0 1.1463630544780203
10.0 1.113204710925292
11.0 1.1357275322584
12.0 1.1570378928178475
13.0 1.1282076411138047
14.0 1.1268616939095035
15.0 1.1269719726294418
16.0 1.1488616087077574
17.0 1.1732681551163775
18.0 1.0809616881668436
19.0 1.0952042846732764
20.0 1.1168613758474495
21.0 1.0463758025455223
22.0 1.0746918074649672
23.0 1.075371886479068
24.0 1.0981011143097676
25.0 1.0471192710641153
26.0 1.0829332185394436
27.0 1.0499434751431442
28.0 1.0682717259148127
29.0 1.0323516366093628
30.0 1.0250320360505794
31.0 1.0349225336401777
32.0 1.0151662546051037
33.0 1.0301026705029148
34.0 0.9974799806745174
35.0 1.0441619179914328
36.0 0.9738237394557429
37.0 0.9694851065193724
38.0 0.9595108616976037
39.0 0.9880360965904312
40.0 0.9978402401865231
41.0 0.9660777330760625
42.0 0.9301752246127782
43.0 0.9540973129056953
44.0 0.9555790290412594
45.0 0.9577751016795442
46.0 0.9559102704089824
47.0 0.9180581543435954
48.0 0.9198373946136805
49.0 0.8812924473120974
50.0 0.8997357788795118
51.0 0.8793017617182445
52.0 0.8553410657760062
53.0 0.8940940261667638
54.0 0.8668244110520917
55.0 0.8444223642445755
56.0 0.8481022385039424
57.0 0.8544211688359201
58.0 0.847842719759399
59.0 0.8993227113295122
60.0 0.8539851402500771
61.0 0.8374644560845027
62.0 0.8240764965259612
63.0 0.9046792326410699
64.0 0.8824930025489905
65.0 0.8839198105093053
66.0 0.8255671317602762
67.0 0.8815642065599255
68.0 0.8980834095486834
69.0 0.8848422748988477
70.0 0.8768769623408695
71.0 0.8907152597372255
72.0 0.8846184634910723
73.0 0.8832505447582516
74.0 0.913609103267272
75.0 0.9372910529812536
76.0 0.9792127695758426
77.0 0.9753724515411213
78.0 0.9473230878352816
79.0 0.9641852336330865
80.0 0.9408045123448325
81.0 1.0028612529310197
82.0 0.9562191331922457
83.0 0.9894822838145108
84.0 1.0217063102571924
85.0 1.0057273255550814
86.0 1.0040464563002376
87.0 0.9740663539530167
88.0 1.0155516563256988
89.0 1.037702086373827
90.0 1.0194115224193863
91.0 1.0415032761536365
92.0 1.0581384782254244
93.0 1.0312963502465253
94.0 1.0498358168743709
95.0 1.0289761387466918
96.0 1.0553230566342808
97.0 1.094950336545442
98.0 1.0852453939212363
99.0 1.0952673105708173
100.0 1.0998719117172202
101.0 1.0513425049584078
102.0 1.1251764891565095
103.0 1.1216662943218485
104.0 1.138778975783944
105.0 1.1095893703219457
106.0 1.1311830788833765
107.0 1.0897810919806223
108.0 1.208637560403291
109.0 1.1614829456428122
110.0 1.1563021930560473
111.0 1.137679880645639
112.0 1.121667376422196
113.0 1.1294747390333109
114.0 1.1197705479557456
115.0 1.1453936616450735
116.0 1.0700850682808138
117.0 1.1371600734344054
118.0 1.0701794979097947
119.0 1.1234291023951917
120.0 1.042920642065059
