Time NormalisedFlux
0.0 0.9121491596858614
1.0 0.9281908409438415
2.0 0.9146714587894932
3.0 0.9926688000738156
4.0 0.9867768525262562
5.0 1.0299626178382382
6.0 0.9842961350191657
7.0 1.0291840654879394
8.0 1.0140320330736456
9.0 1.0809685926473813
10.0 1.129459271630384
11.0 1.1860974989695843
12.0 1.158196404455243
13.0 1.122267835159195
14.0 1.0773562906826581
15.0 1.1058366286265964
16.0 1.0403443617800432
17.0 0.9833771960603799
18.0 1.0147189633714582
19.0 0.9634143239781994
20.0 0.9976721394802919
21.0 0.9088040889380609
22.0 0.8876788543915551
23.0 0.8530475286236245
24.0 0.8413973429483891
25.0 0.896339811515517
26.0 0.8866111327860235
27.0 0.8825019507973432
28.0 0.9506947394151926
29.0 0.9811395621521646
30.0 0.9578366485565516
31.0 1.0267145823220238
32.0 1.0234297489279376
33.0 1.0523645115557434
34.0 1.0787576199863278
35.0 1.0977402954531363
36.0 1.1165362436818953
37.0 1.1879439536560619
38.0 1.089419499431584
39.0 1.0805546745919399
40.0 1.0950368357000406
41.0 1.0904073033709902
42.0 1.077168493103799
43.0 1.0404532835961593
44.0 1.0104236920014493
45.0 1.0044728201198796
46.0 1.000607625414389
47.0 0.9132453453984462
48.0 0.8646220097087294
49.0 0.8990971576955235
50.0 0.8565954728534383
51.0 0.8898873017627109
52.0 0.8768001193791153
53.0 0.9076883922933598
54.0 0.9308043809825987
55.0 0.9691765628335123
56.0 0.9855813490662481
57.0 1.0300181628742444
58.0 1.01766893278231
59.0 1.0380588721193138
60.0 1.0314117968597396
61.0 1.1034148894977978
62.0 1.1184824378705271
63.0 1.1545211685989574
64.0 1.1076725259782103
65.0 1.1045926436286124
66.0 1.0759699255301034
67.0 1.0594704732393951
68.0 1.0345342533623296
69.0 1.0056853860121586
70.0 0.9851715261123006
71.0 1.0318933115728899
72.0 0.9289172227277251
73.0 0.922788582892493
74.0 0.9096178004382941
75.0 0.8655454685903384
76.0 0.8724442231631329
77.0 0.8887042044521498
78.0 0.9060508688012091
79.0 0.9160133297246715
80.0 0.9660593239413373
81.0 0.9438606840962118
82.0 0.9563327854322304
83.0 0.9803020732628022
84.0 1.0295732073942374
85.0 1.0459348060995077
86.0 1.0983082682121954
87.0 1.096896161144895
88.0 1.1467133538739214
89.0 1.164903987639699
90.0 1.1715682632686863
91.0 1.1086095441370944
92.0 1.0164084389411217
93.0 1.0670659922270866
94.0 1.0119132847730767
95.0 0.9666041608939334
96.0 0.9893953289275643
97.0 0.9518855161448827
98.0 0.9184704526699523
99.0 0.9101135083334462
100.0 0.9242426045221062
101.0 0.894144349472786
102.0 0.8466188291853156
103.0 0.8462804664573633
104.0 0.848061844097405
105.0 0.9105634227520261
106.0 0.96850312489831
107.0 0.9342286520487213
108.0 0.9584544298577795
109.0 1.016296878281122
110.0 1.0241121126113595
111.0 1.0410130497446664
112.0 1.0499760614251978
113.0 1.1201101614775584
114.0 1.1004419655570332
115.0 1.1203001480635317
116.0 1.1284913785121933
117.0 1.1316645369713088
118.0 1.0823454652173914
119.0 1.0767320733080736
120.0 1.0326957643195447
