Time NormalisedFlux
0.0 0.780166812572358
1.0 0.7512433925842148
2.0 0.775134224864253
3.0 0.7953383495334486
4.0 0.8061534067394497
5.0 0.790231006852628
6.0 0.8282143404222433
7.0 0.8904627439434242
8.0 0.8808699084567381
9.0 0.7902296889067827
10.0 0.7408773167563033
11.0 0.8625207740231459
12.0 0.863747483898734
13.0 0.887579103112252
14.0 0.8769086244828955
15.0 0.9137366944752718
16.0 0.9348203905694941
17.0 0.9567574398841553
18.0 0.9468078091573964
19.0 0.9138372836785889
20.0 0.9630447081409601
21.0 1.0186007020425407
22.0 0.9763905838807265
23.0 0.9947664889005866
24.0 1.023162960108457
25.0 1.0344581425487425
26.0 1.0311577075851754
27.0 1.046512150937142
28.0 1.0745358091170694
29.0 1.1073980915434347
30.0 1.154856698609491
31.0 1.1150680651963216
32.0 1.1407402835043507
33.0 1.151108852078469
34.0 1.1228949283941154
35.0 1.1719775209129382
36.0 1.1439496360609442
37.0 1.1795915191623263
38.0 1.1768217954731428
39.0 1.1528099041396118
40.0 1.1643412556251411
41.0 1.199891413161424
42.0 1.1775643883542717
43.0 1.1538932562952693
44.0 1.2520426304644716
45.0 1.1439129663250642
46.0 1.1905140641805665
47.0 1.1584258171224313
48.0 1.2040730663876031
49.0 1.193148152034878
50.0 1.1505162507343683
51.0 1.1862105482612328
52.0 1.1217421296693342
53.0 1.1197722566174075
54.0 1.0884336435464514
55.0 1.067443652368108
56.0 1.0714328862340299
57.0 1.0586641641230248
58.0 1.062484332897946
59.0 1.091021307557515
60.0 1.0445380423490767
61.0 1.0610180298326475
62.0 1.0277119237097754
63.0 0.955900355850308
64.0 1.0470227065649058
65.0 0.9981287026658088
66.0 0.8970601626973784
67.0 0.965281176163512
68.0 0.8829317467165615
69.0 0.9102470555429997
70.0 0.8946127285585911
71.0 0.8646766035534841
72.0 0.8476305461235696
73.0 0.8292659754289202
74.0 0.8390763334661436
75.0 0.8022580514596283
76.0 0.8653871228694803
77.0 0.7852553784244198
78.0 0.8221461958442191
79.0 0.7758439663346125
80.0 0.8838895489031023
81.0 0.810318095987265
82.0 0.8598556456606707
83.0 0.7901256796149951
84.0 0.8217103574399445
85.0 0.8220198240098858
86.0 0.7752866846338382
87.0 0.7965160950842192
88.0 0.8705878865745006
89.0 0.7933099181864366
90.0 0.8212058856703319
91.0 0.8161914632946116
92.0 0.8427118208810802
93.0 0.8611518583588462
94.0 0.8359171243421943
95.0 0.8731671128847065
96.0 0.9247760561494077
97.0 0.8930068109772847
98.0 0.9351520630556022
99.0 0.9141109502453052
100.0 1.005822055901272
101.0 0.9532320864754353
102.0 0.9891563471269047
103.0 1.005489287096056
104.0 1.0645651563261729
105.0 1.02617401861336
106.0 1.0374066011087162
107.0 1.0765722243896654
108.0 1.0359381841962687
109.0 1.077528939382687
110.0 1.0303235950833636
111.0 1.0670935172363922
112.0 1.1148895465801014
113.0 1.1462402688259716
114.0 1.1157054533602724
115.0 1.19975281121826
116.0 1.1390470230921619
117.0 1.1820534380359886
118.0 1.203940219885921
119.0 1.209380237812496
120.0 1.138009814040455
