Time NormalisedFlux
0.0 0.8759887632302179
1.0 0.867531381660971
2.0 0.8486422604482058
3.0 0.873382894424169
4.0 0.8027374811750044
5.0 0.8845419541574673
6.0 0.9034680567631775
7.0 0.8853282688692289
8.0 0.8691142568720199
9.0 0.9388331965215196
10.0 0.8540120001015804
11.0 0.8979483453872712
12.0 0.8580510008644683
13.0 0.9253437241620314
14.0 0.9477634538218256
15.0 0.9654271602585054
16.0 1.003882280484925
17.0 0.9942643932396807
18.0 1.0209106257443992
19.0 1.0479751892226221
20.0 1.0143476002384337
21.0 1.0485709941108166
22.0 1.0344710484296804
23.0 1.057880341203518
24.0 1.118791817667861
25.0 1.0490116757912862
26.0 1.1045510783589687
27.0 1.137952318565855
28.0 1.1078184209105377
29.0 1.1383661594362053
30.0 1.1394310769945544
31.0 1.110491776718874
32.0 1.131064018362027
33.0 1.1750874254167507
34.0 1.1466951237905372
35.0 1.1684111828893728
36.0 1.1799909534730735
37.0 1.1671417508797772
38.0 1.1730314988196004
39.0 1.2100021087122226
40.0 1.2525278476946164
41.0 1.200141932876928
42.0 1.1787300970471224
43.0 1.2291994814076654
44.0 1.233792870541198
45.0 1.1933890399616698
46.0 1.1714632338180755
47.0 1.1945902048168182
48.0 1.203526788549389
49.0 1.2206777423146578
50.0 1.1799097036806285
51.0 1.191852780283189
52.0 1.2107580904608883
53.0 1.2265630007707233
54.0 1.149755178680317
55.0 1.218388086589891
56.0 1.1641763221074257
57.0 1.087720590710954
58.0 1.1779629427072327
59.0 1.0894393769431534
60.0 1.1234325050724279
61.0 1.077670242136637
62.0 1.1128907177709901
63.0 1.076267392134764
64.0 1.0301240458737555
65.0 1.0510492019427238
66.0 1.0539300241474794
67.0 1.0935064866586153
68.0 0.9828341700067971
69.0 0.9562498725519617
70.0 0.997946530344645
71.0 0.9457772926401999
72.0 0.9466083966012226
73.0 0.9430570556066923
74.0 0.939142944867633
75.0 0.945384223728521
76.0 0.8878471778898753
77.0 0.9165420207703724
78.0 0.8998108118558006
79.0 0.8738006513408993
80.0 0.8892721794873443
81.0 0.894189532053027
82.0 0.8391132259162275
83.0 0.778441594671502
84.0 0.8534514734051388
85.0 0.7722767389910641
86.0 0.8448114504639154
87.0 0.7659461784434013
88.0 0.8085256534132552
89.0 0.7672877678265049
90.0 0.831324140880387
91.0 0.789437036882053
92.0 0.7700285085346666
93.0 0.8365702689491041
94.0 0.7862480555625511
95.0 0.8497050063375293
96.0 0.7489834955526755
97.0 0.8206428028391877
98.0 0.7202628389541642
99.0 0.8156588265015777
100.0 0.8475579575118974
101.0 0.8542638016430917
102.0 0.7912399445981017
103.0 0.8135638982205002
104.0 0.8491565771652382
105.0 0.8554495171235145
106.0 0.8643794136205585
107.0 0.8052353158881927
108.0 0.8366516373144312
109.0 0.8515206575839283
110.0 0.9083963321321734
111.0 0.9280338812615064
112.0 0.9353146766852286
113.0 0.967742525167572
114.0 0.9214073342024071
115.0 0.9968042791872089
116.0 0.9230874167295545
117.0 0.9758274781093915
118.0 0.9494355682206954
119.0 0.9964169275088687
120.0 1.0201968221035778
