Time NormalisedFlux
0.0 0.830531019454025
1.0 0.9430356929300561
2.0 0.931648425106326
3.0 0.9087549928494261
4.0 1.1699902145383645
5.0 1.028077218221381
6.0 0.9917613476076738
7.0 0.7876441947130671
8.0 0.9472338861426494
9.0 1.0326163070092251
10.0 1.1077289985807326
11.0 1.0789348543091783
12.0 1.0078980771025912
13.0 0.8823691243170831
14.0 1.0186383177645382
15.0 0.9373308620486052
16.0 0.9815275711957595
17.0 1.2130426219973696
18.0 1.1864218901419288
19.0 1.000199086728176
20.0 1.098087198326244
21.0 1.0425724390448587
22.0 1.0978827061089291
23.0 0.9586675573256046
24.0 1.1013213214457587
25.0 0.9866405503727602
26.0 1.0019321529179934
27.0 1.1118361182743755
28.0 1.1797147883241605
29.0 1.0156320299117165
30.0 1.020464562711699
31.0 1.0140790143765164
32.0 0.937582312662695
33.0 0.9914049589066535
34.0 1.1232656705606003
35.0 0.9852617859719274
36.0 0.9477806175797813
37.0 0.9829530379576782
38.0 1.0290591273917988
39.0 1.0903525847482074
40.0 0.882033131966877
41.0 0.9192839817690308
42.0 0.8685827804797324
43.0 1.0815500168149077
44.0 0.9069986645095571
45.0 0.9847527142509078
46.0 0.9836170439534401
47.0 0.9512314954723396
48.0 0.9901884935281695
49.0 1.09492750073403
50.0 1.0449293904498613
51.0 0.8086784295171302
52.0 1.0697360756803231
53.0 0.9372568094151605
54.0 1.2113387676956076
55.0 0.9209372692900514
56.0 1.1140414305015665
57.0 0.9543220234363201
58.0 1.0497024825849164
59.0 0.9704010540357006
60.0 1.0275066687117762
61.0 1.0514305950298406
62.0 0.9361575027740463
63.0 1.178535833378888
64.0 0.8702878368811573
65.0 1.180722884400839
66.0 0.9829493296952582
67.0 1.0309247257137755
68.0 1.2061662060796665
69.0 0.9971879245333848
70.0 1.0258005589692103
71.0 1.1814108428792793
72.0 1.1880556810822234
73.0 1.147799006647846
74.0 1.055787704743326
75.0 0.9955367747627287
76.0 1.1151161495105173
77.0 0.7482048165905835
78.0 1.0094097103296207
79.0 1.180756150683064
80.0 0.8530723937478353
81.0 0.9558919966348789
82.0 0.9837594713132713
83.0 0.9850516313455603
84.0 0.9476483857146056
85.0 1.0572826965164759
86.0 0.9714608026970994
87.0 0.9274311240391887
88.0 0.9482060036185697
89.0 0.9590740531224788
90.0 0.9599302414233377
91.0 0.7723597254962182
92.0 1.0294335541272182
93.0 1.078981439114907
94.0 0.9115917206969185
95.0 0.8797790101078996
96.0 1.0092070196779321
97.0 1.1054208742304614
98.0 0.8808554619763986
99.0 0.950999756727691
100.0 1.1189360354173576
101.0 1.210625324255002
102.0 1.0304869076693184
103.0 0.991841833913548
104.0 1.0747574751052469
105.0 1.0556508186927738
106.0 0.981290432471158
107.0 0.9732318990304203
108.0 0.9290933277984146
109.0 1.0873687737567372
110.0 0.8226742364818272
111.0 0.9848396989954866
112.0 0.9643368050137127
113.0 1.0198802143516483
114.0 0.9586640103523704
115.0 1.122505593681895
116.0 1.2027454838896017
117.0 0.8068792042335007
118.0 1.0001013995003818
119.0 1.0580915322021662
120.0 0.9960785430877683
