Time NormalisedFlux
0.0 0.9019124700156547
1.0 0.8681785247470873
2.0 0.8712728503456084
3.0 0.8807347111677407
4.0 0.9034935607354188
5.0 0.9321237487310154
6.0 0.9107273424754818
7.0 0.9420092543038998
8.0 1.0017650333929655
9.0 1.0181138598573818
10.0 1.0266360317609624
11.0 1.0690796182604554
12.0 1.0461915864371243
13.0 1.1168905212232694
14.0 1.1231022632870973
15.0 1.1401298426567186
16.0 1.134133517484711
17.0 1.0998669118645883
18.0 1.097120513168915
19.0 1.0533421913087766
20.0 1.0979882115105855
21.0 1.029535151089698
22.0 1.0418658402144323
23.0 0.9963771803429229
24.0 0.9511895603080017
25.0 0.9479364170686799
26.0 0.9226896304626957
27.0 0.8758148466966428
28.0 0.8223372340884451
29.0 0.8520812355340305
30.0 0.828367565168163
31.0 0.8878613126444751
32.0 0.9485927663808387
33.0 0.9767028640734722
34.0 0.9818361525543001
35.0 1.0514846636174366
36.0 1.0159170572629233
37.0 1.0527582387363958
38.0 1.059455130343949
39.0 1.0535304053362493
40.0 1.087780875017772
41.0 1.1272801423982368
42.0 1.127256101121458
43.0 1.1293740940391377
44.0 1.107648207629728
45.0 1.1309417877407624
46.0 1.0186126032230516
47.0 1.026861902675389
48.0 0.9363396193528155
49.0 0.9621022736811753
50.0 0.9553001507383511
51.0 0.9146510675998835
52.0 0.8801478427222005
53.0 0.8607734655965611
54.0 0.8874035916219114
55.0 0.820888657954701
56.0 0.8964383307549014
57.0 0.8844098155260635
58.0 0.9373135031448867
59.0 0.9456261814743063
60.0 0.9752731097087504
61.0 0.9983793122506577
62.0 1.000178690448455
63.0 1.0507087832141744
64.0 1.0941509741894342
65.0 1.1067786389037755
66.0 1.086513701145248
67.0 1.1351161789589512
68.0 1.1469954692620552
69.0 1.173278956052443
70.0 1.1238403650471553
71.0 1.0834283778354004
72.0 1.033244206532226
73.0 0.9993587775062494
74.0 1.0136889532892617
75.0 0.9946708259711208
76.0 1.0073305230182676
77.0 0.9911621392284958
78.0 0.9275999282940809
79.0 0.9417181788721888
80.0 0.8583295943372491
81.0 0.7975597982792201
82.0 0.8870674752704182
83.0 0.8553248443979264
84.0 0.8840091297186653
85.0 0.9537114611583651
86.0 0.9973045702011757
87.0 0.9929828012276813
88.0 0.96260014339407
89.0 1.0584226876378562
90.0 1.0782352855502848
91.0 1.066289470323901
92.0 1.136943042568678
93.0 1.1009099896634096
94.0 1.1742926600596706
95.0 1.1118362043306427
96.0 1.101517414916453
97.0 1.0766456604226267
98.0 1.0528188596592625
99.0 1.0792306918430428
100.0 1.0645952204343498
101.0 1.0242854165403805
102.0 0.9336148093908841
103.0 0.9190098740312647
104.0 0.9242713374583734
105.0 0.8408879029822327
106.0 0.8787436834966551
107.0 0.8503850117790577
108.0 0.8791502529340343
109.0 0.8844212861375308
110.0 0.8786914350972317
111.0 0.9114151781617922
112.0 0.9708639908057402
113.0 0.9971971975523659
114.0 0.9970462411095308
115.0 1.0241950944153753
116.0 1.0814434278264276
117.0 1.0531914223874186
118.0 1.0799114293008505
119.0 1.1960671640021319
120.0 1.1530547713216934
