Time NormalisedFlux
0.0 0.9141025757851154
1.0 0.8874246969128164
2.0 0.9147583267829118
3.0 0.8861938765620685
4.0 1.0186645812195476
5.0 1.0013060983728281
6.0 1.017762085473348
7.0 1.058455088350226
8.0 1.0538857729819335
9.0 1.1755366573975685
10.0 1.17230119977582
11.0 1.1759833508458444
12.0 1.1615046023661686
13.0 1.1368931348544165
14.0 1.0832865387435082
15.0 1.0228777480376823
16.0 1.103840391858953
17.0 1.0275028962847252
18.0 0.9911396239038741
19.0 0.9929619568303468
20.0 0.9932753825896482
21.0 0.8615830752770343
22.0 0.8931076601382318
23.0 0.8685141046409677
24.0 0.8591614449703168
25.0 0.8830048334877666
26.0 0.9379849759356704
27.0 0.9369278013825625
28.0 0.881463910022001
29.0 0.9622642711710083
30.0 0.9840846297039076
31.0 1.0221263709119506
32.0 1.0355834261989942
33.0 1.072696995366609
34.0 1.0937585502489535
35.0 1.1392404873919186
36.0 1.124506675682242
37.0 1.118047267130125
38.0 1.1106516039739518
39.0 1.0889550512384887
40.0 1.0959057535623167
41.0 1.091931413475344
42.0 1.0665664213271289
43.0 0.9645438485262022
44.0 1.0111756684527229
45.0 0.9495729658801793
46.0 0.9782408670560911
47.0 0.9023676285112294
48.0 0.8900978670672767
49.0 0.8640676718278824
50.0 0.8529505314546447
51.0 0.8469596640254218
52.0 0.8753961381166191
53.0 0.9461792061750326
54.0 0.8943270778306182
55.0 0.9983808241956115
56.0 0.9962773485322347
57.0 0.981775451400379
58.0 1.0489308743766679
59.0 1.0031971791639285
60.0 1.1265410716101192
61.0 1.099343852546451
62.0 1.126885075388298
63.0 1.1284411769280052
64.0 1.1588516719974817
65.0 1.1603116581833202
66.0 1.1031191958414346
67.0 1.0152293318198902
68.0 1.0740981622453671
69.0 1.0155469610714014
70.0 0.9681269022457931
71.0 0.9406301926231109
72.0 0.9043406882279764
73.0 0.938080679672849
74.0 0.9245207752870023
75.0 0.9047159330021939
76.0 0.8522585922627798
77.0 0.8474840496790818
78.0 0.9147933257884238
79.0 0.9480440870840584
80.0 0.8985073345925498
81.0 0.9779431362402708
82.0 1.028044037741373
83.0 1.002103767754804
84.0 1.0761956753352175
85.0 1.0625873945797222
86.0 1.1086795409779002
87.0 1.109488007066093
88.0 1.1378279582586206
89.0 1.1628768834394032
90.0 1.128055022275814
91.0 1.0723492147101465
92.0 1.075213758529431
93.0 1.0947189863844906
94.0 1.0783864202871218
95.0 1.0092288422049667
96.0 0.9835615200311317
97.0 0.9565154858787983
98.0 0.8983759419396989
99.0 0.95483959021141
100.0 0.8918474918088709
101.0 0.8629810752653735
102.0 0.8615508125437947
103.0 0.8531112282992682
104.0 0.8865732469166034
105.0 0.9274922106753727
106.0 0.9511280232413948
107.0 0.9628329215420791
108.0 0.9574914468756341
109.0 1.0400391935235906
110.0 1.0368377175401673
111.0 1.1155228268619422
112.0 1.0799861083886264
113.0 1.1084660378032323
114.0 1.1273115695412086
115.0 1.1423965416858406
116.0 1.1323765445916107
117.0 1.1003670510072192
118.0 1.061222978832154
119.0 1.0745731101982456
120.0 1.0137918561936203
