Time NormalisedFlux
0.0 1.1485053137950807
1.0 1.1018641948993226
2.0 1.1103153386148268
3.0 1.12304627599906
4.0 1.1866235369833205
5.0 1.2285689909222082
6.0 1.1934423522211566
7.0 1.1876574236170225
8.0 1.1673163235352106
9.0 1.118932779706911
10.0 1.1782336499694468
11.0 1.1495525337116923
12.0 1.1212216401953898
13.0 1.0910184375202412
14.0 1.1636177068568392
15.0 1.0297087526320658
16.0 1.0612567344662491
17.0 1.0359740898502658
18.0 0.9664040926802362
19.0 0.9707931215691358
20.0 0.9162985078112056
21.0 0.8990747641994125
22.0 0.8659873369218263
23.0 0.8996339331087247
24.0 0.865104040282454
25.0 0.8373106731826103
26.0 0.8352135878867367
27.0 0.7606213156149767
28.0 0.7411289897590537
29.0 0.8512415816380217
30.0 0.8468496889047873
31.0 0.775916435280666
32.0 0.8112595416286622
33.0 0.8127881212742329
34.0 0.8389722505736379
35.0 0.8803567746721678
36.0 0.8740881008082325
37.0 0.9329537168197382
38.0 0.9998234814068641
39.0 0.9216313093269374
40.0 1.0325285505408377
41.0 0.9821795250877755
42.0 1.026759593251669
43.0 1.123177721513845
44.0 1.134473981204455
45.0 1.1523199437973703
46.0 1.1678209017113919
47.0 1.1611403721902365
48.0 1.188705245647944
49.0 1.2117328962820852
50.0 1.164685250600426
51.0 1.2381137189282447
52.0 1.2232722180381417
53.0 1.1626358325162165
54.0 1.1350181352149136
55.0 1.0856491876878394
56.0 1.15338720529648
57.0 1.1354981668730635
58.0 1.048868005257368
59.0 1.0296740078191593
60.0 0.986354349219642
61.0 1.0595199910399085
62.0 0.9407405079517597
63.0 1.0011324541573274
64.0 0.8519316265451443
65.0 0.9117472039728901
66.0 0.8456409582483984
67.0 0.8566661852105014
68.0 0.8022739294376723
69.0 0.8570970308699756
70.0 0.8023482003721997
71.0 0.8499976228745078
72.0 0.7720659153461811
73.0 0.8096595086638754
74.0 0.8030666444400015
75.0 0.8333318736173576
76.0 0.8466938916859061
77.0 0.8552511728397078
78.0 0.8652980394526185
79.0 0.9401018493308737
80.0 0.9175605654388665
81.0 0.9500869398252638
82.0 0.9708162212320474
83.0 1.07126890357599
84.0 1.0265126568880891
85.0 1.0298181321934108
86.0 1.0719561377535394
87.0 1.1486242214032512
88.0 1.1793215182954007
89.0 1.2105126853002453
90.0 1.2455728152585752
91.0 1.145331026498239
92.0 1.2399783405717555
93.0 1.2647401028242815
94.0 1.188707125958717
95.0 1.1416005533227944
96.0 1.1661393098943356
97.0 1.1355192021335578
98.0 1.1666571841526028
99.0 1.1027732150661422
100.0 1.0659452547519543
101.0 1.0951196332016546
102.0 1.032948184131507
103.0 1.0147588037692068
104.0 1.0039996253144745
105.0 0.8791778096158737
106.0 0.9362760218553152
107.0 0.8902224437132734
108.0 0.8289950606697248
109.0 0.8704682342539877
110.0 0.7982409827616954
111.0 0.8515311402770055
112.0 0.8281687204796453
113.0 0.7665347411816275
114.0 0.7758536766143499
115.0 0.8288234398928548
116.0 0.8225344264077981
117.0 0.7525052615381185
118.0 0.8308079069174596
119.0 0.8441074686347534
120.0 0.8582223975840118
