Time NormalisedFlux
0.0 1.0709126587559115
1.0 1.0216760486659762
2.0 0.9900408260023735
3.0 0.9610143813415226
4.0 0.9565635214261383
5.0 0.9370905736388828
6.0 0.8989376862240678
7.0 0.9156474839975967
8.0 0.8547629966416749
9.0 0.8605580368770768
10.0 0.8988917320927631
11.0 0.9169243378902812
12.0 0.929491359687115
13.0 0.9244770965869396
14.0 0.9967448088813005
15.0 1.0027047662712203
16.0 1.022476133875569
17.0 1.026836084266108
18.0 1.0901603325724367
19.0 1.103545419915976
20.0 1.0880747913654527
21.0 1.1472570904687664
22.0 1.1912133998250032
23.0 1.1108493843125076
24.0 1.0927737875775732
25.0 1.0993064406075654
26.0 1.0607946485593807
27.0 1.0397052947182377
28.0 1.0385568454060992
29.0 1.0085799617948876
30.0 0.9732854225102567
31.0 0.9681804837506064
32.0 0.9115960863462773
33.0 0.9605745543698352
34.0 0.812883441695976
35.0 0.8415457158160975
36.0 0.7969723113418962
37.0 0.8775744503537675
38.0 0.8785874000711117
39.0 0.8910569050564047
40.0 0.9459102944421668
41.0 0.9810349046021324
42.0 1.0110054335742233
43.0 0.9916455929061989
44.0 1.0209600955214715
45.0 1.0730930614323024
46.0 1.0722871104630884
47.0 1.0890037298411461
48.0 1.1342414427169543
49.0 1.1293543825928738
50.0 1.1426863816019237
51.0 1.137839193474169
52.0 1.1147006209530836
53.0 1.0577697954345404
54.0 1.0630498257631913
55.0 1.0291766554004989
56.0 1.0494722868806523
57.0 0.9771904628988732
58.0 0.9694734619241133
59.0 0.9605720084105945
60.0 0.8951087088622948
61.0 0.8341031602028001
62.0 0.8973392681562625
63.0 0.8719270555737394
64.0 0.832681374195755
65.0 0.9535111785763553
66.0 0.9481755564669871
67.0 0.9428126233360916
68.0 0.9601917733548581
69.0 0.9966934085833585
70.0 1.0086060384045221
71.0 1.0059761552998492
72.0 1.0796707902252234
73.0 1.0841175509984744
74.0 1.0559170018948791
75.0 1.1256470735746398
76.0 1.1747337204284993
77.0 1.1694049494369716
78.0 1.075814702938139
79.0 1.051087340252236
80.0 1.0587244888061704
81.0 1.0331577458063546
82.0 1.0761619833352647
83.0 0.993769754414895
84.0 0.9665505691797561
85.0 0.9570927672112471
86.0 0.9349497284754303
87.0 0.8951875566672655
88.0 0.8911917897171443
89.0 0.8987914314529494
90.0 0.8413655179379225
91.0 0.8400037573153433
92.0 0.8903738392702594
93.0 0.9056119762824943
94.0 0.9894401989872951
95.0 0.9381017016575538
96.0 1.0145601507150686
97.0 1.0003167855138562
98.0 1.0243348148681417
99.0 1.0343792414577806
100.0 1.1021304537632954
101.0 1.0975826133908675
102.0 1.1341777192299143
103.0 1.1362121833351086
104.0 1.1568910592228074
105.0 1.0529908473987772
106.0 1.0755411182343222
107.0 1.0553560713540486
108.0 1.0228608937413706
109.0 1.0226668219515838
110.0 1.005513028347985
111.0 1.013200064106965
112.0 0.9346792697793691
113.0 0.9875412930629631
114.0 0.9491412953309804
115.0 0.8467609033945177
116.0 0.918484036494791
117.0 0.8443759968136944
118.0 0.8670914089184381
119.0 0.9198971492758427
120.0 0.8977814971083518
