Time NormalisedFlux
0.0 1.1489763274433593
1.0 1.073425822154108
2.0 1.0660817127021571
3.0 1.1090017284466795
4.0 1.113908111527245
5.0 1.0889703334054415
6.0 1.0230199288424595
7.0 1.0537168765072702
8.0 1.0354531034061134
9.0 1.0118377782807642
10.0 0.9743892291475695
11.0 0.9322833660305079
12.0 0.9772469554282137
13.0 1.023704133499285
14.0 1.0441687246915767
15.0 0.9903131763830769
16.0 0.9251914022249871
17.0 0.8793031108107352
18.0 0.923190812864747
19.0 0.9419790560812084
20.0 0.9121829834151574
21.0 0.8576724693342128
22.0 0.8824929869464921
23.0 0.8584056754987255
24.0 0.8334110297926554
25.0 0.8220384586627302
26.0 0.8762895549897347
27.0 0.8621638323551728
28.0 0.828729290152053
29.0 0.851315641451726
30.0 0.7943486575653412
31.0 0.8302929852331913
32.0 0.7784813733735342
33.0 0.8436969722410818
34.0 0.7760675172671814
35.0 0.8084095041169093
36.0 0.8167768927304093
37.0 0.719671423266949
38.0 0.8038426344699067
39.0 0.8134003990219408
40.0 0.8270069402943021
41.0 0.8121595598588179
42.0 0.8267101594342606
43.0 0.7939562968842702
44.0 0.83253741696645
45.0 0.8290114177478637
46.0 0.8522992358200714
47.0 0.8852652197522042
48.0 0.8864484183095928
49.0 0.885846321458186
50.0 0.9221684303923001
51.0 0.935037996138815
52.0 0.8413036518099017
53.0 0.9997067768215252
54.0 0.9932970592730548
55.0 0.9085266792919233
56.0 0.9774285618763159
57.0 0.9645490429848731
58.0 1.010375373530199
59.0 1.011870247100548
60.0 1.0130018134607874
61.0 1.0255068338597912
62.0 1.0458121584513154
63.0 1.0578495540224997
64.0 1.0644809606493424
65.0 1.0974579779505926
66.0 1.0757687057374132
67.0 1.1294503431543343
68.0 1.0935622228925475
69.0 1.0891126470930252
70.0 1.1227489394775352
71.0 1.2000470547878006
72.0 1.142557023885152
73.0 1.0952897108631658
74.0 1.1423443191021367
75.0 1.1700015196103635
76.0 1.2018636844791357
77.0 1.271112800201455
78.0 1.2159728398424974
79.0 1.200166642089422
80.0 1.1769809577991959
81.0 1.2131664984154886
82.0 1.121574648154953
83.0 1.2293301870546456
84.0 1.2451364676323087
85.0 1.207510946128216
86.0 1.2358410220118548
87.0 1.221451032353621
88.0 1.1568492074240346
89.0 1.2258778342230752
90.0 1.139688016647543
91.0 1.1544797477010589
92.0 1.190400431335568
93.0 1.1360970295287738
94.0 1.0970565382013624
95.0 1.1027450786845632
96.0 1.1390509689272919
97.0 1.082352807753917
98.0 1.10500674872732
99.0 1.0958932907818904
100.0 1.033558779778942
101.0 1.003731368605803
102.0 1.0114011064601989
103.0 1.0456720754220967
104.0 1.105006285223893
105.0 1.0048800429057059
106.0 1.023572273936602
107.0 0.9560896636647639
108.0 1.0250456209090362
109.0 0.9444915151990887
110.0 0.9412003523659193
111.0 0.9801294756353013
112.0 0.9330545713887435
113.0 0.8819439674781372
114.0 0.9122375498480398
115.0 0.9247040360520119
116.0 0.8699089003823731
117.0 0.826141822668624
118.0 0.8870907592205608
119.0 0.8173522610853209
120.0 0.8066297243822454
