Time NormalisedFlux
0.0 1.2127812578430024
1.0 1.1031898314772584
2.0 1.0751719088289635
3.0 1.0090632443341252
4.0 1.0958085271927898
5.0 1.0282786308591785
6.0 1.0115033489071432
7.0 1.018639606678747
8.0 0.9588861147518842
9.0 0.9589178413698849
10.0 0.9362085994367124
11.0 0.90892839587695
12.0 0.8601381366609742
13.0 0.8466683391027793
14.0 0.8384276894429433
15.0 0.9041166341411361
16.0 0.9103855002341391
17.0 0.9281264786508886
18.0 0.9112693085729511
19.0 0.9412842516034622
20.0 0.9652181092608031
21.0 1.0106840270001443
22.0 1.052229824599787
23.0 1.019221011458754
24.0 1.0614558367943532
25.0 1.0931033120508538
26.0 1.1137641438890664
27.0 1.0845704305970545
28.0 1.1599343052007052
29.0 1.066914682375447
30.0 1.0934273742465976
31.0 1.074508550727784
32.0 1.0427117999308777
33.0 1.0702610224367484
34.0 1.0039796454628287
35.0 0.9736419947093011
36.0 0.9555507789961475
37.0 0.9344403736332435
38.0 0.9604918463709352
39.0 0.9352677049412825
40.0 0.8633715212374233
41.0 0.8611328872846439
42.0 0.8495263511779017
43.0 0.8681384773870847
44.0 0.9197137910852846
45.0 0.9096854045872553
46.0 0.9879205720346638
47.0 0.9329439396687124
48.0 0.9805713334190463
49.0 1.0336917543576931
50.0 1.01320387337734
51.0 1.0445863626514005
52.0 1.068335591098955
53.0 1.1256226467919104
54.0 1.1271375506842147
55.0 1.1686819384871892
56.0 1.1641283246158458
57.0 1.1107467110107696
58.0 1.0851634105820145
59.0 1.0947224621634695
60.0 1.0133768724245296
61.0 1.0095458479031267
62.0 1.0200162527699266
63.0 0.9716192527338082
64.0 0.9655468304192535
65.0 0.9330823369303164
66.0 0.9629513806953968
67.0 0.8883668993212757
68.0 0.8738310225806734
69.0 0.8407938325437555
70.0 0.8856207914602235
71.0 0.8821692614941616
72.0 0.8849675607870249
73.0 0.9423046129692368
74.0 0.9537438004914087
75.0 0.9830240626154689
76.0 0.9562231072890897
77.0 1.0085627900039638
78.0 1.0154413110469354
79.0 1.0797857908543838
80.0 1.0793237263514672
81.0 1.123450357307317
82.0 1.1213785811485775
83.0 1.1403791372910392
84.0 1.0906842291819339
85.0 1.1111909199284355
86.0 1.129286764684654
87.0 1.091721827038304
88.0 1.0787304052466444
89.0 1.0587704704228413
90.0 0.9955185822788204
91.0 0.9699866316279621
92.0 0.9437645054530072
93.0 0.9344117774534191
94.0 0.9026828971118792
95.0 0.8798645499941388
96.0 0.8074296096541225
97.0 0.8927922960526047
98.0 0.8346976849731996
99.0 0.8891270369223802
100.0 0.921415297834034
101.0 0.9277789186491442
102.0 0.964766990621457
103.0 1.006852275163206
104.0 1.0232697361696235
105.0 1.0853463374452428
106.0 1.056823429855469
107.0 1.0888577356564764
108.0 1.0669497694983496
109.0 1.0930580302166097
110.0 1.1881897603514728
111.0 1.1243960451143362
112.0 1.081866087604955
113.0 1.1430036990987422
114.0 1.0807503715046474
115.0 0.9954545771269917
116.0 1.0413407217444273
117.0 0.9735282368773761
118.0 1.01903941556199
119.0 0.9668929197040294
120.0 0.9389052426655231
