Time NormalisedFlux
0.0 1.0526929388416415
1.0 1.0793222360010226
2.0 1.038442436249938
3.0 1.0210833248814484
4.0 0.9667523726127792
5.0 0.9872600514208554
6.0 0.9686197752832814
7.0 0.934223211014264
8.0 0.9347062788085714
9.0 0.9239701606153664
10.0 0.9029738140456731
11.0 0.8618006622432938
12.0 0.860101424457503
13.0 0.8957381308852165
14.0 0.9017026547795112
15.0 0.9108618832299162
16.0 0.8876907466085214
17.0 0.9516711355591058
18.0 0.9871052049375114
19.0 1.0425577007524571
20.0 1.0367229356177634
21.0 1.0476504931800843
22.0 1.049235176547402
23.0 1.0651190311458794
24.0 1.092830723779981
25.0 1.1527102801826927
26.0 1.1621744636769518
27.0 1.140255878220145
28.0 1.0867587795193132
29.0 1.0703587238797245
30.0 1.094772979815214
31.0 0.9929505720112383
32.0 0.9981779287049591
33.0 0.9768373354671511
34.0 0.9413626674788401
35.0 0.926247988280854
36.0 0.885882693079718
37.0 0.8520675738909773
38.0 0.85191943616438
39.0 0.8076992157757938
40.0 0.825856266291479
41.0 0.9205155837954738
42.0 0.9481120450170321
43.0 0.9832750639104554
44.0 1.0036441770566285
45.0 0.9956592144806491
46.0 1.0091544289063779
47.0 1.0420608069222277
48.0 1.0527071602336162
49.0 1.063023322026341
50.0 1.180020416597429
51.0 1.1476978597200715
52.0 1.1430575133047762
53.0 1.1318445276872113
54.0 1.1087901352320908
55.0 1.0528016042715174
56.0 1.0615226556394697
57.0 1.0341753790254085
58.0 1.0181746473170812
59.0 1.0151045541233803
60.0 0.9995360446644596
61.0 0.9551497295488433
62.0 0.9905770674221477
63.0 0.9337554038245186
64.0 0.930159047629058
65.0 0.8670564571677717
66.0 0.8392282103877399
67.0 0.875185240127138
68.0 0.8917068049011537
69.0 0.9250428322017018
70.0 0.9126978749068959
71.0 0.9476988541805493
72.0 0.9646096209536608
73.0 1.0005096583279816
74.0 1.0029581783371757
75.0 1.0960208175777926
76.0 1.099121559258375
77.0 1.1002064494553412
78.0 1.0811312244479878
79.0 1.129840784783991
80.0 1.115559431896559
81.0 1.1767985245479677
82.0 1.078274090399768
83.0 1.1228392683410306
84.0 1.0649382400665477
85.0 0.9932936811251238
86.0 1.0078454816055102
87.0 1.0122442817695814
88.0 0.9833572126136579
89.0 0.9680422418231087
90.0 0.9144996051584828
91.0 0.9519156114944508
92.0 0.900793811795355
93.0 0.861604591163425
94.0 0.8827064544101433
95.0 0.8524570071727832
96.0 0.8196060967860836
97.0 0.8746924580979458
98.0 0.945735106582386
99.0 0.985476674335824
100.0 0.9300477111341153
101.0 1.005374363581352
102.0 1.0700192555684322
103.0 1.0466020603278978
104.0 1.032952582613085
105.0 1.0672199764008528
106.0 1.1058111618976318
107.0 1.123141283934029
108.0 1.1278017361495478
109.0 1.151119265700302
110.0 1.0558094189333969
111.0 1.0210689801643584
112.0 1.054215528061387
113.0 1.0269301264946917
114.0 1.0423783751441085
115.0 0.9449458253373334
116.0 0.9522200928192466
117.0 0.9599150844136183
118.0 0.9817769211796197
119.0 0.8820754013427412
120.0 0.9248150927646654
