Time NormalisedFlux
0.0 1.1267323270107168
1.0 1.1716401170893742
2.0 1.2151897753615668
3.0 1.190263169299561
4.0 1.2134408058655848
5.0 1.218117619406098
6.0 1.142134843901058
7.0 1.231250541798987
8.0 1.2062509115567563
9.0 1.1914512241572854
10.0 1.1820252718596322
11.0 1.2173396371995662
12.0 1.162979266491416
13.0 1.145511477051045
14.0 1.1705654292901715
15.0 1.1747484006369988
16.0 1.1559499357289822
17.0 1.1408527072455164
18.0 1.1910805957186215
19.0 1.104012881534063
20.0 1.1400985433502886
21.0 1.108864742723638
22.0 1.100950616931602
23.0 1.0654661786898076
24.0 1.0745146979206557
25.0 1.1033752110270485
26.0 0.9982777238192553
27.0 1.0101279189981627
28.0 1.0183257269333559
29.0 1.0101572420449605
30.0 1.0246705883336547
31.0 0.9834319043234637
32.0 0.9703561967760158
33.0 0.969219814739604
34.0 0.9195225541210851
35.0 0.9206988900867636
36.0 0.9344182277203341
37.0 0.8790418222893807
38.0 0.9584631017376937
39.0 0.8949881334396282
40.0 0.8682097427138183
41.0 0.8788452048830138
42.0 0.861245724090835
43.0 0.8590979098329882
44.0 0.8008441635509679
45.0 0.819524906165256
46.0 0.7605116146427093
47.0 0.835567713840961
48.0 0.7906487846208049
49.0 0.8563357567873858
50.0 0.8137063604539074
51.0 0.7626081777352669
52.0 0.8654720113748265
53.0 0.8359989538568342
54.0 0.7340498271705661
55.0 0.786282050336893
56.0 0.7674561111261211
57.0 0.8276743802766926
58.0 0.8491229524017371
59.0 0.8216170268789714
60.0 0.7628976588430013
61.0 0.8543289465085493
62.0 0.8261190394120693
63.0 0.7964257083102234
64.0 0.8650139248577366
65.0 0.8682398601171468
66.0 0.895020751593651
67.0 0.8985208229289993
68.0 0.9151177695404571
69.0 0.9314926896278082
70.0 0.948813268970725
71.0 0.9079864090839902
72.0 0.9558638624578446
73.0 0.9831987888811574
74.0 0.9705806299743382
75.0 0.9989955302234815
76.0 0.9580070076583882
77.0 0.946659344435209
78.0 1.0147477892278423
79.0 0.9585735207012477
80.0 1.0673112465818886
81.0 1.1016833531857506
82.0 1.0444796848308167
83.0 1.1351872392537155
84.0 1.0732924174280747
85.0 1.133961382031151
86.0 1.0887314313861318
87.0 1.1331036861277146
88.0 1.109684406871573
89.0 1.142208627048874
90.0 1.1536743620575063
91.0 1.1939642622686126
92.0 1.2066329827136293
93.0 1.1587326183608995
94.0 1.1280105466059536
95.0 1.082660888110343
96.0 1.2257846535729184
97.0 1.250226930806235
98.0 1.214591539996046
99.0 1.1864405157120197
100.0 1.1769200031164946
101.0 1.1444353999491457
102.0 1.2167789468243482
103.0 1.142383828971065
104.0 1.2430314497281982
105.0 1.181912435889519
106.0 1.1458202585561468
107.0 1.16446965463379
108.0 1.180114610190827
109.0 1.2224726213859145
110.0 1.1516704987176194
111.0 1.1208184939761054
112.0 1.164167877067546
113.0 1.1000994390363765
114.0 1.1623189996039411
115.0 1.1356387738273295
116.0 1.0996770410261274
117.0 1.160558919147881
118.0 1.1474126782918297
119.0 1.0585733864036173
120.0 1.0857899727780138
