Time NormalisedFlux
0.0 1.0436807980064804
1.0 1.0567201411098364
2.0 1.0416673522600641
3.0 1.026891097618349
4.0 1.0256078518599034
5.0 1.0143820496407148
6.0 1.0193591887741453
7.0 1.0042257837410662
8.0 1.00802601937956
9.0 0.9815430291203635
10.0 0.9882254758436245
11.0 1.0203556093621753
12.0 0.9790942918471942
13.0 0.981193925574787
14.0 0.9877458522369009
15.0 0.982565004025134
16.0 0.9757676477117162
17.0 0.9612780135294297
18.0 0.9433453772641397
19.0 0.9588103911755177
20.0 0.9536802992946192
21.0 0.9760119856354172
22.0 0.9696159463626292
23.0 0.9802487340590063
24.0 0.9738324125789913
25.0 0.976922715166263
26.0 0.9256118309505944
27.0 0.9101517423110218
28.0 0.9512980057919631
29.0 0.9154989035295242
30.0 0.8998653619925713
31.0 0.9114552079415729
32.0 0.9505220213170757
33.0 0.977313692886615
34.0 0.990211788784871
35.0 1.02561722690375
36.0 1.0517642597458732
37.0 1.1035531830298277
38.0 1.0894131665675144
39.0 1.0786734910431635
40.0 1.087930882636636
41.0 1.0696124263206048
42.0 1.0557809954386668
43.0 1.0332132183245277
44.0 1.0580137807119703
45.0 1.0333459188815621
46.0 1.0407225504711688
47.0 1.01533796202473
48.0 1.0768647763048922
49.0 1.016776910595218
50.0 1.0215384113829964
51.0 1.0409395891325977
52.0 1.0170081416243908
53.0 0.9982438659219279
54.0 0.9867087593766766
55.0 0.979040657347195
56.0 0.9983763465926943
57.0 0.9945185709750625
58.0 1.0018836236878417
59.0 1.025404963409121
60.0 0.9866883610819756
61.0 0.9729315357922813
62.0 0.9835632251826625
63.0 1.0237370439436853
64.0 0.9280016258436551
65.0 0.9846056604343543
66.0 0.9682712880278244
67.0 0.9678593631327854
68.0 0.9698368869140235
69.0 0.9539829143973062
70.0 0.9534796102680613
71.0 0.941307632309729
72.0 0.9410907300751544
73.0 0.9388612779953815
74.0 0.8888441019050908
75.0 0.9280371708672768
76.0 0.8903568099085915
77.0 0.9320082637598
78.0 0.9266096120444649
79.0 0.9581924148496755
80.0 0.9925930618669891
81.0 1.0282616649538778
82.0 1.0668299799067107
83.0 1.040626767255871
84.0 1.1013093295008227
85.0 1.092880250874078
86.0 1.0871211662934215
87.0 1.0873513252670524
88.0 1.0804537488761747
89.0 1.0729627037292824
90.0 1.0784558428735302
91.0 1.051553367470169
92.0 1.0171152813310373
93.0 1.0469148553726146
94.0 1.0165232938577693
95.0 1.0619115617557822
96.0 1.0245910494030306
97.0 1.0273679988016589
98.0 1.0660690554465597
99.0 1.0136315130904352
100.0 1.012547238979124
101.0 0.9900837651993984
102.0 0.9632183871264854
103.0 0.9992129894704341
104.0 0.9723613613259869
105.0 0.9861377549785416
106.0 0.9626164348606602
107.0 0.9972016269553535
108.0 0.9651569241965413
109.0 0.9742138965997711
110.0 0.9642873676960093
111.0 0.9323256214167176
112.0 0.9659595884767309
113.0 0.9495717511185958
114.0 0.9636445417049685
115.0 0.9799518993936589
116.0 0.9338709118452219
117.0 0.9358893042229657
118.0 0.9576663732016499
119.0 0.9431037622547158
120.0 0.9005215567204863
