Time NormalisedFlux
0.0 1.0294848000375338
1.0 1.07294222282588
2.0 1.1282058119967422
3.0 1.1464340215708753
4.0 1.1933752216537723
5.0 1.1065643141959605
6.0 1.099058982987325
7.0 1.0810778510098886
8.0 1.0842170246152918
9.0 1.0204837105162665
10.0 1.0163767316241876
11.0 0.9991983673882633
12.0 0.979658918972984
13.0 0.9087668484907139
14.0 0.9155837253446012
15.0 0.8549622047525491
16.0 0.86126044955346
17.0 0.8936154252068528
18.0 0.8761642794950955
19.0 0.9026468751741358
20.0 0.9176731917355586
21.0 0.9259354922311225
22.0 0.9703797142696392
23.0 0.9679345936709949
24.0 1.0406042744629629
25.0 1.0831954005265414
26.0 1.0855733357063275
27.0 1.129287831069453
28.0 1.18473767204984
29.0 1.182283570600156
30.0 1.1393007973331906
31.0 1.084650805625038
32.0 1.0944736202875691
33.0 1.07117522669659
34.0 1.0439986109051953
35.0 1.0381562474026074
36.0 0.9993748958217314
37.0 0.9772480265115433
38.0 0.9165330690682338
39.0 0.8706001454196188
40.0 0.8884747388483878
41.0 0.8879708174899722
42.0 0.829077205406882
43.0 0.8960520219817526
44.0 0.9434161282849842
45.0 0.9170768411758573
46.0 0.9608374947299814
47.0 0.9817895667281088
48.0 1.0263072219718936
49.0 1.0228860951947483
50.0 1.0426106495658183
51.0 1.0536775534434653
52.0 1.1165850071971881
53.0 1.1144561904281027
54.0 1.1057181792783157
55.0 1.1089143181616374
56.0 1.1191686913830348
57.0 1.0615679952314865
58.0 1.0766845395636944
59.0 1.0489118121758128
60.0 0.9566665039739327
61.0 0.9576894771778126
62.0 0.9505286983578578
63.0 0.8914238575719196
64.0 0.8535054149651896
65.0 0.9316498408888336
66.0 0.8571385221385527
67.0 0.8845648166690747
68.0 0.9151086904875049
69.0 0.9381139179251283
70.0 0.930038098356038
71.0 0.9822226366507952
72.0 0.9639813837771325
73.0 1.0615085426635504
74.0 1.020666540851213
75.0 1.0410793306594317
76.0 1.083792402529618
77.0 1.1258531921789632
78.0 1.1285737685267931
79.0 1.1667660988191655
80.0 1.1483646488887957
81.0 1.0981369299142796
82.0 1.1046550999868863
83.0 1.0974670479512922
84.0 1.0230878192736095
85.0 1.0715625407244964
86.0 0.9847487287275664
87.0 1.0188083061178304
88.0 0.9273846519590626
89.0 0.9121471886286866
90.0 0.9237287946961091
91.0 0.8642328574099349
92.0 0.8700837196861511
93.0 0.8914435322125858
94.0 0.8757972338684745
95.0 0.86534443810791
96.0 0.9577271529403133
97.0 0.9533717463588735
98.0 1.0047708056580005
99.0 1.0713802881393182
100.0 1.0351435503538136
101.0 1.10191602725899
102.0 1.134312911918634
103.0 1.1357997349560665
104.0 1.1290485649627984
105.0 1.1356928819320633
106.0 1.1383096803410477
107.0 1.0651399403264858
108.0 1.069071290842546
109.0 1.0235114394672267
110.0 0.9934004913154586
111.0 0.9677444841118366
112.0 0.9738117239238044
113.0 0.9433520216397678
114.0 0.9269155315390422
115.0 0.8864357121830726
116.0 0.8686875660781249
117.0 0.872491760705853
118.0 0.8695389746196447
119.0 0.9135145449936246
120.0 0.9124119956619198
