Time NormalisedFlux
0.0 0.7437285150921564
1.0 0.8698443273221516
2.0 0.8763858694930278
3.0 0.8141805773485065
4.0 0.8281606726132488
5.0 0.9204500421031654
6.0 0.8344181459276129
7.0 0.8612649630195689
8.0 0.8802797821904017
9.0 0.878649419172878
10.0 0.9480010933877021
11.0 0.8930298877511307
12.0 0.9190984454959812
13.0 0.9253744533807506
14.0 0.9537489228537834
15.0 0.9912314295189962
16.0 0.9668181326050729
17.0 1.0564600225662921
18.0 0.9775453144818039
19.0 0.9602923167730073
20.0 1.0927937933926901
21.0 1.1097009533400162
22.0 1.015965358437235
23.0 1.0605702698698642
24.0 1.0699282346261458
25.0 1.0873317009374446
26.0 1.1270494341215263
27.0 1.0753572843454338
28.0 1.1239078899307877
29.0 1.1560106699360533
30.0 1.1247474412578555
31.0 1.1871702891200029
32.0 1.1681478929326872
33.0 1.151564316344743
34.0 1.1959155285515386
35.0 1.1937122326757421
36.0 1.1520754939641369
37.0 1.2181179092712817
38.0 1.197129882827696
39.0 1.2054622920337976
40.0 1.2343313560318057
41.0 1.1757669870471228
42.0 1.1703838961009583
43.0 1.1870851455040259
44.0 1.2543532221197973
45.0 1.1889348835909768
46.0 1.2267915323235443
47.0 1.157712393208022
48.0 1.1514281850373929
49.0 1.1958920429514976
50.0 1.213524779277519
51.0 1.2235452420915152
52.0 1.207976177150765
53.0 1.1715206474972966
54.0 1.1189909274507213
55.0 1.1385306356738178
56.0 1.1346259582987472
57.0 1.1032668619703816
58.0 1.0291105563861522
59.0 1.131163064113227
60.0 1.0663790397959803
61.0 1.072375348481293
62.0 1.0476608676890342
63.0 1.011958803654317
64.0 1.0153125173786386
65.0 1.0075878537595386
66.0 1.012695429756873
67.0 0.9989256490830001
68.0 0.9545022297082052
69.0 0.9322332042184979
70.0 0.9913086777708566
71.0 0.9557162082577283
72.0 0.9021167036188507
73.0 0.9456528257506236
74.0 0.9118592945372631
75.0 0.8829581414648296
76.0 0.9070247509511143
77.0 0.9039516751478543
78.0 0.8449311676530745
79.0 0.8355295502530893
80.0 0.8831858988181958
81.0 0.8263234029285849
82.0 0.8610887668236408
83.0 0.8195451460638914
84.0 0.8039290882267546
85.0 0.8061193981304208
86.0 0.8256330051035441
87.0 0.8025929061325804
88.0 0.7680007472965866
89.0 0.8339265079587668
90.0 0.7690120227769106
91.0 0.8407134115150254
92.0 0.7823645284982134
93.0 0.8026766622704881
94.0 0.7686940634987293
95.0 0.7944145610132869
96.0 0.8508620632613731
97.0 0.8277460397176486
98.0 0.8513222195896818
99.0 0.8200000405651677
100.0 0.7798939865016551
101.0 0.8730445449130186
102.0 0.8186865406804702
103.0 0.7802990727627145
104.0 0.876851123038358
105.0 0.8763316603355037
106.0 0.8950501234686383
107.0 0.8615563022096866
108.0 0.9060209841112495
109.0 0.8831302021506221
110.0 0.9390599601712325
111.0 0.9391413862166376
112.0 0.9620223793490933
113.0 0.9786741153351504
114.0 1.0086557019523001
115.0 0.9725096413111881
116.0 1.0208601556253039
117.0 1.0320983460947555
118.0 0.9784058453440888
119.0 1.0260178909925473
120.0 1.1317040701628713
