Time NormalisedFlux
0.0 1.2176038426054185
1.0 1.2461366764279442
2.0 1.215382684443447
3.0 1.143593678953294
4.0 1.2060553364597408
5.0 1.1259754982575099
6.0 1.1657636946567123
7.0 1.1334797476895426
8.0 1.1173583675861734
9.0 1.089524020416895
10.0 0.9984745708171636
11.0 0.9858171342026323
12.0 0.973727032965465
13.0 0.9593318935638003
14.0 0.955913504394273
15.0 0.8870204403739927
16.0 0.8191940750463119
17.0 0.8381088579581215
18.0 0.8095424576137957
19.0 0.7824611763214951
20.0 0.8227161383132215
21.0 0.7937960669553136
22.0 0.8147708007663655
23.0 0.8261258998846244
24.0 0.8349289751056382
25.0 0.8239681120218239
26.0 0.8344603167502453
27.0 0.797937255233277
28.0 0.8481657548163474
29.0 0.9277430442426866
30.0 0.9615088852369635
31.0 1.0253496900717758
32.0 0.9865917002547967
33.0 1.048718203547638
34.0 1.0257189560013948
35.0 1.0708974597006995
36.0 1.1256763407090142
37.0 1.1016678602394256
38.0 1.158865100219652
39.0 1.174694959031592
40.0 1.1571582857668767
41.0 1.1920764603605154
42.0 1.205719291831089
43.0 1.154670456862812
44.0 1.165564151590877
45.0 1.2384176564583593
46.0 1.2040532304075362
47.0 1.1718645938522358
48.0 1.1063538382381501
49.0 1.1695969283013272
50.0 1.1401473168278204
51.0 1.0745529518072932
52.0 1.0786668648150457
53.0 1.0206573238942962
54.0 0.9845397468102987
55.0 0.9552231758183526
56.0 0.9871706970796597
57.0 0.8796969172789599
58.0 0.9060552898706372
59.0 0.8126121601448002
60.0 0.7973930199774081
61.0 0.9103003244475939
62.0 0.771647632047931
63.0 0.7901877012342081
64.0 0.8372988064201526
65.0 0.8099047039288735
66.0 0.795627850928613
67.0 0.7522513342818791
68.0 0.7635227599720321
69.0 0.8161814820212975
70.0 0.8136061185165134
71.0 0.8486917474112509
72.0 0.8861273360030801
73.0 0.9179148799335237
74.0 0.9550851335975193
75.0 0.9647119945381863
76.0 1.0112896484366647
77.0 1.055050781564609
78.0 1.1113164921562575
79.0 1.078121312560909
80.0 1.13739434442618
81.0 1.1127364178796355
82.0 1.1685564853759811
83.0 1.2017828759684361
84.0 1.17331380380349
85.0 1.1432946329152234
86.0 1.1813934581746575
87.0 1.2383688224740796
88.0 1.1814451244309274
89.0 1.221545206508478
90.0 1.1624206524493386
91.0 1.1966234643719345
92.0 1.1571665552345827
93.0 1.1166940016458278
94.0 1.099536040797833
95.0 1.0472383632105153
96.0 1.0987715054770761
97.0 1.0259006681821339
98.0 0.961417867777524
99.0 1.001451440685165
100.0 0.8924873821473505
101.0 0.8658925513595755
102.0 0.8914265971056051
103.0 0.8295324257177625
104.0 0.8852168452666929
105.0 0.8026980747570065
106.0 0.7321467382533862
107.0 0.79191366974807
108.0 0.7874902610356295
109.0 0.8244501094172558
110.0 0.8496026007392136
111.0 0.7848716612027282
112.0 0.8040868916105214
113.0 0.8946614927992591
114.0 0.8184339672720027
115.0 0.8653804848738932
116.0 0.9313021250818354
117.0 0.9059910658420004
118.0 0.9724015645564037
119.0 0.9995052261186123
120.0 1.030667851147563
