Time NormalisedFlux
0.0 0.9764569442971146
1.0 1.0361428198513147
2.0 1.1135177894563262
3.0 1.04804426979846
4.0 0.9252896594872609
5.0 0.8759830166074207
6.0 1.0613026073482323
7.0 1.0942931643554714
8.0 0.8988844375932676
9.0 0.985951175968866
10.0 0.9776397597743931
11.0 0.9812001696525021
12.0 0.9770805406405235
13.0 1.0593600377224714
14.0 1.0305625215054173
15.0 1.0940906312538337
16.0 1.028507167460402
17.0 1.0095206080560688
18.0 1.1237466642938758
19.0 1.0259042604295372
20.0 0.9320788819415169
21.0 1.1178266060392663
22.0 1.0293167338217637
23.0 0.9658742803656536
24.0 0.9620352395409861
25.0 1.1229740097501928
26.0 0.8860442939033395
27.0 0.9494365316741049
28.0 0.8099904983191148
29.0 1.1633569399478905
30.0 0.9719788323989476
31.0 1.0207578454795978
32.0 0.9537607234897623
33.0 0.7816234085396689
34.0 1.00503613621424
35.0 1.1463650821137867
36.0 1.0142753958366386
37.0 0.9765431182083242
38.0 1.0566198473893191
39.0 1.1158504524105546
40.0 1.1356788356976772
41.0 0.8817165045684872
42.0 0.8936212806581281
43.0 1.0240343086567711
44.0 1.1872880436638882
45.0 0.9519019762347088
46.0 1.0346053208216255
47.0 0.8112312959214377
48.0 0.8978815118145338
49.0 1.0003087883352348
50.0 0.84500645956907
51.0 0.8996949164551007
52.0 1.0312483328813662
53.0 0.9486487202437563
54.0 0.9559471006591765
55.0 1.060690199254904
56.0 1.1886938493463846
57.0 0.9509458429729561
58.0 0.9658611766744395
59.0 0.9893295331225633
60.0 0.9397799121908247
61.0 1.1132772123406616
62.0 0.9296645909758547
63.0 0.9087178338830431
64.0 1.060208692450567
65.0 1.0489993998158549
66.0 0.9507605640592995
67.0 0.9404523194020337
68.0 1.0615904799387188
69.0 0.8724267564190032
70.0 1.0029712033431641
71.0 0.9466161497676921
72.0 0.9173198409240947
73.0 1.1824525056707254
74.0 1.0095983994388258
75.0 1.1761709461650915
76.0 0.806667708131448
77.0 1.035581894693697
78.0 0.9686972314159757
79.0 1.0543372653089484
80.0 1.1289131049941428
81.0 1.0491006925997297
82.0 0.9880767830638241
83.0 1.0666697517283368
84.0 0.9631615744531773
85.0 0.9310588447997531
86.0 1.0216622174238723
87.0 1.1177477517938907
88.0 0.9353859973955984
89.0 1.1549740298025881
90.0 1.0814131927265884
91.0 1.0891834450013016
92.0 1.0395361079348162
93.0 0.8214554531310372
94.0 0.9619774638640343
95.0 1.152058182625688
96.0 0.8671036234414897
97.0 1.0616237858245041
98.0 0.936739807304029
99.0 1.0711429427233543
100.0 0.9845281393653725
101.0 0.9056022922711403
102.0 0.9766714817391996
103.0 1.025309579490736
104.0 0.9886858481538412
105.0 0.9941726300133219
106.0 1.154714382592092
107.0 1.0696842584407609
108.0 0.9176989950810209
109.0 1.1763988036807522
110.0 0.8680344509339843
111.0 1.1009979898075195
112.0 0.9129894976316473
113.0 1.0859757716592304
114.0 1.1275469222991248
115.0 1.0697231527916304
116.0 0.8785256422643951
117.0 1.030883537186021
118.0 1.0493607177478943
119.0 1.127990877668959
120.0 0.8864631587311335
