Time NormalisedFlux
0.0 1.0938249210579016
1.0 1.119900345041291
2.0 1.1130737466529732
3.0 1.1014013609174047
4.0 1.1642719983950358
5.0 1.1142336091653788
6.0 1.1114277061576812
7.0 1.122449970146773
8.0 1.1382198390022784
9.0 1.1357200132495393
10.0 1.0786860891841683
11.0 1.1556814360424228
12.0 1.152265226991768
13.0 1.1021116980575343
14.0 1.1781344021775613
15.0 1.1176066737790777
16.0 1.10179845984877
17.0 1.098864237962155
18.0 1.0639719003018677
19.0 1.127985099116335
20.0 1.048058199361142
21.0 1.0894583933037574
22.0 1.0503272937436252
23.0 1.0771295424254979
24.0 1.0931097362627404
25.0 1.070476643702709
26.0 1.041239615891785
27.0 0.9793839961695479
28.0 1.0087338601027815
29.0 0.999921435177516
30.0 0.9941874115674519
31.0 1.0399722719494722
32.0 1.010184052990062
33.0 1.0093416040831942
34.0 1.0121815399194445
35.0 0.9511766426598136
36.0 0.9558300185582762
37.0 0.9847341736903514
38.0 0.9269792284765176
39.0 0.9232815412905809
40.0 0.9186771080612712
41.0 0.9377611406395441
42.0 0.8969095376734147
43.0 0.9775157389170375
44.0 0.9308204848341058
45.0 0.8924064011452263
46.0 0.8748481396376329
47.0 0.9105463837637121
48.0 0.8872192504482901
49.0 0.8920046611981161
50.0 0.8833243207767595
51.0 0.8439271821225564
52.0 0.861969583608301
53.0 0.8632521958092589
54.0 0.899180441349124
55.0 0.8508130530124883
56.0 0.9096221979809573
57.0 0.904459876452573
58.0 0.8868256637930925
59.0 0.8701590101475356
60.0 0.9189049407700683
61.0 0.8973668612371782
62.0 0.9248806013385933
63.0 0.9208333429461332
64.0 0.9285769443758982
65.0 0.9599297836752658
66.0 0.9678660985465839
67.0 0.9799338703340892
68.0 0.9595858002077143
69.0 0.9409068315954404
70.0 1.0262123505802943
71.0 1.0108957863903898
72.0 0.9535399118880156
73.0 1.0117565601291216
74.0 1.0409596436130566
75.0 1.0338336380777813
76.0 1.0318469966984005
77.0 1.019637647342108
78.0 1.0001070950042057
79.0 0.9950619224487546
80.0 1.0551718482070573
81.0 1.010686260379681
82.0 1.0633996899573068
83.0 1.0634256817208336
84.0 1.070280383334049
85.0 1.1418347518553205
86.0 1.0871047920495855
87.0 1.0318994845816059
88.0 1.0683171992392875
89.0 1.1157626995851404
90.0 1.1595455833401234
91.0 1.1458977283889518
92.0 1.1380111774128663
93.0 1.107961979534978
94.0 1.1478458123323174
95.0 1.1337344066224675
96.0 1.1553460618109426
97.0 1.1217566746578094
98.0 1.1977534810173491
99.0 1.1378685439669838
100.0 1.122523921850729
101.0 1.0828037881569592
102.0 1.1429464953234965
103.0 1.1280563032585
104.0 1.0709799422416626
105.0 1.047712381996551
106.0 1.1038278110335626
107.0 1.0697833671133812
108.0 1.0859667452299278
109.0 1.064558845679508
110.0 0.994695581769892
111.0 1.0289353437902922
112.0 1.0015960458497346
113.0 1.0600715635532572
114.0 0.998022703100228
115.0 0.9744344470453185
116.0 0.9464947605955378
117.0 0.9929055454411888
118.0 0.9853456957070581
119.0 1.0041730808988034
120.0 0.9604921329920162
