Time NormalisedFlux
0.0 1.0476187879363932
1.0 0.9850801971270946
2.0 0.9579576858371137
3.0 0.9912036216422825
4.0 0.9727512405593147
5.0 0.933234260136892
6.0 0.9197446925909596
7.0 0.8702518889686457
8.0 0.8459927124608495
9.0 0.855431689207404
10.0 0.9265770596783838
11.0 0.9022184513796389
12.0 0.9254139190401482
13.0 0.931097153182833
14.0 0.9721820963382131
15.0 0.9614397783079709
16.0 1.0003900363378246
17.0 1.0733366357961414
18.0 1.033935723557539
19.0 1.1068653596879723
20.0 1.0838304837056136
21.0 1.147907018776199
22.0 1.1545334902089268
23.0 1.1596623036599982
24.0 1.117740190879731
25.0 1.1270157243283931
26.0 1.0930467084790207
27.0 1.0939346843342828
28.0 1.0263371197427003
29.0 1.0080275246279136
30.0 0.9553818828928348
31.0 0.9802720171936453
32.0 0.9448201889850948
33.0 0.9590849141973913
34.0 0.9234678916702167
35.0 0.8994925733865171
36.0 0.8644048382383899
37.0 0.8397800391964796
38.0 0.879367705325926
39.0 0.9105941998595485
40.0 0.9168858713962409
41.0 0.9408488653149806
42.0 0.9644873653974766
43.0 0.9654758493421081
44.0 1.0185013719054865
45.0 0.9782893452079425
46.0 1.073620531498294
47.0 1.0712073489570644
48.0 1.098750070260118
49.0 1.1106807281146787
50.0 1.1445336239886619
51.0 1.1411192619004098
52.0 1.1651912587497275
53.0 1.1101650927877225
54.0 1.1020252146078067
55.0 1.064517610455021
56.0 1.0309040342263351
57.0 1.0258483770223488
58.0 1.014183013767436
59.0 0.995879177868573
60.0 0.9837243618023075
61.0 0.978862033223767
62.0 0.9048394912326593
63.0 0.887789997530596
64.0 0.8771132730217516
65.0 0.8531882887267317
66.0 0.9060195731151742
67.0 0.8516403805183448
68.0 0.9536036663539657
69.0 0.9320779532901166
70.0 0.964888196191178
71.0 0.9813092681029953
72.0 0.9378186564750384
73.0 1.0301325019215788
74.0 1.0406170155853263
75.0 1.0815173872891388
76.0 1.1002870815788202
77.0 1.108047264333495
78.0 1.1013272848748326
79.0 1.1378350296723965
80.0 1.086494597525207
81.0 1.120074772888582
82.0 1.1172276223218789
83.0 1.067831907121025
84.0 1.0587993788520507
85.0 0.9826937293319716
86.0 1.0157323456297875
87.0 0.9232973799217681
88.0 0.9670917368239258
89.0 0.940941849998496
90.0 0.9419259771356931
91.0 0.900890384058949
92.0 0.8917223046457009
93.0 0.8689888861096311
94.0 0.8673254345121069
95.0 0.924014509609131
96.0 0.9170245047422952
97.0 0.9471622846841538
98.0 0.9060385865931234
99.0 0.9337513319596745
100.0 1.0153254069186781
101.0 1.035913088638824
102.0 1.0469651653148402
103.0 1.019191859625974
104.0 1.0758390169301932
105.0 1.1082605998891368
106.0 1.1209671496748812
107.0 1.172731332567214
108.0 1.1466157996756334
109.0 1.083753292293176
110.0 1.1115719738260215
111.0 1.0646188631592377
112.0 1.0877744539872976
113.0 1.017592633376782
114.0 0.9887129791623447
115.0 1.0220635866922856
116.0 0.9754280242349254
117.0 0.9496642241578491
118.0 0.9427307457854224
119.0 0.8736714518540902
120.0 0.8432565944171801
