Time NormalisedFlux
0.0 0.9956157114765802
1.0 1.024364647560846
2.0 1.0719647977134457
3.0 1.0605614912406194
4.0 1.0904420862267539
5.0 1.096467040582652
6.0 1.0960794872021697
7.0 1.1922878588174766
8.0 1.252469825743665
9.0 1.2479845205739255
10.0 1.0885287588352537
11.0 1.162749502075023
12.0 1.2101378349313896
13.0 1.2245627806448416
14.0 1.2573591408891778
15.0 1.1129786946982554
16.0 1.1459304651313988
17.0 1.1370450410110455
18.0 1.0905682902389475
19.0 1.0800221171916142
20.0 1.0674763131292024
21.0 1.054319777697729
22.0 0.9605473780282339
23.0 0.9657542850391684
24.0 0.9542632524494095
25.0 0.9580210435990855
26.0 0.9159860923801104
27.0 0.8783633921481644
28.0 0.8489218820568694
29.0 0.8328082726013109
30.0 0.7746340038591171
31.0 0.808737291643572
32.0 0.7547271212889464
33.0 0.8101972368945888
34.0 0.7665835624974023
35.0 0.8133957153888843
36.0 0.8437880022021425
37.0 0.7926645322579315
38.0 0.8718647064232374
39.0 0.8350646873673314
40.0 0.872314275032575
41.0 0.896811779246821
42.0 0.9322147425441836
43.0 0.8803479376730363
44.0 0.9881333349265066
45.0 0.9825078952879218
46.0 1.0463071934176709
47.0 1.1334571996773204
48.0 1.1047438569828263
49.0 1.112371065274777
50.0 1.160367198348795
51.0 1.2220395583673203
52.0 1.1808578790416135
53.0 1.2247858406761676
54.0 1.2110460402998435
55.0 1.1968139231875043
56.0 1.1477685776873903
57.0 1.1935866064559322
58.0 1.242995205493931
59.0 1.1514384661633612
60.0 1.1654916308222552
61.0 1.1415964379097083
62.0 1.1502135721697748
63.0 1.050743699976453
64.0 1.112845375556143
65.0 1.0144010490660753
66.0 1.0329003173897395
67.0 0.992991491264894
68.0 0.9159517907525261
69.0 0.926605528775758
70.0 0.8646459619151591
71.0 0.9423131933656791
72.0 0.8419037934925845
73.0 0.8614954939302767
74.0 0.7980044909781375
75.0 0.8330423540013169
76.0 0.8100450999624339
77.0 0.7425907308193391
78.0 0.8063788869945399
79.0 0.818756471358007
80.0 0.7979818930396371
81.0 0.8485095875415335
82.0 0.8747584751887706
83.0 0.8363724522702863
84.0 0.8648107928134616
85.0 0.9472380905162483
86.0 0.9327939993312919
87.0 0.9851952484516443
88.0 0.9769211693812283
89.0 0.9983428046989371
90.0 1.1183881836288723
91.0 1.0703504369707075
92.0 1.082786320185232
93.0 1.1911159312652655
94.0 1.1651086133605408
95.0 1.134066200615177
96.0 1.2230207240813542
97.0 1.186301350808696
98.0 1.2875227698605487
99.0 1.1639282199961751
100.0 1.1866084899380598
101.0 1.1929591413547354
102.0 1.1518706674087404
103.0 1.2004744452348888
104.0 1.1521993644129265
105.0 1.1658122242489775
106.0 1.152664555309518
107.0 1.097224633036823
108.0 1.0099951872199493
109.0 0.9917073430196076
110.0 1.0219565524795153
111.0 0.8884716327904214
112.0 0.9191225948963534
113.0 0.9363136159125542
114.0 0.9712183647525666
115.0 0.837719382356912
116.0 0.8863596601078344
117.0 0.8399683298214388
118.0 0.8109186991712001
119.0 0.7811894177106253
120.0 0.7785060320574931
