Time NormalisedFlux
0.0 0.7479404698506109
1.0 0.9579801459723882
2.0 0.9050563106103644
3.0 1.0852343065923986
4.0 0.9020600069763762
5.0 0.9065780165320412
6.0 0.9191860291491787
7.0 1.1546211649901357
8.0 1.1095244600991798
9.0 1.1795003774128707
10.0 0.897111973892547
11.0 1.1380697304935359
12.0 0.9205838300047315
13.0 1.1132341090484312
14.0 0.8776427989233258
15.0 1.0560038558791558
16.0 1.0382708494959916
17.0 0.7541958057948009
18.0 0.991954781225591
19.0 1.1256007349465116
20.0 0.9791373685933631
21.0 1.1388871026186584
22.0 0.9675775527555008
23.0 1.2008668297443656
24.0 1.0174811476309829
25.0 0.8595752678096482
26.0 1.1182709813287315
27.0 1.1729914525174578
28.0 0.9000670800199457
29.0 0.9470146714043857
30.0 0.9970618280887346
31.0 1.0607210532457678
32.0 1.1399853041589436
33.0 0.974327313267389
34.0 0.9398383781353576
35.0 1.0129108829202143
36.0 1.170164475169667
37.0 0.9579352052401965
38.0 0.9266337557908244
39.0 1.1771983783552287
40.0 0.9191001158132799
41.0 0.952203873316328
42.0 0.9383309052497747
43.0 1.1165915774835649
44.0 1.054260119672728
45.0 1.1723788568458366
46.0 0.9397595829353398
47.0 1.0426949095595524
48.0 1.0467824541265422
49.0 1.003549862889875
50.0 1.0058940329969877
51.0 0.9694990935325399
52.0 0.9282864702914968
53.0 1.005278603031271
54.0 0.7732148979454542
55.0 0.9544646925208229
56.0 0.8446460202886843
57.0 0.9266127823550062
58.0 1.1097540406315363
59.0 1.0559621988351453
60.0 0.925786042013655
61.0 1.060672171109617
62.0 1.0783651363653084
63.0 1.0151181121809008
64.0 1.080471376662769
65.0 0.9322535741186162
66.0 0.9275510643140246
67.0 0.9543937051550916
68.0 0.9565220363187021
69.0 1.1909599828202744
70.0 1.0804140749143878
71.0 1.103531277730961
72.0 1.0888929354800805
73.0 1.0806504008814022
74.0 0.9905789852129337
75.0 1.2275017386704163
76.0 1.062860989242317
77.0 0.9641254708540509
78.0 1.1657418444297794
79.0 1.066591778155889
80.0 1.0870385682909096
81.0 1.0742276227285614
82.0 0.9842774259050151
83.0 0.9351347815810633
84.0 0.9429947524310055
85.0 1.0496332426607733
86.0 0.9023822057278046
87.0 1.0888520349593591
88.0 1.1420638234942548
89.0 0.9362814232802813
90.0 0.9311670736421536
91.0 1.0233118035578221
92.0 0.9304334978307066
93.0 1.1039790956723614
94.0 0.8838925332992171
95.0 0.8775439874373078
96.0 1.2083976042967874
97.0 1.0572609627824632
98.0 1.161400383048958
99.0 1.079601127061251
100.0 0.9384153024082303
101.0 1.0336355761422376
102.0 1.0396181971356868
103.0 0.9104974649066229
104.0 0.9720220408425396
105.0 0.9942210703133367
106.0 1.0293234169071903
107.0 0.7715071282116246
108.0 1.0537609033803343
109.0 0.8732354782891075
110.0 1.098191415789478
111.0 1.0059896143136673
112.0 0.8916196534338361
113.0 0.9565754549359027
114.0 0.9942133913006016
115.0 1.1211385678204686
116.0 1.0348661426117332
117.0 1.0733639763908789
118.0 1.0335028306582288
119.0 1.1280736000050415
120.0 0.8555756538326363
