Time NormalisedFlux
0.0 1.1437225237386552
1.0 1.0644696076685767
2.0 1.126450739255868
3.0 1.0764751971499271
4.0 1.0530328187652531
5.0 1.001843673806707
6.0 0.9556952391086357
7.0 0.9494756435987838
8.0 0.9302056498633461
9.0 0.9397391248996533
10.0 0.8970690966671853
11.0 0.8433567319472081
12.0 0.8599858324630327
13.0 0.8129994966255952
14.0 0.8239067569307438
15.0 0.7663973509678071
16.0 0.7621484045716332
17.0 0.7874989610900731
18.0 0.8109820387516731
19.0 0.8499738614025422
20.0 0.832740483578706
21.0 0.8902935127043409
22.0 0.8029316265663962
23.0 0.8798025171427925
24.0 0.8633666347832677
25.0 0.903464913090195
26.0 0.9745558081610304
27.0 1.0377599064744116
28.0 0.9906829471132369
29.0 1.0565183562653566
30.0 0.9877277948583659
31.0 1.0953475857224144
32.0 1.1209697556917226
33.0 1.0802752349217366
34.0 1.1646241057149995
35.0 1.2274754055322246
36.0 1.1818979660529876
37.0 1.2626025773480578
38.0 1.20018496579498
39.0 1.1583401844595498
40.0 1.1792525462758912
41.0 1.1894146842171311
42.0 1.191680618806945
43.0 1.1880940431786953
44.0 1.168549011284335
45.0 1.1195121397083123
46.0 1.1135478714386382
47.0 1.1095249744700997
48.0 1.0755212219722623
49.0 1.0624330211363853
50.0 0.9489864718600469
51.0 0.9804854308281991
52.0 0.9128501992263276
53.0 0.8828878323436513
54.0 0.9806085405945202
55.0 0.8862192675759721
56.0 0.7981475611370116
57.0 0.863393832763612
58.0 0.760476346697515
59.0 0.7697743244282642
60.0 0.7921551972081712
61.0 0.7556577003037597
62.0 0.7794264345050327
63.0 0.8364499694050599
64.0 0.8418668059529381
65.0 0.7999169988435166
66.0 0.8833925073960764
67.0 0.9162184480290472
68.0 0.8651090613945109
69.0 0.9448472945001432
70.0 0.9226957098937482
71.0 0.9719961476886767
72.0 0.9778162599313357
73.0 1.0652570529159382
74.0 1.0746274475862312
75.0 1.0972941811158108
76.0 1.0695338045041627
77.0 1.1288719986192626
78.0 1.1614148482488171
79.0 1.2303457330207097
80.0 1.1571853829940584
81.0 1.2164334650255177
82.0 1.2033601004329773
83.0 1.166704695730664
84.0 1.1751391984622097
85.0 1.2002740752711425
86.0 1.1827412506490527
87.0 1.1469442751493437
88.0 1.1901906378622136
89.0 1.1724605082330435
90.0 1.1326600318523985
91.0 1.0692296059963429
92.0 1.0626228339015757
93.0 1.0186967584469693
94.0 1.0136658362125632
95.0 0.9840585744350305
96.0 0.9502921202052024
97.0 0.9935506038091465
98.0 0.9316704928545819
99.0 0.8885733763240624
100.0 0.8297267489879061
101.0 0.8249898451456977
102.0 0.7984796408204586
103.0 0.8623413286704168
104.0 0.7693650398847539
105.0 0.8060945077848894
106.0 0.7502809361153061
107.0 0.8051551004851041
108.0 0.8119006478996758
109.0 0.8052632471265461
110.0 0.8717121296406783
111.0 0.8510698111561014
112.0 0.8057508991850078
113.0 0.8829213260427095
114.0 0.9450013611871172
115.0 0.903229791645835
116.0 0.9907095577638644
117.0 0.9730905423754147
118.0 0.9752499737566637
119.0 1.0952452567024256
120.0 1.1281578351892618
