Time NormalisedFlux
0.0 0.7857731242176367
1.0 0.8062797124820151
2.0 0.7950652516827782
3.0 0.8267074866055902
4.0 0.8925735887447696
5.0 0.8712369678719724
6.0 0.873164139103445
7.0 0.8950976432137018
8.0 0.8731359717422942
9.0 0.9634535812586034
10.0 1.0100970882151339
11.0 1.030813477577801
12.0 1.032949116981213
13.0 1.0794549462459884
14.0 1.1201646180153604
15.0 1.1431476934411489
16.0 1.1498717612815363
17.0 1.1997533392403437
18.0 1.124792069480867
19.0 1.212231712927534
20.0 1.1943402038600393
21.0 1.217921513009327
22.0 1.1890640597518622
23.0 1.1863118494521576
24.0 1.1769811552386706
25.0 1.1680792049606383
26.0 1.2292288684452362
27.0 1.197883151571698
28.0 1.124795706914364
29.0 1.130027688785141
30.0 1.096637254847478
31.0 1.0588391483134694
32.0 1.008392221809304
33.0 1.0098124891830738
34.0 0.972004177269427
35.0 0.9273384050913346
36.0 0.8961239381273759
37.0 0.9415732984392503
38.0 0.8934908508013079
39.0 0.8619605201508969
40.0 0.8353304452921237
41.0 0.7855594830474669
42.0 0.7677841205574509
43.0 0.8536401730414708
44.0 0.8657892086568119
45.0 0.7987133617136417
46.0 0.8082389397436142
47.0 0.8357170068811111
48.0 0.8191369385621865
49.0 0.7836066390372504
50.0 0.8525138564252549
51.0 0.8460193599840233
52.0 0.8789397060834695
53.0 0.8800853550909049
54.0 0.9164939979284968
55.0 0.9133256969585083
56.0 0.9840749706390901
57.0 1.0210209101673047
58.0 1.035655400447799
59.0 1.0136499726747958
60.0 1.1246465489979707
61.0 1.0984884189757822
62.0 1.1599661902635663
63.0 1.1088741343318866
64.0 1.1998014787501001
65.0 1.1767408982530108
66.0 1.1812185239725543
67.0 1.1614253919590438
68.0 1.1444496972097156
69.0 1.2335437929003983
70.0 1.168063783697446
71.0 1.2412510914226857
72.0 1.1652842163792687
73.0 1.1557782449450975
74.0 1.1717563727122846
75.0 1.1308777737673064
76.0 1.135294754390378
77.0 1.0481857199229963
78.0 1.0894232822774597
79.0 1.05670022716914
80.0 0.9769081587038125
81.0 1.0523276363573868
82.0 0.9331598064480018
83.0 0.9613732663510802
84.0 0.8626607597573851
85.0 0.9145002918837122
86.0 0.8476872630383558
87.0 0.8032013267791849
88.0 0.7627658029580164
89.0 0.8235399716744474
90.0 0.841844070084521
91.0 0.8289110520440761
92.0 0.8364447993864379
93.0 0.8107146377553759
94.0 0.8336937617851251
95.0 0.8005274545200722
96.0 0.8305722388705035
97.0 0.8454807802291491
98.0 0.9098217132147386
99.0 0.9004393876524242
100.0 0.921392756821115
101.0 1.0002086670778592
102.0 1.0049752413685265
103.0 0.9930398334368925
104.0 0.9403791219321315
105.0 1.0535685229846643
106.0 1.092547353742509
107.0 1.0648540105669746
108.0 1.0855780404552433
109.0 1.1910254155779159
110.0 1.2217948553322941
111.0 1.1762637578852
112.0 1.2364727571121463
113.0 1.1576202061395973
114.0 1.2195654547655281
115.0 1.2074174109822349
116.0 1.2411573839078254
117.0 1.1252157039395023
118.0 1.2101605428521671
119.0 1.1721056601537256
120.0 1.1772940536264795
