Time NormalisedFlux
0.0 1.0325708975609398
1.0 1.0254329413718724
2.0 1.064587869014435
3.0 1.0366066984500533
4.0 1.0745244619284282
5.0 1.090426379973477
6.0 1.141818850461906
7.0 1.1248768459268417
8.0 1.1561568584682202
9.0 1.131065240565453
10.0 1.1076118550441527
11.0 1.1110437635049406
12.0 1.1392407227505346
13.0 1.183742683898798
14.0 1.1619076246070765
15.0 1.1399039677917822
16.0 1.2187152605104143
17.0 1.1293669890457694
18.0 1.1451940655838886
19.0 1.131898375589136
20.0 1.1704436694828921
21.0 1.210844270329623
22.0 1.2337507786617392
23.0 1.281402397669544
24.0 1.219922572576744
25.0 1.2808649226605038
26.0 1.1778850310503945
27.0 1.1933232358734225
28.0 1.2258030744512134
29.0 1.2127407520504483
30.0 1.1608587332587927
31.0 1.1352293510764258
32.0 1.203517439568763
33.0 1.1779052008942472
34.0 1.1687597313160987
35.0 1.1888395122447395
36.0 1.1266136816238836
37.0 1.1686230792546397
38.0 1.1509292001833453
39.0 1.0984007097988437
40.0 1.0245237528625906
41.0 1.105728147371773
42.0 1.0671305691172195
43.0 1.0099702509318134
44.0 1.0657599070801758
45.0 1.039599802854259
46.0 0.9965836813078218
47.0 0.9775410193601676
48.0 1.0135827807517972
49.0 0.9209845671665641
50.0 0.9185643630782967
51.0 0.8978255682642878
52.0 0.8984235950911681
53.0 0.9072171198013795
54.0 0.9161246796976623
55.0 0.9209324030223551
56.0 0.8999071132083297
57.0 0.8742151055409555
58.0 0.8399465466140392
59.0 0.8504165271555404
60.0 0.8385386132641085
61.0 0.8118807780480782
62.0 0.8456819609855387
63.0 0.7893869989942132
64.0 0.8083976045254312
65.0 0.8684822064946334
66.0 0.8036680759260872
67.0 0.8115295771206866
68.0 0.8352299400962552
69.0 0.8553701829344658
70.0 0.8212320511548008
71.0 0.8152483949249578
72.0 0.8253730230196885
73.0 0.8715457956839252
74.0 0.8773008260931563
75.0 0.8200291639967174
76.0 0.800944415826809
77.0 0.8054432676053707
78.0 0.8041522373878601
79.0 0.9007294940979945
80.0 0.9039539620994538
81.0 0.8316369977686335
82.0 0.860548716389338
83.0 0.9386907777929517
84.0 0.9041356123927028
85.0 0.9256542395344906
86.0 0.881743551029206
87.0 0.9231049683907376
88.0 0.8652054639734065
89.0 0.920969721405405
90.0 0.9788066686787377
91.0 0.9030291931546531
92.0 0.9764235391663404
93.0 0.9793081583868355
94.0 1.0148394644155116
95.0 1.0222029623120314
96.0 0.9607801010053537
97.0 1.016319720573427
98.0 1.0546739668418896
99.0 1.0879175865663373
100.0 1.0870490983294543
101.0 1.0293600254036124
102.0 1.056431545498882
103.0 1.1358163954622784
104.0 1.0839439257345127
105.0 1.161925352766663
106.0 1.138996169425148
107.0 1.1222735854900423
108.0 1.194946413869667
109.0 1.1182024375900077
110.0 1.175339954127699
111.0 1.170127034604015
112.0 1.1692364871018015
113.0 1.2166048549234358
114.0 1.1439755873336175
115.0 1.1882368091270936
116.0 1.1644915795883777
117.0 1.2283157485790703
118.0 1.2133233295629817
119.0 1.1679930930589237
120.0 1.1855617536600482
