Time NormalisedFlux
0.0 0.9273211140526563
1.0 0.9463724814307749
2.0 0.9095708306846585
3.0 0.8953653915956264
4.0 0.9043261897275819
5.0 0.8940894948657564
6.0 0.8936542862831921
7.0 0.9517575535793457
8.0 0.9929578111930949
9.0 1.0312008267508093
10.0 1.0268315214910155
11.0 1.0520461975500324
12.0 1.0507468742322343
13.0 1.096135389999179
14.0 1.13201270466678
15.0 1.0975249590304665
16.0 1.0995808362358244
17.0 1.066845344940556
18.0 1.100009859943828
19.0 1.0386795513772777
20.0 1.0543029839789702
21.0 1.0410679696176692
22.0 1.0172374550456713
23.0 1.044117021889487
24.0 1.0337208388197874
25.0 1.0512946016366855
26.0 1.0619072703077284
27.0 1.0369813651708746
28.0 1.0020863154986266
29.0 1.0373289794042593
30.0 1.0341223244455657
31.0 1.0003542453577685
32.0 1.0095822236950942
33.0 1.0173862280925872
34.0 1.0046789102362057
35.0 0.9864114884410791
36.0 0.988204397568787
37.0 0.9544476221678888
38.0 0.9631916463955329
39.0 0.9249821432036512
40.0 0.9677734530569203
41.0 0.9431732170512851
42.0 0.9633173264571279
43.0 0.9440926821383764
44.0 0.983062720830371
45.0 0.9381388213300099
46.0 0.9503982405022614
47.0 0.9489353147671359
48.0 0.933368125506083
49.0 0.9515565434238581
50.0 0.8824840160235322
51.0 0.8830993280820628
52.0 0.8741069365854292
53.0 0.890605742459828
54.0 0.911369037296891
55.0 0.9447072406185109
56.0 0.9801447281809766
57.0 0.9954181210760756
58.0 1.0519121860574114
59.0 1.0933071823706306
60.0 1.0647161607586442
61.0 1.0933821840445364
62.0 1.085993475362254
63.0 1.097527709769361
64.0 1.0849965582952545
65.0 1.061997501529648
66.0 1.041464863681786
67.0 1.0486779792991616
68.0 1.0421329334065603
69.0 1.0287941602206432
70.0 1.0581020377074404
71.0 1.0890681131697502
72.0 1.0538170599719214
73.0 1.0178289877370563
74.0 1.0114332629565828
75.0 1.0220416957942455
76.0 1.0089139301483057
77.0 1.003666686846608
78.0 1.0116794349024132
79.0 0.9818100727659834
80.0 1.0072742243010102
81.0 0.9910413858545857
82.0 1.022645022741237
83.0 1.0241520539054136
84.0 1.0049786781712178
85.0 0.9960693899372548
86.0 0.9958518282833606
87.0 0.9750644255218144
88.0 0.9776712959525784
89.0 0.9473831081377727
90.0 0.9554923917280419
91.0 0.943068817595467
92.0 0.946243429821753
93.0 0.951943981648572
94.0 0.914656824640635
95.0 0.9794905663225436
96.0 0.9744562764164114
97.0 0.9057854096850616
98.0 0.891265123644239
99.0 0.9406346132785453
100.0 0.9141567805620365
101.0 0.9028145556446582
102.0 0.9195139187920358
103.0 0.9321718386744
104.0 0.9619413453561236
105.0 1.00128984612689
106.0 1.052372031186781
107.0 1.07254927880399
108.0 1.0747446379762133
109.0 1.1016574695051133
110.0 1.0835061767958531
111.0 1.0918997142926015
112.0 1.0700719870474387
113.0 1.0537066413200489
114.0 1.0586505830855086
115.0 1.059651281740017
116.0 1.0453509889706951
117.0 1.0546844685006227
118.0 1.0420857034117719
119.0 1.0187699171797546
120.0 1.0367302799945894
