Time NormalisedFlux
0.0 0.9731394830977502
1.0 1.0148981666879007
2.0 0.9967668912626547
3.0 0.9853325392559829
4.0 0.972619262317383
5.0 0.9963455252044691
6.0 0.9965421075755878
7.0 0.9914351442896329
8.0 0.9805086375299085
9.0 1.0212389323679407
10.0 0.9946413733249689
11.0 0.9984877010085964
12.0 0.9460023437000499
13.0 0.9819083283010371
14.0 0.9417376172940303
15.0 0.9594515188415335
16.0 0.9842603890515664
17.0 0.9551510106270572
18.0 0.9616502755180978
19.0 0.9229409648785101
20.0 0.9623291504479643
21.0 0.9259669413103733
22.0 0.938963692135702
23.0 0.9316220339666623
24.0 0.8998662405692314
25.0 0.9023775344949262
26.0 0.8988293072367908
27.0 0.9207412871431256
28.0 0.952913247963842
29.0 1.0147661980554497
30.0 0.9902947074758447
31.0 1.0263996525763852
32.0 1.062210703592388
33.0 1.0539048954702275
34.0 1.0786470223668483
35.0 1.0930463482700818
36.0 1.0613500645496583
37.0 1.0769945674552415
38.0 1.0718474872854775
39.0 1.059412212605492
40.0 1.021270853454788
41.0 1.0424567290157074
42.0 1.0262271512813268
43.0 1.0440093800733616
44.0 1.0486811212314522
45.0 1.0375758816713898
46.0 1.0304176445794335
47.0 1.0558023186171528
48.0 1.0413485622635326
49.0 1.044332777334258
50.0 1.013173265583042
51.0 0.9813166810317695
52.0 1.013606757659417
53.0 1.0018332774921366
54.0 0.9923548219467776
55.0 0.9989765700154424
56.0 1.0028419155982469
57.0 1.0044015481629947
58.0 1.0223481180432086
59.0 0.9691581193717341
60.0 0.9676549958572387
61.0 0.9626472164259449
62.0 0.9292575746456209
63.0 0.9519243783369963
64.0 0.9510490917151249
65.0 0.9534941066584618
66.0 0.9528272523803245
67.0 0.9953814350820551
68.0 0.9667345113107931
69.0 0.9401812920922479
70.0 0.9627290431687283
71.0 0.9391105518145826
72.0 0.9429696422962068
73.0 0.9132425507913013
74.0 0.8990239642898602
75.0 0.9111622587951063
76.0 0.9352525012809335
77.0 0.9461850933108027
78.0 0.9402457329102272
79.0 1.0043668645417483
80.0 1.0535556084695912
81.0 1.0666266280473253
82.0 1.0851980251473166
83.0 1.074438132658539
84.0 1.1013653383831437
85.0 1.094344365710517
86.0 1.0721141141018888
87.0 1.068621044991356
88.0 1.0671396841655474
89.0 1.0102390177456002
90.0 1.0374081916668085
91.0 1.0269401943227545
92.0 1.0409672594060473
93.0 1.0378835740214365
94.0 1.0701193262364712
95.0 1.0356311448103181
96.0 1.037563031713291
97.0 1.0228121307721243
98.0 1.0013328126075853
99.0 1.0442876208396938
100.0 1.000085028977237
101.0 1.0222098495784304
102.0 1.0020457529743523
103.0 1.0036539967637423
104.0 1.0074234940478402
105.0 1.0069743993815041
106.0 1.0262740571845121
107.0 1.0076986018724137
108.0 1.0081618529580463
109.0 0.9974845358381459
110.0 0.9574866822563202
111.0 0.9473859172463397
112.0 0.9721108421274869
113.0 0.9566594987973674
114.0 0.9694068045153701
115.0 0.981516099445138
116.0 0.9705433729787851
117.0 0.9646111355319734
118.0 0.9462904409915491
119.0 0.9715911801676962
120.0 0.9133264195339051
