Time NormalisedFlux
0.0 1.0856411958103764
1.0 1.081833340684146
2.0 1.1978327506041417
3.0 1.1419498628863414
4.0 1.089034054916943
5.0 1.1068290961976293
6.0 1.1089815433898396
7.0 1.0632470683902198
8.0 0.9740016389532267
9.0 0.9878199280504306
10.0 0.9992399126273653
11.0 0.9443141840015398
12.0 0.9752481269256236
13.0 0.9485860824974918
14.0 0.8881430273975822
15.0 0.8723026375970468
16.0 0.8178928091896976
17.0 0.8860023072406329
18.0 0.9239120342552549
19.0 0.8722740983990409
20.0 0.9736218665523226
21.0 0.9691890464386753
22.0 0.9476514570506008
23.0 1.0289185906327887
24.0 1.0563184013450155
25.0 1.029980784931497
26.0 1.0540759284013494
27.0 1.1044689145157165
28.0 1.113482151740423
29.0 1.0903634998732672
30.0 1.137315660518391
31.0 1.0934306233347708
32.0 1.1332555478859057
33.0 1.033312207383382
34.0 1.0387242736353866
35.0 1.0626292544423637
36.0 1.072919711650819
37.0 1.0160052754344853
38.0 0.9766830406268392
39.0 0.9175191597453882
40.0 0.9329681590278504
41.0 0.882549090192853
42.0 0.8864987234299986
43.0 0.8639719181614798
44.0 0.8524868812018768
45.0 0.8755225746572801
46.0 0.8821483350754105
47.0 0.900598647837614
48.0 0.9941767294196721
49.0 0.9617853406782937
50.0 0.9616106253348463
51.0 1.0051055750135052
52.0 1.0292894831542092
53.0 1.031921220477737
54.0 1.0936904744273939
55.0 1.054033292633287
56.0 1.1431140931865118
57.0 1.0885840157642979
58.0 1.1227068516266743
59.0 1.1318712203132144
60.0 1.0838230559062252
61.0 1.1069299106631265
62.0 1.0234482894830093
63.0 1.0131952184635755
64.0 1.0033671964886253
65.0 1.0101855702862188
66.0 0.9880599102535415
67.0 0.8848838254784868
68.0 0.8813773107780567
69.0 0.9202345544688885
70.0 0.8740373185999905
71.0 0.8855970381975553
72.0 0.8705787932849365
73.0 0.8719650275853668
74.0 0.8946347796986241
75.0 0.9146866629043764
76.0 0.932445701775878
77.0 0.9442301930435348
78.0 0.9973359792142991
79.0 1.0004272879293692
80.0 0.9992242753542164
81.0 1.0897763536749172
82.0 1.119113727097022
83.0 1.115633335536257
84.0 1.1203186202972044
85.0 1.146805702938416
86.0 1.06865515391162
87.0 1.1071243705054383
88.0 1.0582750022465275
89.0 1.0449093669037437
90.0 1.0038854032852422
91.0 1.00008500942094
92.0 0.9582343422486301
93.0 0.9704332137796131
94.0 0.970182144563504
95.0 0.9091928226353156
96.0 0.9380280904332802
97.0 0.8878636914143812
98.0 0.8559334597841964
99.0 0.869203080186777
100.0 0.8198270647627328
101.0 0.9220185246875975
102.0 0.9201992324136301
103.0 0.9624543633224151
104.0 0.9543340140753159
105.0 0.9522585523915547
106.0 1.056545137495627
107.0 1.0472600393560407
108.0 1.0319536837150478
109.0 1.051388748932438
110.0 1.085741218264139
111.0 1.1155162012820956
112.0 1.123517030347466
113.0 1.1540529733482148
114.0 1.1459350622992086
115.0 1.0641067802625714
116.0 1.0767302249379707
117.0 1.025169509354933
118.0 1.0108361664905632
119.0 1.024705488174504
120.0 0.9723077687709627
