Time NormalisedFlux
0.0 1.04436341097817
1.0 1.0174974341014809
2.0 1.008885133957928
3.0 1.0261990657238138
4.0 0.8421236846762483
5.0 1.1317208639617333
6.0 0.9843906090055845
7.0 1.1097850713607234
8.0 0.8992249711672052
9.0 0.8789524161451361
10.0 1.0114402259622026
11.0 1.09064944416389
12.0 1.0319349984367256
13.0 0.9856371729257444
14.0 0.8845442107053035
15.0 0.9123443517525365
16.0 1.0018599388486746
17.0 1.0859863977886766
18.0 0.9380959858106889
19.0 1.1265818332303597
20.0 1.1035212037205446
21.0 1.0549427490008885
22.0 1.0751986550269137
23.0 0.9763995890453236
24.0 1.2543625069856899
25.0 0.8876836173219544
26.0 1.0385047992423264
27.0 1.0362528325876046
28.0 0.8108928202849481
29.0 0.9540508308633585
30.0 1.0303426462581404
31.0 1.0356776734222801
32.0 0.9568721622883638
33.0 1.0033650042961362
34.0 1.0006195651300795
35.0 1.1107100103790888
36.0 1.189044238640456
37.0 0.8614609777696367
38.0 0.9518927245949476
39.0 0.9440335219227793
40.0 0.9723019136094063
41.0 0.9683612201445795
42.0 0.9129637186496173
43.0 1.0478632138579034
44.0 1.2230405029578106
45.0 0.9557620018422752
46.0 0.9542421178483477
47.0 1.0109340992151052
48.0 1.015128463217225
49.0 0.8619456425368155
50.0 1.1621119110654756
51.0 1.007625459070352
52.0 1.1335069636835573
53.0 1.1084517165535683
54.0 0.9255745449600157
55.0 1.0422546602681915
56.0 1.0088629682707937
57.0 0.6968539760094048
58.0 0.9289285623876657
59.0 1.0360824263613562
60.0 1.00676821402883
61.0 0.9870445160578346
62.0 0.9760307243205824
63.0 0.9027229241285132
64.0 0.9430439290138175
65.0 1.128104301861988
66.0 0.8007896358082907
67.0 1.0373255536227457
68.0 0.795126785187946
69.0 1.0487897056040196
70.0 1.0385103084599494
71.0 0.7958290566382623
72.0 0.9461319002145411
73.0 0.9468392698324029
74.0 1.170966208009004
75.0 1.08414573146081
76.0 0.7993618142122625
77.0 1.118982202790604
78.0 0.8893646471167163
79.0 0.9881057047256909
80.0 0.699346221913743
81.0 0.8994373196146844
82.0 0.8755297221980507
83.0 1.1951903852874932
84.0 1.1786953673818603
85.0 1.0544275029962704
86.0 1.0270313620804794
87.0 1.057040507582958
88.0 0.9058754740378002
89.0 1.0402921637783678
90.0 0.9689079259965806
91.0 1.014827709543408
92.0 1.0478606888062831
93.0 1.280145548716386
94.0 0.9088652035200484
95.0 1.0245484993387048
96.0 1.09004629295965
97.0 1.0629515433267036
98.0 1.1127986786931576
99.0 1.1113622907874918
100.0 1.0208710780250407
101.0 0.9554518771831381
102.0 0.9935304150936036
103.0 1.0763494872102193
104.0 1.0047692537852586
105.0 0.887225179995171
106.0 1.0820788779455555
107.0 1.130991795249473
108.0 0.9674789181222254
109.0 0.7992362368532466
110.0 1.0220656767080207
111.0 0.9499296472312346
112.0 0.8915496621569512
113.0 0.9506656500010842
114.0 1.17781480842721
115.0 0.9415836828881055
116.0 1.0344920120118792
117.0 0.9561252580830181
118.0 0.9194467067775561
119.0 1.0935116572285462
120.0 0.9649057503772857
