Time NormalisedFlux
0.0 0.9522118029343823
1.0 0.970669580805885
2.0 0.9524721768905406
3.0 1.002542779005025
4.0 1.0038438628689592
5.0 1.0616479681353237
6.0 1.1156779953172131
7.0 1.0841724286655419
8.0 1.1125554296968199
9.0 1.1429691978154308
10.0 1.1043654655079909
11.0 1.1115706700599313
12.0 1.1091895294874294
13.0 1.0399149905944565
14.0 1.0346261332594122
15.0 1.006841188765181
16.0 1.0111295936901046
17.0 0.9488080433087418
18.0 0.908540685412787
19.0 0.9206083727943478
20.0 0.9190506603850391
21.0 0.8667532271681329
22.0 0.8569443250868114
23.0 0.8922948347823783
24.0 0.8728699857905797
25.0 0.9332968088891985
26.0 0.9574253001235803
27.0 0.9908888288906199
28.0 1.0346785475318598
29.0 1.0239670173458242
30.0 1.0725745821432806
31.0 1.1044104403284039
32.0 1.1356003255442821
33.0 1.1275161052246185
34.0 1.163370623354244
35.0 1.107105427888622
36.0 1.099836591656471
37.0 1.0901873695886906
38.0 1.0777191107057773
39.0 0.9670385730274608
40.0 1.0156394722547901
41.0 0.955487254727177
42.0 0.9644625696941767
43.0 0.9296245197643321
44.0 0.8892282959599054
45.0 0.8628204858777556
46.0 0.850372138392503
47.0 0.8831145655050499
48.0 0.9084281262239522
49.0 0.8627041702667736
50.0 0.945887222036572
51.0 1.0095276129845956
52.0 0.9847642716503445
53.0 1.0700970617681407
54.0 1.0917739798974107
55.0 1.0187836368373988
56.0 1.1022818386839757
57.0 1.137953164207831
58.0 1.157502210922175
59.0 1.1780529376186764
60.0 1.0981459046817452
61.0 1.0798275528935217
62.0 1.0663194243868503
63.0 1.0136673143715118
64.0 0.971150036346769
65.0 0.9498810571471901
66.0 0.9308105276769819
67.0 0.9494701347636699
68.0 0.9010314287684826
69.0 0.905082383881967
70.0 0.8918769726286542
71.0 0.8268707349749677
72.0 0.8983439065153118
73.0 0.8930531589037327
74.0 0.9194112301403073
75.0 0.9516522025183801
76.0 0.9795761245210106
77.0 1.010214074091371
78.0 1.0263933893151527
79.0 1.0507712781705763
80.0 1.0702342585757454
81.0 1.0876260807204259
82.0 1.1252545429828043
83.0 1.13932523517062
84.0 1.1834327736046277
85.0 1.0859920203654612
86.0 1.049986609600776
87.0 1.0328758770833095
88.0 1.0608453741859698
89.0 0.9959921548159969
90.0 0.9711820183028395
91.0 0.9874432496933119
92.0 0.9467009156272498
93.0 0.8910278906154518
94.0 0.8656444378201452
95.0 0.8396695872914048
96.0 0.8831490312518451
97.0 0.9277190173783278
98.0 0.9038023012473098
99.0 0.9561922123547589
100.0 0.9844237692053813
101.0 0.9869743008552235
102.0 1.0505667566204164
103.0 1.0593758077749926
104.0 1.0693863283954532
105.0 1.095940242394981
106.0 1.086045706458787
107.0 1.1577193529666332
108.0 1.190847676082922
109.0 1.1416241515311076
110.0 1.0560931676035248
111.0 1.1078133875355018
112.0 1.0271618526748674
113.0 0.9913413982595639
114.0 1.0339980207385333
115.0 0.9759705869688077
116.0 0.9441529301367938
117.0 0.9261062902947003
118.0 0.906449191351732
119.0 0.8729133080848847
120.0 0.8438199453306113
