Time NormalisedFlux
0.0 0.9638324611906864
1.0 1.0057694176627507
2.0 0.9461670181690895
3.0 0.9231936118207543
4.0 0.8898981385416445
5.0 0.8773191983973175
6.0 0.8554697751680583
7.0 0.9003332097088252
8.0 0.8911111745577972
9.0 0.9330200461800403
10.0 0.9152124361515954
11.0 0.9569579274825684
12.0 0.9748447651721385
13.0 1.002615434601535
14.0 1.0449546189777996
15.0 1.0537476068700706
16.0 1.0255850619679856
17.0 1.067849688082201
18.0 1.0608419390172514
19.0 1.1570726601622137
20.0 1.1401065770807064
21.0 1.0899214215412363
22.0 1.119973791371087
23.0 1.0913544056280609
24.0 1.0195192109451987
25.0 1.0957677083882666
26.0 1.0138787322752671
27.0 0.962754256369244
28.0 1.016342808490484
29.0 0.9620333416246718
30.0 0.9479149266276014
31.0 0.9243441700629644
32.0 0.9035397864323623
33.0 0.8417289064874433
34.0 0.8920764791376815
35.0 0.8998289045553234
36.0 0.938458498661368
37.0 0.9529745095728833
38.0 0.9470085667902768
39.0 1.0034118630079993
40.0 0.9914101264515393
41.0 1.0473595289463609
42.0 0.9886467569772226
43.0 1.0650150828165346
44.0 1.1201067383043652
45.0 1.0996956964671074
46.0 1.1127588559599082
47.0 1.1575894575195014
48.0 1.1683876289110873
49.0 1.106427731391919
50.0 1.0788467385255354
51.0 1.0420426454038516
52.0 1.029988416534286
53.0 0.9877402200261871
54.0 0.9595502883879903
55.0 0.9345585192526538
56.0 0.9421592388738639
57.0 0.9140269623164896
58.0 0.8779009597428887
59.0 0.8591657206240697
60.0 0.8219579982093853
61.0 0.9071341029217515
62.0 0.8767595023826761
63.0 0.9134859365726763
64.0 0.9534087044484227
65.0 0.9520887486501624
66.0 1.0048519885011795
67.0 0.9939624659897747
68.0 1.0568953019252045
69.0 1.0508119093385722
70.0 1.051021326034452
71.0 1.1386641519968759
72.0 1.0603687197685199
73.0 1.1200114097759295
74.0 1.1737011583707055
75.0 1.1002303239474145
76.0 1.1173856143407588
77.0 1.0865646176883277
78.0 1.006855788427443
79.0 1.0121799516645258
80.0 1.020820073857379
81.0 1.0224522919892995
82.0 0.9669180165849085
83.0 0.8749829951705013
84.0 0.9689953095209569
85.0 0.8914986525526752
86.0 0.8364741241182556
87.0 0.7865486470765995
88.0 0.8582619891080657
89.0 0.8864902986582857
90.0 0.911001337501981
91.0 0.8911211684748873
92.0 0.9893831494278825
93.0 1.0043866401119736
94.0 1.0390223115743573
95.0 1.0570260043411686
96.0 1.0883488688866587
97.0 1.124581928736882
98.0 1.0608218606009578
99.0 1.1392413634491556
100.0 1.1947951840751947
101.0 1.156090064281552
102.0 1.1131848130329312
103.0 1.0498261414156074
104.0 1.0684726204051531
105.0 1.1097534934780433
106.0 1.0193746890716635
107.0 0.9902230637740485
108.0 0.9440583260216535
109.0 0.9680884473512509
110.0 0.8943285514721849
111.0 0.891985379870274
112.0 0.8878291680413086
113.0 0.8488810168802013
114.0 0.8622766836312254
115.0 0.8861804639782425
116.0 0.9152188667001162
117.0 0.9128872524080162
118.0 0.9290924436573489
119.0 0.9486175492302613
120.0 0.9821288741195142
