Time NormalisedFlux
0.0 1.0247076013641103
1.0 0.9863351904725663
2.0 0.9558279085815791
3.0 0.8802966783228745
4.0 0.9000019131914091
5.0 0.929727544493408
6.0 1.1532133941402347
7.0 1.0298194392583222
8.0 0.922897188597252
9.0 0.8553554777242688
10.0 0.965238510657293
11.0 0.7440493377214659
12.0 0.9107865439027069
13.0 1.0326260912917316
14.0 0.8372362207624888
15.0 0.954750515168104
16.0 0.9842844808562038
17.0 0.7487830544159692
18.0 0.9937009909213997
19.0 0.8167318733745149
20.0 1.045851127521202
21.0 1.0971192688744824
22.0 0.8688356999790314
23.0 1.1028071064679854
24.0 0.9896117864070613
25.0 0.9658386902639507
26.0 0.9086813088434429
27.0 0.8555086489522215
28.0 1.0667421359881524
29.0 0.9473392675476924
30.0 1.006282666023784
31.0 0.9621145784014469
32.0 1.02957227662891
33.0 0.9470730857907194
34.0 1.1245145511301962
35.0 1.0059252874117346
36.0 0.8822675769195318
37.0 1.0124203557407412
38.0 1.0188273098226956
39.0 0.7307463007018267
40.0 1.1722861259117512
41.0 0.9713950977255749
42.0 1.1810869493545635
43.0 0.9203637561442574
44.0 1.003404814773028
45.0 1.0081631966080495
46.0 1.002719231530515
47.0 1.0394981554452583
48.0 0.9169888710867629
49.0 1.1710360314571424
50.0 1.1129749708974248
51.0 0.8905267864054014
52.0 1.006614314684425
53.0 1.0842987164258673
54.0 0.9652449127207966
55.0 1.11688747297255
56.0 1.0105233631048975
57.0 0.890230816233331
58.0 1.0679052864111345
59.0 1.0156970638580742
60.0 0.9908415808577784
61.0 0.9548638740532918
62.0 1.0334763296560336
63.0 1.0433670427723312
64.0 1.0779768792516495
65.0 1.257289042854512
66.0 0.9226851682164041
67.0 0.9452175975607624
68.0 0.8826231991252143
69.0 0.8928962263428153
70.0 0.9596357428042709
71.0 1.1379198988893182
72.0 1.0169445562573987
73.0 1.0708855037204363
74.0 0.9159262874045737
75.0 0.981845581638633
76.0 1.1149062605816522
77.0 0.96086848711978
78.0 1.065880028004228
79.0 0.8357829702348228
80.0 1.1458563985609473
81.0 0.9491867309761514
82.0 1.0007267689932755
83.0 0.9682101519827029
84.0 1.0922007061887986
85.0 0.945753297030395
86.0 1.1550055849069725
87.0 0.9843162140594508
88.0 0.9051635857879583
89.0 1.1122551913217222
90.0 1.0398624238864185
91.0 0.8883083709024426
92.0 1.14863502595508
93.0 1.1159001927735468
94.0 0.882519205028603
95.0 1.0836003290469867
96.0 0.984600932529298
97.0 1.2034301793058582
98.0 0.903786177371976
99.0 1.1495802568596876
100.0 0.8962392827742176
101.0 1.0752070203311808
102.0 0.9365068539192695
103.0 0.9331187281630081
104.0 0.6656335341237088
105.0 0.9920850369906842
106.0 1.0364511509907752
107.0 0.966274063762922
108.0 0.9416639888447643
109.0 1.0467982219039784
110.0 1.0549635689748338
111.0 0.902024865461128
112.0 1.0655797282922121
113.0 0.9370338969875261
114.0 0.9080453098840119
115.0 1.2121320068758141
116.0 1.1555466379279917
117.0 0.9421770644339303
118.0 1.0439997114489483
119.0 1.0577717817321768
120.0 1.1092534670440835
