Time NormalisedFlux
0.0 1.140579228378376
1.0 0.9525789939594956
2.0 1.2334017163860527
3.0 1.0193151062715788
4.0 0.9739038553411923
5.0 1.067389293562189
6.0 0.9853375185352468
7.0 0.9162953743325958
8.0 1.1222815877254675
9.0 1.0078739197655469
10.0 1.0338243580367965
11.0 1.0424202299241747
12.0 1.0005445894766298
13.0 1.1660346086412234
14.0 1.0644946665554371
15.0 0.9248260461040906
16.0 0.9525886800667945
17.0 1.057314038048033
18.0 0.9746284801633757
19.0 0.9862484905461912
20.0 0.7853744068419568
21.0 1.0715011834901698
22.0 1.104483748626414
23.0 0.9829457558872613
24.0 1.1795302648603476
25.0 0.979807723693028
26.0 0.954477282870634
27.0 0.8860689606042903
28.0 1.128933685839807
29.0 0.9054791379647926
30.0 0.9855021173848115
31.0 1.012210306726199
32.0 0.9023520488638841
33.0 1.049168436685573
34.0 0.9638976307250476
35.0 0.901119662473144
36.0 0.9604012990125443
37.0 1.0541874936207722
38.0 1.037132654409485
39.0 0.9698834171009079
40.0 1.1327996414730235
41.0 1.0506829607531227
42.0 0.9440318094310474
43.0 0.9188989897165348
44.0 1.0099506201780657
45.0 1.0000205799252402
46.0 1.0490002330494708
47.0 0.869368722085286
48.0 0.7950600854479304
49.0 1.0028675053359566
50.0 1.0145312389457082
51.0 1.1180630083448748
52.0 1.0111199591713342
53.0 1.080641170834939
54.0 1.0217677513410166
55.0 0.892969212760144
56.0 0.9669664385950463
57.0 0.9664808521773508
58.0 1.1738954463140827
59.0 0.9340637568450136
60.0 0.9815623003972881
61.0 1.1096068695985462
62.0 0.9024430024029949
63.0 0.9675006368286883
64.0 1.040144061331881
65.0 0.9261933015504344
66.0 0.9550738697362945
67.0 1.016555917902147
68.0 0.888238207463857
69.0 0.9759075795708787
70.0 0.7279737672391751
71.0 0.984882166221463
72.0 1.1207814823837543
73.0 0.9458400261271234
74.0 1.0636785077740831
75.0 0.9811578091415533
76.0 1.0470289852935477
77.0 0.9298698815365566
78.0 1.0024839641757821
79.0 1.1295120569657622
80.0 0.9935944614358015
81.0 1.0688449278419891
82.0 0.9752347294021861
83.0 1.0895252656029317
84.0 1.1322990330663336
85.0 0.9719970821390351
86.0 0.9069064432789674
87.0 0.8887085856276247
88.0 0.9505755504589353
89.0 0.9726768363362246
90.0 1.091617773172629
91.0 0.8183238713081497
92.0 1.0466148929886054
93.0 1.0071402106778315
94.0 1.0932778449914864
95.0 1.268372620508266
96.0 0.847658944798272
97.0 1.0319917513075627
98.0 1.1355550001141141
99.0 0.9676440191755086
100.0 1.0864658982498394
101.0 1.037695386697755
102.0 1.1023388523005564
103.0 0.9623730847911081
104.0 1.0322403461259533
105.0 0.9555534267672012
106.0 0.9695959087721626
107.0 0.9532622162851655
108.0 0.7674994882663873
109.0 0.9857250897078591
110.0 1.0427616238570223
111.0 0.9738079247402701
112.0 1.0780866657258952
113.0 1.060308912782154
114.0 1.0298051324848854
115.0 1.0635007586808287
116.0 1.0363976867153795
117.0 1.1398754911482039
118.0 0.8851384673980301
119.0 0.9816180560742792
120.0 1.0313390598536787
