Time NormalisedFlux
0.0 0.9884610547920173
1.0 0.8740241652769221
2.0 1.005304117912233
3.0 1.0698588799040831
4.0 0.9159777483214899
5.0 0.9136997199575378
6.0 0.9870205637103315
7.0 0.8804949049259587
8.0 0.7218310905111698
9.0 0.9760307643754247
10.0 0.9387029202124012
11.0 0.9508997343016801
12.0 1.031345601136212
13.0 1.1600302817932997
14.0 0.9852750798544607
15.0 0.7818791312525845
16.0 0.9361464880447407
17.0 0.85704590624368
18.0 1.1051840951261327
19.0 0.9942421222087244
20.0 1.1186851304111514
21.0 0.8571839199243221
22.0 0.9966345394675777
23.0 1.0306056318396057
24.0 1.2700568904069969
25.0 1.0976921700506463
26.0 1.050112781375337
27.0 0.8384895259058958
28.0 0.9585527182322084
29.0 1.0195589766142321
30.0 1.024628587352465
31.0 0.8858700085175959
32.0 0.9658754353785194
33.0 1.0160004861262841
34.0 1.0491018783654593
35.0 1.0912916426043546
36.0 1.0536062467370046
37.0 1.1092863754368707
38.0 1.0147557940505483
39.0 0.9847481346269861
40.0 1.1681679309884347
41.0 0.8781131441165535
42.0 0.9681004973555853
43.0 1.2891512994998935
44.0 1.0443756251987977
45.0 0.9805477952040429
46.0 1.0036182711423562
47.0 0.907830811872266
48.0 0.8775431394600082
49.0 1.0224692820549242
50.0 0.8075040950030898
51.0 1.0349666951783414
52.0 0.9787604332046314
53.0 0.8486391495933809
54.0 1.171846923938364
55.0 0.9428253897918287
56.0 0.7418016217959935
57.0 0.9387910852585193
58.0 1.038023696922134
59.0 0.909609657017058
60.0 1.0553436772519476
61.0 1.0134417033677061
62.0 1.0492872539840143
63.0 0.9443420642696985
64.0 1.0480181190843059
65.0 1.0576048335969026
66.0 1.0378352239153836
67.0 1.0379601186855905
68.0 1.090764972561262
69.0 0.9946616012172756
70.0 0.7723505450093577
71.0 1.1755022048829016
72.0 1.052936665719829
73.0 1.1073090058019595
74.0 1.035171117904265
75.0 1.0512308381070214
76.0 1.0886856886425786
77.0 1.0222816346458032
78.0 1.06313373079305
79.0 0.9056282928407609
80.0 1.109300082004509
81.0 1.1390019888021616
82.0 1.1330728403626935
83.0 1.0247689626285497
84.0 1.0186850208468978
85.0 1.0995760131599086
86.0 1.0667675728298738
87.0 0.9200644354030687
88.0 1.023649342433755
89.0 1.0648266445503403
90.0 0.8335515778093283
91.0 0.9702466826420764
92.0 1.070725367680418
93.0 0.8066641610610135
94.0 1.1726978538856554
95.0 0.9214569274773258
96.0 0.9768277588972446
97.0 0.8429327889422951
98.0 1.0327646668442654
99.0 0.9368265984348173
100.0 1.0099350991210319
101.0 1.0666119682251396
102.0 1.1506907126804076
103.0 0.9342806321472773
104.0 1.0944047019136114
105.0 1.1433262077283113
106.0 1.018123791714965
107.0 0.8426918536938179
108.0 1.273331702158644
109.0 0.955673838740664
110.0 0.9917199668873115
111.0 0.8938536391050599
112.0 1.01013466166395
113.0 0.9327515026180936
114.0 1.117368227260566
115.0 0.821412549925908
116.0 1.0837871952167915
117.0 1.1464758943889157
118.0 0.968769914808362
119.0 0.9777429481521623
120.0 0.9408723631228013
