Time NormalisedFlux
0.0 1.11445261618758
1.0 1.0161140758081768
2.0 1.0021168757416268
3.0 0.7809040957669973
4.0 0.8666735695869635
5.0 0.921718555015503
6.0 0.8627720075863272
7.0 1.1302881647530878
8.0 0.965239672661329
9.0 0.941869724515652
10.0 0.9614352877107187
11.0 0.9775234622089992
12.0 1.0923048040104435
13.0 1.0620719582886178
14.0 1.0166572126513194
15.0 0.9219585930871821
16.0 0.9433914014929685
17.0 1.0238920677846945
18.0 0.9775261880323607
19.0 0.8608158577597105
20.0 1.1002358323703703
21.0 0.9273538705804181
22.0 1.0134441697977026
23.0 1.0307241880847053
24.0 0.8884463053945449
25.0 1.045532477587524
26.0 1.0707536734635652
27.0 0.9203102828050264
28.0 0.8856725916743716
29.0 0.9538799180676735
30.0 0.7838232229588599
31.0 1.0892563625382212
32.0 0.9550400485711568
33.0 0.8186490346423163
34.0 0.9997114953154312
35.0 0.9310330689412487
36.0 1.0110529237576353
37.0 0.9587404635668885
38.0 0.9939996067581969
39.0 1.0619149598721471
40.0 1.0808702914241588
41.0 0.9147614233649695
42.0 0.9450742606550543
43.0 1.1195007079150012
44.0 1.1426629243639235
45.0 0.9720820193172254
46.0 1.1406970081075092
47.0 1.092347737305999
48.0 1.1352641706254174
49.0 0.9051217457688147
50.0 0.8738233689426509
51.0 0.9104680804157579
52.0 0.8818442717409928
53.0 0.9524781288531334
54.0 1.0038960092137388
55.0 1.0297596022185076
56.0 1.2259126060473151
57.0 0.9816045163167298
58.0 0.9164101982962275
59.0 1.1207212328229152
60.0 0.9529661882355618
61.0 0.8163205275060783
62.0 0.9846006494815895
63.0 0.9453901148747375
64.0 0.9727972557915417
65.0 0.9006607360019405
66.0 0.9942393274548257
67.0 1.0865414209490116
68.0 1.0620601429987468
69.0 1.1241029587231188
70.0 0.991881187254385
71.0 0.947533503460454
72.0 0.8323865820423103
73.0 1.1300880922023093
74.0 0.957199935240733
75.0 1.0129554269233196
76.0 1.1366188493142997
77.0 1.0326957121626088
78.0 0.9390026424307663
79.0 0.8418999010435506
80.0 0.9411004163984236
81.0 1.0032503486849356
82.0 1.1815654988491622
83.0 1.098470780229002
84.0 0.975318288932863
85.0 0.8630356059406394
86.0 0.8477886447597464
87.0 1.0996522453156437
88.0 0.9766903473959297
89.0 1.075699347942508
90.0 1.092011551983325
91.0 0.8500983875102393
92.0 0.9076955837201102
93.0 1.0953032313075244
94.0 1.0425195622606749
95.0 1.1263874719501934
96.0 1.0547599114442976
97.0 0.8957399372892618
98.0 1.023214191242094
99.0 1.1151726351163602
100.0 1.0119347939022139
101.0 1.0410047280175188
102.0 1.0395028780877442
103.0 1.0985117524146282
104.0 0.9751479652026631
105.0 1.0835126146634741
106.0 1.1030944867070713
107.0 0.7782735131053854
108.0 1.1079930490372494
109.0 0.9420314807520584
110.0 0.9687427025136625
111.0 1.129063249661625
112.0 1.0024038891717786
113.0 0.9084124315306381
114.0 0.8798619536042429
115.0 0.820436107386924
116.0 1.0068555513479545
117.0 0.9211476742747389
118.0 0.9586508473224147
119.0 0.8922276189240357
120.0 0.8609055831222507
