Time NormalisedFlux
0.0 1.0187543338604195
1.0 1.0199791470201598
2.0 0.9835060670841995
3.0 0.9516442766138173
4.0 0.9447364465763995
5.0 0.9848520803247668
6.0 0.9570487055992192
7.0 0.9765571094938756
8.0 0.9250821988553459
9.0 0.894896926950736
10.0 0.9037234149561313
11.0 0.9903313012460913
12.0 1.0165095790260334
13.0 1.0934241156508053
14.0 1.1009106823623804
15.0 1.0652373822892491
16.0 1.0518575771515526
17.0 1.036506178180173
18.0 1.0228090685129718
19.0 1.022797558513272
20.0 1.0168898568305873
21.0 1.0079699298704734
22.0 1.0101996132832436
23.0 1.0054777751049873
24.0 1.029513628724022
25.0 1.0058222758323092
26.0 0.9741620361328868
27.0 0.9528805039566326
28.0 0.9658099473129507
29.0 0.9504642516739742
30.0 0.9623855721712492
31.0 0.9339828769004044
32.0 0.8813103876033699
33.0 0.9024331157078154
34.0 0.938689880900246
35.0 1.006004133111932
36.0 1.084250170942747
37.0 1.094410748730194
38.0 1.1035068818730742
39.0 1.0600568637203867
40.0 1.0514157589687607
41.0 1.048088072060768
42.0 1.0262039030131922
43.0 1.0626874129812325
44.0 1.0240713562007477
45.0 1.0224616590716566
46.0 0.9937127218598634
47.0 1.0115347561407326
48.0 1.0111541923457097
49.0 0.9379604828384154
50.0 0.9634378785798504
51.0 0.9957367036037814
52.0 0.9796928987696344
53.0 0.9527402299750317
54.0 0.9350421922706778
55.0 0.9358941385408391
56.0 0.9150838414366004
57.0 0.9346187556021808
58.0 0.9629573876158548
59.0 1.021280085226808
60.0 1.1006317545278976
61.0 1.0906344497454163
62.0 1.066630411166388
63.0 1.0659711372957428
64.0 1.0462997683012034
65.0 1.065771018032999
66.0 1.0358891329208686
67.0 1.010406121933903
68.0 1.0115077000187274
69.0 1.0050262081438173
70.0 1.0038675982722458
71.0 0.9964792587729838
72.0 0.9892567285121798
73.0 0.9611060342847045
74.0 0.9390791245460782
75.0 0.9686442595140798
76.0 0.9664550764335292
77.0 0.912369694281064
78.0 0.920992684658936
79.0 0.887364900582709
80.0 0.9191970038358974
81.0 0.9744300022849921
82.0 1.0308229949235195
83.0 1.0876006238025826
84.0 1.0783684195225116
85.0 1.08128689983865
86.0 1.0875250270656878
87.0 1.035602726957958
88.0 1.034164453431163
89.0 1.0539919255540322
90.0 1.0257775307360844
91.0 1.0138085228953442
92.0 0.9960763437314165
93.0 1.0094037943692655
94.0 0.9920430928715356
95.0 0.9712484074640416
96.0 0.9646715480251488
97.0 0.9509984955435317
98.0 0.9997170546898289
99.0 0.9749842376625898
100.0 0.9383788866968715
101.0 0.92291957009102
102.0 0.8859170100113493
103.0 0.9284345712837346
104.0 0.9491722230148866
105.0 1.0120896300521542
106.0 1.095239493219055
107.0 1.0996172524450145
108.0 1.0889212847750809
109.0 1.0568571004941691
110.0 1.0441855130859101
111.0 1.025641805838397
112.0 1.0476030134649283
113.0 1.0180435166976505
114.0 0.9826395209210196
115.0 1.0080668663939956
116.0 1.018110550291384
117.0 1.0166326190286832
118.0 0.9905494417561528
119.0 0.961604736276224
120.0 0.9582959849793576
