Time NormalisedFlux
0.0 0.9383333198160326
1.0 1.0109016928545298
2.0 0.8225811923517112
3.0 1.0683348258563516
4.0 0.8984755798377134
5.0 1.028507343589971
6.0 0.8889881381173298
7.0 1.1277950693727392
8.0 0.9638796247641573
9.0 0.8661577564614318
10.0 1.0322481649377468
11.0 0.903636789302958
12.0 1.0123720549729722
13.0 0.7465353865679474
14.0 0.8993720578040445
15.0 1.0082483599934573
16.0 1.05889974913647
17.0 0.8500264733535319
18.0 1.0445811484706333
19.0 1.1145289378939884
20.0 1.0373736689134914
21.0 1.0074156295122108
22.0 1.0220867253205952
23.0 0.70726829673237
24.0 0.9333579445433305
25.0 0.9887761475026535
26.0 1.0747449845939099
27.0 1.0741983830167026
28.0 0.9622826609749717
29.0 0.917217803883858
30.0 1.022348492515128
31.0 0.9837412601225539
32.0 1.0603148284945396
33.0 0.7738214580518261
34.0 1.1433321602858648
35.0 0.9910890731118333
36.0 1.2184951290097223
37.0 0.7838561937255346
38.0 0.937274537492999
39.0 1.0308652766253081
40.0 0.9612823488885645
41.0 0.9854737532333069
42.0 1.0099583426961256
43.0 1.0731645308612938
44.0 0.8325232524162363
45.0 1.1452923799085837
46.0 1.040666841136145
47.0 0.9856253376659887
48.0 0.8844443017941573
49.0 1.0887787792055637
50.0 1.0487804313635238
51.0 0.9082329668445797
52.0 0.9861253669764821
53.0 1.028875502934439
54.0 0.9607952825084105
55.0 0.9591313736689407
56.0 0.9794882918828948
57.0 0.9975169222808052
58.0 0.9875219291056513
59.0 1.0327222840632382
60.0 1.1904683200974382
61.0 0.9906749891841933
62.0 1.0684960216862074
63.0 0.9891404552848708
64.0 1.0145818367793233
65.0 1.0215148992765648
66.0 0.8944293370069095
67.0 1.167304511533559
68.0 0.9448374948047918
69.0 1.021313393927702
70.0 0.9609559357525954
71.0 1.0404351815311552
72.0 1.185131530269143
73.0 1.0082482215166249
74.0 1.0649616966311928
75.0 0.9831192373085126
76.0 1.0860408022428012
77.0 0.9495731379925751
78.0 0.7471589678242512
79.0 1.034617933055106
80.0 1.0614401346629105
81.0 1.040916340582832
82.0 0.9042350325979178
83.0 1.131335934488691
84.0 1.055734836189503
85.0 0.9313581258151369
86.0 1.0386828961184191
87.0 0.9750873065300945
88.0 0.9434284892446263
89.0 1.2107929046174957
90.0 1.000126965071687
91.0 0.9197262510256545
92.0 1.1174264033069718
93.0 1.0775698221416055
94.0 1.111918401906231
95.0 0.8181039293918032
96.0 0.944970004374166
97.0 1.014117152847018
98.0 1.1076862556082752
99.0 1.0311056726505685
100.0 0.9524872665702631
101.0 1.1300762379180842
102.0 0.9775787820831346
103.0 1.1937521071434118
104.0 0.9364527738361391
105.0 1.0335716297249677
106.0 1.3148249653122128
107.0 0.9677248735423436
108.0 0.9364849110442921
109.0 1.0923481517698097
110.0 0.8243467804343567
111.0 1.1277093381851055
112.0 1.1593714140986313
113.0 1.0482870596581717
114.0 0.9699087769950603
115.0 1.0029341526494695
116.0 1.0181995568350342
117.0 1.1090120299501773
118.0 1.1514274315706572
119.0 1.0231645053930716
120.0 1.068977432680643
