Time NormalisedFlux
0.0 1.136451508874179
1.0 1.1441762609891188
2.0 1.1286823297518487
3.0 1.1438438711381274
4.0 1.1413184159051106
5.0 1.0808986934743048
6.0 1.1116471551476736
7.0 1.0890628944330796
8.0 1.0740496581162613
9.0 1.0577778323792315
10.0 1.1115233820508599
11.0 1.0625380025840423
12.0 1.0381601268500367
13.0 1.0557287442143246
14.0 1.0780445645259367
15.0 1.0345196084835806
16.0 1.0333308791875435
17.0 1.029804380859997
18.0 1.01496196145102
19.0 1.0547465809392051
20.0 0.9908950449798714
21.0 0.9986010608629471
22.0 1.0153757004119044
23.0 0.9588434728021811
24.0 0.9667946870701615
25.0 0.976425723167122
26.0 1.0450088888412021
27.0 0.9685289723831934
28.0 0.946453511486583
29.0 0.9830930088668457
30.0 0.9502292565295132
31.0 0.96515659522731
32.0 0.9144435306884701
33.0 0.9583862015806557
34.0 0.9147395840337409
35.0 0.8963319193885703
36.0 0.8979203432974245
37.0 0.8775970282516152
38.0 0.9073960015294059
39.0 0.8706896674075574
40.0 0.8860482404001689
41.0 0.8473459146572523
42.0 0.9026569932678511
43.0 0.8783486665567776
44.0 0.8357223838083264
45.0 0.9090305988799767
46.0 0.8682513777927136
47.0 0.8705775059935141
48.0 0.8618264694661345
49.0 0.8928207217400145
50.0 0.8717876172524013
51.0 0.8977074703923709
52.0 0.8525229405954983
53.0 0.859952632814394
54.0 0.869466156867271
55.0 0.8817775104812257
56.0 0.9423256261258389
57.0 0.917618348622919
58.0 0.8703859747335376
59.0 0.974342682672371
60.0 0.8922434133937718
61.0 0.9083139670049323
62.0 0.972997319473928
63.0 0.9272922129924253
64.0 1.0093022512085954
65.0 0.9534221595964509
66.0 0.9758257138574927
67.0 0.9732456577946565
68.0 1.0626259112884666
69.0 0.9727587981408318
70.0 0.9901954427393751
71.0 0.992187201310563
72.0 1.0007232590085526
73.0 0.96064977468681
74.0 1.004490917054925
75.0 1.020768297100181
76.0 1.0657946272168939
77.0 1.0440913301517905
78.0 1.0538152284176436
79.0 1.0964201094476076
80.0 1.0550341674554595
81.0 1.080053772251826
82.0 1.034498669628515
83.0 1.0718219185996687
84.0 1.0855018338682625
85.0 1.0688482523765719
86.0 1.1055316986387105
87.0 1.1004321662502523
88.0 1.093130915449482
89.0 1.13118404939145
90.0 1.0952816147054132
91.0 1.145016996866984
92.0 1.0902351151340395
93.0 1.1490479805992013
94.0 1.1399834453731732
95.0 1.149064691682394
96.0 1.1544202907249184
97.0 1.146630404275569
98.0 1.1138897175365803
99.0 1.1279631391397935
100.0 1.080861780950716
101.0 1.1101055868026097
102.0 1.090803736059529
103.0 1.0898575241639348
104.0 1.126718111993279
105.0 1.1045992383863072
106.0 1.0625830804874754
107.0 1.1256264177938615
108.0 1.1002086479124225
109.0 1.073996810598217
110.0 1.034515293083604
111.0 1.045783493702204
112.0 1.0941902859761456
113.0 1.0070161186680728
114.0 1.0363455115764355
115.0 1.0319207038979223
116.0 1.018216345475195
117.0 0.974088752672801
118.0 0.9975397489608475
119.0 1.029446750990963
120.0 1.0437572698700535
