Time NormalisedFlux
0.0 0.7475165302214121
1.0 0.7891402430174902
2.0 0.8703881056529886
3.0 0.7836384499620015
4.0 0.8703491160476456
5.0 0.864032183362966
6.0 0.9094656647755132
7.0 0.9039726515562877
8.0 0.9218473932003995
9.0 0.8614073026723863
10.0 0.9503432022803602
11.0 1.0109639564880086
12.0 1.0223684880912705
13.0 1.0590975792254342
14.0 1.0673437336425011
15.0 1.1344991926315053
16.0 1.070210440969203
17.0 1.0829151889692923
18.0 1.167072800554179
19.0 1.206184668404373
20.0 1.2201283807766703
21.0 1.2593327695584144
22.0 1.1439961098816605
23.0 1.1931987002452706
24.0 1.1353987039767213
25.0 1.2004613913027042
26.0 1.1870634528081032
27.0 1.152924967512501
28.0 1.1698586087006413
29.0 1.075238556607875
30.0 1.13439940847378
31.0 1.092671917431469
32.0 1.079980240104802
33.0 1.0447050001210834
34.0 1.004295967415604
35.0 0.991303159188327
36.0 0.9356956442361896
37.0 0.9300497505079309
38.0 0.9487632578976395
39.0 0.9077466610838321
40.0 0.8567014147265343
41.0 0.8307279589453734
42.0 0.8673059304416734
43.0 0.7652308787966892
44.0 0.7872318465196074
45.0 0.8306950621450545
46.0 0.7887640619354522
47.0 0.870016510216028
48.0 0.7904463953306905
49.0 0.8908602507693313
50.0 0.8715423917511408
51.0 0.8432691047839537
52.0 0.86193157692638
53.0 0.9148058229955051
54.0 0.8857019421512823
55.0 0.9334426944471634
56.0 0.9926837228968978
57.0 1.0190692818172884
58.0 1.036984634196844
59.0 1.0312080653126776
60.0 1.0684771581414614
61.0 1.103285703228567
62.0 1.1704517767236002
63.0 1.1639786660347733
64.0 1.1819875850120194
65.0 1.2037162242695143
66.0 1.1273318969268844
67.0 1.202458928882176
68.0 1.235935902879628
69.0 1.199975884819238
70.0 1.105280085229047
71.0 1.1889461686586058
72.0 1.1673780908450777
73.0 1.1381117383940949
74.0 1.182123391460917
75.0 1.0653431349949827
76.0 1.0962166626120151
77.0 1.0139917937244398
78.0 1.0527977748178168
79.0 1.0242337123011889
80.0 0.9302557437228938
81.0 0.9412507326945839
82.0 0.926221057873861
83.0 0.9054061065243213
84.0 0.8842442784563829
85.0 0.8842855372576728
86.0 0.7786353323291852
87.0 0.8304170220708391
88.0 0.8555233574151889
89.0 0.7811717116261248
90.0 0.808606805355599
91.0 0.7721333057243187
92.0 0.7706652737676695
93.0 0.8387302682239305
94.0 0.9020825531615964
95.0 0.8339883576754219
96.0 0.873327805453261
97.0 0.9170399542787664
98.0 0.8618431771951747
99.0 0.9379643407650543
100.0 0.9038397583488663
101.0 0.9858403663678034
102.0 1.0273736368453055
103.0 1.0357901689596791
104.0 1.0753160271183635
105.0 1.1242404357013325
106.0 1.0844117160037243
107.0 1.1559191096922934
108.0 1.1325555944774865
109.0 1.177436302641497
110.0 1.205331217911772
111.0 1.1890942983832933
112.0 1.2480517599199519
113.0 1.174491258478131
114.0 1.2337889027160358
115.0 1.2388005015561943
116.0 1.1847384492810047
117.0 1.1692556728384285
118.0 1.155986503426224
119.0 1.1800013921569703
120.0 1.1645864626763565
