Time NormalisedFlux
0.0 0.9991128208790906
1.0 0.9650114036463269
2.0 1.0120085927524824
3.0 1.0160690584915943
4.0 1.1021166361872041
5.0 0.9012419613176459
6.0 0.9987668021057557
7.0 1.03255086119631
8.0 0.7820180248805065
9.0 0.8893736143033062
10.0 0.9608178686018438
11.0 0.9482103006633046
12.0 0.9369825067143246
13.0 1.139866782559032
14.0 0.9092150617718114
15.0 1.1087405174784197
16.0 0.7664413257152201
17.0 0.8819215279824885
18.0 0.9464666151943844
19.0 0.9537303507731877
20.0 0.7987775543747389
21.0 0.7021013500451132
22.0 0.9087883717111968
23.0 1.031005694757324
24.0 0.8242251127327233
25.0 0.9914351270928485
26.0 0.9731593223759453
27.0 0.8993363590002967
28.0 1.073350529579017
29.0 0.9790657461162575
30.0 0.8751006621590329
31.0 1.187972313398217
32.0 1.0052830996707607
33.0 0.8312491657945731
34.0 0.8049924881953391
35.0 1.0991815833359766
36.0 1.1077632508273492
37.0 1.0006938535440721
38.0 1.0927028113035147
39.0 0.9776986807149969
40.0 1.042246320838425
41.0 1.3139453792658489
42.0 0.9860764668119686
43.0 0.9744294954389144
44.0 1.0088873842576354
45.0 0.9423122831413915
46.0 0.8919426258658851
47.0 0.9731472415723744
48.0 0.8870176716778672
49.0 1.0890101589922259
50.0 0.9265206451694457
51.0 1.0758309032854079
52.0 0.9798790823071483
53.0 0.9627136832979676
54.0 0.8984431552585046
55.0 1.024955528603741
56.0 1.0560076431349836
57.0 1.1114628492520084
58.0 1.2080610242326508
59.0 0.8964515060578743
60.0 1.0481157589350443
61.0 1.0555688773462133
62.0 0.9509129270018285
63.0 0.9131969789979347
64.0 0.947512600800771
65.0 0.9126459111063067
66.0 1.0978968028507545
67.0 1.0779754829275834
68.0 1.2010886943810448
69.0 0.9275997828426602
70.0 1.0787878851473098
71.0 0.9572985267369047
72.0 0.8181793149517044
73.0 0.9274188280825901
74.0 1.0477523918985745
75.0 0.94499863885171
76.0 1.1156716435651222
77.0 0.943698600142996
78.0 1.2017355094036661
79.0 0.8884285519786712
80.0 0.8440274959001712
81.0 1.126307772280683
82.0 0.9914669049050225
83.0 0.975937271094207
84.0 1.0067047621519392
85.0 0.7811177647728932
86.0 1.0991389039087551
87.0 1.1234995632144635
88.0 1.0862911289092123
89.0 1.0713438409911438
90.0 0.9415260455477136
91.0 0.9079177685774906
92.0 0.9781272675498203
93.0 0.7799925506647
94.0 0.9274303208811261
95.0 0.9321358719278103
96.0 0.9829828893280561
97.0 0.8808079969340443
98.0 1.134981230215566
99.0 0.9663509643226948
100.0 0.957681662128652
101.0 1.0315649165321064
102.0 0.9389597260697268
103.0 1.128905403745924
104.0 0.9850575451625244
105.0 1.1021856449660885
106.0 1.0105499815180288
107.0 1.0344445633737414
108.0 0.9575991232249067
109.0 0.9557857159556761
110.0 0.9758780828280385
111.0 0.8844472196691973
112.0 1.0762844087875885
113.0 0.9999242814250371
114.0 0.7372607867388496
115.0 1.0964896441237946
116.0 0.9740391265343302
117.0 0.8010497510789489
118.0 0.9899528886140836
119.0 0.8271030286416036
120.0 0.9848377390264269
