Time NormalisedFlux
0.0 0.8681608438555307
1.0 0.890851587312905
2.0 0.9386603339178098
3.0 0.9341318065522091
4.0 0.969227457950665
5.0 0.9706375559079848
6.0 1.0221218791196343
7.0 1.0783340158586778
8.0 1.0786844592168385
9.0 1.0914072610565873
10.0 1.1651864985858147
11.0 1.1976768314282669
12.0 1.1083451446428556
13.0 1.0394231692296907
14.0 1.0786123707655382
15.0 1.0518919718314503
16.0 0.9977771720259745
17.0 0.9761367046043066
18.0 0.939474241968349
19.0 0.9461183304296027
20.0 0.8677883205918147
21.0 0.8461092365165285
22.0 0.8470577544789605
23.0 0.919255621144835
24.0 0.9319944759887782
25.0 0.9368340894905972
26.0 0.9612002204907218
27.0 0.9962218023258446
28.0 0.9984587476969766
29.0 1.0443796202611089
30.0 1.075317964246008
31.0 1.0772543659923397
32.0 1.1434549661941251
33.0 1.169415483990068
34.0 1.1438856985378885
35.0 1.0557745684802275
36.0 1.0907631802734377
37.0 1.0538566064544634
38.0 1.0070926048973021
39.0 0.9716857295906487
40.0 0.9420061642322236
41.0 0.9188271469602037
42.0 0.8861089410124873
43.0 0.8759329506117687
44.0 0.8822058038435012
45.0 0.8345089176075383
46.0 0.8620738130907112
47.0 0.9133713450274455
48.0 0.9789161026989834
49.0 1.0026490192025848
50.0 1.0020539991147999
51.0 0.9938821298181327
52.0 1.0715779007689086
53.0 1.0653976477601141
54.0 1.1502445221177369
55.0 1.1126168086351593
56.0 1.1058863126061294
57.0 1.105067893681912
58.0 1.0563622869782046
59.0 1.0387997543972718
60.0 1.0575338718306408
61.0 0.9815318123848643
62.0 0.9920206597310671
63.0 0.8977417781061744
64.0 0.9162085630740768
65.0 0.8826762055956385
66.0 0.8710698059248969
67.0 0.8809444000525333
68.0 0.9031677392706944
69.0 0.9336283811660179
70.0 0.9486786381357571
71.0 0.9565261691990457
72.0 0.9684187312549766
73.0 1.0203738537790519
74.0 1.0665864204609778
75.0 1.0507144520499996
76.0 1.087408256341629
77.0 1.14294686730744
78.0 1.1844906071750814
79.0 1.1102344864752804
80.0 1.0271234859906497
81.0 1.0821099395495013
82.0 1.0309446106073092
83.0 1.0240707004361238
84.0 0.9321954329026625
85.0 0.9871968405047439
86.0 0.904976457225174
87.0 0.8853478361478974
88.0 0.8691713488861147
89.0 0.820559083361414
90.0 0.8888113449775842
91.0 0.9665443675438751
92.0 0.9712075091206562
93.0 0.9592891634371021
94.0 1.0221965222745628
95.0 1.0477002509490985
96.0 1.0279587089222921
97.0 1.0902070274345486
98.0 1.0969418120062544
99.0 1.1299700344260806
100.0 1.133412450962864
101.0 1.1255084923081846
102.0 1.1179436903040951
103.0 1.0672027435797706
104.0 1.0367479979171381
105.0 0.9995608036732743
106.0 0.9794222844584577
107.0 0.9435314240552628
108.0 0.9208793091302993
109.0 0.8890870094996847
110.0 0.9001424714636793
111.0 0.8018264340705099
112.0 0.8635555446710927
113.0 0.904419847214874
114.0 0.9089410810927928
115.0 0.9531700434184555
116.0 0.9626812290385459
117.0 1.015640910394109
118.0 1.0387221347216715
119.0 1.048366139763158
120.0 1.0896315183280083
