Time NormalisedFlux
0.0 0.9923095824683209
1.0 1.0493950313248581
2.0 1.08980814755894
3.0 1.1167437861717038
4.0 1.133712469478195
5.0 1.1112475582788046
6.0 1.0853715407905002
7.0 1.0458511961792478
8.0 1.0257003931397173
9.0 0.9705594250621379
10.0 0.9445590628205655
11.0 0.9295127688708114
12.0 0.8687943408883916
13.0 0.8836687168203633
14.0 0.9400109314567493
15.0 0.932338282488415
16.0 0.9773749056121547
17.0 1.0023537200903536
18.0 1.0168938207877953
19.0 1.0596480599323295
20.0 1.0824610859937918
21.0 1.0988932614124367
22.0 1.0968484340959344
23.0 1.0760419210209087
24.0 1.073912217464437
25.0 1.0037343732909698
26.0 1.0217150281321792
27.0 0.9262749168332324
28.0 0.9441757860474281
29.0 0.8924480788197879
30.0 0.8662557010779116
31.0 0.8550566330860442
32.0 0.9074722497939962
33.0 0.9467904044226605
34.0 0.9966327320116237
35.0 1.0114509374404852
36.0 1.082853323760969
37.0 1.1204199408370286
38.0 1.1309402384341303
39.0 1.130527875544226
40.0 1.0921763896853005
41.0 1.080636183103374
42.0 1.0547490089010556
43.0 1.0081423296089937
44.0 1.0050543372189191
45.0 0.9704083703944804
46.0 0.9045695593907987
47.0 0.8368426696498373
48.0 0.8502000207294029
49.0 0.8849599602640982
50.0 0.9730225252772152
51.0 1.0100170276398759
52.0 0.9975240946232469
53.0 0.9962357128441174
54.0 1.0789328617425653
55.0 1.0981824514074594
56.0 1.1222632799155678
57.0 1.1108083711449406
58.0 1.1189016796452376
59.0 1.0581897645689264
60.0 0.9684450595992478
61.0 0.9746377761573957
62.0 0.9275680548153826
63.0 0.938978198510211
64.0 0.9242898041348745
65.0 0.8928451678060111
66.0 0.9078637816027407
67.0 0.9152322467405235
68.0 0.9990954760796363
69.0 0.9985387536838098
70.0 1.0092829492288908
71.0 1.0801287076436956
72.0 1.086246681274035
73.0 1.0839530417162204
74.0 1.1441033757052186
75.0 1.154714166423634
76.0 1.0955990277369745
77.0 1.0492543442020943
78.0 1.0475713957802428
79.0 0.990604079894798
80.0 0.9313795362306501
81.0 0.9291973263352348
82.0 0.8982221837127975
83.0 0.8309009915872513
84.0 0.9523522699569861
85.0 0.9609863356766906
86.0 0.9684109614136543
87.0 1.026209266532111
88.0 1.0811939066226983
89.0 1.041571153804567
90.0 1.110660677625609
91.0 1.1434112049468463
92.0 1.1050543296678277
93.0 1.098156759880202
94.0 1.0139852018807671
95.0 0.9997540001552571
96.0 0.9799436043197994
97.0 0.9545595907594302
98.0 0.9012337147798907
99.0 0.892308212333821
100.0 0.8247923355149007
101.0 0.925580649040233
102.0 0.9467983911367948
103.0 0.9495050590723998
104.0 1.0064891955551991
105.0 1.0171659048889075
106.0 1.0486214865988788
107.0 1.0746583443113094
108.0 1.1051183287195205
109.0 1.105590383672492
110.0 1.1273279649976875
111.0 1.1006130259752205
112.0 1.0473357561232193
113.0 0.986544927130671
114.0 0.9291779069340311
115.0 0.8941919492168768
116.0 0.9301971358563789
117.0 0.8316334983158148
118.0 0.882121213479879
119.0 0.9134012249169833
120.0 0.9369190541186141
