Time NormalisedFlux
0.0 1.2175999732243654
1.0 1.1389827371746744
2.0 1.0996851637488247
3.0 1.0092672703622054
4.0 0.9013020978139763
5.0 0.8345727172831005
6.0 0.7871078144399315
7.0 0.8081515661757923
8.0 0.8527548806804515
9.0 0.9193937562365931
10.0 1.0272623732786175
11.0 1.047970195202146
12.0 1.160583588117834
13.0 1.1331799039636536
14.0 1.1205080331783344
15.0 1.1576006235711895
16.0 1.1151361128958381
17.0 1.047207343997568
18.0 0.9219020707848339
19.0 0.8047213601684208
20.0 0.8497453237098949
21.0 0.7902775590966733
22.0 0.8272546628416922
23.0 0.922955884401298
24.0 1.0482228209751243
25.0 1.0578037096938782
26.0 1.152201109588228
27.0 1.1238566501625848
28.0 1.1620181653187132
29.0 1.1174323562857185
30.0 1.0580588810138283
31.0 0.9952231410378557
32.0 0.8575075969754601
33.0 0.8050469526985661
34.0 0.8311970874048906
35.0 0.8193380893096311
36.0 0.8547544936830789
37.0 0.9489510636402207
38.0 0.9692970470821184
39.0 1.1020941354353713
40.0 1.2271122176367237
41.0 1.2825859121540955
42.0 1.176247035488391
43.0 1.1868670259930933
44.0 1.108364193296287
45.0 0.9632646562999124
46.0 0.8939103363635003
47.0 0.8494992649146184
48.0 0.7689926109019489
49.0 0.7367465744245413
50.0 0.7900347246703796
51.0 0.8990353998549261
52.0 0.9809602168261107
53.0 1.0753278022960324
54.0 1.2125803392679761
55.0 1.1880742562896753
56.0 1.2141760068019254
57.0 1.1563817166552892
58.0 1.0893787855157282
59.0 0.9906798151460209
60.0 0.9124832536156469
61.0 0.8591720886144957
62.0 0.7739559519421539
63.0 0.8885698099382696
64.0 0.8922348466346626
65.0 0.9897269553393052
66.0 1.0356884984704746
67.0 1.0487398503315966
68.0 1.1928264430671778
69.0 1.2061869812542432
70.0 1.192295644208199
71.0 1.1693306153475955
72.0 1.0532550270675407
73.0 0.9868967320678983
74.0 0.9791550447793271
75.0 0.8138296754038566
76.0 0.7187897203381048
77.0 0.8189259996762402
78.0 0.850408666668656
79.0 0.9026199405888814
80.0 1.0263796231234714
81.0 1.1161668781224794
82.0 1.1396551676648108
83.0 1.1874571124422737
84.0 1.2210595153929833
85.0 1.1452044011113776
86.0 1.107036724872188
87.0 0.9831276794906252
88.0 1.008474962932218
89.0 0.8163564607794054
90.0 0.8555866471233309
91.0 0.8104803212242272
92.0 0.8645704756092719
93.0 0.9179981073680595
94.0 0.9585993372360095
95.0 1.0890030999976164
96.0 1.1203548314115055
97.0 1.230501691163334
98.0 1.1966385278425866
99.0 1.1276578287013745
100.0 1.0822156195700983
101.0 0.9773637885016189
102.0 0.881711396244277
103.0 0.8608317576286585
104.0 0.8330280043515237
105.0 0.7846973981791756
106.0 0.9019550781739053
107.0 0.9050593445214952
108.0 1.0409232639266328
109.0 1.1424439120170904
110.0 1.1702251532307468
111.0 1.2250579045705663
112.0 1.1619306645833647
113.0 1.0973550264568963
114.0 1.0645846403646957
115.0 0.9640474550293358
116.0 0.9048045760795005
117.0 0.7619599605357323
118.0 0.7845679229080192
119.0 0.8270549101696804
120.0 0.8590705534164901
