Time NormalisedFlux
0.0 1.0920113479939193
1.0 1.2140755389179783
2.0 1.1145181794013554
3.0 0.9552297955986021
4.0 0.8448427748383899
5.0 0.7912267124271638
6.0 0.9407449456420979
7.0 1.0721857050391201
8.0 1.1766498412045907
9.0 1.1279363444439552
10.0 1.015247457215307
11.0 0.923716764178065
12.0 0.7725301355232338
13.0 0.8364673295987415
14.0 0.9973903731639627
15.0 1.1494116606145202
16.0 1.221026681884435
17.0 1.0630058197703478
18.0 0.9135695219303119
19.0 0.7888101267258395
20.0 0.8072017130667402
21.0 0.9436161735953551
22.0 1.1298804177653587
23.0 1.1593431605485722
24.0 1.136992042368604
25.0 0.969068782013665
26.0 0.7999878798643296
27.0 0.8467286896168638
28.0 0.9231470974146738
29.0 1.072212188426279
30.0 1.2767522567050549
31.0 1.1291457886297873
32.0 0.9869211452344687
33.0 0.8196063784112162
34.0 0.859456310861778
35.0 0.8689399388718713
36.0 1.031774553958655
37.0 1.1714375593504718
38.0 1.1449157962234222
39.0 1.0535141133241077
40.0 0.9088253353254239
41.0 0.7966771550148439
42.0 0.8909011302201401
43.0 0.9546025585314097
44.0 1.1271659088626782
45.0 1.2560200004621431
46.0 1.0660542542340767
47.0 0.8781800389957973
48.0 0.7727654426970285
49.0 0.8160792859973901
50.0 1.0010111681490252
51.0 1.1368425450242594
52.0 1.239995375313195
53.0 1.0631641794114441
54.0 1.0291579945791898
55.0 0.8430963067075093
56.0 0.7794117941332543
57.0 0.9315555950354968
58.0 1.0605881327988518
59.0 1.2026109712096502
60.0 1.1238319602019196
61.0 1.0077410568425822
62.0 0.8729729133077492
63.0 0.8529451765931358
64.0 0.8822138943669383
65.0 1.0115452402937917
66.0 1.1869378580195997
67.0 1.1666376089394426
68.0 1.0467370038484913
69.0 0.8778766355789098
70.0 0.7649952793160697
71.0 0.8687248401126457
72.0 0.9987253094970769
73.0 1.1455970852965538
74.0 1.1813524292602953
75.0 1.1016363181817526
76.0 0.9209750628221517
77.0 0.821589092896576
78.0 0.8651194375907212
79.0 0.91824362825642
80.0 1.1166219663208368
81.0 1.2120048058128594
82.0 1.1501930955392805
83.0 0.9442267392548831
84.0 0.8216793405737762
85.0 0.8015278021457123
86.0 0.9324047604425101
87.0 1.080976427497126
88.0 1.2080696678983225
89.0 1.1423873730577927
90.0 1.0006755325667247
91.0 0.8768859710843048
92.0 0.7579095774886441
93.0 0.9053263521625109
94.0 1.0084936940190594
95.0 1.198651220773288
96.0 1.1331206113378365
97.0 1.1168440737174479
98.0 0.906341485079883
99.0 0.7573753038432555
100.0 0.9125700652408536
101.0 1.0149493531702174
102.0 1.1017599669038491
103.0 1.1706643480098577
104.0 1.1188804681671298
105.0 0.9291792972884003
106.0 0.892895030865184
107.0 0.88352217481564
108.0 0.9054105132250675
109.0 1.1207995265265442
110.0 1.1595196397083325
111.0 1.134768518118786
112.0 1.0064662705971668
113.0 0.9394825745057199
114.0 0.8699257026196796
115.0 0.879605804956509
116.0 1.0657763780311773
117.0 1.1879132897748141
118.0 1.1747083618318173
119.0 1.0430636555024502
120.0 0.8460839396428398
