Time NormalisedFlux
0.0 1.0988164521243542
1.0 1.210513413384617
2.0 1.2022609702433045
3.0 1.1285002071399453
4.0 1.0436792297097814
5.0 0.9468040622714292
6.0 0.8658105477562129
7.0 0.7638262419608718
8.0 0.8403251049443186
9.0 0.8451615575799021
10.0 0.940518589209429
11.0 1.0188468489038793
12.0 1.1209886727752159
13.0 1.172972761953336
14.0 1.1937713306246636
15.0 1.1656287039979432
16.0 1.122348425763994
17.0 0.9248823646963978
18.0 0.8914922860756811
19.0 0.8472045380771293
20.0 0.8023282584111253
21.0 0.793955030431413
22.0 0.8809482393378227
23.0 0.9475841181641339
24.0 1.1378453386181682
25.0 1.1522469973206955
26.0 1.1906984215396599
27.0 1.234844585151309
28.0 1.0992532433197655
29.0 1.0493077142435552
30.0 0.9801837092376501
31.0 0.8801854200778136
32.0 0.8374938568679521
33.0 0.7613483111508128
34.0 0.826275034626569
35.0 0.8844749312499469
36.0 1.0311644911370743
37.0 1.090088931953436
38.0 1.1466573440061203
39.0 1.2087625751107955
40.0 1.1278930528660764
41.0 1.1209401021874943
42.0 1.003594557824996
43.0 0.9179808073717973
44.0 0.8193366610769067
45.0 0.8242759947047781
46.0 0.7830476427592389
47.0 0.8189340087982103
48.0 0.9742201517289066
49.0 1.013958157467067
50.0 1.1444322576899366
51.0 1.171962005314669
52.0 1.2147491735997844
53.0 1.2031689072320353
54.0 1.0209334486882842
55.0 0.9775394742427862
56.0 0.8695770537943667
57.0 0.8227237496973232
58.0 0.7867764584741641
59.0 0.8108425066320187
60.0 0.8800793310016573
61.0 0.9261034939764722
62.0 1.053655432577487
63.0 1.1680222013836814
64.0 1.172053776924326
65.0 1.2208344329865168
66.0 1.1650220417716843
67.0 1.1150305398250366
68.0 1.0476898506325418
69.0 0.8353366398212224
70.0 0.8280989237135907
71.0 0.7722647261169332
72.0 0.8206658278775483
73.0 0.8683824270562759
74.0 1.007673288826113
75.0 1.0639439278140255
76.0 1.1222264693933826
77.0 1.2265261606905205
78.0 1.2101031313908577
79.0 1.1034458452696454
80.0 1.0776329779706095
81.0 0.9368883023176575
82.0 0.9286065480608405
83.0 0.7813834782511565
84.0 0.8327765237408334
85.0 0.8644873125899383
86.0 0.8951989829318932
87.0 0.9913395014144598
88.0 1.0839139671311817
89.0 1.1568004021975926
90.0 1.17363560670896
91.0 1.2297798250444771
92.0 1.1702902854230992
93.0 1.0681061624538086
94.0 0.9016242100766607
95.0 0.7911616259356068
96.0 0.762307105173851
97.0 0.8092519146937491
98.0 0.8605969039471676
99.0 0.9430327382165199
100.0 1.0223343186604912
101.0 1.056348705253269
102.0 1.1744905584669272
103.0 1.1846472342328496
104.0 1.1880164131395108
105.0 1.0679629046819095
106.0 0.989220450269659
107.0 0.9586669822183552
108.0 0.7915535507998238
109.0 0.8586925965081503
110.0 0.8083926751762078
111.0 0.8593429536341209
112.0 0.9582317355934076
113.0 1.0591145396468937
114.0 1.179591757815233
115.0 1.2102645308773203
116.0 1.1697609809853995
117.0 1.2006451014490622
118.0 1.0231174174626814
119.0 0.9034348387404589
120.0 0.8763303344589174
