Time NormalisedFlux
0.0 0.9333279632942317
1.0 0.8680977864623753
2.0 0.929087487591192
3.0 1.0277540850158315
4.0 1.131394412507711
5.0 1.0759961035743852
6.0 0.9613730738050138
7.0 0.8673215513531863
8.0 0.8815879945543896
9.0 0.9819677834248836
10.0 1.1522297633977792
11.0 1.1051203600889234
12.0 1.0043212845331788
13.0 0.9189642765059753
14.0 0.8242562607680981
15.0 1.0152022331043686
16.0 1.0493549960049444
17.0 1.1756419525398638
18.0 1.0844831921312388
19.0 0.9632197924942141
20.0 0.9017192275649545
21.0 0.9414874709650807
22.0 1.0320907294610702
23.0 1.1295990544538934
24.0 1.106788480695227
25.0 0.9865849656158698
26.0 0.871386738220231
27.0 0.9242523139780292
28.0 1.0376901838195998
29.0 1.1003969663581339
30.0 1.0935531181768547
31.0 1.0151531175983852
32.0 0.9030679899299803
33.0 0.875175877019244
34.0 0.993974340359877
35.0 1.0729553895415058
36.0 1.1622668467350026
37.0 1.0464411928528474
38.0 0.9694046972028386
39.0 0.883080066695867
40.0 0.9004666172208624
41.0 1.0831231278481595
42.0 1.0970055857606682
43.0 1.0822185776277764
44.0 0.9804817825931278
45.0 0.8419830837489682
46.0 0.9309792474493406
47.0 1.027431137117121
48.0 1.0944235387342973
49.0 1.1307268839150881
50.0 1.0148001361070547
51.0 0.9203464005076891
52.0 0.8523034456025651
53.0 0.9664943042199582
54.0 1.0584350131659666
55.0 1.1367294069298601
56.0 1.015542681707434
57.0 0.9763853122460133
58.0 0.8361576804721589
59.0 0.9182086331082393
60.0 1.0116299492083485
61.0 1.1684667209860946
62.0 1.1012596056399984
63.0 0.9581647241485193
64.0 0.8874882909393709
65.0 0.8866216747273487
66.0 0.9960228711507435
67.0 1.1444792890123723
68.0 1.068149556391609
69.0 0.9721910675556947
70.0 0.8994657560376372
71.0 0.8806225141220492
72.0 1.0227086022282423
73.0 1.087204471123768
74.0 1.1037392401335677
75.0 1.0322735778816001
76.0 0.9613384771163015
77.0 0.9094700287135343
78.0 0.9678706227627636
79.0 1.0398762501080008
80.0 1.1419361752243558
81.0 1.0588748616251789
82.0 1.0020856175341828
83.0 0.9064441618391121
84.0 0.9696116473657016
85.0 1.012256353631969
86.0 1.1444367905015855
87.0 1.0759659965100274
88.0 0.9907068767481113
89.0 0.8926636941975761
90.0 0.8752766220883779
91.0 1.027757697363091
92.0 1.068482080172478
93.0 1.091083589493593
94.0 1.0627722248502838
95.0 0.9453501858225404
96.0 0.7957393268291466
97.0 0.9343973508038059
98.0 1.0303792215274474
99.0 1.164503432113892
100.0 1.0745600861868148
101.0 0.9698081888317858
102.0 0.8641111990445027
103.0 0.9274132459453739
104.0 0.9996331368668688
105.0 1.1656140542015359
106.0 1.0179499679546036
107.0 1.0350934449390716
108.0 0.9071041336686653
109.0 0.9049936070448551
110.0 1.029111482146822
111.0 1.089244957460902
112.0 1.1170451042293863
113.0 1.0379643022386986
114.0 0.8999463633593168
115.0 0.8772998228376322
116.0 0.9899556133646805
117.0 1.0955053525475085
118.0 1.1233125294263497
119.0 1.0175784706916609
120.0 0.9920689412829885
