Time NormalisedFlux
0.0 1.003629735331113
1.0 0.9732989264142251
2.0 1.0806750752529535
3.0 1.0931286274577263
4.0 1.020125633851351
5.0 0.7864505846819358
6.0 0.9178139637648659
7.0 1.04639822335778
8.0 1.0877872684114516
9.0 1.000920733194913
10.0 1.1434417873952614
11.0 1.1342787505813479
12.0 0.8675180786151089
13.0 0.8907151101233076
14.0 1.1998072132662987
15.0 1.166995233927496
16.0 1.0634555329115711
17.0 0.9316201749721984
18.0 1.0032575098582217
19.0 1.0490716577339643
20.0 0.8928901529949851
21.0 1.024635039934722
22.0 1.150014751904468
23.0 1.0239795686638298
24.0 1.09076345327937
25.0 1.00118773784633
26.0 0.9415835183173288
27.0 0.8349025962403767
28.0 0.9610195795136859
29.0 0.8796677240058197
30.0 0.9099609072216093
31.0 1.015205149541434
32.0 1.0626120731012962
33.0 1.0671122060293212
34.0 0.9394546174491297
35.0 1.0689255578251917
36.0 0.9695975433737021
37.0 0.8671492365457648
38.0 0.9965925101493069
39.0 0.8732266595712657
40.0 0.7534856734003536
41.0 0.8156990969588174
42.0 1.0179862467246585
43.0 1.0531024155799977
44.0 1.1218678102763382
45.0 1.0636249219899696
46.0 0.8374051674870241
47.0 0.9781097215537353
48.0 0.8617625361922312
49.0 0.9000020881473385
50.0 0.9420645946517078
51.0 0.9201228234763839
52.0 1.1632009189155033
53.0 1.1882997424240123
54.0 1.1473108522030657
55.0 1.053733085979232
56.0 0.8713747634738893
57.0 1.1626526686138194
58.0 0.9462455252946466
59.0 1.1206155743678652
60.0 1.0232777087185654
61.0 0.9246195243760741
62.0 1.053713554585576
63.0 0.966072225563915
64.0 0.9798960532876929
65.0 1.1212048981094136
66.0 1.07082067193554
67.0 0.9499153156557603
68.0 1.0701717774605166
69.0 1.1736155766652956
70.0 1.038315524123855
71.0 0.9752542742858209
72.0 0.766155646988913
73.0 0.9149597096761262
74.0 1.0025368390084437
75.0 1.1228668290028354
76.0 1.002710726387018
77.0 0.9277171675659053
78.0 1.0176376815032642
79.0 1.0093890830122765
80.0 1.0839497738495412
81.0 1.044527225264435
82.0 0.9881480722492397
83.0 0.9987201286589403
84.0 1.0041743352214596
85.0 1.0133817805214456
86.0 0.916615851717988
87.0 1.155783343473301
88.0 1.0407476885603988
89.0 1.078587773715766
90.0 1.0754117679418778
91.0 0.9801439819732009
92.0 0.8679267476495302
93.0 0.9238159560014111
94.0 0.9453549582544438
95.0 1.0150341135321335
96.0 1.0805808328097715
97.0 0.8747932405314216
98.0 0.9181239186789126
99.0 0.9040509011440404
100.0 0.9686223352870207
101.0 1.1192449404288345
102.0 1.0253360032355678
103.0 0.9498209810238142
104.0 0.8869735413381938
105.0 1.0290330591905006
106.0 0.9878782699526482
107.0 0.8802120292424385
108.0 0.9234389037694525
109.0 1.0315637295802467
110.0 1.0129393813593166
111.0 0.9163104564622366
112.0 1.0496287480968212
113.0 1.0563205383972756
114.0 1.0878485272437177
115.0 1.1773403736255794
116.0 0.9670000808510969
117.0 0.9491038276823475
118.0 0.7499246960905128
119.0 1.0462539812767166
120.0 1.0982485583831585
