Time NormalisedFlux
0.0 1.06420840115022
1.0 1.016797764562065
2.0 1.0875395395695742
3.0 0.9351764391806704
4.0 1.0379739935312642
5.0 0.9941453076024833
6.0 1.0420683871449379
7.0 0.9291358961261394
8.0 0.9261699509695005
9.0 1.0074654297466092
10.0 1.029084201603651
11.0 1.0305006359943518
12.0 0.9613064894949813
13.0 0.9449370325423814
14.0 1.1963588555085258
15.0 1.0202918665132084
16.0 1.1175805938678627
17.0 1.132607274876759
18.0 1.1892983441843807
19.0 1.1162201977164028
20.0 0.9822301300305633
21.0 1.0046974252735648
22.0 1.052104085573491
23.0 0.97944251309949
24.0 0.9540550772934635
25.0 0.9095781069553579
26.0 1.042350680708685
27.0 1.1457005317303168
28.0 1.0030041651696984
29.0 0.8701589789843351
30.0 0.993347718865297
31.0 1.0753231575721134
32.0 0.8599375732660264
33.0 0.9831561167622712
34.0 1.1522393770530097
35.0 0.8759190749292142
36.0 0.9351395515940809
37.0 1.0985670372225116
38.0 0.9745758426439828
39.0 0.9323193517332155
40.0 1.1142174590575689
41.0 0.9549139613869868
42.0 1.0558648102357637
43.0 0.9582273366993329
44.0 1.0724985243705958
45.0 1.0418845653513824
46.0 1.085866642327721
47.0 0.9489186276795292
48.0 1.1159726682817925
49.0 0.9116497518705184
50.0 0.9939565214666082
51.0 1.0993320012782573
52.0 1.038306021537252
53.0 0.9419053920883561
54.0 1.0738680975056025
55.0 1.0263782263639618
56.0 0.9971166262284243
57.0 1.017092723407777
58.0 0.9438815453577403
59.0 0.9129709432043283
60.0 0.9706501127924055
61.0 1.0311637625354928
62.0 1.1339902055319455
63.0 0.95844471242262
64.0 0.8433625719978058
65.0 1.0780548536849812
66.0 0.9188311960179067
67.0 0.9755343622931428
68.0 0.9790174782849531
69.0 0.9917851548769182
70.0 1.0053583465376843
71.0 1.0399028302081887
72.0 1.1092597329311291
73.0 1.0377958312424038
74.0 1.0890750707482328
75.0 0.9114210626196102
76.0 0.954679148706043
77.0 0.9987482362019455
78.0 1.0907471775774837
79.0 0.8996187485909927
80.0 1.1394699704706854
81.0 1.1294702624500423
82.0 0.9404798802446496
83.0 0.9759246366868374
84.0 1.034763809110386
85.0 1.0401741604366728
86.0 1.0696011014635556
87.0 1.0558248174495548
88.0 0.9640281671854137
89.0 0.9029842014299232
90.0 0.9064560931147863
91.0 0.9172829435332099
92.0 1.0516496278905227
93.0 1.0039807993827767
94.0 0.9598807053798047
95.0 0.9819597043747188
96.0 1.1017729369847717
97.0 0.8616002877252625
98.0 0.9923161632995888
99.0 1.0072004020379752
100.0 1.0229115604568548
101.0 0.9894442617555084
102.0 0.9908555698080911
103.0 0.9215920397826646
104.0 0.9838786179260607
105.0 1.2345883383206888
106.0 1.0286722850580188
107.0 1.0555009177932924
108.0 1.1442975355385672
109.0 1.081347653172072
110.0 1.1561316835219277
111.0 0.896772935979688
112.0 1.1567327269449175
113.0 0.936505684327352
114.0 0.9383751469627624
115.0 1.0244720148898647
116.0 1.048988532962822
117.0 0.9686559801432606
118.0 0.9278967300189754
119.0 0.8201233326475259
120.0 0.9989629654119145
