Time NormalisedFlux
0.0 0.9897002501507789
1.0 1.0077777543184963
2.0 0.9867857089555546
3.0 0.9612140294464911
4.0 0.9879410274366468
5.0 0.9809263815951281
6.0 0.9629460260571111
7.0 0.9703040365601172
8.0 0.9274185931763871
9.0 0.9231738981018494
10.0 0.910470531019768
11.0 0.9492095634044511
12.0 1.0185309118065529
13.0 1.0779942790931196
14.0 1.0890690616629701
15.0 1.0501338965266427
16.0 1.077159442914822
17.0 1.0598880859656288
18.0 1.0369206786946392
19.0 1.080349409180988
20.0 1.0460684160489528
21.0 1.0226708856638942
22.0 1.0181928598892362
23.0 1.002415434084899
24.0 1.0236045026640532
25.0 0.9499095926836982
26.0 0.9917682737608093
27.0 0.9618591422999198
28.0 0.9584943108646083
29.0 0.9369087084677242
30.0 0.9496198918809711
31.0 0.9378707517999669
32.0 0.9377533591308432
33.0 0.8922749036085991
34.0 0.8852530899858558
35.0 0.9363089204548927
36.0 1.0040944320702256
37.0 1.0680259827907836
38.0 1.0995057302275233
39.0 1.0895873002909544
40.0 1.0843895705835422
41.0 1.0571819123665025
42.0 1.0409041160613777
43.0 1.088450566808771
44.0 1.0592800156758801
45.0 1.0293689842732292
46.0 1.0002003615437012
47.0 1.016357303301506
48.0 0.9993727032604979
49.0 0.9727560248514773
50.0 0.9701279063087985
51.0 0.9810037064768307
52.0 0.9879777103490818
53.0 0.9250830577717367
54.0 0.9808188232229541
55.0 0.9690948908238551
56.0 0.9115503985999693
57.0 0.8932042499702575
58.0 0.8994000138898397
59.0 0.9004261120797774
60.0 0.9761549717962246
61.0 1.0920697389932368
62.0 1.1029558088205917
63.0 1.1149345729065356
64.0 1.04529254245395
65.0 1.0588286020349855
66.0 1.039505614843747
67.0 1.0256579650810969
68.0 1.0406512530190961
69.0 1.02854633650041
70.0 0.9851498537699935
71.0 1.0252685286503251
72.0 0.9910048127360174
73.0 0.9896959224763545
74.0 1.016758505035315
75.0 0.9893117837943376
76.0 0.9714677455725834
77.0 0.96179717784485
78.0 0.9571473359556986
79.0 0.9774528414133098
80.0 0.9236936567477467
81.0 0.913393925880716
82.0 0.9118377883755577
83.0 0.8962659993593117
84.0 0.9746857396325923
85.0 1.0233339077400632
86.0 1.0629008376821631
87.0 1.0991158908297844
88.0 1.0930753945341787
89.0 1.0871740192022594
90.0 1.048735689966048
91.0 1.0411867370043857
92.0 1.037141043398578
93.0 1.0033507141523088
94.0 1.0297026017866968
95.0 0.970991609213176
96.0 0.9828469719967527
97.0 0.9603061321846192
98.0 0.9862081320330851
99.0 0.9678366331886468
100.0 0.9648571478074094
101.0 0.9788570157066045
102.0 0.9855642247253072
103.0 0.9497870534955309
104.0 0.9439445363412288
105.0 0.944952900859191
106.0 0.9099285526129597
107.0 0.8775901962926099
108.0 0.9649606144104494
109.0 0.9787128189827743
110.0 1.0854695244419252
111.0 1.078036013992647
112.0 1.0971841458064233
113.0 1.0486742486364267
114.0 1.0720463761548578
115.0 1.0538304682405029
116.0 1.0296159287770128
117.0 1.036401261557616
118.0 1.0416208683126575
119.0 1.0142062152196814
120.0 0.9786560821309332
