Time NormalisedFlux
0.0 1.0030287161608644
1.0 1.0683136591551854
2.0 1.1191509166610445
3.0 1.1044097021059551
4.0 1.066605625166558
5.0 1.0392307344597864
6.0 1.041208816276049
7.0 1.0662209853814553
8.0 1.0414913049221737
9.0 1.0354959652650764
10.0 1.0430096065451226
11.0 0.9701390082361662
12.0 0.9849895505276598
13.0 0.984454857974602
14.0 0.947374966211835
15.0 0.9830844736035926
16.0 0.9928326114649769
17.0 0.9815727991682167
18.0 0.973505466934448
19.0 0.9508995505186236
20.0 0.9472381284612568
21.0 0.9366606491057534
22.0 0.9080771914063646
23.0 0.9017992579762658
24.0 0.9341959729889869
25.0 1.0014231128833952
26.0 1.035500941262107
27.0 1.0651488948012602
28.0 1.071815249707834
29.0 1.0721492065119096
30.0 1.0584082680848559
31.0 1.0353079050225538
32.0 1.036820033861774
33.0 1.055275185281183
34.0 1.0192221500989667
35.0 1.024825743081045
36.0 0.9911419688728272
37.0 1.018430861008667
38.0 0.9875729656884334
39.0 1.0000910033907724
40.0 1.0090732081016434
41.0 0.9798615480289642
42.0 0.9776105519651969
43.0 0.9399343771411974
44.0 0.9332417388583668
45.0 0.9189624000488394
46.0 0.96182999295707
47.0 0.8890223208559491
48.0 0.9097366364837322
49.0 0.9277166155536235
50.0 0.9358540167234541
51.0 0.9805871601549487
52.0 1.0611098933611103
53.0 1.086042014672896
54.0 1.0811187423870803
55.0 1.0757672572916699
56.0 1.0457577313591324
57.0 1.0462261819865137
58.0 1.049389060251781
59.0 1.0549491914144904
60.0 1.0463844646375913
61.0 1.0246193559291095
62.0 0.9911959820434254
63.0 0.9850847195347465
64.0 0.9948882298152704
65.0 0.978722462704341
66.0 1.0112074315814465
67.0 0.9616241418510821
68.0 0.9346675190852745
69.0 0.9676014118861745
70.0 0.9716943460333584
71.0 0.9364272881306134
72.0 0.9338457323854554
73.0 0.8818238325545867
74.0 0.9090071446235188
75.0 0.9018657813610794
76.0 0.9665934070844066
77.0 1.0222952472608458
78.0 1.0945233080811256
79.0 1.1219802663585101
80.0 1.1052637578787334
81.0 1.0531068624722222
82.0 1.0476555579579756
83.0 1.0217083367536144
84.0 1.0383974934065867
85.0 1.0206136289075833
86.0 1.0310257480212817
87.0 1.0251752311615006
88.0 0.9840789079123659
89.0 1.0105274113685372
90.0 1.007198447589012
91.0 1.0030682122270516
92.0 0.9978158947465811
93.0 0.9286742941940758
94.0 1.0030592043777038
95.0 0.9534616966765811
96.0 0.9422216970230914
97.0 0.948857553101383
98.0 0.9366941237037186
99.0 0.8748950421580076
100.0 0.9045250524110621
101.0 0.9450474118997115
102.0 1.015760371862175
103.0 1.047197900593407
104.0 1.0752540336856389
105.0 1.0985954125188997
106.0 1.0615488538103275
107.0 1.0587403682882264
108.0 1.0375369376526338
109.0 1.069141149316297
110.0 1.0358364359200736
111.0 1.0446670066848578
112.0 0.9944058004434905
113.0 1.020139880737346
114.0 0.9735813308818874
115.0 1.0538288685108945
116.0 1.012473128084153
117.0 1.0132288529978979
118.0 0.966706975671834
119.0 0.9355559698658165
120.0 0.9514301818706171
