Time NormalisedFlux
0.0 1.0077342336506974
1.0 0.8750674509737069
2.0 1.0296242529562196
3.0 0.9850333683113557
4.0 0.8770263377805813
5.0 1.1322286898469844
6.0 1.0007501041216205
7.0 1.147866822510424
8.0 1.0534780856611445
9.0 1.0154450554970686
10.0 1.0295548257259066
11.0 0.8289907162394144
12.0 1.01112204539723
13.0 1.1386211553600634
14.0 1.0651695072989358
15.0 0.8745566242803968
16.0 0.8116064232462539
17.0 1.1246834831127657
18.0 0.9453463588924667
19.0 1.116167292120148
20.0 1.0145744330206787
21.0 1.038772375583253
22.0 1.0507704719327031
23.0 0.8287643952700516
24.0 0.8958235906301744
25.0 1.1616275083176262
26.0 0.8351157741090364
27.0 1.096779386997031
28.0 1.048457983419605
29.0 1.0964251905932076
30.0 1.083780407798726
31.0 1.0051148514189228
32.0 1.0427700025298812
33.0 1.0797678999703446
34.0 0.9431045983175209
35.0 0.8347659834885732
36.0 1.029242235404337
37.0 0.7675554737158126
38.0 0.7558912044678092
39.0 0.9291616521622008
40.0 1.1857893867937355
41.0 0.9737552331805468
42.0 1.024403512282469
43.0 1.0290270524894605
44.0 0.9717238460704866
45.0 0.9539727870703225
46.0 1.0636254071706737
47.0 0.9269532200638861
48.0 1.0432202617921924
49.0 1.0943784015752744
50.0 0.9866316777222656
51.0 0.9855247998592402
52.0 1.228475887031279
53.0 1.1663948275063882
54.0 0.9123139377821115
55.0 0.9586668144247289
56.0 1.0635981354082247
57.0 0.9704890004942445
58.0 1.0704610065143665
59.0 1.1330498931083914
60.0 1.0016956526507368
61.0 0.9530290975856395
62.0 0.9423927524930521
63.0 0.9450475999334557
64.0 0.9675998000253477
65.0 1.0078669693167261
66.0 0.9787432201267389
67.0 0.9763659626750537
68.0 0.9986093858945116
69.0 0.9926111317130409
70.0 0.8346028826137201
71.0 0.957925767920511
72.0 0.9439602318914248
73.0 0.8957714349181919
74.0 1.0559828395685695
75.0 1.1341961984975388
76.0 1.1977220849605925
77.0 1.0763872911044083
78.0 0.9493236706705919
79.0 1.1443247190186911
80.0 0.9108928565943243
81.0 0.9228900700340565
82.0 0.9275244143040833
83.0 0.8628649628886128
84.0 0.883827761340494
85.0 1.0967870575233838
86.0 0.9163375104370641
87.0 1.201776675178175
88.0 1.112519277190495
89.0 0.8740440089487704
90.0 0.9413454233663743
91.0 1.2083712510808151
92.0 1.0806212327775109
93.0 0.9931501976875547
94.0 1.089514557068005
95.0 1.0163267614118485
96.0 1.034119834477023
97.0 0.9874307771647034
98.0 0.9760180596821245
99.0 0.994148750272736
100.0 0.8568202915370632
101.0 0.8895252602578226
102.0 1.1071499718642737
103.0 1.1035311956836413
104.0 1.1589667748203842
105.0 1.1351952371189844
106.0 1.1942589012338054
107.0 0.7672503107998797
108.0 0.952780659411872
109.0 1.1488429056648781
110.0 1.0090959526631018
111.0 1.0143943357112952
112.0 1.002712845152288
113.0 0.9302033687898277
114.0 0.9889705810106988
115.0 0.9261230012326147
116.0 0.9912022655431456
117.0 1.0060737319760447
118.0 1.0504996934915243
119.0 1.0553808028284488
120.0 1.0791100088187393
