Time NormalisedFlux
0.0 1.1348124178167072
1.0 0.7688769468960764
2.0 0.7373873093349641
3.0 0.8223949473699974
4.0 0.9947551728311754
5.0 0.9116035786844618
6.0 0.93393702994468
7.0 0.9127569289606151
8.0 0.8366872679757308
9.0 0.9476772728199429
10.0 1.161428954858749
11.0 0.9988467041248286
12.0 0.9670783182811065
13.0 0.9868825564390854
14.0 1.0117011202177815
15.0 0.8077708573001512
16.0 0.8965139196727554
17.0 1.1183760984692641
18.0 1.1740024124542574
19.0 1.005387268539365
20.0 0.9271548451840389
21.0 0.8405406981688968
22.0 1.1722802802158325
23.0 0.7745218798256224
24.0 0.8966814808128453
25.0 0.8976231796647398
26.0 0.8699173162978927
27.0 1.033036260201468
28.0 0.9304997045415155
29.0 1.2483740870868814
30.0 1.2359290076866498
31.0 0.9939698441851131
32.0 1.0341003860432134
33.0 0.9629884332720415
34.0 1.2159182486892837
35.0 1.0512757254933538
36.0 0.9111057963684729
37.0 1.156320211612028
38.0 1.0380411333250141
39.0 0.9693238665748573
40.0 0.9332651621069585
41.0 1.104395794111826
42.0 0.9870061351438492
43.0 1.0739078373490452
44.0 1.1335411547021967
45.0 1.120109473458425
46.0 0.9448558027970189
47.0 0.9767251352597941
48.0 1.121534622499126
49.0 1.0593051025856963
50.0 1.0820084203143254
51.0 1.1207871822673603
52.0 0.8687658459624198
53.0 1.0670271556958302
54.0 0.9526831222528716
55.0 1.0913640086296053
56.0 1.0133493654747439
57.0 0.9755543003753431
58.0 1.1477523842059218
59.0 1.0441135337421843
60.0 0.8301106574744406
61.0 0.8893036393501422
62.0 1.1124477565777784
63.0 0.9052990586847227
64.0 1.0725255642277003
65.0 1.0287456370250387
66.0 0.9229989546044957
67.0 0.9977507571120537
68.0 0.9621353442406548
69.0 0.8155233121504954
70.0 0.9701880482853291
71.0 1.0292933714872563
72.0 1.1339260378133103
73.0 1.0720060416300996
74.0 1.1860846390226119
75.0 1.111039669855693
76.0 0.9154322843821805
77.0 0.8522588914483606
78.0 0.8740647711760461
79.0 1.1188824304791856
80.0 0.8964528624087498
81.0 1.1650296125884194
82.0 0.955983348920712
83.0 1.0210945291899243
84.0 0.6676973811890359
85.0 0.9374054943557837
86.0 1.0083397828308256
87.0 0.9440194757056443
88.0 0.8969798167008404
89.0 0.9829186065491071
90.0 0.7717403431579118
91.0 1.0701302539392274
92.0 1.101612651723979
93.0 1.0697496425682573
94.0 1.082373053243439
95.0 0.9145230105203317
96.0 0.8832002760524558
97.0 0.9054388123647831
98.0 1.0386940189412022
99.0 0.8260061833283044
100.0 1.029084282734458
101.0 0.9349227990695483
102.0 1.0018980133381659
103.0 0.9124476222952377
104.0 0.9952831562048663
105.0 0.9322286570473695
106.0 1.0147826579380468
107.0 0.9319339750178318
108.0 0.9445001965039826
109.0 0.9493390295932875
110.0 1.1332628493511052
111.0 1.2633584770501762
112.0 0.8987644892514546
113.0 1.0675922926724553
114.0 1.212672804046989
115.0 1.003713435751205
116.0 1.0826433199983487
117.0 1.1007976993973547
118.0 1.0320917235374718
119.0 1.0933620375018085
120.0 1.120983773532748
