Time NormalisedFlux
0.0 1.1215989099860284
1.0 0.9487664741468208
2.0 0.887027346120702
3.0 1.0127347415323094
4.0 0.906328442710763
5.0 0.9630340517230428
6.0 0.9734385222543496
7.0 1.1210480516089538
8.0 1.188633507187809
9.0 0.934236743295881
10.0 1.0104060834162976
11.0 1.0316443017621293
12.0 0.9244279729626323
13.0 0.8557749523694268
14.0 1.1585971060043718
15.0 0.9620203118013813
16.0 0.986583552194858
17.0 1.0345415474982538
18.0 0.9722253785647217
19.0 1.0308370163536358
20.0 0.9446572016367014
21.0 0.9125074909332229
22.0 1.0294563284708664
23.0 0.8681394704728742
24.0 0.9107335856184715
25.0 1.1167695293106181
26.0 0.9477127940263907
27.0 1.0631207778872556
28.0 1.1453424729197894
29.0 0.8938001335418962
30.0 0.9790795007386216
31.0 1.0049773908970072
32.0 1.0146213140889477
33.0 0.9980820393898328
34.0 1.0041359020518286
35.0 0.9459724115161818
36.0 1.172539908803087
37.0 0.9505650655667189
38.0 0.9935656711286388
39.0 1.0120835545566935
40.0 1.018108916772015
41.0 0.8677107842728432
42.0 0.9718973779410824
43.0 1.0484386342157743
44.0 1.1632714836599245
45.0 0.949685028587665
46.0 0.6751613602435461
47.0 1.0704793670067039
48.0 1.134016821626581
49.0 0.9755961723044518
50.0 0.9045410474919915
51.0 1.0904584338869054
52.0 0.9016004544971128
53.0 0.8316508588883371
54.0 0.8936257274090105
55.0 0.9303418593346967
56.0 0.8650388038559909
57.0 1.0149115423808244
58.0 0.9540897584470264
59.0 1.0354022218297436
60.0 0.9366156336914637
61.0 0.957892543303541
62.0 1.1340321247315832
63.0 1.2216950592018954
64.0 1.018620847376663
65.0 1.1223600114014756
66.0 0.902625195273433
67.0 1.0179500586264618
68.0 1.1300647214317217
69.0 0.8901950697135477
70.0 1.0708074608190001
71.0 1.0709093436323567
72.0 1.1350423781587706
73.0 0.981035327845814
74.0 1.0919771702546301
75.0 0.9619563750879305
76.0 1.1372855619480342
77.0 0.9766972841629203
78.0 0.7980170939182408
79.0 1.1493474794698941
80.0 0.8793672900251776
81.0 0.9406186677909455
82.0 1.0491832669082315
83.0 1.0261381446692996
84.0 0.9622584530517612
85.0 0.9765149344241928
86.0 1.073195343744281
87.0 0.8685414140200606
88.0 0.8470646797660786
89.0 0.9870608747225679
90.0 1.0687760439144538
91.0 1.1121592515638237
92.0 0.9055425351561165
93.0 0.9398568606823287
94.0 1.0147309937469782
95.0 1.0887215862462036
96.0 0.9605302182308258
97.0 1.0551288712426168
98.0 0.9461078241948122
99.0 1.0636585871056112
100.0 0.9007259297142363
101.0 0.9861542482062858
102.0 0.9572818797037903
103.0 0.961329662688602
104.0 1.0448164489525982
105.0 1.0043070146119955
106.0 1.0473064859564225
107.0 0.906306178497533
108.0 0.9620901630535622
109.0 0.9027535953250837
110.0 0.9294347624449241
111.0 1.0096705347904396
112.0 0.9683824583321242
113.0 0.9676289625504207
114.0 0.9890058463685182
115.0 1.0462191998718156
116.0 0.890741969778871
117.0 1.021567674637751
118.0 0.8553294681971583
119.0 1.1016911753743113
120.0 1.0675604923116822
