Time NormalisedFlux
0.0 0.9105273438120781
1.0 0.9046834224824887
2.0 0.9144529283750691
3.0 0.9728067155684873
4.0 1.0545178742097354
5.0 1.1046613776377756
6.0 1.1284415671961139
7.0 1.1007470865452742
8.0 1.0631668462660047
9.0 1.0499819003375843
10.0 1.0465766221768213
11.0 1.0344857578891506
12.0 1.0349741129350152
13.0 1.0324841738496802
14.0 1.0085069390548702
15.0 1.014011947461243
16.0 1.0214373819273224
17.0 0.9866577411950439
18.0 0.9894049406589706
19.0 0.9536639680671647
20.0 0.9356059769525181
21.0 0.961365239318904
22.0 0.9417950655280773
23.0 0.9246131979570371
24.0 0.8810588473046975
25.0 0.9085465251688953
26.0 0.9374292982670481
27.0 1.0060496015720324
28.0 1.087571811255315
29.0 1.1044647372015859
30.0 1.0915657562930452
31.0 1.0318739560933226
32.0 1.04316301208597
33.0 1.0202449911598044
34.0 1.0477645561334807
35.0 1.003088915011271
36.0 0.9913753319827513
37.0 1.0302862913860389
38.0 0.994325957097929
39.0 0.9980242083496245
40.0 1.0034398893064627
41.0 0.9627898123416724
42.0 0.9849947679448361
43.0 0.9499856101622838
44.0 0.9642537120446253
45.0 0.9372335250460595
46.0 0.962835701020792
47.0 0.9225214547330098
48.0 0.8864700273857319
49.0 0.9214425521577277
50.0 0.9641882399930655
51.0 1.0443791734080081
52.0 1.0740888159701716
53.0 1.0825082107997235
54.0 1.0697014905426858
55.0 1.0848054300061456
56.0 1.0405578148259844
57.0 1.0657423784364832
58.0 1.0393941896867722
59.0 1.0222000650665073
60.0 1.0325295660004656
61.0 1.0191829860360564
62.0 1.0222473372545609
63.0 1.0062787087732952
64.0 0.9833800952443511
65.0 0.9863492546948647
66.0 0.959179127163106
67.0 0.9533544780644
68.0 0.9684957542666606
69.0 0.9618935958858097
70.0 0.9457514449827197
71.0 0.8947063465608135
72.0 0.8964454588403942
73.0 0.9457846063504728
74.0 1.0134300271642434
75.0 1.0424266422263637
76.0 1.1144646155620097
77.0 1.0923197185887445
78.0 1.0721304414414519
79.0 1.0502930067177902
80.0 1.0715448408202843
81.0 1.0214225157846604
82.0 1.042961809891565
83.0 1.0072056857378306
84.0 0.9761013506407612
85.0 1.015091509938065
86.0 0.9913300512824218
87.0 0.9860763286886861
88.0 1.0069510043821956
89.0 0.9730431887816224
90.0 0.9421510500668857
91.0 0.96079141721198
92.0 0.9496718249810446
93.0 0.9307405243265016
94.0 0.9056670944863708
95.0 0.9424938555153661
96.0 0.9195247675252841
97.0 0.9532211646336272
98.0 0.9985160815932184
99.0 1.0872498013188523
100.0 1.1047496538958055
101.0 1.0603766759370938
102.0 1.021090192943441
103.0 1.0728265043206129
104.0 1.0460123711265021
105.0 1.0230292244048358
106.0 1.0234984656802009
107.0 0.9954674658840807
108.0 0.991388547875327
109.0 1.0104572496042754
110.0 1.0128659580605597
111.0 1.0113387535359832
112.0 0.9853069747261666
113.0 0.9705096767708747
114.0 0.9355918932718925
115.0 0.9455458146785449
116.0 0.9605284744014191
117.0 0.9437155826892334
118.0 0.9577535437029998
119.0 0.8874784629332477
120.0 0.9593649894956513
