Time NormalisedFlux
0.0 0.9536811751368278
1.0 0.9881117518105749
2.0 1.0899867391344287
3.0 0.9659339867867385
4.0 0.9634856169388276
5.0 0.9305138347356343
6.0 1.0675146736399632
7.0 0.9269856332901509
8.0 0.9648221137882838
9.0 1.1535212070433876
10.0 1.0741908934366051
11.0 1.0070609247065463
12.0 0.892432843917479
13.0 1.0767086943663748
14.0 1.014235768581493
15.0 0.9129654477845827
16.0 0.9543492809385729
17.0 1.1082352426146282
18.0 0.8947375877026691
19.0 1.0723886670962925
20.0 1.0159919300358413
21.0 0.9827102964791163
22.0 0.8766561536337574
23.0 1.0913841427667945
24.0 0.8976544883084342
25.0 1.0620579418626164
26.0 0.8050046763041679
27.0 0.9263972606615417
28.0 0.8522012158508894
29.0 0.8728874222103717
30.0 0.9732081129449708
31.0 0.9860078179398101
32.0 1.043879422659353
33.0 1.0421140508878717
34.0 1.0302374801370944
35.0 0.975053595606799
36.0 0.7578743786636649
37.0 1.0899078662525585
38.0 1.0412696280454394
39.0 0.9560377180210151
40.0 0.959177561023607
41.0 0.9560082034950228
42.0 1.214730749886073
43.0 1.040006431479019
44.0 0.9708244946824411
45.0 1.0730995119627114
46.0 1.050612346810657
47.0 0.8978628411208027
48.0 1.1377037771394252
49.0 0.9730524866069837
50.0 1.0529313156607742
51.0 0.9061831778649658
52.0 0.954000696766006
53.0 1.1137991996144385
54.0 0.9802477144087036
55.0 0.7922675006335336
56.0 0.9493827031443526
57.0 1.0060070576283087
58.0 0.9562349938132579
59.0 0.9075311838065901
60.0 0.8955280728938284
61.0 1.0337064566684002
62.0 1.0341894903041524
63.0 0.9426366414842712
64.0 0.8960385659075919
65.0 0.870232242506609
66.0 1.1743043558776387
67.0 1.001944435837039
68.0 1.0343917981572455
69.0 1.003770455693329
70.0 0.8671863373839287
71.0 1.008172615157637
72.0 0.9721134612911857
73.0 0.9389577809930327
74.0 1.0777854397918842
75.0 1.067545837055627
76.0 1.0306675529690859
77.0 0.9713569165666016
78.0 1.0054927476134972
79.0 1.0337402153788098
80.0 1.14397421160319
81.0 0.8120803609222353
82.0 0.8613917238930332
83.0 1.0514612168264685
84.0 0.9605120239878863
85.0 1.0810001601845594
86.0 0.9613109597966706
87.0 1.1113401771377578
88.0 1.1158720446622783
89.0 0.9610412503623317
90.0 1.1256279469240356
91.0 0.8838312253096537
92.0 0.886430256065736
93.0 0.8811030172867274
94.0 0.8662132595248269
95.0 0.9739610900309004
96.0 1.0659758014096166
97.0 0.9430643935136478
98.0 1.0741765086553345
99.0 0.9937877878304431
100.0 1.1520524149052205
101.0 1.1815343449981992
102.0 1.0211016223344658
103.0 1.0870580120110223
104.0 1.0457864907431995
105.0 1.0311792620561269
106.0 0.9968788559594379
107.0 0.961032107571271
108.0 1.2367234172706691
109.0 1.0585633512004315
110.0 1.0985063728504634
111.0 0.9333036826794712
112.0 0.9794485253970276
113.0 0.9095991520762928
114.0 1.1309684869334278
115.0 1.0243419356050765
116.0 1.0059722154254347
117.0 1.0831114948689287
118.0 0.9561593172161796
119.0 0.9724105274726776
120.0 0.9597855375039246
