Time NormalisedFlux
0.0 1.0215100625457336
1.0 0.998161327837944
2.0 1.0049667102242565
3.0 0.99063063257266
4.0 0.9483591723407426
5.0 0.9793375016971493
6.0 0.9802572140450416
7.0 0.9399492242192142
8.0 0.9485785461275996
9.0 0.8890774275134329
10.0 0.8879145283088612
11.0 0.9007235382869699
12.0 0.9344012330317518
13.0 0.9966721774275236
14.0 1.0695688183948189
15.0 1.0833493298531596
16.0 1.0785303160493969
17.0 1.0603266881582867
18.0 1.0435682711720247
19.0 1.0791351561266231
20.0 1.0565463976395977
21.0 1.062661556927907
22.0 1.047734380201471
23.0 1.0008359236002033
24.0 1.0140256746558953
25.0 0.9771697718546012
26.0 1.0050885232879123
27.0 0.9767713844797529
28.0 0.9984002823643369
29.0 0.9632654635926734
30.0 0.9306406964671582
31.0 0.9427743500245594
32.0 0.9563242021191597
33.0 0.9290094531711722
34.0 0.9224247605266123
35.0 0.9018651818908718
36.0 0.9178734069606771
37.0 0.976763179699914
38.0 0.9804436945759886
39.0 1.0548352430293662
40.0 1.0757275959691686
41.0 1.0777440013562023
42.0 1.0594780909374972
43.0 1.0492955576775513
44.0 1.0540471398485671
45.0 1.0272052802360485
46.0 1.0368559730435367
47.0 1.035249169946055
48.0 1.0019007427759363
49.0 1.0198040251203508
50.0 0.9902637957582074
51.0 1.0206962490323326
52.0 0.9718398027669481
53.0 0.988765922593549
54.0 0.9602258130906515
55.0 0.9439837357522782
56.0 0.9427127986837367
57.0 0.9957957347582913
58.0 0.9748427101536166
59.0 0.9284920227344089
60.0 0.927575168683042
61.0 0.9132875123009515
62.0 0.9297750771246738
63.0 0.9771166126054857
64.0 1.071250869607895
65.0 1.0938181055517857
66.0 1.099466549004521
67.0 1.0808492701780488
68.0 1.0627909676009233
69.0 1.0171591663148891
70.0 1.0432023491445372
71.0 1.0333332065566496
72.0 1.0234931218029257
73.0 1.0550800086483099
74.0 1.0342785391406735
75.0 0.9691697265329491
76.0 1.0144279329068702
77.0 0.9948727766883916
78.0 0.9983312332128519
79.0 0.9858654422970657
80.0 0.942144935551624
81.0 0.9379246865695833
82.0 0.9647307704805881
83.0 0.9360364422400955
84.0 0.9340071013875967
85.0 0.9102629385629354
86.0 0.88735594408041
87.0 0.9263480661616675
88.0 0.9496349830770847
89.0 1.0162891476806073
90.0 1.0787138018053073
91.0 1.1081362109391026
92.0 1.0512310908648754
93.0 1.0333327503948924
94.0 1.0561177844566025
95.0 1.053218961640197
96.0 1.0251504737806638
97.0 1.0342624518298629
98.0 1.045390522720437
99.0 1.0088419275143639
100.0 1.0079781767220706
101.0 1.0041431558215104
102.0 0.9924333192978942
103.0 0.9911617750638891
104.0 0.9620703002179316
105.0 0.9626718293170262
106.0 0.9731777981739113
107.0 0.9490093885352823
108.0 0.9495204135233927
109.0 0.9513136773604742
110.0 0.8873314902044885
111.0 0.9100970386674523
112.0 0.9108129477939614
113.0 0.9537504598656871
114.0 1.0316406201594872
115.0 1.0788022195922842
116.0 1.105652448574934
117.0 1.087866977845827
118.0 1.070289808381389
119.0 1.044863206276007
120.0 1.0472659788255934
