Time NormalisedFlux
0.0 1.2317175355859553
1.0 0.9994321806791154
2.0 0.9638867301710616
3.0 1.0679416925544067
4.0 1.0823973839479217
5.0 0.9315516084710875
6.0 1.0934473383583767
7.0 1.109037598400975
8.0 0.6770104996920827
9.0 1.0199436657541234
10.0 1.005522563471581
11.0 0.982205703855665
12.0 1.1060560822685184
13.0 0.9371962234716907
14.0 0.9335855068466539
15.0 1.0150767589755259
16.0 1.0735418623964503
17.0 0.9856462379173371
18.0 0.9898564206701855
19.0 0.9296303870527172
20.0 1.0854045651270623
21.0 1.0211748619220673
22.0 1.0415223987143112
23.0 1.0246763692283904
24.0 0.8250940941710169
25.0 1.0927528708903032
26.0 0.9483346369414838
27.0 0.9476358889408644
28.0 1.0209640982384067
29.0 1.0249239005905861
30.0 0.9787301009834312
31.0 0.8532722057134821
32.0 0.8291151454173682
33.0 1.018304601848247
34.0 1.1351752030468643
35.0 0.9270373837021983
36.0 0.9476104411986952
37.0 0.936468489165571
38.0 1.0884090311971233
39.0 0.8682633626218107
40.0 0.9024104877626431
41.0 0.8910664079981262
42.0 0.9017023412666239
43.0 0.9419550224443856
44.0 0.9672201476699889
45.0 0.842743930769464
46.0 0.9555397723756874
47.0 0.8869795849744924
48.0 0.9926252042655387
49.0 1.1193264219939472
50.0 1.0358504025777755
51.0 0.925749404669468
52.0 1.0054018476259194
53.0 0.9805869244650233
54.0 0.9591529742317517
55.0 0.9836345901603284
56.0 0.8930493665725772
57.0 1.0698404847663223
58.0 0.991031846219339
59.0 1.057904424829148
60.0 0.9588021433259954
61.0 0.8979431773056519
62.0 0.9158568928408752
63.0 0.9444735674639139
64.0 0.9942324727060542
65.0 0.7781039086669008
66.0 1.1471066922040527
67.0 1.000568176953338
68.0 1.0642994583039733
69.0 1.1045818908439162
70.0 0.9980199731360421
71.0 1.0250081203467352
72.0 0.8933954218812781
73.0 1.0117124136090831
74.0 0.9084014899914685
75.0 0.8482827824091614
76.0 1.1001274022570335
77.0 0.8133192349908923
78.0 1.0790235211983208
79.0 0.7981558526220659
80.0 0.9502520372818061
81.0 0.9434441715679154
82.0 0.9482408632268413
83.0 0.986812772385333
84.0 1.0147634843130628
85.0 1.012096754574618
86.0 1.2073375307719054
87.0 1.015888158517494
88.0 0.8096094856103146
89.0 0.9355060734483057
90.0 1.0493289077684018
91.0 0.9788859464108493
92.0 0.9422455097947341
93.0 1.1029958202617176
94.0 1.0251379896463946
95.0 1.1525563811797332
96.0 0.8918235384423546
97.0 1.1666935494304735
98.0 1.1519829591343675
99.0 1.078323366678024
100.0 0.8936673616034769
101.0 0.9907456417023032
102.0 1.1015718679508328
103.0 1.1457391994626664
104.0 0.9750284699340814
105.0 1.1856388849259334
106.0 1.0073022783122143
107.0 1.0155164382325836
108.0 0.9936248999980777
109.0 0.9396796969719754
110.0 1.119297831398561
111.0 0.9209599192330634
112.0 0.9734012223164431
113.0 0.895704798743608
114.0 0.9754894879578067
115.0 0.9525343731108378
116.0 1.105524869687987
117.0 1.0245852589857913
118.0 0.7970045549783257
119.0 1.060742297018289
120.0 0.9810201097421142
