Time NormalisedFlux
0.0 0.9606646361050585
1.0 0.9341177029958587
2.0 0.8748243657558609
3.0 0.8996291950941423
4.0 0.9414148774487565
5.0 1.0096875645319419
6.0 1.0716653201101352
7.0 1.1053717749402359
8.0 1.0886300179391062
9.0 1.1019334622477448
10.0 1.0527264923106463
11.0 1.0588748323149042
12.0 1.059787089732813
13.0 1.0550937340386422
14.0 1.010479567242469
15.0 1.0006936287655646
16.0 0.9995859446094996
17.0 0.9898598393234789
18.0 0.9868278188531412
19.0 1.0149146612229762
20.0 1.0021947695126436
21.0 1.0011977751260268
22.0 0.9740948951065143
23.0 0.9594200867025905
24.0 0.9618162685314496
25.0 0.964638442856106
26.0 0.9236808443637423
27.0 0.9114559008410308
28.0 0.8894416495613944
29.0 0.9533965933660192
30.0 1.0105860022494806
31.0 1.0610951339816805
32.0 1.102441530506077
33.0 1.1323848044729772
34.0 1.0831721377244143
35.0 1.0692820660709732
36.0 1.0315182667762255
37.0 1.0477393548042124
38.0 1.026058647068027
39.0 1.0492896041697912
40.0 1.0225270506097919
41.0 1.0112456318265535
42.0 0.9723245734657917
43.0 0.9685950081170606
44.0 1.001528019275122
45.0 0.9887712000624899
46.0 0.9819644777677676
47.0 0.9445986848045423
48.0 0.9587023767176509
49.0 0.976855381681894
50.0 0.9237840267247303
51.0 0.9173667407070926
52.0 0.9311843374424926
53.0 0.9133195882244772
54.0 0.9587820635589412
55.0 0.9821255745568007
56.0 1.03122168104068
57.0 1.0583783561305427
58.0 1.0874364452224035
59.0 1.0717240580470433
60.0 1.061919081183275
61.0 1.0555101032063352
62.0 1.06823603526525
63.0 1.0554057475720673
64.0 1.0143520833566992
65.0 1.026177266702248
66.0 1.0280019695082177
67.0 0.9982373569420735
68.0 1.0030640791706977
69.0 0.9790991430500264
70.0 0.9681433512596798
71.0 0.9766383542442755
72.0 0.9491121535744921
73.0 0.9599037459876401
74.0 0.9848528906484457
75.0 0.9358634785422884
76.0 0.935180657102566
77.0 0.9238289067062391
78.0 0.9049778811199891
79.0 0.8976973015858492
80.0 0.9513578066498041
81.0 1.0331822972733995
82.0 1.0535597405236692
83.0 1.0880165038403269
84.0 1.0919808877338018
85.0 1.0737426824384682
86.0 1.0435316365555896
87.0 1.0412794845812172
88.0 1.0606620245265939
89.0 1.0602347382294994
90.0 1.0286197459064774
91.0 1.011631673801508
92.0 0.9984499682887515
93.0 0.9981219170686632
94.0 1.0209689087446945
95.0 0.9719243784517536
96.0 1.0217481159871769
97.0 0.9900914612020619
98.0 0.9742879133248986
99.0 0.9537887326693314
100.0 0.9481980624737194
101.0 0.9719702548721698
102.0 0.91526677647529
103.0 0.8938204229166006
104.0 0.9158115658714352
105.0 0.9288496396394582
106.0 1.0018726759105292
107.0 1.0412885099829388
108.0 1.0995832496859532
109.0 1.0755336306446706
110.0 1.0731316650697351
111.0 1.022638539854781
112.0 1.0634495805091773
113.0 1.0299074977404303
114.0 1.0435651230790288
115.0 1.0341619100196184
116.0 1.0455687750663702
117.0 1.009413817678202
118.0 0.9758967876540884
119.0 1.0113172190647157
120.0 1.007082846309287
