Time NormalisedFlux
0.0 1.1204808913155024
1.0 1.1699721459643928
2.0 1.0780635666508271
3.0 0.985130308819038
4.0 1.0131488618991935
5.0 1.1281346329512636
6.0 1.1185043370373835
7.0 1.0445286873946429
8.0 0.9959212809960154
9.0 1.0158843656920695
10.0 1.0569708381600036
11.0 0.8661219539165567
12.0 0.9780014094881712
13.0 1.282404923056799
14.0 0.9085576199819767
15.0 1.0343283981204308
16.0 1.0170212715081337
17.0 1.0170481925813928
18.0 1.0000062266906722
19.0 1.1160281415236
20.0 0.928004320757901
21.0 1.0650600409480238
22.0 0.7531941397123068
23.0 1.0006390543879824
24.0 0.8633554629153308
25.0 0.8052788273099052
26.0 0.9060045024756287
27.0 0.9205517223189759
28.0 0.935217242828027
29.0 0.948080403230898
30.0 0.974384015752219
31.0 0.9929060461868626
32.0 0.9994946621947237
33.0 1.0735834427786275
34.0 1.0691099694205684
35.0 0.9973974854314437
36.0 0.9576816179355323
37.0 1.0484561421011143
38.0 0.9299419791305762
39.0 1.0871448339589476
40.0 1.152189297629571
41.0 1.007943376857574
42.0 0.7779389631267377
43.0 1.056609325092762
44.0 1.1121116813068415
45.0 0.9773899585865717
46.0 0.9469989988305918
47.0 0.9073417267535907
48.0 0.9667551305318142
49.0 1.001413754220932
50.0 1.0550573701646573
51.0 0.8222985824878575
52.0 0.9785627993779147
53.0 0.8802838732531763
54.0 0.992544753457009
55.0 0.9706556921193958
56.0 0.8485447133928488
57.0 1.190000159935563
58.0 1.0806468897010568
59.0 1.0175626474527533
60.0 0.9391070192547905
61.0 0.9765026225253294
62.0 1.0175612365317668
63.0 0.9303227552264212
64.0 1.0666262439514977
65.0 1.2452789983782204
66.0 0.9086152702477971
67.0 0.8240451930536666
68.0 1.1785591095962786
69.0 1.2459169361702795
70.0 0.8268422822772253
71.0 1.0199736114932623
72.0 1.0888314887966275
73.0 0.8044821464461456
74.0 0.9807418506185399
75.0 1.0960069009085127
76.0 1.0097830188288108
77.0 1.001771412473268
78.0 1.2388053768163683
79.0 0.9638460221847529
80.0 0.9647999851340983
81.0 1.02674457991198
82.0 1.172174868090634
83.0 1.0856964629647745
84.0 0.9085086530411169
85.0 1.0059127000926416
86.0 0.9548837317241882
87.0 0.946366371251233
88.0 1.0929381266760971
89.0 0.9970255648431899
90.0 0.9694427494543557
91.0 0.9155266963151676
92.0 0.8715641498367528
93.0 0.882110629428637
94.0 0.8370778469010058
95.0 0.9752385331355944
96.0 1.0188885797477363
97.0 1.0747398226799723
98.0 1.0329516905835843
99.0 1.0878905040441837
100.0 1.245401227561769
101.0 0.9575546277230017
102.0 1.097062417566804
103.0 1.0259398679468308
104.0 0.9702113612615224
105.0 0.9570218147218479
106.0 0.9520340060344331
107.0 0.9023264153352897
108.0 0.915279648622185
109.0 1.103099574776924
110.0 1.2233664275715253
111.0 0.8953568716461568
112.0 0.9734916788212818
113.0 0.9838101611012275
114.0 0.9186268486968119
115.0 1.030331046764614
116.0 0.9217614839398672
117.0 1.1732953874646526
118.0 1.0528579137126644
119.0 0.9143524091739628
120.0 0.9871278722479352
