Time NormalisedFlux
0.0 0.8832088268096621
1.0 1.0031318970486998
2.0 1.1317783221282216
3.0 1.0780553373095794
4.0 0.989976248144773
5.0 0.9274587251566873
6.0 1.002586266506479
7.0 1.1488774965186597
8.0 1.0022622553124867
9.0 0.8541192177903694
10.0 0.9030343393140834
11.0 0.9787721847098662
12.0 1.0536609762176963
13.0 1.0663490874794932
14.0 1.0065211363159732
15.0 1.2130987757085234
16.0 1.0616388930674727
17.0 1.0673785371422848
18.0 0.8635464870506314
19.0 0.8955522186700167
20.0 0.877595452519316
21.0 1.0831679158796166
22.0 0.8517296796012207
23.0 0.8768709079123247
24.0 1.0310132177600337
25.0 0.9569783717017302
26.0 1.1206012830491774
27.0 0.9078269568421321
28.0 0.9664405361157699
29.0 1.262008881609978
30.0 1.1293279483291565
31.0 1.1204095604078286
32.0 0.7810406409316939
33.0 1.1248096582555913
34.0 1.0263437631434003
35.0 0.8888860538747362
36.0 1.0822710192354734
37.0 0.8938005784686073
38.0 1.0888931539800941
39.0 1.001361779317232
40.0 1.096814703803048
41.0 0.8227575680413081
42.0 1.029439112725008
43.0 0.9975144935150202
44.0 1.0601420313688488
45.0 0.9646186530445064
46.0 1.143887297046996
47.0 1.0471892920946404
48.0 1.1663063865561178
49.0 0.9940624561598486
50.0 1.0471942116662893
51.0 0.8912853949153531
52.0 0.9924480711782964
53.0 0.8971500392402864
54.0 1.1223073086482278
55.0 0.9859483896141096
56.0 1.0519426979342923
57.0 0.8282049077217967
58.0 0.9095474657830913
59.0 0.9831371794678245
60.0 0.9758992968334478
61.0 1.1002829988411218
62.0 0.9317430021578725
63.0 0.9889853508245503
64.0 1.1471491569142374
65.0 0.9549815083706906
66.0 0.9900343200972143
67.0 1.1517358187764883
68.0 0.9310216120445306
69.0 0.9489164511392509
70.0 1.035689766864804
71.0 0.9343876959177487
72.0 0.8842163640865756
73.0 1.041327445985811
74.0 0.9116059831115331
75.0 1.0738455125568207
76.0 0.8700240713281966
77.0 0.8915408839075872
78.0 0.9197503403365344
79.0 0.9970244401802065
80.0 0.9766197342408884
81.0 0.9715521399077058
82.0 0.9468849336893846
83.0 0.9355501659167611
84.0 1.0513130969759634
85.0 1.0459291458021975
86.0 0.9881577833528399
87.0 0.7846753883082245
88.0 1.0540574237513056
89.0 0.9558039993536679
90.0 0.8882961711258441
91.0 0.8514493700521291
92.0 0.9324569520252319
93.0 0.8852471591514015
94.0 0.9458210707490575
95.0 0.9677395190814942
96.0 1.2039192624162636
97.0 1.067460932765722
98.0 0.9782273570735124
99.0 0.9929275655241758
100.0 1.047482619812849
101.0 1.1081107442053524
102.0 1.009326964028407
103.0 1.0734870593063115
104.0 1.042796550769588
105.0 1.018043433597523
106.0 0.9649457946150473
107.0 0.9979989435218165
108.0 1.2244689738761956
109.0 1.034744586973632
110.0 0.9662788045336412
111.0 0.985360019051292
112.0 0.8258989676391431
113.0 1.0315399322688608
114.0 1.1537925622115057
115.0 1.1409008336764048
116.0 0.9994353050144771
117.0 1.0634892612925153
118.0 0.9829105433268466
119.0 0.9822937195663095
120.0 1.0799860416299842
