Time NormalisedFlux
0.0 0.866858604456966
1.0 0.8988931326358971
2.0 1.1305832274040384
3.0 1.198674088995145
4.0 1.073540221541978
5.0 1.1156105951062343
6.0 0.9497209654434192
7.0 1.0467464501546009
8.0 0.8233621770443403
9.0 0.9774222008363721
10.0 0.8549124341953999
11.0 0.9474228679000384
12.0 0.8936386212645108
13.0 0.9538942275894808
14.0 1.0887939405163383
15.0 0.9786475058195125
16.0 0.9601647913675113
17.0 1.0690509190173323
18.0 0.9698651139617125
19.0 0.9171840135045076
20.0 1.0532508147459607
21.0 0.9914975972725257
22.0 1.0207954599277618
23.0 1.175530151858576
24.0 0.9586124589961738
25.0 0.9598340952013587
26.0 1.0397420793428571
27.0 0.7563161020834025
28.0 0.9804606987817024
29.0 0.817269208286205
30.0 1.1721809481073429
31.0 0.9494863228135527
32.0 1.03022597313235
33.0 0.9106272242985861
34.0 1.0728315933896237
35.0 0.8931139912265393
36.0 1.1536874238610695
37.0 0.9906714497609466
38.0 0.9217543262890511
39.0 1.0095331837923243
40.0 1.0298168398045875
41.0 1.1072256317258147
42.0 1.1495316072444104
43.0 0.9609520981296984
44.0 0.9610486704079468
45.0 1.135373561621723
46.0 0.956033990073657
47.0 0.9567531484264669
48.0 1.0443137578761688
49.0 0.9532612183885361
50.0 1.0012090586987799
51.0 0.9166090255126094
52.0 1.0157134010540398
53.0 0.9594045215011805
54.0 1.15453106420585
55.0 0.8430116117815378
56.0 0.968256240334367
57.0 1.013747776661644
58.0 1.0501942347977897
59.0 1.101671442368306
60.0 0.8361848699321847
61.0 1.0186511331155073
62.0 0.9619448541404825
63.0 1.1111514362923551
64.0 0.9331173610472991
65.0 0.9640796486541452
66.0 0.8587911495320485
67.0 0.9825078883116624
68.0 0.9857320864480354
69.0 0.8874681066791555
70.0 0.8076423940046608
71.0 1.000187387985995
72.0 0.9732745902996008
73.0 1.1567732620262017
74.0 0.8763030830405566
75.0 0.9656095962987252
76.0 1.1808849100246546
77.0 0.86774640115448
78.0 1.041916535243426
79.0 1.1501706833203222
80.0 1.1154377849009953
81.0 1.0501899964523642
82.0 0.9490883643928081
83.0 0.8215026608794648
84.0 1.0654833082725663
85.0 1.0373112713913126
86.0 1.0006014726221826
87.0 1.1117888934715066
88.0 0.93437878273665
89.0 0.9483848105011352
90.0 1.1612340614517735
91.0 0.9448951722588057
92.0 1.1381558893678838
93.0 1.161228831663947
94.0 0.9475969301092377
95.0 1.1533533497210324
96.0 0.9648394689844978
97.0 0.9871994782881616
98.0 1.0727058584357296
99.0 0.9543990072101094
100.0 1.0347646535872823
101.0 1.0534481235087565
102.0 0.9462146294114562
103.0 0.9293462364195076
104.0 1.0100191372542071
105.0 0.9310672599854468
106.0 0.8760876542274899
107.0 1.1341543927958122
108.0 0.7715893331766653
109.0 1.018596976419134
110.0 1.06821158828085
111.0 1.0138927386816179
112.0 0.8903534779209421
113.0 1.0152119716048034
114.0 1.0313854545110723
115.0 0.8898129990402255
116.0 1.0871643501480297
117.0 0.9543853491393144
118.0 0.8344702267180722
119.0 0.7580639850486397
120.0 1.0700329629041414
