Time NormalisedFlux
0.0 1.1344308556968845
1.0 1.0362379468317888
2.0 1.072820758145997
3.0 0.9125655402891548
4.0 0.8297797800533319
5.0 1.0505976094081353
6.0 0.9983452635266202
7.0 0.9079278089350958
8.0 0.8814402610460379
9.0 0.7803389514865197
10.0 0.9417256841469462
11.0 1.0054107010720983
12.0 0.9710318076729278
13.0 1.0247918155658657
14.0 0.9124334764258677
15.0 1.0604142454239847
16.0 1.042649588771917
17.0 0.9297156742500656
18.0 1.1210759578729732
19.0 0.8851482973390283
20.0 1.0655186558385061
21.0 0.9088392134984568
22.0 0.9869467097284899
23.0 0.9234602772617908
24.0 1.0274081976259728
25.0 1.0706931841692988
26.0 0.9022713889511843
27.0 0.8828569718111455
28.0 0.9779547712389811
29.0 1.153145323206042
30.0 1.0006187833920364
31.0 0.9187603352452831
32.0 1.1488502213347846
33.0 1.0428981982450196
34.0 1.0788342836515017
35.0 0.965014038540157
36.0 0.9549426789865272
37.0 1.0163411928099282
38.0 0.9590420361464911
39.0 1.0821159371956561
40.0 0.9767323443508825
41.0 1.1201900066821875
42.0 0.9861798734245425
43.0 0.8465914581317483
44.0 1.0766038403939948
45.0 1.1904070116989969
46.0 1.0758955519906637
47.0 1.0358353834013174
48.0 0.9929661400990161
49.0 1.117377081703064
50.0 0.9016660998929817
51.0 1.0075761979061129
52.0 1.1914092221153765
53.0 1.0350646609423761
54.0 1.2079425855463868
55.0 0.8990493986047744
56.0 0.9528801374797652
57.0 1.0657444441113786
58.0 0.9989734895980418
59.0 1.0689863543598743
60.0 1.086614018535643
61.0 0.9529726661285612
62.0 0.9643320194559545
63.0 0.9029323473905978
64.0 1.1051298690217204
65.0 1.024983618004605
66.0 0.9652128281739695
67.0 0.7916892300499435
68.0 0.9056279379338762
69.0 1.007585732121401
70.0 0.9898320921134568
71.0 0.9588341920817027
72.0 0.9210601529286959
73.0 0.8929820745134661
74.0 0.9372853613678779
75.0 1.1127468198160202
76.0 1.006373442907135
77.0 1.2098585616268172
78.0 1.0376681492662374
79.0 1.0338909711100925
80.0 1.0897765675663083
81.0 1.0737811773781856
82.0 1.1751894731925911
83.0 0.9203160038133716
84.0 1.0493169100771458
85.0 1.2819406757249119
86.0 0.7915404957042624
87.0 0.7927318620300725
88.0 0.9610670440802884
89.0 1.1773011324019713
90.0 0.8269019405830941
91.0 1.0465596899622143
92.0 1.0739655365196057
93.0 1.0540710986691184
94.0 1.0277018715866508
95.0 0.8380455738674337
96.0 0.9427587118335852
97.0 1.122277458883448
98.0 1.0503007538417133
99.0 0.7002886577590015
100.0 0.9744066589012476
101.0 0.9952051957571936
102.0 1.0877447744129378
103.0 0.905413358352544
104.0 0.9954188626718408
105.0 0.9622603839088453
106.0 0.9483061772914041
107.0 0.9488126040674428
108.0 0.9945753610498886
109.0 0.7877874434122157
110.0 1.2124422345920274
111.0 0.9403997883820951
112.0 1.0568339933394137
113.0 0.9015362442850161
114.0 0.9124203561510692
115.0 0.8843155400357605
116.0 1.0568579013915849
117.0 1.0749259344124602
118.0 1.0491735607673465
119.0 0.8009571300743478
120.0 0.9131420563939149
