Time NormalisedFlux
0.0 0.8602016451158097
1.0 1.0032588095935326
2.0 0.9603508621870854
3.0 0.9951348840575996
4.0 0.8433846683907888
5.0 1.1046929077743324
6.0 0.911678585252317
7.0 1.0040082720168721
8.0 0.999691139284123
9.0 1.0883299811283602
10.0 1.0716764181285683
11.0 0.958454209692132
12.0 1.075747393490615
13.0 1.0290244533311732
14.0 0.9555980190851004
15.0 1.0328963186643787
16.0 0.8145651777036855
17.0 1.0021277871674712
18.0 1.0095302669518935
19.0 1.0485944930799451
20.0 0.9443826805912858
21.0 1.1218237462264444
22.0 0.9177446323892715
23.0 0.8352482477985247
24.0 0.9826387346676166
25.0 1.169248628838601
26.0 0.8858774826701947
27.0 1.028740459978865
28.0 0.9830049631557276
29.0 0.9246666826815014
30.0 1.0565435362744398
31.0 0.9169118110953305
32.0 1.0034455367727935
33.0 0.8618379207194975
34.0 1.0439664813586753
35.0 0.8628409304097177
36.0 1.1124461052398147
37.0 1.0632653234936673
38.0 1.0733576840901362
39.0 1.1152191455737588
40.0 1.1105105677892824
41.0 0.9779450442174331
42.0 1.001233453180895
43.0 0.8905377450702104
44.0 1.1120371918699463
45.0 1.1404590506540182
46.0 0.916749497580946
47.0 1.1210875139759247
48.0 0.8597254117209455
49.0 1.0297278370964764
50.0 1.150122724583778
51.0 0.9563228282578333
52.0 0.9061222798906121
53.0 0.9604791390322345
54.0 0.8873718831064059
55.0 1.0513757338566214
56.0 0.8390931429407984
57.0 0.9682468705947836
58.0 0.9227726966354967
59.0 0.8054484472443648
60.0 1.2161288929715433
61.0 0.933231506330909
62.0 1.0153010566335616
63.0 0.8196469340437506
64.0 1.1729313488800235
65.0 1.0712930042011808
66.0 1.0768626271808472
67.0 1.161846270530313
68.0 1.1060428553105368
69.0 1.0757013457902718
70.0 1.2826922024067315
71.0 0.8480960122878841
72.0 0.9850969666789793
73.0 1.1982822700936393
74.0 0.9680234554246628
75.0 0.9570140774673985
76.0 1.0020506660864243
77.0 0.982489965157185
78.0 0.9656823989594338
79.0 1.0720671873453054
80.0 1.0752107125325894
81.0 0.9205568580181529
82.0 1.0271073825879686
83.0 0.9743221209606455
84.0 1.0624135163165485
85.0 0.9220333556416196
86.0 0.9782994483770394
87.0 0.8987244376605728
88.0 0.8418424271391535
89.0 0.8103489457371942
90.0 1.074724661508963
91.0 0.9610462831755034
92.0 1.0430103764166738
93.0 0.8592796196315526
94.0 1.2376735014021472
95.0 1.0131502380422328
96.0 1.0994870775454852
97.0 1.0079767079179445
98.0 1.052884250544784
99.0 1.252716733876329
100.0 0.9836756320594006
101.0 1.0448298556161861
102.0 0.9268633639497658
103.0 0.9622299580801744
104.0 0.9454742434957998
105.0 1.2076733366287673
106.0 1.0201613501300433
107.0 1.006286379026117
108.0 1.0206825860421596
109.0 1.036321050916585
110.0 0.9223716747557091
111.0 0.9982341493226953
112.0 1.075278151915599
113.0 0.9089621400049632
114.0 1.0422548813752242
115.0 0.9065765105644613
116.0 1.0418040197666876
117.0 1.2616719341608116
118.0 1.0275962193564063
119.0 1.1898618820226026
120.0 0.9405450063518846
