Time NormalisedFlux
0.0 0.9962688262763856
1.0 1.0248430613169848
2.0 0.996642680173692
3.0 0.9769994984341526
4.0 0.9708061843833085
5.0 0.9503640497847454
6.0 0.9633668982265308
7.0 0.9572564508995074
8.0 0.9165424577724989
9.0 0.9390082524163892
10.0 0.9247678701491027
11.0 0.981779008587381
12.0 1.0373744610324829
13.0 1.0983398005059253
14.0 1.0796008383622233
15.0 1.0886906000560486
16.0 1.0317065609106637
17.0 1.0178368272570584
18.0 1.030234518073658
19.0 1.0291528899519278
20.0 1.0172985189787411
21.0 1.0040575623905397
22.0 1.028820512420602
23.0 1.0121687620715913
24.0 0.9929419783532552
25.0 0.9956154708628369
26.0 0.9558548946342428
27.0 0.9455524048413109
28.0 0.9328933247432057
29.0 0.9574334038454664
30.0 0.9153345863050665
31.0 0.897114835869941
32.0 0.9367177249220737
33.0 0.9602911009202387
34.0 1.0120556072377394
35.0 1.0684713855716856
36.0 1.112349982205347
37.0 1.0727109566827344
38.0 1.0471484168568372
39.0 1.0268288533412429
40.0 1.0546137782315401
41.0 1.0281610019183651
42.0 1.0196842546402873
43.0 1.04173400974536
44.0 0.9910515879203668
45.0 0.9821335050120448
46.0 1.0256256453061097
47.0 0.952334878593476
48.0 0.9850077530595913
49.0 0.9633304826526289
50.0 0.9515539005959924
51.0 0.9689970889912638
52.0 0.9370574029131804
53.0 0.9392593217739402
54.0 0.9075129946113324
55.0 0.9471723492446005
56.0 0.9802935776679842
57.0 1.0429991089769257
58.0 1.0996525174713478
59.0 1.0924011568692624
60.0 1.075580426808123
61.0 1.0497193913698715
62.0 1.072976769255565
63.0 1.0145563515437064
64.0 1.0349265944487507
65.0 1.0137869773538792
66.0 0.9836981598110106
67.0 0.9875054569806537
68.0 0.9854745456474704
69.0 0.9524243864754578
70.0 0.9609570729937051
71.0 0.9875688192995066
72.0 0.9687636580199842
73.0 0.939270831845734
74.0 0.9511191264542427
75.0 0.8930566492660251
76.0 0.8878284953490319
77.0 0.9007280411659275
78.0 0.9518905075746729
79.0 1.0119941381716315
80.0 1.099626983943693
81.0 1.1263011457295484
82.0 1.0754873793616502
83.0 1.0365404460786907
84.0 1.0696859850979654
85.0 1.0698365583292344
86.0 1.0580079157055011
87.0 1.0127037392436329
88.0 1.0297757873823623
89.0 0.9834672393320514
90.0 0.9653153134389516
91.0 0.9805616553794307
92.0 0.9691776091113679
93.0 0.975641306726484
94.0 0.9611970326062007
95.0 0.9896059271011776
96.0 0.9401005241688253
97.0 0.9337265605608278
98.0 0.8916509255473017
99.0 0.8837112293849816
100.0 0.9422674479724957
101.0 0.9985623140732361
102.0 1.0906673074849536
103.0 1.112114131984032
104.0 1.0919225025905346
105.0 1.0556503346906367
106.0 1.0605576321638155
107.0 1.0479982279864453
108.0 1.038035250438945
109.0 1.0390536665314907
110.0 1.0156601271182377
111.0 1.0157461849322484
112.0 0.99899822798824
113.0 0.9645318026637894
114.0 0.9863181172807693
115.0 0.9526768903406168
116.0 0.9416660604882957
117.0 0.974159093683716
118.0 0.9508562570159838
119.0 0.9612995458319347
120.0 0.9138078752991599
