Time NormalisedFlux
0.0 0.9599930202416229
1.0 0.8870325842055182
2.0 1.0511511003326761
3.0 0.8971706559171133
4.0 0.9377412207035661
5.0 0.8289423190670007
6.0 1.1208964277665956
7.0 1.157867365297589
8.0 0.8743532220502978
9.0 1.0443591680497795
10.0 1.1215664394763596
11.0 0.9543960923110084
12.0 0.9753627296706835
13.0 1.1698538501154718
14.0 1.0063184263225555
15.0 1.179365805185634
16.0 0.8875433003497222
17.0 0.958457431988559
18.0 0.7081559720541739
19.0 0.9154894276875911
20.0 1.015877883482925
21.0 1.097772043748406
22.0 1.1164501835364313
23.0 1.0735301240433341
24.0 1.1966609335049445
25.0 0.9960781621422278
26.0 1.100655434455775
27.0 1.124234297974972
28.0 0.9498160873522212
29.0 0.8831866316385338
30.0 0.8449778991202489
31.0 1.161085295875488
32.0 0.9695989654149706
33.0 1.0259832021405058
34.0 1.0668768549844887
35.0 0.9545774469043838
36.0 1.0173623772222928
37.0 0.9080099530919956
38.0 1.1182611185110871
39.0 0.9485335070134151
40.0 1.1800580622757137
41.0 0.8591341335721769
42.0 1.1432063782835802
43.0 1.116638271517954
44.0 0.9468674316461885
45.0 1.1013166639949752
46.0 0.9337423553479863
47.0 0.8927752547872252
48.0 0.8642922642463382
49.0 0.9833377960680586
50.0 1.1178825201283447
51.0 0.8426930286376652
52.0 1.0378540725976646
53.0 0.7796492285479242
54.0 1.123628562315899
55.0 1.0956087023961187
56.0 1.099999845790635
57.0 0.9053800694252119
58.0 1.0648673060879268
59.0 0.97000920690567
60.0 0.9845454108925891
61.0 1.1941134122955033
62.0 0.9575554984308281
63.0 1.206897524751483
64.0 0.9282505247794277
65.0 0.8836936222353264
66.0 1.0250443526611321
67.0 1.0582200020336954
68.0 1.1602183917662852
69.0 0.9537821380778806
70.0 1.076059668874588
71.0 0.9155010602059963
72.0 0.81816695690421
73.0 1.2023312726826259
74.0 1.1998821919120015
75.0 1.1414096428000897
76.0 0.9974847340690504
77.0 1.1059137856821317
78.0 0.9892631529187794
79.0 0.9597917004402956
80.0 1.060755077625535
81.0 0.8624419437821073
82.0 1.0324675856763137
83.0 0.920165765192571
84.0 1.1113454188190683
85.0 1.1024053298625147
86.0 0.9190549557758657
87.0 1.0143316554223685
88.0 0.8973405137820878
89.0 0.9333360183727147
90.0 0.9270185154565388
91.0 0.8549863593039951
92.0 1.03929405676056
93.0 1.0058765817788786
94.0 1.0380202793129985
95.0 0.9901702995849279
96.0 0.9168437294828831
97.0 0.9331787154277249
98.0 1.0194080056777708
99.0 0.9894879786658994
100.0 0.9632419227486171
101.0 1.0333309003669489
102.0 1.215619434996968
103.0 0.9514945863606673
104.0 1.0961474362936114
105.0 0.9930173295216448
106.0 0.9072790041713836
107.0 1.010149762319214
108.0 1.1439967864397018
109.0 1.0136940686642524
110.0 1.0495931729785415
111.0 0.8739158932158979
112.0 0.9730083833106378
113.0 1.0398288986802038
114.0 0.975827436446086
115.0 0.9465413997438887
116.0 0.9092139785870405
117.0 0.996683198364428
118.0 1.0019646335446761
119.0 1.015641848239888
120.0 0.9390214153369403
