Time NormalisedFlux
0.0 0.9955318478349382
1.0 1.004078094108249
2.0 0.9873259297075602
3.0 0.9623304078464108
4.0 0.9649171064824642
5.0 0.952825634476845
6.0 0.9429550814341577
7.0 0.9698704769302141
8.0 0.916987224393054
9.0 0.9228311602870672
10.0 0.934719524687001
11.0 0.9249014289869956
12.0 0.9830716990804608
13.0 1.0607203196234103
14.0 1.0911101595662707
15.0 1.1000509497868638
16.0 1.0897111947344682
17.0 1.0409885520953512
18.0 1.0444802165813722
19.0 1.050973677813238
20.0 1.0465623955709935
21.0 1.067763703109605
22.0 0.9900963703265488
23.0 0.994148680804591
24.0 1.0099394953272403
25.0 0.987989652913652
26.0 1.0018037176056664
27.0 1.0056253490650213
28.0 0.959112180254913
29.0 0.9395764038664081
30.0 0.9527969469093629
31.0 0.9285426701685981
32.0 0.9377187699011047
33.0 0.9610159816050334
34.0 0.9216452474613499
35.0 0.91657138119585
36.0 0.9384712067337058
37.0 0.9415233741869199
38.0 1.0188038574683578
39.0 1.0428763734938082
40.0 1.1128166592130275
41.0 1.1130646563502926
42.0 1.0703478928892458
43.0 1.0579178428195366
44.0 1.0181777890538208
45.0 1.0236635760981092
46.0 1.0447414715530035
47.0 1.0110852566443413
48.0 0.9917267461496596
49.0 1.0084089643035798
50.0 1.009555144243659
51.0 1.0038590003995724
52.0 0.9982656168724838
53.0 0.9574501662713153
54.0 0.9654726093615207
55.0 0.9558770588818277
56.0 0.9491935942770989
57.0 0.9272298117148351
58.0 0.9441370560749697
59.0 0.9412984186857978
60.0 0.9047651906960656
61.0 0.8933398222891548
62.0 0.9263081738054683
63.0 0.967183290712049
64.0 0.9968959843710474
65.0 1.0682621991525687
66.0 1.1047010740186531
67.0 1.1006840915401581
68.0 1.0687006056938022
69.0 1.0343013647020745
70.0 1.0602282008615322
71.0 1.0558434008356852
72.0 1.0174372820482909
73.0 1.0423407359710568
74.0 1.0245629520722601
75.0 0.9936053024684336
76.0 1.0066990489440693
77.0 0.9841393941503085
78.0 0.9818259493017732
79.0 1.0046026309625056
80.0 0.9630910480967554
81.0 0.9361966671399417
82.0 0.9917795850414879
83.0 0.9422797852635987
84.0 0.9389463463243474
85.0 0.9182726621767257
86.0 0.8868935675662322
87.0 0.8885945173722956
88.0 0.9353457008200885
89.0 0.9530746638505098
90.0 1.037161203862503
91.0 1.0632642651844406
92.0 1.1067415229511173
93.0 1.074078026222793
94.0 1.0550175093629863
95.0 0.996583023822944
96.0 1.0921958242480423
97.0 1.0352268479094706
98.0 1.0579526651712423
99.0 1.0178585615912712
100.0 1.0130118088944362
101.0 0.9972219174545587
102.0 1.0152738893635713
103.0 0.9889929677203445
104.0 1.0100906964933334
105.0 0.9839251090341168
106.0 0.9575704394661998
107.0 0.9645367115033293
108.0 0.9765707607883688
109.0 0.9383013804818375
110.0 0.9235626454074316
111.0 0.9340749357611209
112.0 0.9631220275081387
113.0 0.9140596423490421
114.0 0.9347399943865731
115.0 1.0185737923635838
116.0 1.0706819420816172
117.0 1.0904894661254405
118.0 1.1114982780923475
119.0 1.068596790114035
120.0 1.0307680101860028
