Time NormalisedFlux
0.0 1.063976745160598
1.0 1.0955851872329585
2.0 1.1063965916318035
3.0 1.0786327285774306
4.0 1.0598795776221848
5.0 1.04815102922694
6.0 1.0619059894106715
7.0 1.066192431648879
8.0 1.0472415644731834
9.0 1.0505098015300363
10.0 1.0067857730766692
11.0 0.9651594040302632
12.0 0.9806668120213607
13.0 0.9875425182332547
14.0 0.9867371059813472
15.0 0.9689481723776469
16.0 0.9880270611202002
17.0 0.9491402481725892
18.0 0.9467489183167427
19.0 0.974170577123936
20.0 0.9211318428625551
21.0 0.909548397405473
22.0 0.9299109501178765
23.0 0.9425788698753564
24.0 0.9884481801039133
25.0 1.054240506701877
26.0 1.0881213015586897
27.0 1.0679946305845485
28.0 1.07982084485316
29.0 1.0322272123069953
30.0 1.0447103401482951
31.0 1.0415175614975698
32.0 1.064205720786225
33.0 1.049387047023664
34.0 1.0402345705262153
35.0 0.9956812226260736
36.0 1.0141586749817302
37.0 0.9983844760047603
38.0 0.9990422193532958
39.0 0.9618968788126205
40.0 0.9636855314582369
41.0 0.9570259219659613
42.0 0.9481326997078674
43.0 0.9583533750892913
44.0 0.931557321840777
45.0 0.9301347019310721
46.0 0.8901671352834899
47.0 0.9198480025869765
48.0 0.932639507826774
49.0 0.9819705541725052
50.0 1.0867014838342528
51.0 1.0892689623173075
52.0 1.0837046703059448
53.0 1.0570217413008598
54.0 1.0514161761113598
55.0 1.0813531584036045
56.0 1.0391500283758128
57.0 1.0310150502565514
58.0 1.0470954335775733
59.0 1.0258005369922394
60.0 1.0113660698610878
61.0 1.0038308501307212
62.0 0.9913752662078235
63.0 1.0082575252796124
64.0 0.9842301471099302
65.0 0.9608267583488893
66.0 0.9731524389506013
67.0 0.9747100268751967
68.0 0.9515581654022921
69.0 0.9348996490944563
70.0 0.9200503813723137
71.0 0.9283823180682562
72.0 0.8958833013374409
73.0 0.9224645250903956
74.0 0.9888014175750789
75.0 1.0449642372652106
76.0 1.11598780644596
77.0 1.066988931931233
78.0 1.0513824924608584
79.0 1.0765804962886873
80.0 1.0620514900222666
81.0 1.0421165611126177
82.0 1.0519116873804215
83.0 1.0519916759041301
84.0 1.0219582381571402
85.0 0.9954094416667544
86.0 1.0179480681681863
87.0 1.0240843278887894
88.0 0.9827024591639154
89.0 0.9581752912966509
90.0 0.9511015592644778
91.0 0.9608263126460644
92.0 0.9437315684571198
93.0 0.9358948197943666
94.0 0.9187933507214134
95.0 0.9255691666308685
96.0 0.8858227201398001
97.0 0.9262494908750151
98.0 0.9251583087503056
99.0 0.9842223073561547
100.0 1.0775380246576212
101.0 1.094319215108501
102.0 1.110060387510552
103.0 1.0688628703842633
104.0 1.068932227087663
105.0 1.015848642667893
106.0 1.0480748092456393
107.0 1.0212019273408488
108.0 1.028268700923798
109.0 1.0073783189211778
110.0 1.0174830053057646
111.0 1.0199954193659726
112.0 1.0071493577925976
113.0 0.9991657845542105
114.0 0.9669972441161082
115.0 0.9740863299339055
116.0 0.9547728303278041
117.0 0.945281467303899
118.0 0.9462286918358851
119.0 0.9548173761766888
120.0 0.9433267843270141
