Time NormalisedFlux
0.0 1.0745218641837895
1.0 1.1251648388331115
2.0 1.0160188561208559
3.0 0.97473601059144
4.0 1.0779770044592645
5.0 0.8710862083231319
6.0 1.2252800655463225
7.0 0.9025569452293271
8.0 1.1487310675013394
9.0 0.8078099459148675
10.0 1.0623846825057954
11.0 1.0849612347566866
12.0 1.108912252758941
13.0 0.832130745245303
14.0 0.8785853202301164
15.0 0.9042848521400595
16.0 1.032399135633016
17.0 1.177818871540121
18.0 0.9899160711678773
19.0 1.0862618550017233
20.0 0.9384214927690532
21.0 0.7671675712587055
22.0 0.807196377865878
23.0 0.7852570895272751
24.0 0.990602742879405
25.0 1.0277579985145324
26.0 0.7932003881341808
27.0 0.9210489610136334
28.0 0.9566636452147246
29.0 0.8787298098207711
30.0 0.8989802359747636
31.0 1.0503652427382602
32.0 1.0789114892397742
33.0 1.110097391789507
34.0 1.0707639874156962
35.0 1.006371154674695
36.0 0.8728935410840831
37.0 1.141814165940302
38.0 1.1400760183216125
39.0 0.9792751898163358
40.0 0.9843433113639442
41.0 0.8290291918726196
42.0 1.2436595846169651
43.0 1.17587070857065
44.0 1.1507041763842145
45.0 0.9233506958901571
46.0 1.0858054369446477
47.0 0.7859587252156223
48.0 0.8964921339633052
49.0 1.14845921705877
50.0 1.1749409117989966
51.0 0.7766226505070639
52.0 1.0334165765933305
53.0 1.0052970717571246
54.0 1.0113771292624518
55.0 0.8739605477551677
56.0 0.8326658819008582
57.0 1.05407155122196
58.0 0.9808472302930422
59.0 1.279096057140692
60.0 0.954195153861808
61.0 0.9460266790898991
62.0 1.22056747268555
63.0 1.0981714734976236
64.0 0.8317301639752669
65.0 0.9946033457391137
66.0 1.1487256617385315
67.0 1.0792126400645445
68.0 1.0099495674191508
69.0 1.219696703219457
70.0 1.1072575781638732
71.0 0.9430369986463492
72.0 1.046946210103405
73.0 1.0168950857215495
74.0 0.9261799220988893
75.0 0.868817223657872
76.0 0.9462345597804029
77.0 0.8814042993782759
78.0 1.0673474849275617
79.0 1.0405032335817574
80.0 0.9316107394827202
81.0 1.1032474809528874
82.0 0.9429413132509125
83.0 1.0400421499819512
84.0 0.9597347931846895
85.0 1.2045415719475718
86.0 1.0621815577955738
87.0 0.9576221966079423
88.0 0.9329667535299224
89.0 1.0433944372884854
90.0 1.0026364703998702
91.0 1.146171908705882
92.0 0.9620365320440175
93.0 0.881588818928896
94.0 0.9518344500961257
95.0 0.9663407629515571
96.0 0.9160574331474514
97.0 0.9273963088516652
98.0 0.9416234218403058
99.0 1.1142398307532126
100.0 0.9561550452586368
101.0 1.06962630723798
102.0 0.9040965415261885
103.0 0.9088545511772523
104.0 0.9841229782111384
105.0 1.0650804045861377
106.0 1.0867955246060454
107.0 0.7868812494895361
108.0 0.9743683232363958
109.0 0.9104290533678439
110.0 1.090895201952442
111.0 0.89086945275931
112.0 0.9578897251568775
113.0 0.9068407391158416
114.0 0.8694363897896635
115.0 1.0777445692349368
116.0 0.9864288457822176
117.0 0.9516616523479267
118.0 1.0045458300143142
119.0 1.0978555344238767
120.0 0.9590778907490018
