Time NormalisedFlux
0.0 1.0942956148938567
1.0 0.8139489888199956
2.0 0.8975913598174676
3.0 1.024172719319955
4.0 1.074392584478932
5.0 1.2513684024882596
6.0 1.126235240170322
7.0 1.1111650138808908
8.0 1.1265163385107515
9.0 0.963423356804058
10.0 1.1140477500128856
11.0 0.9390244669108787
12.0 1.0615276418395723
13.0 0.9160479765552769
14.0 0.8733560680068624
15.0 0.8757941513939428
16.0 0.8349281896781352
17.0 1.110710660548109
18.0 1.0230305986483978
19.0 0.9879980803331092
20.0 0.9431550672857003
21.0 0.9403619219544961
22.0 1.0347466977558661
23.0 1.1595269858860764
24.0 1.065451202854384
25.0 0.8884363026693144
26.0 1.1008875266538687
27.0 1.0434520359705906
28.0 1.147368787417258
29.0 1.1319723723971125
30.0 1.1038399849143543
31.0 0.9845103624183915
32.0 1.100032654650729
33.0 0.9533560076676084
34.0 1.1756550541821778
35.0 1.1380046961552486
36.0 1.1212943229161751
37.0 1.0505299783440436
38.0 1.0498249198455687
39.0 1.0162954030451121
40.0 1.0679390637326363
41.0 1.0499059767346135
42.0 0.843309609596774
43.0 1.0742789996346653
44.0 0.8396656480099627
45.0 0.9854044817062899
46.0 1.098113482183855
47.0 1.0590588357450303
48.0 1.1480776989828125
49.0 1.0144586449376478
50.0 1.096729016252607
51.0 0.9156489762225708
52.0 0.9453380065173445
53.0 0.9785817489010014
54.0 1.041233919816946
55.0 0.885393473203854
56.0 1.037220423887917
57.0 0.8335390392011623
58.0 1.1497133504204877
59.0 0.9990832383684981
60.0 1.018085173023115
61.0 1.0575360763800998
62.0 1.184425811691197
63.0 0.9972292046231993
64.0 1.1394109399092816
65.0 0.8341032778358209
66.0 1.1455874053176056
67.0 0.9020634408374747
68.0 1.0985780905981057
69.0 1.0040218941113852
70.0 0.8916489555776926
71.0 0.6753422326038903
72.0 1.2805777626531618
73.0 1.083529891162196
74.0 0.8997923862802206
75.0 0.9364070322905708
76.0 1.1715147518987925
77.0 0.91555515132111
78.0 0.9963163204134391
79.0 0.8755889249679654
80.0 0.808174668917204
81.0 0.9671656946434293
82.0 1.1896418572766119
83.0 1.0984873528714258
84.0 1.0617835990583202
85.0 0.9594033834418663
86.0 1.0646695276797857
87.0 1.0346057897163887
88.0 1.044992783723956
89.0 1.1806329825328354
90.0 0.9774562849060822
91.0 1.0668707568639706
92.0 0.9977889762482106
93.0 0.8443426041457567
94.0 1.0210703674888275
95.0 0.9516929503831135
96.0 1.005074369745064
97.0 0.9168925243988792
98.0 0.7768339802933266
99.0 0.9727751767125281
100.0 1.0182724735226627
101.0 1.0397558834945784
102.0 1.1366754586815477
103.0 0.8962430557492334
104.0 1.005896726499678
105.0 1.063175793492256
106.0 0.9851002054985598
107.0 1.0103545088557762
108.0 1.035903322470546
109.0 0.8276747956809348
110.0 1.1224275218108528
111.0 1.0031596746297369
112.0 1.1377894699706441
113.0 1.1191595745982066
114.0 1.1346596983201434
115.0 1.0872773608534478
116.0 1.0145345715100675
117.0 1.1608162294256186
118.0 1.1345168181774579
119.0 1.052227018774347
120.0 1.0769173548225046
