Time NormalisedFlux
0.0 1.022968560202136
1.0 0.9398199897664747
2.0 1.0152051583124917
3.0 0.8972933913499841
4.0 0.9897468359682196
5.0 0.927331882248423
6.0 1.0312714900312963
7.0 0.9710479353332673
8.0 0.9225909849944584
9.0 0.8651636301831225
10.0 1.0986983217429465
11.0 0.9698491992118702
12.0 1.1433114853717796
13.0 0.996803676964286
14.0 0.8304779570615702
15.0 0.9104093877658586
16.0 1.0511045210369803
17.0 1.168968649420849
18.0 0.9725831650096248
19.0 0.9781449062765917
20.0 0.9731108039024158
21.0 0.9782255710353059
22.0 0.9911034472664899
23.0 0.9468050684021361
24.0 1.0815392809689834
25.0 0.9590299945774369
26.0 0.8775511309382295
27.0 1.1375216376433854
28.0 1.1460024208822368
29.0 1.058991981261646
30.0 1.0523358863401415
31.0 1.0921273803012446
32.0 1.083977532168958
33.0 1.0204829073766832
34.0 1.133881050515498
35.0 0.8527999725956885
36.0 1.2227119708686613
37.0 1.0353129523050717
38.0 1.068541385256186
39.0 0.9644825553009198
40.0 0.9505444378058862
41.0 1.115874184905437
42.0 0.9368585657690025
43.0 1.1064416662580323
44.0 1.0167349788687932
45.0 1.0747464923534769
46.0 0.8294372512269156
47.0 0.8587456230463553
48.0 1.1718511196384978
49.0 1.0264207116107922
50.0 0.7765891116425503
51.0 1.2038884831203587
52.0 0.8691420951997436
53.0 0.8784061715097709
54.0 1.1224024470357463
55.0 0.7779311340067627
56.0 0.8479104080438521
57.0 0.9175860726629264
58.0 0.7810942822959532
59.0 1.1465827108338231
60.0 1.1435155676272941
61.0 1.1559365221994897
62.0 1.0282584274754232
63.0 1.101649830044677
64.0 0.9025521282787381
65.0 1.0167362402071993
66.0 1.1242897423516571
67.0 0.9607426612679268
68.0 1.0156699266858864
69.0 0.9529616221330824
70.0 1.1807918878109858
71.0 1.1250749805350013
72.0 0.9762049327473633
73.0 0.9533767872458335
74.0 1.0776438823812093
75.0 1.070166919360959
76.0 1.0805672598651377
77.0 0.856401585539388
78.0 0.8856387385199453
79.0 0.9932063543732558
80.0 1.0836523437040624
81.0 0.9794305820623781
82.0 0.8367386454288068
83.0 0.855578027342194
84.0 1.0653680189534904
85.0 0.9460489062278804
86.0 0.9104304001724997
87.0 0.8343815459873709
88.0 0.8599114824850196
89.0 1.0013195306826317
90.0 0.986425010505951
91.0 1.030680886761112
92.0 1.0278671100653054
93.0 0.8265159274772017
94.0 1.0474260017523565
95.0 0.9041797169354719
96.0 0.8941959163710917
97.0 0.9269102141680969
98.0 0.9513234274242843
99.0 0.9392004875129548
100.0 0.9890865956153154
101.0 1.1374477717265936
102.0 1.0464056924502372
103.0 1.005945270180555
104.0 0.8861004925870573
105.0 1.0384766158429763
106.0 1.0577936132170145
107.0 1.1019403955974127
108.0 1.1087355958287057
109.0 0.9808336423973177
110.0 0.9989765360406192
111.0 1.0187478444446714
112.0 1.1189752972558349
113.0 0.8337910048387719
114.0 0.8069386496205464
115.0 1.0713208160395375
116.0 0.9342567516643198
117.0 0.9584410843317309
118.0 0.9223245951131744
119.0 1.019461002705137
120.0 0.9222896114291672
