Time NormalisedFlux
0.0 0.915226079047115
1.0 0.8420877541143278
2.0 1.1164669559648024
3.0 0.9324246820823743
4.0 0.8433052072320275
5.0 1.0273903810363543
6.0 1.0039568228898226
7.0 0.9634837131114536
8.0 1.1527230778985111
9.0 0.792986312564821
10.0 0.9488472767811769
11.0 0.917802204562997
12.0 1.0200922478259364
13.0 0.9135121615024593
14.0 0.9266486969687756
15.0 1.1071696306166654
16.0 0.9462284307901118
17.0 1.1658218915404401
18.0 1.2023109819363609
19.0 1.1203611217931058
20.0 1.1295650885820854
21.0 1.1445688802711669
22.0 0.937921524940512
23.0 1.0365163417314454
24.0 0.9318745906310025
25.0 1.1735740581076144
26.0 1.035475091025281
27.0 0.7961853838515619
28.0 1.1083125574017496
29.0 1.005147263904267
30.0 1.127528989741063
31.0 0.9681316635114868
32.0 1.090975171826032
33.0 1.0501978668347283
34.0 0.9063523455625125
35.0 0.9672399896040306
36.0 0.926165177938512
37.0 0.9141357930665756
38.0 1.1500244804473314
39.0 0.9019276999063973
40.0 1.12984133994488
41.0 1.1881385686974
42.0 1.1256179332211522
43.0 1.075324167111259
44.0 0.965936517204579
45.0 0.9268096909983258
46.0 0.9406222347433361
47.0 0.9971805505752882
48.0 0.98081209318823
49.0 1.0486817188053819
50.0 1.0405131833053891
51.0 0.9221584184509588
52.0 1.2045566878801781
53.0 0.937789193957807
54.0 0.9330496905041973
55.0 0.8992831606125504
56.0 0.9638628582699565
57.0 0.9870776391178903
58.0 0.7381116938525303
59.0 1.0632837585094619
60.0 0.9727403929062385
61.0 0.9667851341662078
62.0 1.0217676265469469
63.0 0.9248058603400117
64.0 1.0393014324491343
65.0 0.9528459141409288
66.0 0.7992251200219944
67.0 0.9609745528730839
68.0 1.0720282189488761
69.0 1.1060597199240279
70.0 0.9380867831796571
71.0 0.7515404767371384
72.0 1.1242354150213674
73.0 0.9720194750945828
74.0 1.0744050594747345
75.0 0.9582603886671077
76.0 1.0014521134037242
77.0 1.1167934151475214
78.0 1.0047391886332009
79.0 0.9848457759933247
80.0 1.0370929685055277
81.0 0.8768947625747253
82.0 1.084752658929529
83.0 0.9767368772810788
84.0 0.9341531141801486
85.0 1.0056976202453087
86.0 1.040980985303884
87.0 1.2062504585918448
88.0 0.9849237191944687
89.0 0.9465856644539697
90.0 0.9597401255451489
91.0 1.0131486707045523
92.0 0.8321824452191805
93.0 0.9914954238929633
94.0 0.9430431936986117
95.0 0.9122846970503518
96.0 0.7619526648786521
97.0 0.946022132211944
98.0 1.051248252365295
99.0 0.9480651305490753
100.0 0.928932610958666
101.0 0.908052001951824
102.0 0.9724868848994158
103.0 1.1307639899883337
104.0 1.007296669583413
105.0 1.0495880226076493
106.0 1.0610177215827714
107.0 0.8590303415084662
108.0 1.1375087745134755
109.0 1.1329148189404934
110.0 1.0798750693357142
111.0 1.0137144190621796
112.0 0.95137539987722
113.0 0.9650816350406808
114.0 0.9408872212975201
115.0 0.772486398423992
116.0 1.0795145080123565
117.0 0.9487800625877352
118.0 0.9640826874772852
119.0 1.0491609051901982
120.0 0.7614764185972303
