Time NormalisedFlux
0.0 0.8241945013409376
1.0 1.0358350316367353
2.0 1.1173359653238826
3.0 0.8333414124749162
4.0 0.8334951703164749
5.0 1.0147102111781736
6.0 1.1285006884765825
7.0 0.9738051812395283
8.0 0.9842152318537514
9.0 1.1223310860608142
10.0 1.0080235693765114
11.0 1.1348083084302862
12.0 0.8351604629630797
13.0 1.0862227773146769
14.0 1.0489662425613355
15.0 0.9276875939212492
16.0 0.9003832990345841
17.0 1.0074062758219493
18.0 1.0085295642898249
19.0 0.9844778325775547
20.0 0.9076969160109205
21.0 0.8924141531125352
22.0 1.0046024447921948
23.0 0.8991757315287638
24.0 1.0099754552945122
25.0 0.9167983083956425
26.0 0.9676339352030492
27.0 0.9499248443069539
28.0 1.0269014073479488
29.0 0.6778348177529813
30.0 1.0844271493827724
31.0 0.9483352271345762
32.0 1.0073384289856748
33.0 1.0035641753214404
34.0 0.9629982442633374
35.0 1.172899375917373
36.0 1.0387859278292622
37.0 0.9195295082377287
38.0 0.8180738996388045
39.0 1.1720905967857982
40.0 1.0838586675447928
41.0 1.0022249614086391
42.0 1.1172976095091003
43.0 1.0840145489539015
44.0 0.8649138236994729
45.0 0.8708772234488507
46.0 1.1103028468760476
47.0 0.9067684139409167
48.0 1.054887352460597
49.0 1.1280521723074097
50.0 1.157369092996229
51.0 0.958868086080136
52.0 1.0638050341147252
53.0 1.0436072070544806
54.0 0.8280674587538945
55.0 1.0304209380981004
56.0 1.0674782639164082
57.0 1.0537818332446907
58.0 0.8918263093715482
59.0 0.8640516529791884
60.0 0.9115453752544243
61.0 1.1215525839336509
62.0 1.0949719151688007
63.0 0.7642371363908814
64.0 1.0999012047406058
65.0 0.9767299659389251
66.0 0.8481766806273879
67.0 1.0592368711939253
68.0 1.0020567519939791
69.0 1.1775646989719404
70.0 0.988449379889273
71.0 1.196329151924266
72.0 1.004881971367137
73.0 1.0630427398679652
74.0 0.8787827837038733
75.0 1.0637265903340836
76.0 0.7813999341483608
77.0 0.9951930091964133
78.0 0.991362534074733
79.0 1.0406287267023824
80.0 0.9676873065842126
81.0 0.9016429776560463
82.0 0.9575607672260449
83.0 0.9980272385758643
84.0 1.109437217745132
85.0 0.9324388853128359
86.0 0.8792515119635258
87.0 1.0666821811803966
88.0 0.9970745664902844
89.0 1.1030559257026198
90.0 1.1344013935735573
91.0 0.8743562472007618
92.0 0.9486477982521784
93.0 0.9794212273503033
94.0 0.9824075948349362
95.0 1.264670873901519
96.0 1.0790134428652884
97.0 1.0216122984838307
98.0 1.0724200794800367
99.0 0.8783455817232051
100.0 0.9395610487961668
101.0 1.2126315764042257
102.0 1.0720933042814016
103.0 1.1462577193208863
104.0 0.9025868553703569
105.0 1.0646188692995096
106.0 0.9651072159050077
107.0 0.8679834676574364
108.0 1.0676988857114846
109.0 1.031851713161513
110.0 0.8223002209404008
111.0 1.1091922998192003
112.0 1.0790015555938492
113.0 1.036633270155774
114.0 0.9913687979236221
115.0 0.9544868145872808
116.0 1.169226696412285
117.0 0.8660230624864492
118.0 1.002014694478426
119.0 0.9217758497285327
120.0 0.9964901120600512
