Time NormalisedFlux
0.0 0.989524941253085
1.0 1.1287686141441309
2.0 0.9107143416602177
3.0 0.8563080690368483
4.0 1.029489944368467
5.0 0.8814804484415857
6.0 1.0107074066813417
7.0 0.9228013144151721
8.0 1.0957039434879219
9.0 0.9568812994709412
10.0 0.9718734485562855
11.0 0.8459961775599301
12.0 0.9936996580674895
13.0 0.9622951065000743
14.0 0.8113596790282567
15.0 1.0493219576173944
16.0 0.8995897082315647
17.0 0.9765586190144986
18.0 1.03960159782046
19.0 1.0257697636222485
20.0 0.8755965181894434
21.0 1.0463203734740156
22.0 0.978506225487614
23.0 1.0599219356475227
24.0 0.9912039411035887
25.0 0.8812296474204232
26.0 0.8325124714223003
27.0 1.111576816378841
28.0 1.1851675312046048
29.0 1.0676941205379715
30.0 0.9286178391270545
31.0 1.1032968910504464
32.0 0.993771929003306
33.0 1.0740705169529483
34.0 1.0143487326490581
35.0 1.0428236149778634
36.0 0.8177191532131234
37.0 0.9387694306325344
38.0 1.0531902631109138
39.0 0.9753473362559699
40.0 1.1872326882901194
41.0 1.079083910892659
42.0 0.7821077338723167
43.0 0.9290527397943857
44.0 1.1585899041591161
45.0 0.8203676974349913
46.0 0.9156129860314027
47.0 1.1278964561867204
48.0 0.971869094627934
49.0 0.9902416587642218
50.0 1.133385905106088
51.0 1.0885155572593876
52.0 1.0519942653070775
53.0 0.8621179203966658
54.0 1.1908976726527543
55.0 1.0612554634848734
56.0 1.1605766065190055
57.0 0.9339687121498206
58.0 0.9599586932878521
59.0 1.1007392299873557
60.0 1.01507894767638
61.0 0.941052572094516
62.0 1.0540163277244452
63.0 0.9357102125878349
64.0 1.0456127460891247
65.0 0.9493973407512979
66.0 0.8670075777546191
67.0 1.015650527623971
68.0 0.944019507396094
69.0 1.124734697051391
70.0 0.9718129294593809
71.0 0.9081489169832128
72.0 0.8717426838833566
73.0 0.9750775790481272
74.0 1.0089653318859413
75.0 1.0839765488118276
76.0 1.0469670127021877
77.0 0.9250041787361694
78.0 0.8731764286040624
79.0 0.9078726808110585
80.0 1.053682523384889
81.0 0.9124854115556961
82.0 0.8911836589043454
83.0 1.0306864399641371
84.0 0.8863898045274867
85.0 0.8164855056448841
86.0 0.9097846639253679
87.0 0.9943158986091771
88.0 1.0265893398397532
89.0 1.0913908621549748
90.0 1.1337729903356566
91.0 1.04065590259522
92.0 1.0110439733765533
93.0 1.0368667169274797
94.0 1.0686990208637752
95.0 0.9455122807308629
96.0 0.8473505198850646
97.0 1.0539829672319099
98.0 0.8401000587586025
99.0 1.003863100820476
100.0 1.0971407050662416
101.0 0.8108980451795174
102.0 0.9387717614220643
103.0 0.9667621798170178
104.0 1.0718636465673184
105.0 0.9553061556139701
106.0 0.868027176976661
107.0 0.8973313028428825
108.0 1.0951455924659832
109.0 1.1836375589367356
110.0 1.055886970996321
111.0 1.1797014945564246
112.0 1.1020284754783929
113.0 0.9728255102029453
114.0 0.9002229228203528
115.0 1.0441084994258931
116.0 1.050123831178765
117.0 0.959855393859421
118.0 1.1413238351604784
119.0 1.1325669528202518
120.0 1.05989047236601
