Time NormalisedFlux
0.0 0.9325022419241096
1.0 1.2013823872948142
2.0 1.016423616614971
3.0 1.1736666168797372
4.0 1.0515199652518639
5.0 0.9643535118225102
6.0 0.9655479808837741
7.0 1.0585955262092115
8.0 1.0198428615610806
9.0 1.0091318105768796
10.0 1.0787088538389829
11.0 1.0316614969641629
12.0 0.9120482556651823
13.0 0.6891151113829093
14.0 0.9103651903719607
15.0 0.9805680735847516
16.0 1.1550624211190599
17.0 1.0946900712778886
18.0 1.1490661144581436
19.0 0.9778326540155158
20.0 1.068327924247719
21.0 0.8761357357686352
22.0 0.9401653854626916
23.0 0.9312931170239029
24.0 1.0896686073204653
25.0 0.987053165225631
26.0 0.8395471194509366
27.0 1.0951561722331697
28.0 1.197626958615265
29.0 0.9113371747195045
30.0 1.0032019894633253
31.0 1.1600179298772748
32.0 1.0123907486860875
33.0 1.1567191948849003
34.0 1.0523647341451146
35.0 1.1209089647507877
36.0 1.0833947326152564
37.0 1.0043806721129478
38.0 1.1141739069911885
39.0 1.1693288385786433
40.0 1.0308468363569756
41.0 0.9981168434223866
42.0 1.0554767547518198
43.0 1.0432747776131666
44.0 1.0795613454773327
45.0 1.0814079744452765
46.0 0.987160272441745
47.0 1.007451185727769
48.0 0.9030846725952459
49.0 1.0271501302497954
50.0 0.9306871168430412
51.0 0.9898195587553491
52.0 0.9425737887985348
53.0 1.0004805868804574
54.0 1.1490255231092954
55.0 0.9269911994813593
56.0 1.0623688645089318
57.0 0.871890347089679
58.0 0.8030809915149877
59.0 1.133526461486669
60.0 1.0023847049727048
61.0 0.9615160257162589
62.0 1.0447991048990095
63.0 0.9506684419578285
64.0 1.0687245043615237
65.0 1.1276829162282758
66.0 0.9089780798837133
67.0 1.0867999577023482
68.0 0.9796597929218098
69.0 1.1052875496594394
70.0 1.0981770975185012
71.0 0.9591819063452581
72.0 0.7363790967757216
73.0 0.8561190493655033
74.0 0.8964335068816667
75.0 1.0206159226060365
76.0 0.9303818966919359
77.0 1.0739509275536403
78.0 0.9865740473231931
79.0 0.9581924785823701
80.0 1.0574786302099677
81.0 0.9351166712790243
82.0 0.8488556283262311
83.0 1.1220150003642397
84.0 0.965996338107594
85.0 1.094530087992626
86.0 0.9193865724965193
87.0 0.958099309825651
88.0 1.1378730009971398
89.0 1.069849420812998
90.0 1.0211839492724588
91.0 0.9054458745258863
92.0 1.0771864789289611
93.0 0.9661038528603378
94.0 0.9422419111076376
95.0 1.1526845315229233
96.0 0.8222288277208152
97.0 1.1132056476726768
98.0 0.9757460515252734
99.0 0.9990454990789783
100.0 0.9613658825887398
101.0 0.9832092973922767
102.0 1.0386238916113173
103.0 1.1409361252770949
104.0 0.9294555611485175
105.0 0.8022820453170255
106.0 1.0383263554572466
107.0 1.122435348885559
108.0 0.9893868210555148
109.0 0.8980681274534776
110.0 0.9667058038968264
111.0 0.8735241715521747
112.0 1.1318040042925528
113.0 1.1240927143860282
114.0 1.1963032762359318
115.0 0.9980688906265847
116.0 0.9970627135182363
117.0 0.932827627938898
118.0 0.911586553582197
119.0 1.150522303370859
120.0 0.9097501694174814
