Time NormalisedFlux
0.0 1.0365112210617797
1.0 1.1326810320149527
2.0 0.9761512268936553
3.0 0.9170810412275259
4.0 1.0209627517230169
5.0 1.1796494805519753
6.0 1.1090309405871892
7.0 0.9858721599974275
8.0 1.1128207331567326
9.0 0.9314466472557948
10.0 0.8890607159768488
11.0 0.9938392899320386
12.0 0.936707286017927
13.0 0.9065490075563845
14.0 1.0695456480507128
15.0 0.8842806199519422
16.0 1.0068747828061837
17.0 0.932099801340244
18.0 0.9216423983997346
19.0 1.1637881686468614
20.0 0.8695072094362567
21.0 1.01239393167158
22.0 0.9548796005139367
23.0 0.9805450786489348
24.0 0.7887100522208997
25.0 0.958758125670071
26.0 0.8122266136337355
27.0 0.8097745292134717
28.0 0.9710289436665559
29.0 1.0123367083814592
30.0 1.0247054798123827
31.0 0.8588783373008666
32.0 0.9526056954876048
33.0 0.8735459884334762
34.0 1.1050877084931725
35.0 1.1502896822030895
36.0 0.8878868165467421
37.0 1.0861543781400835
38.0 1.1167231665667108
39.0 1.0550895134933544
40.0 0.9196337878243958
41.0 1.0699369390548765
42.0 0.8449481724392057
43.0 1.0625944297344347
44.0 1.1793048023861006
45.0 1.0669590471300174
46.0 1.049153763350236
47.0 1.0094485287568757
48.0 1.1967002285398765
49.0 1.2352556951611238
50.0 0.9704772781841955
51.0 1.0288287184126446
52.0 0.9221852407664859
53.0 0.9671455239087634
54.0 0.9414735494940656
55.0 1.0755665001046057
56.0 1.0393009246903036
57.0 1.0392599789852375
58.0 0.9079133063322444
59.0 0.94577591663159
60.0 1.07325226539846
61.0 0.8583417109782707
62.0 0.9621275854424634
63.0 1.0263612364361483
64.0 1.068000594819867
65.0 0.8791540590625295
66.0 0.9142109785627948
67.0 1.1138890189922588
68.0 0.9432720197829915
69.0 0.958700794150482
70.0 0.9606135419382738
71.0 0.9313132457167027
72.0 0.9812503222472926
73.0 1.0681583627686275
74.0 0.8640097466919388
75.0 1.1842277707970406
76.0 1.0369115551818306
77.0 1.0227796326527918
78.0 0.8528249462517739
79.0 1.0541458995278623
80.0 0.9400109054244247
81.0 0.956595951368298
82.0 1.0435465962893087
83.0 1.0970115500630846
84.0 0.9133582643420826
85.0 1.0244991633319824
86.0 0.9630989309910782
87.0 0.9446732592557562
88.0 0.8504957728108533
89.0 1.2343558978119518
90.0 0.8827184308404467
91.0 1.0686633985447327
92.0 1.148462960572334
93.0 0.9109170462428442
94.0 0.9316438088414997
95.0 0.8129450750511861
96.0 0.9406548621567643
97.0 0.7636196388398178
98.0 1.0011932701495954
99.0 0.9379082167962045
100.0 0.9147927328779906
101.0 1.0162494435016936
102.0 0.9285504597798988
103.0 0.9429206223970023
104.0 1.015395701040277
105.0 0.914703673072538
106.0 0.9779092189731955
107.0 1.1035352510105823
108.0 1.0484397397624339
109.0 1.0394027262705137
110.0 1.119342250592538
111.0 1.1515271868826809
112.0 1.0394322815371766
113.0 0.9010937119112585
114.0 0.9035860506317197
115.0 1.0702158759217086
116.0 0.9818922970276334
117.0 1.1015305484276816
118.0 0.8285196189136492
119.0 0.890074671907839
120.0 0.9232782368574783
