Time NormalisedFlux
0.0 1.1111866758212465
1.0 0.8565508482911638
2.0 0.7170710113142054
3.0 0.8704284653560268
4.0 1.0114345395959004
5.0 0.9123632786377737
6.0 1.0530875807409266
7.0 0.9926306754060268
8.0 1.1172198189569995
9.0 0.9174692908437497
10.0 1.0651701039505124
11.0 1.0020373177002513
12.0 1.064715670486886
13.0 0.8809421808205176
14.0 0.9853335066015192
15.0 1.0212578805114059
16.0 1.1732774494464344
17.0 1.0990612755650024
18.0 0.9586178453353311
19.0 1.1232570462455262
20.0 1.0220312094041433
21.0 1.062125294815018
22.0 1.0834265144293704
23.0 0.8558733722944347
24.0 0.9463442438878209
25.0 0.9227998203315545
26.0 0.9846469581658863
27.0 0.8499807219202651
28.0 0.8662176962878488
29.0 0.9464067755921829
30.0 1.1378926792635304
31.0 1.095518145008228
32.0 1.078328502342559
33.0 0.910654995964897
34.0 0.8872169410045188
35.0 1.0215171747660086
36.0 0.9809287113780859
37.0 0.9543509711949293
38.0 0.9694785081650278
39.0 1.1254205462710871
40.0 0.9481347661084915
41.0 0.8936215349600785
42.0 1.1727051423954031
43.0 1.0967504270869795
44.0 1.0244149462318233
45.0 0.9531424816266778
46.0 1.0296778705407648
47.0 0.933199108020125
48.0 0.9188428638581336
49.0 1.1044598796944594
50.0 0.8543479691349082
51.0 0.912127016998833
52.0 1.132684801743505
53.0 1.042652922435469
54.0 0.9895501990908753
55.0 0.9568007232676753
56.0 0.9729811579593154
57.0 0.9754495172987168
58.0 0.8160394675585623
59.0 1.0726491212461697
60.0 1.0661263569581325
61.0 0.8238155728183676
62.0 0.9177690615558163
63.0 1.084900841879394
64.0 1.0860264180378087
65.0 0.9658314257285736
66.0 1.1181925855114863
67.0 0.8851854143288005
68.0 1.0642636013469553
69.0 1.0106122164642355
70.0 1.0712815127415882
71.0 1.010354082440268
72.0 0.9483440316507707
73.0 0.8237307805417381
74.0 1.1323203655383747
75.0 0.8561502387458979
76.0 0.980488218152565
77.0 1.0535616246620971
78.0 1.056844582205843
79.0 1.1276765130048827
80.0 1.039317212309951
81.0 1.0844186026295994
82.0 0.9430259429282251
83.0 0.8862689293276866
84.0 0.9730341582194849
85.0 1.0808690032279429
86.0 1.0170984147920543
87.0 0.8169813067764797
88.0 0.9711979304645879
89.0 1.0659853078537207
90.0 0.9196903604002191
91.0 1.031645733126914
92.0 1.0220034382913281
93.0 0.7759211826758946
94.0 0.888516809721453
95.0 1.024562179872784
96.0 0.952211742300782
97.0 0.9319296139483767
98.0 1.087284073731154
99.0 0.77105810032233
100.0 1.065776669471743
101.0 1.0200801214528807
102.0 0.8756273835753462
103.0 0.8555246518751822
104.0 0.9119300014624689
105.0 1.0930203318563656
106.0 0.8354988824827331
107.0 1.023597662735049
108.0 1.1716990889803105
109.0 0.927350488198506
110.0 0.9931000278048409
111.0 0.9615669399518029
112.0 0.9130417576217319
113.0 0.9963707574788875
114.0 0.9027591834803458
115.0 0.8729621297363866
116.0 1.0355379125657416
117.0 1.1188604815857757
118.0 0.9099180192116761
119.0 1.0001009733456656
120.0 1.1639181917578136
