Time NormalisedFlux
0.0 1.0137980356826888
1.0 1.0138054411569772
2.0 0.991368027948714
3.0 0.9798751930344615
4.0 0.9682681735198686
5.0 0.9626333518227634
6.0 0.9511676145868512
7.0 0.9438329190062366
8.0 0.9648524339707174
9.0 0.9188419679860084
10.0 0.9316123100479157
11.0 0.8988427037776932
12.0 0.9357911198910008
13.0 0.9681254557758638
14.0 1.0878337446757709
15.0 1.102775389163415
16.0 1.1209978223747186
17.0 1.0635345264793787
18.0 1.0507021253232725
19.0 1.0491134877399737
20.0 1.0468720497377686
21.0 1.0859959591857293
22.0 1.0274402734982395
23.0 1.0283630336192031
24.0 1.0015822633349238
25.0 1.0137666431749754
26.0 0.9859490807645533
27.0 0.9892351027615827
28.0 0.9983420982461142
29.0 0.9655269189457868
30.0 0.9551271757832933
31.0 0.9891830415395155
32.0 0.9440438828657107
33.0 0.9560250976039887
34.0 0.9328202855175869
35.0 0.9231397906472147
36.0 0.9044253579426053
37.0 0.9739043352115254
38.0 0.9839597146370048
39.0 1.023220492204755
40.0 1.0683750181998442
41.0 1.08700771262962
42.0 1.064591304441053
43.0 1.0563227205577272
44.0 1.0382789757251238
45.0 1.0345287304594384
46.0 1.0296652434208666
47.0 1.0359011218620577
48.0 1.0172651179781422
49.0 1.0288532596466209
50.0 1.0378858875360824
51.0 1.0153923756533993
52.0 0.9764618120487647
53.0 1.0010110897775262
54.0 0.9649026513772788
55.0 0.9401996268192465
56.0 0.9122186714492664
57.0 0.9493783372213318
58.0 0.9516234476237061
59.0 0.9163457175035262
60.0 0.9560007442134943
61.0 0.9000004256555004
62.0 0.9232610817948044
63.0 0.9725179450784015
64.0 1.032482954841317
65.0 1.073264868501274
66.0 1.0979407593314183
67.0 1.0629602506652813
68.0 1.048561878428205
69.0 1.0638090072926585
70.0 1.058667089816106
71.0 1.0734314140539019
72.0 1.0495164040256355
73.0 1.0133360145030021
74.0 1.0725341777056123
75.0 0.9938233594670657
76.0 1.016724129039177
77.0 0.9878364929526599
78.0 0.9610216466200717
79.0 0.9852931463237539
80.0 0.9553699667068529
81.0 0.9471199894609659
82.0 0.9418364728122713
83.0 0.9552269775931813
84.0 0.959740108041245
85.0 0.9287079687512262
86.0 0.9050959450615601
87.0 0.8981532693752642
88.0 0.983527227805119
89.0 1.0027303805840093
90.0 1.0253810256707554
91.0 1.0824650411676473
92.0 1.0838623827333167
93.0 1.0689460451142676
94.0 1.059921988582125
95.0 1.0804971210012613
96.0 1.0568920545772849
97.0 1.038894773474045
98.0 1.0671024821961388
99.0 1.0033321936733335
100.0 1.0213412736661762
101.0 0.9825055493462809
102.0 0.9667281282627849
103.0 0.9923568223536929
104.0 0.9879590883673597
105.0 0.9785244993568721
106.0 0.9647115821252673
107.0 0.9649439574734296
108.0 0.966561909462997
109.0 0.9450071073691414
110.0 0.9466008186410937
111.0 0.886074882287551
112.0 0.9075035305191862
113.0 0.9226074688130486
114.0 0.9594486553300311
115.0 1.0166856799608799
116.0 1.0821081822037875
117.0 1.101011161246289
118.0 1.0804240645340648
119.0 1.067542111612843
120.0 1.0635603953235389
