Time NormalisedFlux
0.0 0.982303899516568
1.0 0.9420538790975721
2.0 0.9555157170576731
3.0 0.9403820230416581
4.0 0.9728756585915422
5.0 0.9364522181084005
6.0 0.8795806796642173
7.0 0.8996731794222991
8.0 0.9382212018166981
9.0 0.9805266784822505
10.0 1.0631837372358817
11.0 1.0906537618692322
12.0 1.094488728571388
13.0 1.0688456527090775
14.0 1.0470035012415604
15.0 1.0405999087823687
16.0 1.0732577470436309
17.0 1.04869046124295
18.0 1.0341511452783496
19.0 1.015058306608203
20.0 1.0128229794898636
21.0 1.0022935000862772
22.0 0.9824737421393337
23.0 0.9941060062118163
24.0 1.0080845097559135
25.0 0.998831971240839
26.0 0.9687719430574145
27.0 0.9509128789169534
28.0 0.9452167405166096
29.0 0.934776451912109
30.0 0.9537963053621655
31.0 0.8984445435128957
32.0 0.9033539340627526
33.0 0.9325625424666507
34.0 0.9563617556165457
35.0 1.028276628922068
36.0 1.0703210797774665
37.0 1.105152665821007
38.0 1.0871060204568515
39.0 1.0706706905417125
40.0 1.0591426184086405
41.0 1.0179903929401817
42.0 1.050695136022741
43.0 1.031785969104248
44.0 1.036055841927566
45.0 0.9844161704166962
46.0 1.001450686250499
47.0 1.007225234447707
48.0 1.014460393721007
49.0 1.0130604899226587
50.0 0.9652284052020372
51.0 0.9611287183001639
52.0 0.9916616478928527
53.0 0.9485249058132746
54.0 0.9692150614288094
55.0 0.9172227372416845
56.0 0.9453594981251229
57.0 0.9160577771331448
58.0 0.8862577010580217
59.0 0.9393633527764332
60.0 1.0215299514598757
61.0 1.0421201237973141
62.0 1.1082037460441663
63.0 1.112880842835836
64.0 1.0694746849013055
65.0 1.070685863320186
66.0 1.0390123463348158
67.0 1.0337439398076067
68.0 1.072078984020736
69.0 1.0179530841643378
70.0 0.9874636483604383
71.0 0.9944683440040655
72.0 0.9780355129327498
73.0 0.9968509939706925
74.0 1.0179440175836638
75.0 0.9941819393878313
76.0 0.9837550504934656
77.0 0.9686893345182461
78.0 0.9578829330888612
79.0 0.9156640736040079
80.0 0.9609317238919232
81.0 0.931610057864117
82.0 0.9073180484131801
83.0 0.8868288419153032
84.0 0.9346586259446348
85.0 0.984022221960255
86.0 1.0014244150108285
87.0 1.117698434148181
88.0 1.1042263373284529
89.0 1.0780902419874228
90.0 1.0417884147277805
91.0 1.0267664618854915
92.0 1.0213851431118557
93.0 1.0629469427550016
94.0 1.0168465952698662
95.0 1.0401470950311504
96.0 1.0155206545904762
97.0 0.9945655711930064
98.0 1.011607725368794
99.0 0.986255230873716
100.0 1.0214452830921112
101.0 0.9918730803760485
102.0 0.9403623597604179
103.0 0.9478822887108806
104.0 0.9358931416527386
105.0 0.9815310279474233
106.0 0.9634319656788821
107.0 0.9120160775335063
108.0 0.9029251063935311
109.0 0.8774373801549875
110.0 0.948210277939384
111.0 1.009757568445382
112.0 1.0672539854324856
113.0 1.0880968859171238
114.0 1.069922397479472
115.0 1.0981362127177614
116.0 1.055298822112415
117.0 1.0545702112960664
118.0 1.016200405542242
119.0 1.047955234506983
120.0 1.0293901971932962
