Time NormalisedFlux
0.0 0.9439406624700727
1.0 1.1228810603562287
2.0 1.0998471386170798
3.0 1.022683030459535
4.0 1.0480867563324832
5.0 0.9630218185464471
6.0 1.0125712407202663
7.0 1.0390313502864073
8.0 0.933197547236088
9.0 1.036939445343572
10.0 1.004449901504362
11.0 1.0947371125117196
12.0 0.8430128792199975
13.0 0.9659868599498226
14.0 0.9188107553599526
15.0 1.006882184064124
16.0 1.0319528026371068
17.0 1.0137057807928676
18.0 0.9823997318889406
19.0 0.8509190630972767
20.0 1.0959086690329731
21.0 1.0524409983646188
22.0 0.9808502140942329
23.0 0.9154219478048672
24.0 1.0145891239455063
25.0 0.9393411162638752
26.0 1.1224437083816488
27.0 1.0233244178794423
28.0 0.9378385722977363
29.0 1.1152812973886568
30.0 0.9439866539698805
31.0 0.870656280650002
32.0 0.9587884383849257
33.0 1.082368839957834
34.0 1.0124533707075354
35.0 1.080150375255684
36.0 1.0723668012376704
37.0 1.0398150620781594
38.0 1.03373098813837
39.0 0.9502564543540163
40.0 0.8936835399045391
41.0 1.0232181185454987
42.0 1.088920137637237
43.0 1.0003661820289897
44.0 1.0068707238369672
45.0 0.9715637422686214
46.0 1.0222519524269789
47.0 0.9643523098852589
48.0 0.9310684516392232
49.0 0.9907663611082091
50.0 1.0080579359603867
51.0 0.9196717672771358
52.0 1.031325532508856
53.0 0.9572352035571873
54.0 0.9601556592738859
55.0 1.0452086984700866
56.0 0.9751804029568839
57.0 0.8138067563552833
58.0 0.8979175976856903
59.0 0.8760732856988473
60.0 0.9372753096363472
61.0 0.9701324426140224
62.0 0.9118374949222496
63.0 0.8768878780653981
64.0 1.0147220970071327
65.0 0.9854975282372566
66.0 0.98935012775709
67.0 0.9806287685392128
68.0 0.9360391218062537
69.0 1.1336234278018051
70.0 0.9481610464935993
71.0 0.994493394903242
72.0 1.0035376544091592
73.0 0.8209586597201047
74.0 0.9694704038391189
75.0 1.037143237335334
76.0 1.036690619802935
77.0 1.0631099583145218
78.0 0.8944142918772401
79.0 0.9948813995643441
80.0 0.9683160038701346
81.0 1.1687869490422416
82.0 0.858632024021114
83.0 1.0118287610039836
84.0 1.2679454592864414
85.0 0.9380481740856373
86.0 0.8433235282404999
87.0 0.9542440811048276
88.0 1.1579795396541812
89.0 1.1004703503255655
90.0 1.0889524691914167
91.0 1.0245102920481926
92.0 1.0528966207207693
93.0 1.225318871693934
94.0 1.0490490635787306
95.0 0.9539237563016086
96.0 1.1770948958335254
97.0 0.9598219589367124
98.0 0.8838257568896415
99.0 0.955910208121413
100.0 0.9780125415428818
101.0 1.0528405515537653
102.0 1.1619134003262785
103.0 1.055901313133608
104.0 0.9446859989082835
105.0 0.9646922529730755
106.0 1.0940299615554536
107.0 1.1925772495886084
108.0 0.9447397155996043
109.0 1.0703098052385873
110.0 1.016739170674899
111.0 0.7857952406941595
112.0 0.9370930076839514
113.0 1.1695792476789746
114.0 0.9208843877101097
115.0 1.0776915598506283
116.0 1.0968630869384155
117.0 1.0011026966557275
118.0 0.9825538062290338
119.0 1.0535019231541738
120.0 0.7696876038460987
