Time NormalisedFlux
0.0 1.0825835869749083
1.0 1.0328691302745086
2.0 0.8853982680378655
3.0 1.0518507141890736
4.0 1.1400545486027323
5.0 0.8777564744445283
6.0 0.9059375489589215
7.0 1.0570978030438696
8.0 0.9865688113571298
9.0 1.1665886843151663
10.0 1.185023802763564
11.0 0.8133338191172087
12.0 1.0773677566212676
13.0 0.9963738733331574
14.0 0.8553264435235536
15.0 1.0931518628329953
16.0 1.1228381110651087
17.0 0.9389848751568506
18.0 0.9497230747500996
19.0 0.9276980306558833
20.0 0.9012068975982708
21.0 1.0195247891080004
22.0 0.9659723433683046
23.0 0.8869761431016536
24.0 1.1091253338013456
25.0 0.9714238833251873
26.0 1.1183909530566514
27.0 1.0524041186143351
28.0 0.9513284613775462
29.0 0.9496476596992974
30.0 0.8823414057953745
31.0 0.9438732723889212
32.0 1.079496576805875
33.0 1.1002430487643906
34.0 0.9685261601118591
35.0 0.9803660116374208
36.0 1.175142084386299
37.0 1.0826717938656065
38.0 0.9495424353478636
39.0 0.8584601196348818
40.0 1.1439634084092702
41.0 1.1623653570633818
42.0 1.1583101042873736
43.0 1.03882210792717
44.0 1.0822999715074013
45.0 1.0047052926403888
46.0 0.9432885289496765
47.0 0.983616309832237
48.0 1.0456984022841689
49.0 0.9340013930080747
50.0 1.0739876447895977
51.0 1.003236734472267
52.0 1.0223739511988337
53.0 1.0253945473408637
54.0 0.9270237706923337
55.0 0.9878813338006914
56.0 1.1482295389439778
57.0 0.8927269837284291
58.0 1.0321513955759096
59.0 0.9785205438540319
60.0 0.9069221338259958
61.0 1.0015973837274692
62.0 1.0840850217648894
63.0 1.0602282684049937
64.0 0.8854366417204892
65.0 1.1092598823181383
66.0 0.8978655447146149
67.0 1.0361017940825519
68.0 1.006627039284108
69.0 0.902930664202667
70.0 0.8577044927622997
71.0 0.9426925661361808
72.0 0.9151814953565056
73.0 0.8753526611443755
74.0 0.960204059613678
75.0 0.9427727557529209
76.0 0.8826857427547139
77.0 1.0933223436599984
78.0 1.1130111877125297
79.0 0.9993011993262472
80.0 1.003190964896998
81.0 1.145417409870662
82.0 1.0907584413127687
83.0 1.0965599818601717
84.0 0.9758948840889038
85.0 0.8160656839233029
86.0 1.1927234455921987
87.0 1.0759216061850996
88.0 0.9900513547423638
89.0 0.9805460694091866
90.0 1.2140203792366022
91.0 1.01975959815303
92.0 1.0236437447030233
93.0 1.0558727821587086
94.0 0.9613964443105393
95.0 0.962990400309078
96.0 1.0403977854299775
97.0 1.162564273182525
98.0 0.8659547541805588
99.0 1.043575753739824
100.0 1.3017875911579182
101.0 0.8783715347090298
102.0 1.1500128406937058
103.0 0.9908504889297163
104.0 1.0350057038753042
105.0 1.1474702320982815
106.0 1.0827307770625902
107.0 0.9404078145169604
108.0 0.9332195012432002
109.0 0.9698638502482327
110.0 0.9792974161761399
111.0 0.9047870084529817
112.0 0.9705319278206568
113.0 0.9806437984764877
114.0 0.9919336429099758
115.0 1.079387598541311
116.0 1.0246246682764282
117.0 0.9980085276210233
118.0 1.1040883454798291
119.0 0.8715377530486261
120.0 0.924678739169372
