Time NormalisedFlux
0.0 1.106758921570081
1.0 1.0476830626662053
2.0 0.9052569539979809
3.0 0.8670409028964541
4.0 1.0256769276609161
5.0 0.9916978068368997
6.0 0.887186744248899
7.0 0.9974063766320139
8.0 1.0540289576058939
9.0 0.9847859850997931
10.0 1.0008451135335459
11.0 1.0624193288999346
12.0 1.1145232788799764
13.0 1.1246736986519934
14.0 0.9086070965120502
15.0 1.0355189820267714
16.0 0.9752261936401472
17.0 0.9634799228842762
18.0 1.1579486044184415
19.0 1.0560940534151844
20.0 0.91244572975993
21.0 1.169323026056502
22.0 1.123901137977825
23.0 0.9649753660580725
24.0 1.0069772702533633
25.0 1.091060119577799
26.0 0.9476533420468981
27.0 1.0028903707064447
28.0 1.1370962096584196
29.0 0.950445386594594
30.0 0.9821879117102659
31.0 0.8276333071310026
32.0 0.9669292434821256
33.0 0.9311936187458764
34.0 1.1017033996467975
35.0 1.046064623559955
36.0 0.8799782965131449
37.0 1.0474022593120231
38.0 1.0810295660535405
39.0 1.0723861711025933
40.0 1.085407743451919
41.0 0.9663217717400442
42.0 1.1088133816452441
43.0 1.0207449859326563
44.0 1.1871570634145314
45.0 0.9429273904323859
46.0 1.0401066820141276
47.0 1.0044444396417607
48.0 0.9029491760884725
49.0 0.9804234167082397
50.0 0.9890215596881956
51.0 1.0667824243577724
52.0 1.0524509403782747
53.0 0.9621951818989666
54.0 1.006841086886397
55.0 0.986817839560948
56.0 0.9094160870266796
57.0 0.9004995357178917
58.0 1.0743274777375191
59.0 0.9204987807524762
60.0 1.1764941576461025
61.0 0.888639231577796
62.0 0.8468052088266539
63.0 1.0731237633064081
64.0 1.0923768186627436
65.0 0.9168849297024594
66.0 0.9685429281292185
67.0 1.048067408285337
68.0 1.0626072720186504
69.0 0.9944808502197993
70.0 1.1529337362337853
71.0 1.0663630684307273
72.0 0.9138735144330817
73.0 1.0042463855749222
74.0 0.8418686126592688
75.0 1.0098054886236991
76.0 0.9659978374552823
77.0 1.0084666849777995
78.0 0.9181325455867734
79.0 1.178832473067156
80.0 0.9851487228232763
81.0 1.0344637126826184
82.0 1.0293346152617715
83.0 1.1028824478736021
84.0 1.100087386752294
85.0 1.0196788506108232
86.0 1.0198638659900292
87.0 0.9143461749371226
88.0 0.8144930051523196
89.0 0.8381821247904836
90.0 0.9754725280820148
91.0 1.0546514238430569
92.0 1.001215920856662
93.0 1.136377044857473
94.0 0.9121670173292041
95.0 0.9208224890816064
96.0 1.000625606543839
97.0 0.9737925957975527
98.0 1.015926734703505
99.0 1.087506091197502
100.0 1.042512314461462
101.0 1.0826397710278033
102.0 1.0829753248481555
103.0 1.0084003890519884
104.0 0.9765898489029423
105.0 0.8931583536755222
106.0 1.0137884047814618
107.0 0.8828127492555177
108.0 0.8883999231847906
109.0 0.9171446572860773
110.0 1.081765441822426
111.0 1.0028904312680607
112.0 0.9882983452640098
113.0 0.9400194569497624
114.0 1.224577505763833
115.0 1.1146492781170523
116.0 1.0758559730581798
117.0 0.9571368838468538
118.0 1.127857183991543
119.0 1.2032907650388567
120.0 1.1333117455876607
