Time NormalisedFlux
0.0 1.0944050138667911
1.0 1.118377482988727
2.0 1.065086717745386
3.0 1.0557438834977144
4.0 1.038081187637707
5.0 1.066155284426257
6.0 1.014119611232913
7.0 0.9881771293735104
8.0 0.9900379484439061
9.0 0.9454620665317871
10.0 0.9552701484316747
11.0 0.9194863932069969
12.0 0.9193406686701913
13.0 0.9344559125220052
14.0 0.8986254211929189
15.0 0.8649224515554153
16.0 0.837737517513673
17.0 0.8775245911392623
18.0 0.9063773901597607
19.0 0.9163497644058418
20.0 0.9710245186067038
21.0 0.9437398306419058
22.0 0.9741401304453668
23.0 0.9777717601478048
24.0 1.01145200590878
25.0 1.0004189230894673
26.0 1.0377387677241061
27.0 0.9721860318851565
28.0 1.064650600377707
29.0 1.115845858374096
30.0 1.1032098269296373
31.0 1.1118314145999784
32.0 1.11163718653179
33.0 1.1635359910468348
34.0 1.1459577275911823
35.0 1.1570929403431105
36.0 1.110084688691525
37.0 1.1640764291999686
38.0 1.117533236092195
39.0 1.1117136021247118
40.0 1.1393643771761996
41.0 0.9970946788145147
42.0 1.0522081384337023
43.0 0.9770600533995145
44.0 1.0102189388249407
45.0 0.9629687131191
46.0 0.9085105279964734
47.0 0.9462788203914038
48.0 0.9021794176265243
49.0 0.8968708145106592
50.0 0.8961365319257718
51.0 0.8076868472241879
52.0 0.8569409099341123
53.0 0.8462506524630656
54.0 0.9370958879493397
55.0 0.9126439559544346
56.0 0.9545011814889967
57.0 0.919671752860857
58.0 0.9528293482635362
59.0 0.9630987446504822
60.0 0.9986073724600061
61.0 0.9854442475605322
62.0 1.0292033652261916
63.0 1.0753062394235613
64.0 0.9933453823792768
65.0 1.0832206157402677
66.0 1.0936856737064988
67.0 1.1186571640793186
68.0 1.1332651614442517
69.0 1.0803205310639539
70.0 1.140443007244677
71.0 1.138117024185852
72.0 1.1356566684560538
73.0 1.0724580905534344
74.0 1.0804623135269968
75.0 1.06313376528
76.0 1.093440908670348
77.0 1.036027780455925
78.0 0.976865285669059
79.0 0.9915412403347801
80.0 1.0037113436375715
81.0 0.9649463883650973
82.0 0.9416322258783832
83.0 0.9672175225670872
84.0 0.9262001239946482
85.0 0.8503096913388863
86.0 0.8618564512894459
87.0 0.7899767296926725
88.0 0.8594166156741488
89.0 0.917364922916437
90.0 0.9098872989080102
91.0 0.8976243724098747
92.0 0.9329098452350579
93.0 0.958976643105067
94.0 0.9866888984443042
95.0 0.999460090761351
96.0 1.0000574991705236
97.0 1.0136764971727437
98.0 1.013356163707029
99.0 1.0523424986516745
100.0 1.0720947200184072
101.0 1.0384808914000092
102.0 1.0886790390371726
103.0 1.1445913273481763
104.0 1.084377295044171
105.0 1.1363134443464433
106.0 1.1201477496301488
107.0 1.1555513540277484
108.0 1.1126647720272138
109.0 1.042704013714952
110.0 1.0564042951306971
111.0 1.0668562362098533
112.0 1.0359263420964213
113.0 0.9957588283105387
114.0 1.0147934034575068
115.0 1.0010298936056286
116.0 0.9567565612093517
117.0 0.9516010146646369
118.0 0.9534512417560834
119.0 0.8973905655324884
120.0 0.8974140951286796
