Time NormalisedFlux
0.0 0.9788407905519475
1.0 1.0707804059657982
2.0 1.0812831285546691
3.0 1.0754877058643972
4.0 1.0628168012640078
5.0 1.0445371390671798
6.0 1.068991832312011
7.0 1.0540857225179885
8.0 1.0467795115280867
9.0 1.0238107677729715
10.0 1.007919299165911
11.0 0.9816258962160865
12.0 1.0168018856091248
13.0 0.991643607639015
14.0 0.9690699688279665
15.0 0.9503219006319128
16.0 0.9350772955648554
17.0 0.9318750926365651
18.0 0.968949044773447
19.0 0.9422798321544309
20.0 0.9070603193895471
21.0 0.9049080168677853
22.0 0.898460842079008
23.0 0.9655821060292644
24.0 1.0859842772174875
25.0 1.089588746984453
26.0 1.0964978625271875
27.0 1.0630017009565647
28.0 1.0333518111442603
29.0 1.034488521050775
30.0 1.0427900021580663
31.0 1.0464022522426166
32.0 1.020001837725955
33.0 0.9887296026088781
34.0 0.994121849249124
35.0 0.9989510655112172
36.0 1.0013746914805461
37.0 0.9913472296050736
38.0 0.9518477520182361
39.0 0.9368375985492606
40.0 0.9714973243042728
41.0 0.9472584808178163
42.0 0.9350926048094773
43.0 0.9116280475905424
44.0 0.9485987795624472
45.0 0.9189846659598945
46.0 0.9802536282707359
47.0 1.0426829339206527
48.0 1.0652966097596865
49.0 1.0860669354956742
50.0 1.0638363705572593
51.0 1.0540844470317305
52.0 1.0447913089899228
53.0 1.0212886446805747
54.0 1.0181175087113092
55.0 1.0239334525837005
56.0 1.001333512459397
57.0 1.0165330097449137
58.0 1.0005912477954328
59.0 1.0305497135295065
60.0 0.990475352827139
61.0 0.9435324303056263
62.0 0.9633138446470708
63.0 0.9502538767463119
64.0 0.938889294191938
65.0 0.9602380460465219
66.0 0.8981464410192367
67.0 0.8808472763486791
68.0 0.9187878412745382
69.0 0.9885192978656945
70.0 1.059684475391105
71.0 1.0811208105742054
72.0 1.1200563487643342
73.0 1.063851210819641
74.0 1.06187437402235
75.0 1.0366459326843238
76.0 1.0228215093781188
77.0 1.0398557353212132
78.0 1.052436318145209
79.0 1.0191638599613977
80.0 1.0190705611319009
81.0 1.0378285934247482
82.0 0.9596213936547194
83.0 0.9679881984661551
84.0 0.9810122588146231
85.0 0.9580417084588652
86.0 0.9637981116866392
87.0 0.9580085474756836
88.0 0.9478455077082647
89.0 0.9242972168699163
90.0 0.9234635059118895
91.0 0.9096454083656907
92.0 0.9583940189520845
93.0 1.0266285961309132
94.0 1.0878440761880481
95.0 1.078871724382117
96.0 1.0623467972442369
97.0 1.073266505341109
98.0 1.0568223136923465
99.0 1.0604108600293987
100.0 1.0929848792301764
101.0 1.0260069653777872
102.0 1.0267962620485447
103.0 0.9870255361823642
104.0 1.0168449626799148
105.0 1.0253584150882626
106.0 0.9928351096434792
107.0 0.969468980287282
108.0 0.9422807176302849
109.0 0.9317221728164956
110.0 0.9309349340811975
111.0 0.9629258485751994
112.0 0.8835657787693086
113.0 0.8916722952751519
114.0 0.9247762965139509
115.0 0.9683611149785103
116.0 1.034868499062983
117.0 1.0863395197174635
118.0 1.1068666713236093
119.0 1.0840423617341335
120.0 1.0343675466236038
