Time NormalisedFlux
0.0 1.0466933715754576
1.0 0.912936413851333
2.0 0.8150071874835735
3.0 0.9494749053567991
4.0 0.9777967820859593
5.0 1.0508738122248684
6.0 0.8190672445888886
7.0 1.081878754078309
8.0 1.11120769109863
9.0 1.006916366334746
10.0 0.9093711220462737
11.0 1.0154527692130668
12.0 0.9810744368183743
13.0 1.0194538702966471
14.0 1.1205812237419113
15.0 1.0423632747722953
16.0 0.9221473279383668
17.0 1.1019284849100683
18.0 1.136723167167097
19.0 1.1228512273138085
20.0 1.0196356460532323
21.0 0.7472252640673467
22.0 0.8314238476950865
23.0 0.9651789135752062
24.0 0.9124030040761717
25.0 0.9684693759489957
26.0 0.9191146654193371
27.0 0.971556420438714
28.0 1.0064263634527666
29.0 0.9713281566135876
30.0 0.9281365130266894
31.0 0.9595315759447608
32.0 0.8627385532066771
33.0 1.047458008162582
34.0 0.8336695360551327
35.0 0.9818813285465293
36.0 1.1353351543516033
37.0 1.1608299135060571
38.0 0.9301262352927469
39.0 1.051018838714932
40.0 1.1814417993157447
41.0 0.7978126761839837
42.0 1.101612585470032
43.0 0.920759278033379
44.0 1.0422979319631025
45.0 1.0212790826349196
46.0 0.8253542145859276
47.0 1.143687650451603
48.0 0.9133918083077172
49.0 0.8611222807486053
50.0 0.9280571119158526
51.0 1.0790034405855249
52.0 1.014898279792638
53.0 0.9859425582823766
54.0 0.7983007207756403
55.0 1.0011993527556218
56.0 1.0618090506983695
57.0 1.0612590568157851
58.0 1.0333229954753704
59.0 1.0158157877872005
60.0 0.9164020146889859
61.0 0.8612569104479492
62.0 1.06315482813286
63.0 0.9705178551626384
64.0 1.0041761956859867
65.0 1.0149021087645465
66.0 0.8199878137277176
67.0 1.0851702581284959
68.0 0.9060516955336082
69.0 0.9844450804230956
70.0 0.8668426908495876
71.0 0.9802971396358054
72.0 0.977760617990446
73.0 1.050586307262611
74.0 0.9458034230639203
75.0 0.9886904452252081
76.0 1.0548793180036138
77.0 0.9472050385666422
78.0 1.1034323542004998
79.0 0.8768089861134102
80.0 0.9816880929698543
81.0 0.9079129160544451
82.0 0.826561237112263
83.0 1.024093709034661
84.0 1.0405084893024863
85.0 1.0056689321786199
86.0 1.0805423641766907
87.0 1.0308016167170146
88.0 0.9174048686207008
89.0 1.060982686866792
90.0 1.0909350995263822
91.0 1.0385658437126282
92.0 1.0503843647260274
93.0 0.8728750018195487
94.0 0.9818478488827125
95.0 0.9788529805647987
96.0 0.9848487693942106
97.0 0.9004600459934294
98.0 1.0923712205294527
99.0 0.9353505643079668
100.0 0.9642894260013589
101.0 1.095974539483794
102.0 0.7958840162728571
103.0 0.9009111075243328
104.0 1.0649895833879264
105.0 1.0605856803755918
106.0 0.9432345901917761
107.0 0.9967380182543024
108.0 1.2379350804684366
109.0 0.9359330378219256
110.0 0.977523868924603
111.0 0.9381492019141043
112.0 1.217883414330704
113.0 0.9644085623254542
114.0 0.9003594913964001
115.0 0.8874942224901241
116.0 1.0854092590535378
117.0 0.9196381908930679
118.0 0.895068888609896
119.0 1.0916487314427463
120.0 0.9666953188913316
