Time NormalisedFlux
0.0 0.8542885727301571
1.0 0.8555332520616888
2.0 0.8002707443056091
3.0 0.8923490487080696
4.0 0.9127422818587524
5.0 0.9221236271529224
6.0 0.9334276636051217
7.0 0.9398000728622333
8.0 0.9858675816322355
9.0 0.946222878006943
10.0 1.0272209820719629
11.0 1.0379206084184502
12.0 1.0579209784675956
13.0 1.0174153095045317
14.0 1.0582033422232608
15.0 1.0896334449323213
16.0 1.1334224223697478
17.0 1.1043600423316535
18.0 1.1315010128692091
19.0 1.101064691637334
20.0 1.0977986273884681
21.0 1.0424595111343233
22.0 1.0835871696046133
23.0 1.0114698617925224
24.0 0.9815539022743409
25.0 1.0484415107350369
26.0 0.9893326835758072
27.0 0.9559846030740031
28.0 0.9501987727436277
29.0 0.958400257885892
30.0 0.9210184272141448
31.0 0.9353095445041025
32.0 0.8744186153439911
33.0 0.8652012724732699
34.0 0.8650788343499944
35.0 0.8375649534245687
36.0 0.8807250120736058
37.0 0.9135690956237761
38.0 0.9605223601514106
39.0 0.9651049258278434
40.0 0.9121555556896769
41.0 0.957385689153928
42.0 0.9521541491707903
43.0 1.008084841239982
44.0 1.0219324754383639
45.0 1.0275091091077404
46.0 1.0305575044112123
47.0 1.0999463081688232
48.0 1.0994563006316052
49.0 1.1058511247573195
50.0 1.1002139299099876
51.0 1.1306044712143752
52.0 1.1261872568615896
53.0 1.1090074982684939
54.0 1.1033372216148642
55.0 1.0514557384433825
56.0 1.0385138635392481
57.0 0.970477989716446
58.0 0.9613841381728788
59.0 0.9648496736143976
60.0 0.9955033521121317
61.0 0.9310123819250967
62.0 0.9467015872347414
63.0 0.9129592808022873
64.0 0.8827555784481351
65.0 0.8740657210301436
66.0 0.8939400039568406
67.0 0.854905921063
68.0 0.8893441133344298
69.0 0.9383811095969041
70.0 0.9271816741481204
71.0 0.9472360114191535
72.0 0.9414785023304306
73.0 0.9630263733399356
74.0 1.0683564720537597
75.0 1.0087473754567509
76.0 1.0816751665916096
77.0 1.0638480310092528
78.0 1.1008000902949255
79.0 1.041179688681337
80.0 1.1421132252391262
81.0 1.1231076077311624
82.0 1.1568090216677178
83.0 1.1734435765603266
84.0 1.0820213779108958
85.0 1.067206784080334
86.0 1.0803207527077843
87.0 1.1050706076756223
88.0 1.0248579894977332
89.0 0.9932634212813966
90.0 0.9943596776490321
91.0 1.0120916889416702
92.0 0.9619020591928378
93.0 0.9218777791930981
94.0 0.918394627819354
95.0 0.9052287186904943
96.0 0.9270098121494139
97.0 0.8786139309452116
98.0 0.8222915987523508
99.0 0.9141206446788601
100.0 0.8938255491166058
101.0 0.8809431256122126
102.0 0.9135064212095214
103.0 0.9197985136308998
104.0 0.9578411884863148
105.0 1.0034765482697012
106.0 1.0205542600327793
107.0 1.0090586671560877
108.0 1.0535298386775946
109.0 1.0847637668526267
110.0 1.0874214941515656
111.0 1.0632180167720147
112.0 1.1308678703914459
113.0 1.1745765565752038
114.0 1.1314573138102917
115.0 1.1079820386561552
116.0 1.085420785508813
117.0 1.0652324429462365
118.0 1.0959838034782352
119.0 1.0380146888769288
120.0 1.0412030861749408
