Time NormalisedFlux
0.0 1.1387801339771335
1.0 1.0989035561158602
2.0 1.1214701547137127
3.0 1.0668928655972512
4.0 1.088168213633514
5.0 1.0484603180413958
6.0 1.0511817861180661
7.0 0.9977349721686152
8.0 0.9875561415446377
9.0 0.9340073717329533
10.0 1.010350074208144
11.0 0.9565109694230606
12.0 0.9075352254417114
13.0 0.9336864679547101
14.0 0.8664559521817243
15.0 0.8952039822387002
16.0 0.8381124346889237
17.0 0.8576778970718918
18.0 0.8855649681415707
19.0 0.9274948645036376
20.0 0.9124752516197605
21.0 0.8841440181441694
22.0 0.9191957449458307
23.0 0.9309496526220095
24.0 0.9641799069261564
25.0 0.9563147338619584
26.0 0.9750837758455633
27.0 1.0493534141333705
28.0 1.0407466274595065
29.0 1.051520501249483
30.0 1.0208230125505564
31.0 1.0576119515429865
32.0 1.0704196050254404
33.0 1.095365053768035
34.0 1.1191735217133836
35.0 1.1372750743950786
36.0 1.121898788337047
37.0 1.1041160611823473
38.0 1.1077348249198358
39.0 1.0812268406359649
40.0 1.0564780393691167
41.0 1.0410676996275454
42.0 0.9918204068350173
43.0 1.014158748861935
44.0 0.9847040799934246
45.0 0.9843918340318406
46.0 0.982568592343236
47.0 0.9486436946087727
48.0 0.9817038092156516
49.0 0.9550341643638328
50.0 0.8805027389745609
51.0 0.9000534294567981
52.0 0.8207445774940032
53.0 0.8827141478451921
54.0 0.9069822841577064
55.0 0.9216295685169041
56.0 0.9033760229528733
57.0 0.946522804728447
58.0 0.932714782342537
59.0 0.9662114130366471
60.0 0.9779827535427619
61.0 0.9662114401792082
62.0 0.9514057237313235
63.0 1.0353247554554412
64.0 1.0455732429765838
65.0 1.04593210699028
66.0 1.1131261700982473
67.0 1.0936686872994081
68.0 1.0775406541467392
69.0 1.1154694251593729
70.0 1.1303411284419667
71.0 1.117506875276654
72.0 1.172766944577994
73.0 1.098519591730531
74.0 1.0894842428248737
75.0 1.062722500610519
76.0 1.1050720279182946
77.0 1.0989046042892856
78.0 0.9686142368851793
79.0 1.0477819184508603
80.0 0.9993702179430386
81.0 0.9511647105162786
82.0 0.9661310488219967
83.0 0.9303222795957498
84.0 0.9238882727669088
85.0 0.9148253491591111
86.0 0.9107202211517483
87.0 0.9017743942145406
88.0 0.8034716386084035
89.0 0.8058073149881197
90.0 0.8990386756621396
91.0 0.8502972765914569
92.0 0.880602838411212
93.0 0.9172856978150241
94.0 0.9194560399907455
95.0 0.9309174636481786
96.0 0.9797605474162193
97.0 0.9987008886062937
98.0 1.014269511221712
99.0 1.019592815257917
100.0 1.0385852577081767
101.0 1.0551646743042344
102.0 1.0424046657100974
103.0 1.0659755570354597
104.0 1.0893244716543513
105.0 1.0940160545041369
106.0 1.1209741421657735
107.0 1.1540027953836767
108.0 1.1450798917845766
109.0 1.1093765875846058
110.0 1.0935530999857137
111.0 1.0739714500253792
112.0 1.101049084817013
113.0 1.061517249686847
114.0 1.0470320044000312
115.0 1.0252911914501053
116.0 1.0244333773002536
117.0 0.9981709640171498
118.0 0.8923287058738789
119.0 0.9157131265726616
120.0 0.9273305393974207
