Time NormalisedFlux
0.0 0.9634201372624169
1.0 1.001204011475869
2.0 0.9891305641620105
3.0 0.9924032085575022
4.0 1.0313079922783217
5.0 1.0553127007763878
6.0 1.0700483256768216
7.0 1.122602300775666
8.0 1.1549380681972516
9.0 1.1246433518177559
10.0 1.1432713113737476
11.0 1.1564970602528568
12.0 1.1265816980788252
13.0 1.0962500335565766
14.0 1.0705003550421557
15.0 1.1050501591267037
16.0 0.9726971480125858
17.0 1.0029066695830713
18.0 1.047894575093377
19.0 0.9993621085355929
20.0 1.0100691349048865
21.0 0.9593058055225638
22.0 0.9444786249442794
23.0 0.9097622324383875
24.0 0.8985314144247829
25.0 0.9191496423799321
26.0 0.8740163910101097
27.0 0.8520820865055689
28.0 0.8460327700120241
29.0 0.9040220457531127
30.0 0.8762623507103438
31.0 0.8991002494548791
32.0 0.9304642757183592
33.0 0.9594302255895922
34.0 0.9524571595920064
35.0 0.9970427069391873
36.0 0.9714591620057479
37.0 1.064580910206387
38.0 1.0646867079638425
39.0 1.046686818627278
40.0 1.038693295097882
41.0 1.0623245911278933
42.0 1.1615125027614364
43.0 1.156591733499043
44.0 1.1601806972189859
45.0 1.1608583944421824
46.0 1.1269795586472626
47.0 1.06990333530269
48.0 1.0538947323759729
49.0 1.131411966004093
50.0 1.1087995640867288
51.0 1.0243228641553075
52.0 1.020588406874988
53.0 0.9926888917679919
54.0 0.9736745067989988
55.0 0.9874765749269188
56.0 0.9264002653769303
57.0 0.9147819801062239
58.0 0.9093983937617716
59.0 0.8999651036492307
60.0 0.9131638789589863
61.0 0.8815882149150743
62.0 0.8754816643615471
63.0 0.8788516859700762
64.0 0.8857362692434686
65.0 0.9402669055748631
66.0 0.9014412479880897
67.0 0.9054494688233192
68.0 0.9537992010939164
69.0 0.9512049382004314
70.0 0.9616730990693921
71.0 1.0015143086456921
72.0 0.992065377321745
73.0 1.0784818018866333
74.0 1.0346783324645692
75.0 1.1082809583020936
76.0 1.0935277661479235
77.0 1.1138275964447204
78.0 1.1579082667718283
79.0 1.1445130165009607
80.0 1.1551455192333158
81.0 1.1274471168395919
82.0 1.1084557718931043
83.0 1.1117333881785756
84.0 1.0617683400122346
85.0 1.0545383847850722
86.0 1.015403527819169
87.0 1.0779363420755674
88.0 1.0242543907635104
89.0 0.9865451110545338
90.0 0.94483506815389
91.0 0.9285576669453146
92.0 0.9373480335859792
93.0 0.9261988800290105
94.0 0.9504662551985299
95.0 0.8843006530309403
96.0 0.8771894916441525
97.0 0.8306015189435969
98.0 0.8585338606455941
99.0 0.925717255647408
100.0 0.9189586806850687
101.0 0.9040180177127913
102.0 0.9668852829629275
103.0 0.9444537515189834
104.0 0.9905843082162993
105.0 0.9801280839401715
106.0 1.0216600307467731
107.0 0.9902806389373551
108.0 1.0137188270819117
109.0 1.079008331354973
110.0 1.083960165683292
111.0 1.0891695733322928
112.0 1.1323899595396552
113.0 1.1343843265981948
114.0 1.1702566667105911
115.0 1.1212446160199627
116.0 1.1146576336946694
117.0 1.0635179541070858
118.0 1.0309443040630746
119.0 1.0762992462264436
120.0 1.0650022736052156
