Time NormalisedFlux
0.0 0.9965216977499346
1.0 0.9846847636120318
2.0 0.9635580311530826
3.0 1.00080864305647
4.0 0.9405658937937403
5.0 0.9420283823623177
6.0 0.9574013251195711
7.0 0.9479049075318411
8.0 0.9189915010380549
9.0 0.9113174514354673
10.0 0.926802508756908
11.0 0.9790962110589363
12.0 1.037063889215627
13.0 1.058722030603108
14.0 1.1145207515765287
15.0 1.0763155438394922
16.0 1.0511250709800337
17.0 1.074067505595323
18.0 1.0106703837678372
19.0 1.0318524890350798
20.0 1.044728180260502
21.0 1.0119531708625833
22.0 0.9876526309141022
23.0 1.007044538417459
24.0 0.9943028326495873
25.0 1.011728020359991
26.0 1.0245345328561446
27.0 0.9676863178553458
28.0 0.957901521994876
29.0 0.966597450839866
30.0 0.9391179711522261
31.0 0.9388915326002606
32.0 0.9249747000734558
33.0 0.930804877433923
34.0 0.8907704575022289
35.0 0.9112614213931832
36.0 0.9859316106943969
37.0 1.040787368919484
38.0 1.091482861127698
39.0 1.1330679942623523
40.0 1.063075884640368
41.0 1.0451364413906277
42.0 1.0044152350391218
43.0 1.0090334968754127
44.0 1.0686491436591892
45.0 1.0727915762467837
46.0 1.0268207602429447
47.0 0.9905805064093426
48.0 0.9820679129942855
49.0 1.0060873199954754
50.0 0.9744929622456387
51.0 0.976567935148912
52.0 0.9684699090853814
53.0 0.9488502648834363
54.0 0.9413736178004193
55.0 0.9300212776642511
56.0 0.9398079093403979
57.0 0.937136128908394
58.0 0.890979147816841
59.0 0.8893821752843746
60.0 0.9252911320872319
61.0 0.9563259853672685
62.0 1.0472750472439272
63.0 1.0932652537307916
64.0 1.0779054700256447
65.0 1.0998799870623814
66.0 1.029679377042193
67.0 1.0144316097546464
68.0 1.043386260994626
69.0 1.0078518123320508
70.0 1.0391885013688427
71.0 1.0194667621422986
72.0 0.9947184596822035
73.0 1.0004975268877545
74.0 0.9956758387488733
75.0 0.9742852079371728
76.0 0.9978280552093687
77.0 0.9785631200358821
78.0 0.9407131308427616
79.0 0.9549674990396677
80.0 0.9800485629059091
81.0 0.9492350141912985
82.0 0.9184720988124649
83.0 0.9332465763041025
84.0 0.9188156269285955
85.0 0.9289832902154783
86.0 0.9892397786915234
87.0 1.0640243276183456
88.0 1.0482259717732685
89.0 1.0709183143896626
90.0 1.0604489613640606
91.0 1.0596123520567755
92.0 1.0605382663214773
93.0 1.0717152189339587
94.0 1.0695325952202948
95.0 1.0413406914859586
96.0 1.0072886851765774
97.0 1.0133820260767594
98.0 0.9904422001610149
99.0 0.9700936693293203
100.0 0.998764582017595
101.0 0.9507207818806016
102.0 0.9732356106170781
103.0 0.9542704780817863
104.0 0.9554405926518903
105.0 0.9846622886195939
106.0 0.9417609462149067
107.0 0.9451406720090805
108.0 0.9342747227102248
109.0 0.9050724174201334
110.0 0.9197032595351442
111.0 0.9827269021521591
112.0 1.0143456103984902
113.0 1.0886835458339938
114.0 1.135979539375981
115.0 1.082914460502105
116.0 1.0570549072823974
117.0 1.0636443240390383
118.0 1.0361650609885793
119.0 1.0264919947678122
120.0 1.034226326187213
