Time NormalisedFlux
0.0 1.1076322472558033
1.0 1.0374906585749284
2.0 0.9511281267229813
3.0 0.9533705571077756
4.0 1.0758497992726748
5.0 0.9495964317382757
6.0 1.0581765486849093
7.0 0.9156924357614322
8.0 0.9824774685831852
9.0 1.0057408802571823
10.0 1.2151993599705806
11.0 0.9080070922182656
12.0 0.9626430984574428
13.0 0.9257575352411533
14.0 0.9871255906645142
15.0 0.8569553434960402
16.0 1.0821326294776203
17.0 1.0574935313353901
18.0 1.0082240626385905
19.0 0.9704270837190043
20.0 1.150017543299913
21.0 1.088838908492836
22.0 1.1249229593590049
23.0 0.9546379088261685
24.0 1.0860586775772814
25.0 0.9626608175024751
26.0 0.9057568225023316
27.0 0.9358476209030795
28.0 0.9506278674003472
29.0 0.9811749916166891
30.0 1.0831856589852864
31.0 1.0385748281806209
32.0 1.1235531096160676
33.0 1.0022251144014525
34.0 0.8864703633483382
35.0 0.9814609753686452
36.0 1.136721200906523
37.0 1.0887449741496384
38.0 1.108076922721866
39.0 0.9155619998557892
40.0 0.8320171075533486
41.0 0.9035903393754672
42.0 0.8584606909098509
43.0 1.0602207899377298
44.0 0.9020649001814999
45.0 0.9865467814282795
46.0 1.0372596745451292
47.0 1.0251940584170902
48.0 0.8399479820133913
49.0 1.240392777526909
50.0 1.1632971937003058
51.0 0.8769108529170573
52.0 1.0117614930076104
53.0 0.8286316170354789
54.0 0.8902041901483595
55.0 0.8886290093586064
56.0 1.0001435888279686
57.0 0.8680978337856341
58.0 0.8989207552252768
59.0 1.0294786096137387
60.0 0.8961220820367659
61.0 0.9025036501171021
62.0 0.9857476683269956
63.0 0.9985047712672742
64.0 0.9483066851827611
65.0 0.8366553369100329
66.0 0.9649936660118107
67.0 1.02092642921359
68.0 0.8858934429872805
69.0 0.8337851515898009
70.0 0.8947571178338255
71.0 0.7860332023261888
72.0 1.1474880014329
73.0 1.0075732417469188
74.0 1.123069262556124
75.0 0.8011037961554737
76.0 1.1275887988143003
77.0 0.9468998573908965
78.0 1.1387743432286375
79.0 0.9133407033457319
80.0 1.0062003175765366
81.0 0.9823443374442037
82.0 1.1099556153433192
83.0 1.0084276473253395
84.0 1.063300416651557
85.0 1.13332264632805
86.0 0.8904288204920519
87.0 0.8552638407980409
88.0 0.9579540320659518
89.0 0.956840777934051
90.0 0.8805708765229147
91.0 0.9509082262200694
92.0 0.8997879965715853
93.0 0.9699546576414005
94.0 1.0356534378787363
95.0 0.855024446433862
96.0 1.030584020493995
97.0 0.9335978315315717
98.0 1.0337676604387775
99.0 0.9841418648138137
100.0 0.8419749195004074
101.0 1.141803313503782
102.0 1.1725348172465888
103.0 1.0436212727871483
104.0 0.9615361030694222
105.0 1.070700374508326
106.0 0.9188651339914549
107.0 1.0688432972261315
108.0 0.9709594782192503
109.0 1.062312644365664
110.0 0.9824280500200313
111.0 1.0551007797906429
112.0 1.0174585705396015
113.0 0.9300967426519929
114.0 0.9840603309989512
115.0 1.0318318091460565
116.0 0.8877030773229875
117.0 1.0078842761909919
118.0 0.9619472854553861
119.0 0.855680497722084
120.0 1.1335832318285886
