Time NormalisedFlux
0.0 0.9008233928772842
1.0 0.9298516647556933
2.0 0.9277776362215086
3.0 1.0267645358096298
4.0 1.0809443797886267
5.0 1.0768975500474227
6.0 1.1187310299701445
7.0 1.0546428987395424
8.0 1.0585063018961671
9.0 1.0209923541823183
10.0 1.0845547996729974
11.0 1.0382708101112545
12.0 1.0081857938675867
13.0 1.0046217739874297
14.0 1.0196593779944227
15.0 0.999692894168212
16.0 0.9870133289175174
17.0 0.9803049467998459
18.0 0.978835439068752
19.0 0.9489054225994489
20.0 0.947853127702387
21.0 0.9647703234487143
22.0 0.9441994268126442
23.0 0.9402462068544355
24.0 0.9105729055294193
25.0 0.9067243031254874
26.0 0.9100027631910592
27.0 1.008768360690348
28.0 1.0684159905556185
29.0 1.0742804160830899
30.0 1.086606096611143
31.0 1.0883014512228557
32.0 1.06791682504342
33.0 1.0442314991546942
34.0 1.0335936901896496
35.0 1.062234060882104
36.0 1.0329598933215836
37.0 1.0157366093876061
38.0 0.9595936191525231
39.0 1.009787135367076
40.0 1.0185629686081055
41.0 0.9659179399947024
42.0 1.0291129020931806
43.0 0.9555711389134536
44.0 0.9817456065450189
45.0 0.9606319123906164
46.0 0.9749209714335296
47.0 0.9318562875644413
48.0 0.9471954457809992
49.0 0.9037059865051823
50.0 0.9193576847782725
51.0 0.9184535125027217
52.0 1.0064138489185315
53.0 1.0786929561676128
54.0 1.0979933258700254
55.0 1.1070953328873776
56.0 1.0413785771256883
57.0 1.0286485097800901
58.0 1.0200572370224226
59.0 1.0472006435611787
60.0 1.037875910469311
61.0 1.0052571702966437
62.0 1.0361949461602926
63.0 1.0102595085898962
64.0 1.0199883145394868
65.0 0.987061542480162
66.0 0.9555485501670231
67.0 0.954420651371106
68.0 0.9645895680605097
69.0 0.9579892303778289
70.0 0.9644151146058095
71.0 0.9561161291728139
72.0 0.9147025761712522
73.0 0.9118324565545196
74.0 0.9065316820392688
75.0 0.922406749508482
76.0 0.9649679509223296
77.0 1.0479699138938308
78.0 1.0789587331274468
79.0 1.100853199432981
80.0 1.0608520631767993
81.0 1.0560326296722704
82.0 1.041770808102583
83.0 1.0329054942677915
84.0 1.028077655680173
85.0 1.0271361748278744
86.0 1.013661788463096
87.0 1.00486234702905
88.0 0.9934352219263448
89.0 1.0346334163258857
90.0 0.9953351166349071
91.0 0.9879327655145788
92.0 0.9764428873660335
93.0 0.9707117829209846
94.0 0.9216865172418323
95.0 0.9567530338640436
96.0 0.977248516003292
97.0 0.9192558539981851
98.0 0.9327949476236199
99.0 0.9032024676356383
100.0 0.9503398158952057
101.0 0.9445821858492747
102.0 1.0493771512654382
103.0 1.1027354213340916
104.0 1.0890106955520515
105.0 1.04311710929505
106.0 1.044266397048977
107.0 1.0518560105524801
108.0 1.077512759746586
109.0 1.0378486907475082
110.0 1.0349385515634026
111.0 1.0137915523300902
112.0 1.0337110986731393
113.0 1.0054662936620467
114.0 0.9882527185015152
115.0 0.9794644309638402
116.0 0.9795784537209709
117.0 0.9558828010167006
118.0 0.9473579308268276
119.0 0.9667330146263884
120.0 0.9633740550142059
