Time NormalisedFlux
0.0 0.8918469323969912
1.0 0.9725153610499223
2.0 1.0781204013329444
3.0 1.0695213190663995
4.0 1.0954219005521493
5.0 1.0849374426349783
6.0 1.0821639513765322
7.0 1.0315927961224738
8.0 1.0646169201817355
9.0 1.05214765414946
10.0 1.0393838217631366
11.0 1.0139133437725194
12.0 1.0185918114620585
13.0 0.9960778426163832
14.0 0.9788815945529312
15.0 0.9656027844003219
16.0 0.9685489063952616
17.0 0.9133658750862628
18.0 0.9895626600693842
19.0 0.9914930891156699
20.0 0.9866353043939519
21.0 0.9570309989163859
22.0 0.9206144692591621
23.0 0.9062882197462734
24.0 0.8997230670061772
25.0 0.9173281648277068
26.0 0.9837340729792143
27.0 1.0517667082274222
28.0 1.1026485633731324
29.0 1.0894107519757246
30.0 1.0934464715154084
31.0 1.0432093001128362
32.0 1.0406127936944078
33.0 1.0483527460473547
34.0 1.0349468539486142
35.0 1.013263746179148
36.0 1.0061809851765873
37.0 0.9910109051709454
38.0 1.0243953896476041
39.0 0.9938905006133134
40.0 1.0005146997854155
41.0 1.013396963793954
42.0 0.9517411446227929
43.0 0.9639407370207256
44.0 0.9624687582103458
45.0 0.9830672021594542
46.0 0.9296637294185506
47.0 0.9541588981967327
48.0 0.9309029123243346
49.0 0.9161023226931544
50.0 0.9033510351200109
51.0 0.9970909205852331
52.0 1.0443994034801882
53.0 1.0606121927947836
54.0 1.089495174845331
55.0 1.08998719561036
56.0 1.074908107654232
57.0 1.02807695313644
58.0 1.0686623852792816
59.0 1.0576687793587358
60.0 1.0481396023064096
61.0 1.0249921471827173
62.0 0.9972213094249182
63.0 0.980358191854201
64.0 1.0138507452972967
65.0 1.0069194857468398
66.0 0.9791520271907745
67.0 0.991637941301805
68.0 0.980844397841631
69.0 0.9669939091216677
70.0 0.9784087568511145
71.0 0.9610017120700833
72.0 0.9097404259189468
73.0 0.9387435293805575
74.0 0.918942727602265
75.0 0.9393719916021966
76.0 0.9800570522018773
77.0 1.0248342754975415
78.0 1.0912172757665277
79.0 1.0786080974433143
80.0 1.0701492543039914
81.0 1.0693054152863524
82.0 1.0509478527777043
83.0 1.0504003684764032
84.0 1.0486584497631166
85.0 1.0225462282165887
86.0 1.0208789039881652
87.0 1.0177865713616812
88.0 0.9945235576578814
89.0 1.017224473045164
90.0 0.9772516339373339
91.0 1.035632216618831
92.0 0.9484370353989802
93.0 0.9475460762976353
94.0 0.9503008333716932
95.0 0.9762837533386933
96.0 0.9560788371652066
97.0 0.9586375655763499
98.0 0.9334872620058461
99.0 0.8986446354184217
100.0 0.9175515376382088
101.0 0.9732304177478709
102.0 1.0369881706158848
103.0 1.0698967801461532
104.0 1.1082460047225542
105.0 1.0984789687593381
106.0 1.072049553947713
107.0 1.0392539498173161
108.0 1.0404936304450791
109.0 1.0244717540884327
110.0 1.0440362094737456
111.0 1.0119044344989534
112.0 1.047198427182661
113.0 1.020460217092192
114.0 1.003062275571451
115.0 0.9969716342625704
116.0 0.9773888039228976
117.0 0.9803934422099941
118.0 0.9633518407595288
119.0 0.9482986936712701
120.0 0.924899048084264
