Time NormalisedFlux
0.0 1.1281435931740704
1.0 1.0721507766606402
2.0 0.9153896187714583
3.0 0.8019394568680702
4.0 0.9706480534869603
5.0 0.8900093997624288
6.0 0.9312950433602921
7.0 0.8497444501003778
8.0 0.905364044887516
9.0 0.8543990643581301
10.0 1.0285570773440167
11.0 0.9987611530973848
12.0 0.9200722372391622
13.0 0.7691641090092132
14.0 1.012633908029019
15.0 1.0073291862863591
16.0 0.9153150430547047
17.0 0.8579451434029629
18.0 1.074727347264109
19.0 1.1383025070468422
20.0 1.0048822345171422
21.0 1.0770234553651694
22.0 0.9126768667722714
23.0 0.9497807522281189
24.0 0.8627488766337564
25.0 1.2068526633451364
26.0 1.0199969215298643
27.0 0.9617141357234493
28.0 1.1580329857347489
29.0 1.1657960686733817
30.0 1.0161459731012346
31.0 1.198894439205659
32.0 0.8725291363072267
33.0 1.1145292024559417
34.0 0.9012258023043855
35.0 1.1121168124067722
36.0 0.9556798206914747
37.0 1.0491763062365387
38.0 0.9342969399230489
39.0 1.231612227050905
40.0 0.9042104532166985
41.0 1.064163554367427
42.0 1.0912813112001658
43.0 0.9737599535291692
44.0 1.1008499094936015
45.0 0.9446138676186175
46.0 0.9318865270448224
47.0 1.023962241815462
48.0 1.074638715750968
49.0 1.003544310493273
50.0 0.905879815767359
51.0 1.102314443197457
52.0 0.9599183177592605
53.0 0.9796094638020005
54.0 1.0565400195612664
55.0 0.9483302608660104
56.0 0.9232453937908063
57.0 0.9551377421072911
58.0 0.9402676378796806
59.0 0.8222147389702227
60.0 1.0629313972028869
61.0 1.1597427588891562
62.0 0.9242946539648628
63.0 0.9825425652276815
64.0 0.951441653127677
65.0 1.01176895162611
66.0 0.8521578200377478
67.0 1.0792497473171563
68.0 0.9007877195234786
69.0 1.0695467420267635
70.0 1.0015722187890608
71.0 1.0807406014743133
72.0 1.1062938949537766
73.0 1.0310758447471895
74.0 0.7688286741442424
75.0 1.0337054826276173
76.0 1.0044739844042596
77.0 1.0924310270705868
78.0 0.9968526929766223
79.0 0.8202363340310245
80.0 1.055054802291469
81.0 0.8881251056580195
82.0 0.9092634542472755
83.0 0.9136198426894249
84.0 0.962930252553555
85.0 1.2975561494314705
86.0 1.0388286203633292
87.0 1.2030671785243443
88.0 1.1202533530370768
89.0 1.0453503855044668
90.0 1.0039769874589093
91.0 0.9789473888554999
92.0 1.1635926709416162
93.0 1.1401083526596063
94.0 1.0816616391954312
95.0 0.830356541286234
96.0 1.0922333931702781
97.0 1.0376310676512686
98.0 0.7845203106056028
99.0 1.0850308772282695
100.0 1.086894418965551
101.0 0.8963844255928113
102.0 1.0069725488558579
103.0 0.9731542625820873
104.0 0.9846980172999807
105.0 0.9902483993436577
106.0 0.8604139643498561
107.0 0.9599175935263745
108.0 1.0430281511554793
109.0 0.9556871193693387
110.0 0.9711143641216292
111.0 1.0654316463236275
112.0 1.3270689103795572
113.0 1.0069512924352222
114.0 0.9937009146792443
115.0 0.9562697266983787
116.0 1.0486525427267002
117.0 0.863334853192509
118.0 0.7974687551313802
119.0 1.016221352872959
120.0 0.9553258876086135
