Time NormalisedFlux
0.0 0.8835327907272379
1.0 0.8855982859762317
2.0 0.8482884261988596
3.0 0.8462761314271043
4.0 0.9032784269820218
5.0 0.910700525732277
6.0 0.9087838701496505
7.0 0.9143449165911995
8.0 0.9436888838118637
9.0 0.9406019127936153
10.0 0.9872548043032131
11.0 1.040952328800803
12.0 1.0141698452645966
13.0 1.0402934207444807
14.0 1.0532136889921746
15.0 1.0967953284119316
16.0 1.1387420121413743
17.0 1.108393809835598
18.0 1.1675909153833899
19.0 1.1411598325450134
20.0 1.1450003294239517
21.0 1.0910877886814303
22.0 1.1239877447285924
23.0 1.0864288750773283
24.0 1.039485927912383
25.0 1.0235507077565233
26.0 0.9873666982985658
27.0 0.9586968545019424
28.0 0.949006825678364
29.0 0.9181576035842172
30.0 0.9537827115986834
31.0 0.9361004476890575
32.0 0.9081205134364808
33.0 0.8643217461913224
34.0 0.8001286266620109
35.0 0.8394312644526378
36.0 0.934818403753582
37.0 0.8942324442478
38.0 0.9089819697708423
39.0 0.9780854289171219
40.0 0.9936812265576318
41.0 0.9887047924284194
42.0 1.01571985213999
43.0 1.076993001526135
44.0 1.0724962311338246
45.0 1.0375771722299147
46.0 1.0765449237249194
47.0 1.0599111260096723
48.0 1.1044804592589037
49.0 1.1223239863475472
50.0 1.16013966209423
51.0 1.1060812438995353
52.0 1.1140765798351857
53.0 1.0757693232178853
54.0 1.0785468737226809
55.0 1.044424796500258
56.0 1.0593751654600698
57.0 0.9938968327372852
58.0 0.9441889302660921
59.0 0.9803107328029896
60.0 0.9376419502078326
61.0 0.98702054457408
62.0 0.9118877637863207
63.0 0.9187196251111118
64.0 0.8961731776310211
65.0 0.8979961116596386
66.0 0.801058472435342
67.0 0.8571059207630896
68.0 0.893300482940114
69.0 0.9332130681155792
70.0 0.9615498428616616
71.0 0.950816375432011
72.0 1.0033087216727825
73.0 0.9715644149712531
74.0 1.0392584080109022
75.0 1.0810327915542095
76.0 1.0355621476464885
77.0 1.1039704489373283
78.0 1.0896428764363342
79.0 1.056875335930521
80.0 1.1161355435493054
81.0 1.1696798254932468
82.0 1.1212676529377195
83.0 1.0934687833051522
84.0 1.1315836938432915
85.0 1.1415707616115136
86.0 1.0601441032170094
87.0 1.0105144870685547
88.0 1.0512963308298915
89.0 0.98824849432615
90.0 0.9678639789445885
91.0 1.0057402756519744
92.0 0.9452096247821906
93.0 0.9339398637226068
94.0 0.9164799324510715
95.0 0.9154519698278303
96.0 0.9016165395354899
97.0 0.8715273642371955
98.0 0.8178333427105603
99.0 0.9014527003237806
100.0 0.9178741156914613
101.0 0.9208457222737109
102.0 0.8950791474012039
103.0 1.0020928958153146
104.0 1.0130738066914287
105.0 1.056815116976597
106.0 0.9950188340000949
107.0 1.0808831753355252
108.0 1.0682689231073195
109.0 1.079625660505743
110.0 1.102530254462431
111.0 1.07678732837905
112.0 1.1192761677344205
113.0 1.1795353736882181
114.0 1.0989629851810188
115.0 1.111333259365459
116.0 1.0745890745843667
117.0 1.0964778863292866
118.0 1.060221111002084
119.0 1.0056614643142203
120.0 1.019028491495293
