Time NormalisedFlux
0.0 1.0886957409662892
1.0 1.0254404521366982
2.0 0.8560996192481434
3.0 0.9934771366221564
4.0 1.023451349940728
5.0 0.8112373597003042
6.0 1.1541917299996856
7.0 0.9637370587482016
8.0 1.046320841099656
9.0 1.0014804517682687
10.0 0.8893288044245709
11.0 0.9144149736098472
12.0 1.1288429042816985
13.0 1.0901053475252898
14.0 1.117934807004683
15.0 1.0395664627435164
16.0 1.167382511418642
17.0 0.9309670817045635
18.0 0.932952672733771
19.0 0.9528062804645728
20.0 1.0233514822182803
21.0 1.0581503348397236
22.0 1.0172914141561882
23.0 1.1919869988057448
24.0 1.0437199403857846
25.0 1.1752746156962404
26.0 0.9700181006262102
27.0 0.9712841475775202
28.0 0.9622558161331642
29.0 1.1146006023317887
30.0 0.9240660660058813
31.0 0.9156968376055857
32.0 1.1627501726461003
33.0 0.9442763877919346
34.0 1.061582613898159
35.0 0.9950221103088384
36.0 0.9952950590371248
37.0 0.9269750620529248
38.0 1.0530127058590306
39.0 0.9899461251571998
40.0 1.093372444713278
41.0 0.9670212367380507
42.0 0.8574043359816543
43.0 0.8531658717519711
44.0 1.0555818202415748
45.0 0.8784320421211245
46.0 1.1229244278360149
47.0 0.963345692490284
48.0 0.9851316709774133
49.0 1.0170577418921707
50.0 1.1075652297713445
51.0 0.9970934420629054
52.0 0.891437855706723
53.0 1.0743724713284306
54.0 1.0497979823384613
55.0 1.0371689516415628
56.0 1.0409988924876308
57.0 1.0167507420716189
58.0 1.2132134628932432
59.0 0.8911976336875033
60.0 1.0350108477169766
61.0 0.9496178101123997
62.0 0.7909784838108634
63.0 0.8759767503819744
64.0 0.7929078510155135
65.0 1.1534681922621333
66.0 0.9876741479690725
67.0 1.0668698577135396
68.0 1.0415684356541177
69.0 1.0129065259793715
70.0 0.95360797924842
71.0 1.1409761864590826
72.0 0.9586456957862919
73.0 1.0968612952359504
74.0 1.0343941162584493
75.0 0.8068127525614004
76.0 1.2746431060043575
77.0 0.8825767630844417
78.0 0.9250004063023258
79.0 1.130439240382754
80.0 1.0679384020633251
81.0 0.80082482044744
82.0 0.9596743142695598
83.0 1.0591611435153907
84.0 0.9360973272844053
85.0 0.8886567487937318
86.0 1.049918740796759
87.0 0.9896702921106479
88.0 0.8357987142141187
89.0 1.117035235861027
90.0 1.0118399198499373
91.0 1.042865326501487
92.0 1.0151077166067002
93.0 0.9770270357553186
94.0 0.9248433470520337
95.0 1.088773818474979
96.0 0.9443978863711009
97.0 1.0373689626402727
98.0 0.9850493951663265
99.0 0.9967056978132023
100.0 0.960991324734385
101.0 1.0949050599489327
102.0 0.9460383952883794
103.0 0.8895360835382239
104.0 1.0295121764238984
105.0 1.0041787301792904
106.0 0.6624912858309369
107.0 1.0166288155835073
108.0 0.921923042455613
109.0 0.8959540571833063
110.0 0.9268124358961296
111.0 0.9306172590573198
112.0 1.009344091497875
113.0 0.8927038699084616
114.0 1.2285570653427453
115.0 0.842779882987526
116.0 0.8508222697314112
117.0 0.9676960262771173
118.0 0.9477806378146755
119.0 0.9501572901487912
120.0 0.9093614155535409
