Time NormalisedFlux
0.0 0.9126662454876511
1.0 0.9274682148471441
2.0 0.9695716137148784
3.0 1.0794670110510591
4.0 1.0923143594373743
5.0 0.9842475639553682
6.0 1.0470371630251563
7.0 0.9311866835323772
8.0 0.9872632417191518
9.0 0.9118873932652315
10.0 0.9329089185250813
11.0 1.1435691505828673
12.0 0.9421521423945802
13.0 0.8570767571037672
14.0 0.9318195381472163
15.0 1.1176907567004035
16.0 1.0656157707272558
17.0 0.907846566323742
18.0 1.0032764275944395
19.0 1.0651232913962658
20.0 1.0977461728570026
21.0 1.0506309664735725
22.0 0.9674624320338326
23.0 0.923131168805019
24.0 0.9745110416038016
25.0 0.9672128127258921
26.0 0.951258939412641
27.0 1.0869992033444678
28.0 1.0933330839546385
29.0 1.0490184243649696
30.0 1.0822879488805757
31.0 1.1498438211697681
32.0 1.1096223156076872
33.0 0.9748778874670135
34.0 1.004935484900366
35.0 1.089960948456338
36.0 0.9474815211956403
37.0 1.0277382646418187
38.0 1.0629573300799298
39.0 1.0941962527564524
40.0 0.8216250604610418
41.0 0.8886989345042047
42.0 0.9563576954150731
43.0 0.9775399533020565
44.0 0.8768675819162596
45.0 0.9612096394628578
46.0 1.0077279299153634
47.0 0.9564087492257528
48.0 1.010754584227039
49.0 0.9283385691578343
50.0 1.0240176055504746
51.0 1.1070363410398019
52.0 1.0474993038111278
53.0 1.077961461514184
54.0 1.1195026141120736
55.0 0.9537024183667021
56.0 1.2006691421458133
57.0 1.137541081026698
58.0 0.8508525785098291
59.0 0.9136782942442446
60.0 0.9387189307767853
61.0 1.1829086079432107
62.0 1.0614683801775975
63.0 1.0090198954299556
64.0 0.9905822980543602
65.0 1.069115168871331
66.0 1.0841897169130874
67.0 1.0573841746226789
68.0 0.7900003397927304
69.0 1.0633670944362175
70.0 0.8849924628295255
71.0 0.8275147104268596
72.0 1.122673076798045
73.0 0.9792755098689538
74.0 0.7721188043883176
75.0 1.0725214099674156
76.0 0.7325408189091691
77.0 1.0470025322370662
78.0 0.7951067324178575
79.0 0.9898190360522451
80.0 1.0122533166282277
81.0 0.9282238625831895
82.0 1.0746335789630292
83.0 1.0078629804690338
84.0 1.0075671389936152
85.0 1.154123561849147
86.0 0.9510297389049295
87.0 0.8561009260209633
88.0 0.9993815868287172
89.0 0.9763114068120902
90.0 0.8711863171792034
91.0 1.0977001834449787
92.0 1.135959758974941
93.0 1.0510790253330766
94.0 0.9272674783305916
95.0 0.8994731488542014
96.0 1.0325536585612738
97.0 0.9560122475980105
98.0 0.8949501032931737
99.0 1.0542955587502496
100.0 0.9827241909081301
101.0 0.9442087496648922
102.0 0.9210886943801665
103.0 0.9843510314880967
104.0 1.0144132345626762
105.0 1.0082685672869056
106.0 0.8546505613338464
107.0 1.0030930705391834
108.0 0.8466788826816758
109.0 0.8203299733789223
110.0 1.001853320480202
111.0 1.0451777434192253
112.0 1.0479841128050256
113.0 0.9663846616635118
114.0 0.9394696487870113
115.0 0.9903970444544972
116.0 0.9146731892769995
117.0 0.79652298054147
118.0 0.9463996635301779
119.0 1.0690166221420496
120.0 0.8857547298111282
