Time NormalisedFlux
0.0 1.120182428650247
1.0 0.9242499543152773
2.0 0.9196628805721682
3.0 0.9123283128410515
4.0 1.0135833201782773
5.0 0.9570051405887011
6.0 0.9789994815835951
7.0 0.9568712458105019
8.0 1.0791988193687096
9.0 1.020594818283622
10.0 0.9956957462504095
11.0 1.1405042712876596
12.0 0.9253927577530793
13.0 1.137899160122129
14.0 1.0002712357649541
15.0 1.0002743095117814
16.0 0.9376171157578639
17.0 1.0333105720876914
18.0 1.1450883026614733
19.0 0.9910751028687088
20.0 0.8759707608013989
21.0 0.976738421566043
22.0 1.0348735056423786
23.0 1.1505875876094318
24.0 1.2478539702477398
25.0 0.9777595758413258
26.0 1.0295724984133745
27.0 0.8804384125836328
28.0 1.1162693211095585
29.0 1.0750116862136112
30.0 0.8368185874100909
31.0 0.9741849422912541
32.0 1.151276925291533
33.0 0.9572332587704716
34.0 0.8123582077114658
35.0 0.9875630989209252
36.0 1.1351035671684977
37.0 0.8941177136093876
38.0 1.0850675385384232
39.0 1.0606139127905447
40.0 1.0925977488124703
41.0 0.7788222484639158
42.0 1.0087264599305057
43.0 1.0213442998952686
44.0 0.9148430963657422
45.0 0.8723165044873142
46.0 1.0648577677833921
47.0 1.053677288429514
48.0 1.1058224982096938
49.0 0.9646794306083647
50.0 0.8935119597629405
51.0 0.9652273247174521
52.0 1.1246580911003787
53.0 0.9037639539431043
54.0 0.9926147808744276
55.0 1.0510105487831367
56.0 1.0024407390800671
57.0 1.1994709175676603
58.0 0.922627714733722
59.0 1.0014035632533387
60.0 1.101623150606689
61.0 0.9557467436126423
62.0 0.9315684551692628
63.0 0.9780039667013269
64.0 0.8382135960441274
65.0 0.940635145447315
66.0 1.0674277850063518
67.0 1.023256356230176
68.0 1.089498693988732
69.0 1.051440860790929
70.0 0.8978523347002565
71.0 0.9612633613212669
72.0 1.195545290296091
73.0 0.9217200890290989
74.0 0.9646355923859017
75.0 1.0832929814353707
76.0 0.9547201877188661
77.0 0.8032589963116479
78.0 0.9518053978189615
79.0 1.1474250704577063
80.0 1.0495410917096857
81.0 0.9109749713860358
82.0 0.9497051138318615
83.0 0.9400159947923868
84.0 1.1376174392812315
85.0 0.9612270288889722
86.0 1.0049611108860963
87.0 0.9910468841097239
88.0 0.9616509061338969
89.0 1.0887029409542575
90.0 0.9353766523292598
91.0 0.8225662612396143
92.0 1.039494048556406
93.0 1.089125077642631
94.0 1.0506375444647886
95.0 0.9943986914861994
96.0 0.89302651257886
97.0 0.9391797748559423
98.0 1.1172045553864969
99.0 0.9958114205498513
100.0 0.945438719788259
101.0 0.9695750866568611
102.0 1.1196436399180891
103.0 1.049936664470848
104.0 0.97178990017274
105.0 1.0076722308830401
106.0 0.9568330996349965
107.0 1.1293967450269997
108.0 0.8783346021412398
109.0 0.8176440412104182
110.0 1.1466947655831359
111.0 1.0057793214484099
112.0 1.0270607620481143
113.0 1.0309217678946434
114.0 1.0122158993497243
115.0 0.9929560322000358
116.0 1.1748785208557389
117.0 0.9989127525764995
118.0 0.7527254603598938
119.0 0.9809913191047941
120.0 0.8352830640888577
