Time NormalisedFlux
0.0 0.8982277815894284
1.0 0.8860370976977847
2.0 0.8507366086240137
3.0 0.8063672107481933
4.0 0.8533224068453329
5.0 0.896627480741931
6.0 0.9296899669125981
7.0 0.9284652187662279
8.0 0.9641331723064988
9.0 0.9790860005988627
10.0 0.9565476786485726
11.0 1.0033389993286779
12.0 1.058953799365945
13.0 1.0834445662651442
14.0 1.0616078628069532
15.0 1.1178001595442124
16.0 1.111015625333811
17.0 1.1301867641328127
18.0 1.1333523441773063
19.0 1.0972045794232954
20.0 1.1121621653963543
21.0 1.1156699151669687
22.0 1.0775052037610988
23.0 1.0980223883050009
24.0 1.0180733571375618
25.0 0.9880784109386161
26.0 0.9823520654732487
27.0 1.0240226433635837
28.0 0.9827269695860081
29.0 0.9669885109227588
30.0 0.9589098483739926
31.0 0.8490036223741204
32.0 0.9166796352509199
33.0 0.8817352530988822
34.0 0.8951328033857527
35.0 0.872656130595414
36.0 0.8932235984781423
37.0 0.8542829388667433
38.0 0.9133929435092599
39.0 0.9263915098841448
40.0 0.9119377599924852
41.0 1.021847982570903
42.0 1.0147555420378518
43.0 1.0252274880169143
44.0 1.0267969062578497
45.0 1.0322350363757749
46.0 1.1174086730290895
47.0 1.139196035463024
48.0 1.0708863114797322
49.0 1.165177178939443
50.0 1.1634699162292905
51.0 1.1150073917601269
52.0 1.1429534191583932
53.0 1.140473645122764
54.0 1.0591168816769023
55.0 1.0761867527665279
56.0 1.0516116696844768
57.0 0.9999385592132162
58.0 1.0012157527048933
59.0 0.9453617694725471
60.0 1.0147522221293488
61.0 0.9156772704682172
62.0 0.9081719321158175
63.0 0.8949813295356658
64.0 0.9209798416952705
65.0 0.8882633253021045
66.0 0.8616822771592987
67.0 0.8075105326138995
68.0 0.8277442322986114
69.0 0.8907544918467444
70.0 0.9495273326043825
71.0 0.9619105028980203
72.0 0.9434791574840955
73.0 0.9798939127466709
74.0 0.9908204781111786
75.0 0.9897098074846064
76.0 1.0243725040010023
77.0 1.0395061190476114
78.0 1.0803225440684792
79.0 1.0730675190094288
80.0 1.0779267643561072
81.0 1.1474714795756347
82.0 1.1515447363087066
83.0 1.1867343968108723
84.0 1.1437449947788094
85.0 1.0812832124267633
86.0 1.0636021737163126
87.0 1.0581681029759227
88.0 1.0490148096221874
89.0 0.9987689996415565
90.0 0.9570524460028081
91.0 0.9469298644958696
92.0 0.9632310014408132
93.0 0.9356136799869514
94.0 0.9370048650941386
95.0 0.9203581421570328
96.0 0.8611655217229669
97.0 0.8450441150442042
98.0 0.8601081632172136
99.0 0.8805179640937677
100.0 0.8842370843289891
101.0 0.9157152730063784
102.0 0.9193517758678608
103.0 0.9505040544122302
104.0 0.9540268662206515
105.0 1.0308852173929046
106.0 1.0016763517578915
107.0 1.0494832746347476
108.0 1.072211443639483
109.0 1.0834709646034744
110.0 1.0713353800743912
111.0 1.068814940154407
112.0 1.0929044530730947
113.0 1.1300452710593334
114.0 1.1784012700993756
115.0 1.103399776301227
116.0 1.1109125564981583
117.0 1.1004259806348586
118.0 1.1067452309332022
119.0 1.0251240978326863
120.0 1.058699308188006
