Time NormalisedFlux
0.0 0.9964524184548794
1.0 1.0105350130027535
2.0 0.9926475018784698
3.0 0.9914963977334921
4.0 1.006195834440978
5.0 0.9568335070692091
6.0 0.9562386427314066
7.0 0.9480160205550684
8.0 0.9623337025461988
9.0 0.9709912707990732
10.0 0.9464298961347501
11.0 0.9402782752989295
12.0 0.9188226880636559
13.0 0.9288951846305711
14.0 0.967430303453006
15.0 1.0012396260816685
16.0 1.0824252801717626
17.0 1.0932734573299867
18.0 1.0972229117003318
19.0 1.072703443395106
20.0 1.0480210964981533
21.0 1.027263327765217
22.0 1.037319814879052
23.0 1.0680943425732732
24.0 1.045758077170216
25.0 1.0585154291312948
26.0 1.0301563538864913
27.0 0.9999574892505059
28.0 0.9908503188374783
29.0 0.9972608503261664
30.0 0.9754460820891754
31.0 1.0036380614963076
32.0 0.9275478022200122
33.0 0.9283605773670791
34.0 0.930279060383566
35.0 0.9590326014080922
36.0 0.9481162747219318
37.0 0.9549744911765039
38.0 0.8902600207153281
39.0 0.8965505547245353
40.0 0.9319615819322027
41.0 0.9853088893346406
42.0 1.0541930976679548
43.0 1.0777456739851021
44.0 1.0951247748719164
45.0 1.0926165224017972
46.0 1.0792226968551037
47.0 1.0326882726674995
48.0 1.0371622997283259
49.0 1.0530508723041163
50.0 1.034534478917985
51.0 1.024338013820788
52.0 1.0296104243266377
53.0 0.9756070844746609
54.0 1.0171888083478753
55.0 1.009660902772005
56.0 1.0071076884017696
57.0 0.9728660484167142
58.0 0.9553042283747286
59.0 0.9363276502782306
60.0 0.9499333228632773
61.0 0.9452553786917389
62.0 0.9705697767699001
63.0 0.9290006185908813
64.0 0.9196120423293752
65.0 0.8867922283548213
66.0 0.9165580910526312
67.0 0.9684548879034606
68.0 1.0051526468232164
69.0 1.1027688270471798
70.0 1.0967294292579
71.0 1.1007842829073897
72.0 1.083763019856903
73.0 1.0522611391811478
74.0 1.044191537704693
75.0 1.0553118755772422
76.0 1.0397551635177316
77.0 1.0466570517596565
78.0 1.0465006617251345
79.0 1.0074733682291865
80.0 0.9997107051228775
81.0 1.0149494099481255
82.0 1.0010981928674472
83.0 1.010194050259477
84.0 0.9961313892677235
85.0 0.9790838061065544
86.0 0.9519476358614631
87.0 0.9658807751149772
88.0 0.9268936868523402
89.0 0.9609286834289954
90.0 0.9402552923925801
91.0 0.9130454847039101
92.0 0.8882848172762302
93.0 0.920569928719231
94.0 0.9775116135627353
95.0 1.0483077774528153
96.0 1.0478264193587956
97.0 1.083050821883702
98.0 1.080179942772648
99.0 1.0640116619548816
100.0 1.0268063484259913
101.0 1.056152135258093
102.0 1.0414311372307776
103.0 1.0560341447710795
104.0 1.038463208878557
105.0 1.0505700292122984
106.0 1.0040142955786902
107.0 0.9832725941921532
108.0 1.0211874203434794
109.0 0.9777168557445731
110.0 0.9840338730110667
111.0 0.9902771100969324
112.0 0.9567920708913847
113.0 0.9777370853595442
114.0 0.9802034199644195
115.0 0.9394940093268253
116.0 0.9154245885539606
117.0 0.9183979918959214
118.0 0.9336698874418933
119.0 0.9119338649989166
120.0 0.9733219396554577
