Time NormalisedFlux
0.0 0.9510786506424929
1.0 0.9644755580028816
2.0 1.0174617681886133
3.0 1.0228520638099603
4.0 1.0578028977926341
5.0 1.0650980554627425
6.0 1.0326818525953476
7.0 1.0870581206820196
8.0 1.092195466928425
9.0 1.1097912934770489
10.0 1.1288521540296492
11.0 1.108704060528638
12.0 1.2045076560689096
13.0 1.1485166028549219
14.0 1.0840244150450506
15.0 1.1058482126392029
16.0 1.0814167509001826
17.0 1.0675726063415827
18.0 1.0619296906383726
19.0 1.057008711193348
20.0 1.0392087261107197
21.0 1.032931719168318
22.0 1.0011517167519297
23.0 0.988294264944028
24.0 0.9375657440922481
25.0 0.9704434593490217
26.0 0.9274723336628827
27.0 0.939480645413909
28.0 0.8963868487599618
29.0 0.8579985985278371
30.0 0.8981938841569779
31.0 0.8306651582697709
32.0 0.8447688763357012
33.0 0.8292362171841899
34.0 0.8690250353785498
35.0 0.950244112747975
36.0 0.9091560594835537
37.0 0.906916405559643
38.0 0.9423825193038751
39.0 0.9740845132143935
40.0 1.0084263640714917
41.0 1.0206863371639256
42.0 1.0505111912721383
43.0 1.008612318553269
44.0 1.0457052327633252
45.0 1.0909670524463917
46.0 1.1145388763486246
47.0 1.0514108922701262
48.0 1.088651497241636
49.0 1.1172870694595358
50.0 1.1273180040004345
51.0 1.1360906392232053
52.0 1.1229664976433167
53.0 1.1377939533034418
54.0 1.103154919862569
55.0 1.0702346050107177
56.0 1.059645105847938
57.0 1.109472348533708
58.0 1.0485383622728355
59.0 0.9714513743433522
60.0 0.9963533718552333
61.0 0.9959588428241203
62.0 0.9819969906141299
63.0 0.9629956225558712
64.0 0.9757983633263968
65.0 0.9063900064013776
66.0 0.9096057344468832
67.0 0.9215013524155911
68.0 0.8778733859637295
69.0 0.8888024348283532
70.0 0.8499698076218378
71.0 0.8378572202947786
72.0 0.8888594677978385
73.0 0.899538286677938
74.0 0.8745690706486484
75.0 0.9638632272259038
76.0 0.9689813099414716
77.0 0.9368545793768385
78.0 0.990350916525911
79.0 1.0103178165332214
80.0 0.9613257981312965
81.0 1.031573328586217
82.0 1.0512154794680098
83.0 1.0641316792825783
84.0 1.07640871185591
85.0 1.114763806950569
86.0 1.1098808436467553
87.0 1.1295541286902915
88.0 1.1263208964328155
89.0 1.1536943968007591
90.0 1.1643353545369848
91.0 1.0647136190308832
92.0 1.0651460364337413
93.0 1.060280811496112
94.0 1.0823396809651953
95.0 1.0803886302120795
96.0 1.0732404297281455
97.0 1.0535876965737987
98.0 0.9958926249239488
99.0 1.011974119632488
100.0 0.972916763595034
101.0 0.9424627742242305
102.0 0.9434570055378865
103.0 0.9298979053429932
104.0 0.8626694304476673
105.0 0.9264405764959108
106.0 0.8808441155430922
107.0 0.8876168846161059
108.0 0.8741565742714926
109.0 0.841455635530065
110.0 0.8406183573132783
111.0 0.9024251810464403
112.0 0.884222805594423
113.0 0.9324826925609064
114.0 0.96313658815875
115.0 0.968804107188082
116.0 0.9355474253778665
117.0 0.9871731168596997
118.0 1.0127172009802525
119.0 1.0628373012917087
120.0 1.0464013662417557
