Time NormalisedFlux
0.0 1.118384898082462
1.0 1.0592988547588378
2.0 0.9312669615507879
3.0 1.035754669326028
4.0 0.9114381030327084
5.0 0.9906576286078036
6.0 1.088042707094434
7.0 1.091543060988585
8.0 0.912935377142062
9.0 1.1822522115836132
10.0 0.9694057555141958
11.0 0.933199333781669
12.0 1.004035922271846
13.0 1.1091752136027462
14.0 1.0776075997910166
15.0 0.9861240639270653
16.0 0.9363398905611187
17.0 0.8430795306238015
18.0 1.0934657214887324
19.0 0.913484462493696
20.0 1.1236000802847443
21.0 0.985666210159682
22.0 0.9248088099160884
23.0 0.894118164542547
24.0 0.9636288296386872
25.0 1.0829364051437924
26.0 1.0621149032219084
27.0 0.9398826654802855
28.0 1.0092123742311172
29.0 1.1612920375621143
30.0 1.0680423569612505
31.0 0.8413766573653163
32.0 0.9572596920867802
33.0 1.0782159409615106
34.0 0.9584444930948248
35.0 1.0371225798110912
36.0 0.9209072804745494
37.0 1.1534954563556372
38.0 0.9942387098200166
39.0 1.086125297600093
40.0 1.0083908950111227
41.0 0.8129558389983224
42.0 0.9483618553842943
43.0 1.0104304275945473
44.0 0.9032639988919996
45.0 1.0852240594203293
46.0 0.9754779368097911
47.0 0.9989950932741848
48.0 0.9038182207906945
49.0 1.0651534727722332
50.0 1.01638487583356
51.0 0.9962588192936793
52.0 0.9453776398194639
53.0 1.0204218410793422
54.0 0.8904834010402747
55.0 1.0188057698396058
56.0 1.0933237941005651
57.0 0.9075559543288507
58.0 0.9635014176606366
59.0 0.9348031933250707
60.0 0.9924582035182159
61.0 0.8857388357075692
62.0 0.9391365278897627
63.0 0.881790849060625
64.0 1.0335166001471194
65.0 1.0451842839398826
66.0 0.9231748425076718
67.0 0.9589444770456825
68.0 0.9472051171796185
69.0 1.064525432074394
70.0 1.0339033595574587
71.0 0.7915653729541724
72.0 0.9475507928540081
73.0 1.0983427911453425
74.0 0.8881986974235545
75.0 0.8878520682213544
76.0 1.0749481095529925
77.0 0.8833996935309039
78.0 1.0941294539269046
79.0 0.9652821234886685
80.0 1.010414067504515
81.0 1.1645023790650704
82.0 0.9469622147702167
83.0 1.0558531065264012
84.0 1.1050362912225447
85.0 0.9759554404590848
86.0 1.029954574599024
87.0 1.1575286551742645
88.0 0.962489297416365
89.0 0.9869942440953666
90.0 0.9037942647862993
91.0 0.9329288432769917
92.0 1.078068295057991
93.0 1.1156280941511911
94.0 1.201859609953166
95.0 0.8548365793436006
96.0 0.9610389422136356
97.0 1.0321212222844003
98.0 0.9773159632003825
99.0 0.8250386006968438
100.0 0.8798089172619579
101.0 1.0888876809900068
102.0 0.7993965296140239
103.0 1.0786606845328217
104.0 1.0941639080492556
105.0 0.8819014938405617
106.0 1.1495617750712661
107.0 0.7608615200477924
108.0 0.8562168375426835
109.0 0.8125969303367722
110.0 0.8986764715404212
111.0 0.9677714814597151
112.0 0.9581537445880015
113.0 1.0458888313180823
114.0 1.0305682155550953
115.0 0.9635991340835975
116.0 0.8869057902662747
117.0 0.9197713222081184
118.0 0.9515161110191417
119.0 0.8992602780545584
120.0 0.9598290381289898
