Time NormalisedFlux
0.0 0.954292145142846
1.0 0.9265732916973419
2.0 0.8966972406106907
3.0 0.8440534992636568
4.0 0.8061223688375381
5.0 0.8109027651825396
6.0 0.8210722042548262
7.0 0.8644442440267014
8.0 0.8804084619954986
9.0 0.9935668987365924
10.0 1.130775716468154
11.0 1.1025983080754873
12.0 1.158543921555946
13.0 1.1730308730857508
14.0 1.2086154928407813
15.0 1.2169372623901105
16.0 1.185806938740497
17.0 1.0979934179818922
18.0 1.1003770233688346
19.0 1.0209009743743802
20.0 0.9644215784562781
21.0 0.9318252642334056
22.0 0.8318827781242865
23.0 0.8104212944737169
24.0 0.781134827193451
25.0 0.790410911515757
26.0 0.8537492085978572
27.0 0.8863701558796991
28.0 1.0159119249273292
29.0 0.9860543718994331
30.0 1.0587069995342617
31.0 1.091168795521654
32.0 1.0910806127626058
33.0 1.1842476769457506
34.0 1.1573426269462472
35.0 1.192533003516904
36.0 1.1629197731537229
37.0 1.105644938876846
38.0 1.027310575934441
39.0 0.9785666225538056
40.0 0.9548594330308167
41.0 0.9408268490675584
42.0 0.8937141491183405
43.0 0.7271459739409122
44.0 0.814287325977638
45.0 0.7819769486098794
46.0 0.8519567677246009
47.0 0.891128776220889
48.0 0.9667203686775375
49.0 0.8831603326958892
50.0 1.0103018467284703
51.0 1.0654815266383657
52.0 1.1651148235530635
53.0 1.1693434937148208
54.0 1.141059711071995
55.0 1.2472443468319947
56.0 1.1836888251086994
57.0 1.1932005802650998
58.0 1.127663602485029
59.0 1.0664359084461772
60.0 0.939123744545512
61.0 0.9054750706135866
62.0 0.8767463498088919
63.0 0.8426007118950886
64.0 0.8192784010578743
65.0 0.812460764741113
66.0 0.8105913368082533
67.0 0.8400148050825484
68.0 0.8956659692905781
69.0 0.9962044509419565
70.0 1.0086232445102452
71.0 1.1059769458188211
72.0 1.101055380357788
73.0 1.180030445445245
74.0 1.2102866387335252
75.0 1.24186555746629
76.0 1.1823125841076383
77.0 1.119569608902757
78.0 1.1394161555928897
79.0 0.9931208422855646
80.0 1.0149473826705746
81.0 0.9041376684384604
82.0 0.8688118739630052
83.0 0.8023619951366716
84.0 0.8001505405081948
85.0 0.788045447274001
86.0 0.7976237820829168
87.0 0.8378221848994454
88.0 0.8835470861326041
89.0 0.9186786572885426
90.0 1.0081196299457862
91.0 1.036290125514346
92.0 1.1551479217317233
93.0 1.1543603712995962
94.0 1.1842986663767254
95.0 1.1783570093245117
96.0 1.2049581431815752
97.0 1.170756434040559
98.0 1.0981741030086036
99.0 1.0871176970589258
100.0 0.9701491215954505
101.0 0.9251399965259437
102.0 0.9056495573625262
103.0 0.8637102576421908
104.0 0.8230473726446768
105.0 0.7956233268383042
106.0 0.8236357786809051
107.0 0.8637928945288406
108.0 0.8237594055598337
109.0 0.9214974653478994
110.0 0.9645626838680401
111.0 1.0037792303288633
112.0 1.1043269244335756
113.0 1.2064333302306272
114.0 1.156230313728705
115.0 1.1974398304933138
116.0 1.1742603287075513
117.0 1.1775516133846649
118.0 1.130118080799005
119.0 1.0281874184604365
120.0 1.0556004193340391
