Time NormalisedFlux
0.0 0.8309507575164178
1.0 0.8730539375179672
2.0 0.8545955366249062
3.0 0.8807105760746248
4.0 0.9555724666685657
5.0 0.9844332183597875
6.0 1.2075310289358878
7.0 1.1535621782121492
8.0 1.2151172079486439
9.0 1.2234159159395284
10.0 1.2556560273938357
11.0 1.2062493508307734
12.0 1.1614977161083566
13.0 1.122836030537528
14.0 1.0747993686268444
15.0 1.0594921327288516
16.0 0.9291517755888145
17.0 0.8421318803225457
18.0 0.9015787481777098
19.0 0.8640787275522828
20.0 0.8373907076251036
21.0 0.7606714231439092
22.0 0.8056531154030291
23.0 0.8863897512288682
24.0 0.934974315286602
25.0 0.9003509392283147
26.0 1.033999970493302
27.0 1.1364739579760554
28.0 1.1230623146490315
29.0 1.178970189945904
30.0 1.155652928538308
31.0 1.2374688743170001
32.0 1.1582772024995822
33.0 1.1337759598698909
34.0 1.1130179211102862
35.0 1.0462573739505014
36.0 0.985195073005169
37.0 0.9585160093686007
38.0 0.8890205088186541
39.0 0.8399275856277797
40.0 0.782379490081353
41.0 0.7641112762509199
42.0 0.7735019256816132
43.0 0.8251187823205978
44.0 0.8274674436761336
45.0 0.9153009776150033
46.0 0.9487325267646781
47.0 1.064408400815456
48.0 1.056080623482754
49.0 1.1825375732934138
50.0 1.2168294907359365
51.0 1.1801313771772584
52.0 1.2025191012820136
53.0 1.2189743145819067
54.0 1.1780216257223752
55.0 1.063405486154306
56.0 1.059477658231683
57.0 1.0279291095123333
58.0 0.9694667410658071
59.0 0.8930223381935103
60.0 0.855968974682352
61.0 0.7966064383833785
62.0 0.7905856555538707
63.0 0.7815332183002525
64.0 0.8913396071132562
65.0 1.0080721351934725
66.0 0.9799829720574734
67.0 1.0118000080762652
68.0 1.0239597355865753
69.0 1.11468880123919
70.0 1.2067396654064595
71.0 1.1719770960232172
72.0 1.196121802575609
73.0 1.1668610843306115
74.0 1.155027093788252
75.0 1.154257451546614
76.0 1.1161194509502457
77.0 0.9500549646302926
78.0 0.9139336849243943
79.0 0.9161286727113315
80.0 0.9011071327068491
81.0 0.8381140671666996
82.0 0.7581444186801511
83.0 0.8407214525480898
84.0 0.7717699969840814
85.0 0.8959762333606709
86.0 0.9179421793315715
87.0 0.9541009508171241
88.0 1.027519088023383
89.0 1.038027864455724
90.0 1.1340362739742855
91.0 1.1328521686987614
92.0 1.1590991110610518
93.0 1.2181516815862437
94.0 1.2116480203504465
95.0 1.217173901633251
96.0 1.1185026354745737
97.0 1.0630899260239188
98.0 0.9945478127514646
99.0 0.9640431353773602
100.0 0.8496593356876658
101.0 0.9020506101371314
102.0 0.7618471546663161
103.0 0.751109770112081
104.0 0.8065048082610059
105.0 0.7623489920451132
106.0 0.8094966343565274
107.0 0.9093957174756843
108.0 0.9802075578150846
109.0 1.0148267374579567
110.0 1.0993466829313947
111.0 1.08624426972093
112.0 1.1303518738809744
113.0 1.211779039894822
114.0 1.1850922859618742
115.0 1.1820580015867108
116.0 1.1573047042183366
117.0 1.0785499317058234
118.0 1.0461192623634763
119.0 0.9954188030872391
120.0 0.9259059897969315
