Time NormalisedFlux
0.0 1.0272572230716648
1.0 1.059947700691003
2.0 0.9886180718547998
3.0 0.9573042482220527
4.0 0.9922740082566943
5.0 0.999566372519413
6.0 1.1875639900143442
7.0 0.9664107052270907
8.0 0.9253203019218467
9.0 0.9483146976689963
10.0 1.1866691402044873
11.0 0.9322321611231991
12.0 0.9130307824733402
13.0 1.014459632422964
14.0 0.917870290943277
15.0 1.11362195603576
16.0 0.8312980347037676
17.0 0.8461142345786516
18.0 1.0995700800508263
19.0 1.1191469754344836
20.0 0.8872890593034573
21.0 0.9368912256383596
22.0 0.9749385517736232
23.0 0.883406100196809
24.0 1.013514858821756
25.0 1.34681230213521
26.0 0.987614879994695
27.0 1.015621753028399
28.0 0.8685979783077971
29.0 1.038536195568892
30.0 1.0602586162574008
31.0 0.9979177053494169
32.0 1.008578370075239
33.0 0.9034788207554545
34.0 0.9506155382740047
35.0 1.0124102110960345
36.0 1.0912502269036983
37.0 0.9736888624122846
38.0 1.013904335988332
39.0 0.9469289779129414
40.0 0.9931883870249374
41.0 0.9210334640229018
42.0 0.9024423213714835
43.0 0.9587244899869171
44.0 0.9852776502597911
45.0 1.1654504298685069
46.0 0.921334501508152
47.0 0.9510703429061581
48.0 0.9320898766036338
49.0 1.0276304267949963
50.0 0.9463385001361542
51.0 0.8920039986574329
52.0 1.1503590200778437
53.0 1.0921267511328043
54.0 1.0073063314929653
55.0 0.9884970299444314
56.0 0.8839645549880868
57.0 1.0061219389429588
58.0 0.9841741095838077
59.0 1.107453945763183
60.0 1.0094993014353797
61.0 0.954291487040215
62.0 1.1108505759712992
63.0 1.017827216261189
64.0 0.950625800853078
65.0 0.844425142391903
66.0 1.0170516831438994
67.0 1.2860539738232104
68.0 0.9807005201698632
69.0 1.0738080857451053
70.0 0.9584691662558663
71.0 1.0624980340842032
72.0 0.9530372282562367
73.0 1.0209260135420242
74.0 1.0348772749242467
75.0 1.0692623857673167
76.0 0.9374775625988356
77.0 0.9962332511461041
78.0 1.1055670675503455
79.0 1.0062820712951206
80.0 0.8808230603607361
81.0 1.1803562373273757
82.0 0.7952024135545125
83.0 0.9323547161862045
84.0 1.0918115209489827
85.0 0.9516355477378791
86.0 0.9117401733763786
87.0 0.9578482802726357
88.0 1.0993477717412639
89.0 0.9842399666514106
90.0 1.1776201601760417
91.0 1.1194288860849282
92.0 0.8777156325898333
93.0 1.1481415286241388
94.0 1.0179444189671063
95.0 0.9500073649218175
96.0 0.9452594842024068
97.0 0.976864933408682
98.0 1.0712793748796199
99.0 0.9423110967313586
100.0 1.0409158998347234
101.0 0.9730286413146289
102.0 1.0061289279181775
103.0 1.0366638433227415
104.0 1.0530818671384143
105.0 1.1651987966000315
106.0 0.9555294548187312
107.0 0.9431415822397503
108.0 0.9518568795781216
109.0 1.0462867606637267
110.0 0.8934458227247022
111.0 0.856088197342753
112.0 1.01852019437099
113.0 1.0225308659766372
114.0 1.1995525306448502
115.0 1.0871988360113423
116.0 1.1095458154523692
117.0 1.0164862069969485
118.0 1.0754317332606689
119.0 1.0693703361510452
120.0 0.899386858646515
