Time NormalisedFlux
0.0 0.963886019578512
1.0 0.8987053468279169
2.0 0.9819423003613263
3.0 1.0864646775862112
4.0 1.1590571528932776
5.0 1.1404365841732438
6.0 1.162768557808236
7.0 1.1318704922157963
8.0 1.2009954167053905
9.0 1.1219593974849016
10.0 1.1010935645540851
11.0 1.0445842075968397
12.0 0.9924270291565407
13.0 0.8923974386437051
14.0 0.8937284008621794
15.0 0.8944916613950552
16.0 0.7963896896319563
17.0 0.7707722242624662
18.0 0.8338804633082044
19.0 0.7758396039553528
20.0 0.8586689405175985
21.0 0.9042808693525282
22.0 0.9350634904753071
23.0 1.0236415285738913
24.0 1.088142526740591
25.0 1.185091059687503
26.0 1.1708305961483585
27.0 1.1817524555842494
28.0 1.1630239598549414
29.0 1.2118469554402471
30.0 1.2178872429512069
31.0 1.1569172626054365
32.0 1.0736844035218163
33.0 1.0064791992655557
34.0 0.9922317627118257
35.0 0.9671713395761506
36.0 0.8439848161794813
37.0 0.872440623730224
38.0 0.7927586680628331
39.0 0.7742746959229205
40.0 0.7534215954600235
41.0 0.8346262195350633
42.0 0.8515250111547498
43.0 0.9153226737361216
44.0 0.984956873334664
45.0 1.0285732610416256
46.0 1.0067457335311567
47.0 1.1001408872497045
48.0 1.2057325381504898
49.0 1.2092440586102342
50.0 1.1595123321324012
51.0 1.1493748198450777
52.0 1.1133986831722626
53.0 1.0920409485311493
54.0 1.0680079390162358
55.0 1.0508113623100617
56.0 0.9429834088873996
57.0 0.8930733449729702
58.0 0.8885796704597062
59.0 0.8872933185873965
60.0 0.8233764283199521
61.0 0.8190026701939627
62.0 0.7894188917552175
63.0 0.8271711369769217
64.0 0.9023180404652158
65.0 0.9645302379394541
66.0 0.9452678112019157
67.0 1.0171396269643371
68.0 1.0865363030483415
69.0 1.1413135262127085
70.0 1.1862267915566904
71.0 1.1632850387167082
72.0 1.191688299158534
73.0 1.1611463693991113
74.0 1.1427702826323531
75.0 1.017567066074466
76.0 1.0256289053589136
77.0 1.0297631901144562
78.0 0.8753164599416041
79.0 0.8861260887324746
80.0 0.8647604847855392
81.0 0.8092233199175806
82.0 0.8075237958887204
83.0 0.8254155056045237
84.0 0.8343499589931271
85.0 0.8510844205967875
86.0 0.9184086371812037
87.0 0.8968423725974867
88.0 1.0373041472741429
89.0 1.01315089628243
90.0 1.1101468971063455
91.0 1.1370674172184736
92.0 1.1810242729683063
93.0 1.1752758751012466
94.0 1.2165805494382145
95.0 1.178536459012602
96.0 1.1694590006704888
97.0 1.138936297081046
98.0 0.9927313121562008
99.0 0.9641767235896782
100.0 0.9180866157418407
101.0 0.9320118064759734
102.0 0.8588179068645954
103.0 0.7867085280757304
104.0 0.780223899249513
105.0 0.8118836623751894
106.0 0.8350362355871301
107.0 0.8752337615567659
108.0 0.8858241690953432
109.0 0.9387677529962473
110.0 1.042820938335675
111.0 1.0974222496533885
112.0 1.126292799962884
113.0 1.1398102730944781
114.0 1.1731489125221162
115.0 1.227261059258585
116.0 1.1597135318324274
117.0 1.107280220619751
118.0 1.177846891891356
119.0 1.054109766175947
120.0 0.9894955062484474
