Time NormalisedFlux
0.0 1.007118321204186
1.0 1.0157664100441341
2.0 1.0073786860293497
3.0 1.028065633477088
4.0 1.077962236211376
5.0 0.961320015119369
6.0 0.9666435980285732
7.0 1.1327189083635634
8.0 0.9963147236752895
9.0 0.9558637097012764
10.0 1.0395103079113972
11.0 1.0957861768904011
12.0 1.1737997100483595
13.0 1.0429972363874507
14.0 1.0006188698234484
15.0 0.9070690889064893
16.0 0.9853196575574846
17.0 1.0667044097000151
18.0 0.963576736735047
19.0 0.9560297502581329
20.0 1.0170859921873785
21.0 0.9646540468117286
22.0 1.1602509047436187
23.0 0.9389503864624175
24.0 0.9830504183100096
25.0 1.0166130877592312
26.0 0.8824328144199717
27.0 1.0813970659485856
28.0 0.9895599156010996
29.0 0.9822034592430712
30.0 0.8234038455976233
31.0 0.7775239051900189
32.0 1.1646599774098432
33.0 0.8552368548863797
34.0 0.9887809079055025
35.0 1.0001295869480027
36.0 1.0418776118300703
37.0 0.9700093764461067
38.0 0.9609401124055239
39.0 1.1089276212934815
40.0 1.0239896072329087
41.0 1.0553391937342478
42.0 1.1147782086405573
43.0 1.0211000535520296
44.0 0.9914846268735223
45.0 0.9118262345650623
46.0 0.9679645330209803
47.0 1.0069821281017401
48.0 0.7439020995349541
49.0 1.0355953931426705
50.0 0.9079174850182895
51.0 1.3514322874798135
52.0 1.1872597681451456
53.0 0.913719336633025
54.0 0.9630220569712622
55.0 0.9189957910220972
56.0 0.8960972606120494
57.0 1.0272968138679641
58.0 0.9827047778633263
59.0 1.1373671694927807
60.0 1.1662887038619196
61.0 0.9612302483088879
62.0 1.0311223634160713
63.0 0.9293311244845571
64.0 1.0953514733788425
65.0 1.0852900587590926
66.0 0.9879107332846164
67.0 0.6781579953342649
68.0 0.9428229641074627
69.0 0.8706781169081574
70.0 0.9503838000631093
71.0 0.9855985646048293
72.0 0.8400144345544567
73.0 0.9518974885490775
74.0 1.0789994088554609
75.0 0.9573143895813175
76.0 1.0786359177613933
77.0 1.0614645748116087
78.0 0.8920418867371636
79.0 0.774040118988302
80.0 0.9426438595665575
81.0 0.9608510599867125
82.0 0.9267056048762871
83.0 0.9645010729191739
84.0 1.0397398502991717
85.0 0.9439459125781089
86.0 1.1417398268349075
87.0 0.9138988163891641
88.0 1.0283732183908498
89.0 1.0129201657705151
90.0 0.9146113601601532
91.0 0.9645206131088456
92.0 0.9211393828383565
93.0 1.0419721593979827
94.0 0.8899269190439406
95.0 0.8632521041397342
96.0 0.9439386980470764
97.0 0.9262332103788592
98.0 1.1930622576940433
99.0 1.0656309113087874
100.0 0.9653046149630279
101.0 0.9556762822914049
102.0 0.8432096128379641
103.0 1.057381438849645
104.0 1.1079861874540886
105.0 0.9548751060527652
106.0 0.9210402909693732
107.0 0.9941910496733086
108.0 1.0497148929813442
109.0 0.9670711506368218
110.0 0.8923123628052194
111.0 0.7290817908813214
112.0 1.042006771320705
113.0 0.9969778959849394
114.0 1.1113860770825084
115.0 0.9493450495243037
116.0 0.9446864272817238
117.0 0.8511950837313255
118.0 0.9945052295551736
119.0 1.0952775528974594
120.0 0.987337912486646
