Time NormalisedFlux
0.0 0.9513914821698652
1.0 0.9996848943651866
2.0 1.0850101061190642
3.0 1.0137352200234278
4.0 0.9062497657139751
5.0 0.9082143525115094
6.0 1.0560232042342044
7.0 0.9069251870652035
8.0 0.9900529475817843
9.0 1.0924986943602542
10.0 0.9650046280611104
11.0 0.9680557125459743
12.0 1.1359956751543818
13.0 0.9466878636838111
14.0 0.9881006960286967
15.0 1.0149357944353574
16.0 1.0438873787154264
17.0 1.0194602301418243
18.0 0.9857575845443922
19.0 1.0438453415421771
20.0 1.0725000027669367
21.0 1.0595238298079857
22.0 1.0274799460067996
23.0 1.1653246532280952
24.0 1.0555718197864277
25.0 0.9894713279029146
26.0 1.1211333432009039
27.0 1.041125020725767
28.0 1.138585454192736
29.0 0.6799088851159252
30.0 0.9031569867943153
31.0 1.1256931653372244
32.0 1.0972203668497422
33.0 0.9022257790951876
34.0 0.999783539651436
35.0 1.038549246242012
36.0 1.0740501102094413
37.0 0.7931990333340431
38.0 0.9368233019285314
39.0 0.9395437696734276
40.0 1.0161845372300509
41.0 0.9928707201935635
42.0 0.9208605193743216
43.0 0.9962440841452569
44.0 1.022536292934722
45.0 1.0310432424817813
46.0 0.9141448224224925
47.0 1.1071362347473153
48.0 1.075697669943843
49.0 1.111808864133171
50.0 0.8981981046055876
51.0 0.9544868774751809
52.0 0.9334839835381773
53.0 0.9918427201045116
54.0 1.0084219906908227
55.0 1.1290541984754674
56.0 1.1157651847685368
57.0 1.050181209572236
58.0 0.7618236147018331
59.0 0.9081819498418334
60.0 1.0458109527611699
61.0 0.8197500494507352
62.0 0.903430234784645
63.0 0.9853672869106174
64.0 1.1296789864922088
65.0 1.2461020398915874
66.0 1.0574635066151636
67.0 1.1660680177266163
68.0 0.9590642244987084
69.0 0.8961264263674229
70.0 1.0792354347181476
71.0 1.0365610092214195
72.0 0.976338431970492
73.0 0.9936305722826139
74.0 0.9192720210284276
75.0 1.0415649423429798
76.0 1.1030567676161767
77.0 1.0878531305108299
78.0 1.0720857758846356
79.0 1.1564879026421102
80.0 1.1558847955292426
81.0 0.9084012437939488
82.0 0.8600559701356084
83.0 0.868857272042316
84.0 0.7995502745111764
85.0 0.955450575919606
86.0 1.04799699865221
87.0 0.987262523483736
88.0 0.9927187953306904
89.0 1.0243770746665517
90.0 0.9893709091312763
91.0 0.9357806517877505
92.0 0.9443066124634868
93.0 1.0533380193801487
94.0 0.9070928295500961
95.0 1.1493013764825537
96.0 0.9124004829308073
97.0 0.8355063329793249
98.0 0.9644248688672351
99.0 0.9571131051119487
100.0 0.8606739023105807
101.0 1.1407343624991144
102.0 1.0582263331050434
103.0 0.9462895980068187
104.0 1.2370084222126498
105.0 1.0998584077259876
106.0 1.0084714729612358
107.0 1.0016463688989774
108.0 0.9354659177801457
109.0 0.951687106816923
110.0 1.0293416845428598
111.0 0.8982307333504777
112.0 0.8578399255071111
113.0 0.9693501227822017
114.0 1.0940465076481354
115.0 1.0512617219499267
116.0 0.8884813042386334
117.0 0.9730232675882939
118.0 1.0871767151524987
119.0 1.2253784136525459
120.0 0.9159165023754546
