Time NormalisedFlux
0.0 1.1821397042376987
1.0 1.2096454600845026
2.0 1.1943038068541227
3.0 1.1529074816265772
4.0 1.0854611994047105
5.0 1.0615850745932194
6.0 0.9882752926565821
7.0 0.9350177239640635
8.0 0.912071268118861
9.0 0.8420217052461146
10.0 0.8365914969823197
11.0 0.8141050885748609
12.0 0.8124001971301186
13.0 0.8503292669273068
14.0 0.8053782676004104
15.0 0.8909483692542498
16.0 0.958355467356698
17.0 0.9359130333727986
18.0 1.0670936911919924
19.0 1.0463711046681754
20.0 1.140226618962802
21.0 1.1980260030701118
22.0 1.224763363715897
23.0 1.2214891938763905
24.0 1.2374105897382317
25.0 1.2172558626111163
26.0 1.1509129758884058
27.0 1.1055102327178266
28.0 1.0565854761448694
29.0 1.040762190471836
30.0 0.9503094280283985
31.0 0.9239137626044952
32.0 0.8706393072918251
33.0 0.8431928610756676
34.0 0.8018859367219997
35.0 0.7890774035733695
36.0 0.7597051089689367
37.0 0.8283015921682305
38.0 0.7975306354562274
39.0 0.8702989873281217
40.0 0.9497970464127745
41.0 0.9697865021835697
42.0 0.9816179711786082
43.0 1.1563784246157405
44.0 1.08419449463959
45.0 1.1543589241630248
46.0 1.1596793422740752
47.0 1.2312542253098389
48.0 1.2159834173731592
49.0 1.2119646675705047
50.0 1.139080578653365
51.0 1.13333627769234
52.0 1.0191173187703346
53.0 1.0183862215376565
54.0 0.9736637253319134
55.0 0.9175910773810262
56.0 0.8862910014282979
57.0 0.8568330508998752
58.0 0.7984638308743057
59.0 0.8252256971847736
60.0 0.7948016193401148
61.0 0.8435030154101967
62.0 0.8326777337034472
63.0 0.9281672633158887
64.0 0.9507765723543781
65.0 1.051915652194736
66.0 1.0951852028539801
67.0 1.1786015014207842
68.0 1.0928439798440397
69.0 1.1844959612019244
70.0 1.195712731821182
71.0 1.2066405851210564
72.0 1.1416933560467686
73.0 1.1275037606252127
74.0 1.1145945953403034
75.0 0.99723702022783
76.0 1.0542525378155791
77.0 0.9684388113384026
78.0 0.8651003275010604
79.0 0.876653772175228
80.0 0.8583306665952868
81.0 0.8492036251096313
82.0 0.8216298601608776
83.0 0.797917732598298
84.0 0.8317413916003389
85.0 0.8751264673176758
86.0 0.854131019675446
87.0 0.8980971203188948
88.0 0.952929674380832
89.0 0.9820410087266438
90.0 1.073191091692775
91.0 1.153565215007529
92.0 1.1620549113088758
93.0 1.2734369026390127
94.0 1.1973406269295352
95.0 1.1422686069785761
96.0 1.129656293268797
97.0 1.1596911462747121
98.0 1.1045445224585737
99.0 1.070884213647939
100.0 0.9556184580051948
101.0 0.9185510575698076
102.0 0.9124993897483684
103.0 0.8199919931030548
104.0 0.8170532871319529
105.0 0.813504369100909
106.0 0.7913445038460243
107.0 0.8465894300406147
108.0 0.8162705388834013
109.0 0.893357046571955
110.0 0.9024397725147686
111.0 1.0147591410265242
112.0 1.0698262441657025
113.0 1.1093257066764126
114.0 1.148475204249825
115.0 1.145336528832058
116.0 1.1751684093564871
117.0 1.2077977793893966
118.0 1.213910294150388
119.0 1.2059693501852833
120.0 1.173573326076793
