Time NormalisedFlux
0.0 0.8664593583874067
1.0 0.9734472141828643
2.0 0.9748521296272681
3.0 1.0662617283179159
4.0 0.8779599122460429
5.0 1.0149590368101473
6.0 0.9789232924343091
7.0 0.9616250077337929
8.0 1.0122929053924759
9.0 1.1933135958941226
10.0 0.9555641682155125
11.0 1.0621893822485382
12.0 1.0216275816839226
13.0 1.2232048074053392
14.0 1.0260043068314209
15.0 1.127455632912589
16.0 0.9506486177263269
17.0 0.9929220163082476
18.0 1.1876913451275724
19.0 0.9573660123688615
20.0 0.9416247004475239
21.0 1.0148158923630732
22.0 0.9075509731824838
23.0 1.1268546644307271
24.0 1.1006944032397705
25.0 1.0002246180695356
26.0 0.9684861181585555
27.0 1.0280046281276938
28.0 0.9766694202801137
29.0 1.0009401832468319
30.0 0.9528968467578824
31.0 0.9091416056709065
32.0 1.2070576391782022
33.0 1.2319949515213517
34.0 0.8588504580879807
35.0 0.9966825005401174
36.0 0.979485599929902
37.0 0.9874175869737585
38.0 1.069481908162406
39.0 1.0262798122656709
40.0 0.9215949128207723
41.0 1.1008396538249683
42.0 1.0282857451875296
43.0 1.1920567543752099
44.0 1.0375174953312405
45.0 1.0331357544774211
46.0 1.0040629920727564
47.0 0.9964536975488892
48.0 1.0217473861243769
49.0 0.966148797641128
50.0 0.9539437022056222
51.0 0.8855013171230941
52.0 1.0416160348974532
53.0 0.9631343879839159
54.0 1.0119918305263083
55.0 0.9672659450252457
56.0 1.0301544378522607
57.0 0.9604013348518144
58.0 0.9502598663793071
59.0 1.1888552248740507
60.0 1.2337488389717524
61.0 1.0157743524707914
62.0 0.9540804531405214
63.0 1.039690166223373
64.0 0.9527369780011101
65.0 1.0353166124115867
66.0 1.0285279482075904
67.0 1.0464588715860628
68.0 0.8982245569574234
69.0 0.9278221716398767
70.0 0.980745535423679
71.0 0.8013069590051715
72.0 0.9936810123530848
73.0 0.9755447168008696
74.0 1.0059803185169482
75.0 1.0357131776877624
76.0 1.0847287881776997
77.0 0.8672777086765765
78.0 1.104374535100665
79.0 0.9543994087655041
80.0 0.9339130721134132
81.0 0.9865016987681869
82.0 0.944633692702776
83.0 0.9931374971132554
84.0 0.9721228651282142
85.0 1.0523030560883584
86.0 1.0063013136526713
87.0 1.0722809645999802
88.0 0.8843554690588156
89.0 1.0152948385793181
90.0 1.0566547824810686
91.0 0.9370670605285079
92.0 0.9880877068271936
93.0 0.8897702251221706
94.0 1.0106510803453568
95.0 1.1217204441344966
96.0 1.0065635238918256
97.0 0.7947538281750088
98.0 0.8543058352492621
99.0 1.0533491587128099
100.0 1.0197440079989308
101.0 1.0890968595160686
102.0 1.0343341704453837
103.0 1.0508277482663206
104.0 1.0579985468189694
105.0 0.8713325952933098
106.0 1.0998308023992278
107.0 0.8614545119795893
108.0 0.9234532613631128
109.0 0.9449541978690768
110.0 1.0603480524407904
111.0 0.7756051742719564
112.0 0.9507305126012483
113.0 1.0539984762933063
114.0 1.067601859084263
115.0 0.8060458126538484
116.0 0.9775355881822293
117.0 0.8619889108529706
118.0 1.0749405262072895
119.0 1.0771312685493508
120.0 1.141663529522663
