Time NormalisedFlux
0.0 0.7582168553196823
1.0 0.8186695741617043
2.0 0.7900405753151764
3.0 0.9056898436861723
4.0 0.9010079596896999
5.0 0.9867951588745352
6.0 1.0111744322341107
7.0 1.096938756002557
8.0 1.1294424722373697
9.0 1.1340828431842416
10.0 1.2102432637417078
11.0 1.2196227361908165
12.0 1.2305236146322072
13.0 1.195291268323788
14.0 1.0811354900353876
15.0 1.0962998218917235
16.0 1.0632501797715335
17.0 1.0474067689536666
18.0 0.9333496592545673
19.0 0.8309853710141956
20.0 0.8515359429455513
21.0 0.8105817263030825
22.0 0.8421024672109423
23.0 0.7972180230328373
24.0 0.8771147585106593
25.0 0.8603851940440684
26.0 0.850199988355671
27.0 0.8673413888454994
28.0 1.0037625291353478
29.0 0.9683716509042333
30.0 1.0372766641817248
31.0 1.137481170789323
32.0 1.2017248609523334
33.0 1.1546125591596164
34.0 1.1895266181999864
35.0 1.182282628125933
36.0 1.1629650207011764
37.0 1.1585117001474818
38.0 1.1417833899671903
39.0 1.0829890523789132
40.0 1.0109200012761637
41.0 1.0160800746827432
42.0 0.954298997660588
43.0 0.9150329953216226
44.0 0.8181068832113653
45.0 0.793376265783171
46.0 0.7757875317383087
47.0 0.7559567662409677
48.0 0.8390863799385826
49.0 0.8556325735695871
50.0 0.9137512930437954
51.0 0.966893861393286
52.0 1.0044185561077352
53.0 1.0227638432924737
54.0 1.0656226118562333
55.0 1.1428457882222758
56.0 1.1773997635239943
57.0 1.1429662792310902
58.0 1.2258220911831146
59.0 1.1872806342477231
60.0 1.2437331255960373
61.0 1.1811671697318737
62.0 1.1458652041051187
63.0 1.028290464796309
64.0 1.0059505310166392
65.0 0.9810756874401239
66.0 0.8874815906812636
67.0 0.899472808332856
68.0 0.8599834759485033
69.0 0.8088017380170505
70.0 0.7879820071161253
71.0 0.8075969257732466
72.0 0.8121709605355342
73.0 0.7928801990311585
74.0 0.8869499026371858
75.0 0.993327046710593
76.0 0.978277646991215
77.0 1.005886687721178
78.0 1.088460365350005
79.0 1.1596191786985475
80.0 1.1971316111196668
81.0 1.1747665330871515
82.0 1.1521620632323883
83.0 1.1917692896758587
84.0 1.146173687358194
85.0 1.146732985994219
86.0 1.1069401174401796
87.0 1.0385288345752928
88.0 1.022334551950688
89.0 0.9484833761356967
90.0 0.8700032680954712
91.0 0.8044574730689299
92.0 0.8330203800781385
93.0 0.7769656402231698
94.0 0.8220644754763874
95.0 0.799800013241307
96.0 0.8197989065149786
97.0 0.8353748399083152
98.0 0.9096000877235938
99.0 0.9327604764293564
100.0 1.0597196421754218
101.0 1.1124417896057008
102.0 1.118680788717837
103.0 1.2057042517040388
104.0 1.232521048850968
105.0 1.1172190575815215
106.0 1.1880152638063584
107.0 1.1588083167026042
108.0 1.1811370269856754
109.0 1.1276031705800103
110.0 1.092226091797603
111.0 0.9833189196401764
112.0 0.944556823742473
113.0 0.9217934392797819
114.0 0.876064929570122
115.0 0.7961104625409862
116.0 0.8407672475140986
117.0 0.7927804761836089
118.0 0.732029401301792
119.0 0.8964593940082056
120.0 0.8802581673186446
