Time NormalisedFlux
0.0 0.9888526085671603
1.0 0.976936469636796
2.0 0.9593152583354877
3.0 0.9528319182725459
4.0 0.952712239778798
5.0 0.9552824810005643
6.0 0.9547677407043447
7.0 0.9774015373016633
8.0 0.921278055161896
9.0 0.9302420819174335
10.0 0.8997539338956051
11.0 0.8919398270661965
12.0 0.9096866485559135
13.0 0.9386909067356484
14.0 0.9890908884271048
15.0 1.0075292137030458
16.0 1.0710892777096348
17.0 1.0679220026836698
18.0 1.1044800407846538
19.0 1.1014949584975702
20.0 1.087871111477667
21.0 1.0318790913411777
22.0 1.0755459892456665
23.0 1.0493124225623396
24.0 1.060719258379394
25.0 1.0671637208924905
26.0 1.027154288213808
27.0 1.0503411323200145
28.0 1.0283847924219358
29.0 1.0131514384180729
30.0 1.020768944935975
31.0 0.9697051378341706
32.0 1.0311825069908822
33.0 0.9821021117322345
34.0 1.00933385306904
35.0 0.9800727340843252
36.0 1.0028955592680264
37.0 0.9446352891972644
38.0 0.9733223677034406
39.0 0.9721163875987664
40.0 0.9673003389352153
41.0 0.953938848233769
42.0 0.961144609040377
43.0 0.9578699961047109
44.0 0.9286557840778007
45.0 0.926979610609914
46.0 0.8695950511435142
47.0 0.9329169716085807
48.0 0.913338660328
49.0 0.9380891399755898
50.0 0.9603586345053808
51.0 1.00415335732826
52.0 1.0628776526858785
53.0 1.095831205344763
54.0 1.1220645231906043
55.0 1.0787777342807126
56.0 1.086699023781737
57.0 1.0753819652779484
58.0 1.0696042668816015
59.0 1.0813207893063548
60.0 1.034119769700464
61.0 1.042604397109591
62.0 1.039999078043012
63.0 1.0147964294721963
64.0 1.0053250715753146
65.0 1.0251605702495101
66.0 1.0228257511136414
67.0 0.9888228253798146
68.0 0.9779898533043088
69.0 1.0301609920121388
70.0 0.97317694161922
71.0 0.9919129385389002
72.0 0.9829682756930388
73.0 0.9875762234866785
74.0 0.9422155333417088
75.0 0.9687848234030176
76.0 0.9734314058909542
77.0 0.9322354352562026
78.0 0.9594043903301996
79.0 0.95324452051552
80.0 0.932460769727978
81.0 0.9298775118546277
82.0 0.9185943017687253
83.0 0.9036267887469177
84.0 0.9340809111634146
85.0 0.9290721807595
86.0 0.9453120976427438
87.0 1.005566006696443
88.0 1.0603292230331307
89.0 1.0899360870192616
90.0 1.084880942638179
91.0 1.0875068735745936
92.0 1.0972247418863972
93.0 1.056339822275017
94.0 1.050131565314084
95.0 1.04001814263657
96.0 1.066897145120411
97.0 1.034721162780416
98.0 1.0420016065738544
99.0 1.0605795983544666
100.0 1.037213100559953
101.0 0.986343960030435
102.0 1.0089378116757663
103.0 0.9962594748672642
104.0 1.0150067150667017
105.0 1.0223090548228218
106.0 1.0449941089002304
107.0 0.9906546604193324
108.0 1.020535130586062
109.0 0.9872224288707057
110.0 0.9509351404782606
111.0 0.9384474108419923
112.0 0.9800876381501112
113.0 0.9839767495504033
114.0 0.9234783438526559
115.0 0.9383487501666421
116.0 0.9347855626821773
117.0 0.9232117597771823
118.0 0.9100148004155918
119.0 0.9042389656545825
120.0 0.8893495435536329
