Time NormalisedFlux
0.0 0.9745216300129841
1.0 0.9883382220493574
2.0 1.134445526136835
3.0 1.1041366298862563
4.0 1.1337730675183149
5.0 1.1928192404731783
6.0 1.208335749000778
7.0 1.1858355634851985
8.0 1.1553616744536725
9.0 1.1507878018849025
10.0 1.0938654045820408
11.0 0.9882296903962141
12.0 1.029762330288393
13.0 0.929013930949398
14.0 0.8970000115044059
15.0 0.8782462649407915
16.0 0.7988408623359331
17.0 0.8112116053664556
18.0 0.7811251944616169
19.0 0.8097318669572181
20.0 0.8388759083041991
21.0 0.8951093201580141
22.0 0.9212540113538255
23.0 0.9416919491219031
24.0 1.0162799048299185
25.0 1.1537515187490852
26.0 1.0631574369033043
27.0 1.1290590774030516
28.0 1.1785496372602902
29.0 1.1943517415258071
30.0 1.178442789915896
31.0 1.1194038952207723
32.0 1.0617806646794539
33.0 1.107976880802297
34.0 0.9942935486185289
35.0 1.0005855252671647
36.0 0.9011430557237919
37.0 0.8421932669751907
38.0 0.8200168309666592
39.0 0.780578747567301
40.0 0.7228807425564774
41.0 0.7750398825786917
42.0 0.8747122623553426
43.0 0.8597994431700626
44.0 0.9549108339719327
45.0 0.9784495303482437
46.0 1.071793484603225
47.0 1.1102937715964596
48.0 1.0916391738895155
49.0 1.1450480735171893
50.0 1.1681309037266774
51.0 1.180262013525212
52.0 1.2138433696765774
53.0 1.1754274809796479
54.0 1.1745863794667037
55.0 1.047441660556585
56.0 1.0361533631171158
57.0 0.9791912598293498
58.0 0.9426534108669281
59.0 0.8561262500940617
60.0 0.8070224709088628
61.0 0.7741418262749545
62.0 0.811094775801878
63.0 0.8035706107020981
64.0 0.8411247355883612
65.0 0.8837505971173113
66.0 0.8678561566199494
67.0 0.9161287064739251
68.0 1.0149141164032323
69.0 1.0979978134583628
70.0 1.07196881273493
71.0 1.0622806246355019
72.0 1.2136057271825584
73.0 1.1862879299607019
74.0 1.2338456752859592
75.0 1.1735331447052977
76.0 1.151009576684978
77.0 1.0554084918071818
78.0 1.111976122850505
79.0 1.0580457029658787
80.0 0.9451896314443572
81.0 0.9638417521820988
82.0 0.8131696157000512
83.0 0.8529852132984523
84.0 0.7797333344781532
85.0 0.8372810171804754
86.0 0.8055277759854527
87.0 0.7771164447204642
88.0 0.8847421975090092
89.0 0.9058238509158818
90.0 0.9954228221921402
91.0 1.0083708434282468
92.0 1.0853168170138956
93.0 1.1243222500678867
94.0 1.1274044802746346
95.0 1.2439985748954174
96.0 1.2315529933923373
97.0 1.1865033574987045
98.0 1.1804270208062513
99.0 1.119269391813859
100.0 1.0392913842880083
101.0 1.0827547507271305
102.0 0.90329966179492
103.0 0.9340991273030658
104.0 0.9244841213677091
105.0 0.845688857485005
106.0 0.7234797717081878
107.0 0.8021883271213867
108.0 0.8177040826483378
109.0 0.8271279706789779
110.0 0.8400391010961592
111.0 0.8897150102197969
112.0 0.9471168181927614
113.0 0.9848608593952384
114.0 1.0987513701539418
115.0 1.096491605956802
116.0 1.2039807980347381
117.0 1.1799124553384688
118.0 1.1609647529633782
119.0 1.2306380629041938
120.0 1.2215090195767722
