Time NormalisedFlux
0.0 0.9689009313261782
1.0 0.9591792654604737
2.0 0.9260216570646622
3.0 0.9718992492861742
4.0 0.9570235874267325
5.0 0.9053588012164945
6.0 0.9161523888193378
7.0 0.9023212865506857
8.0 0.9589634699649704
9.0 0.9895212253444494
10.0 1.0807667392011857
11.0 1.1092317625562664
12.0 1.1126910859957195
13.0 1.030886850499424
14.0 1.050501600232911
15.0 1.027460499790445
16.0 1.025478757334509
17.0 1.0686677622530234
18.0 1.0451403611587253
19.0 1.0090036932855642
20.0 1.015392751645354
21.0 0.9988852108406955
22.0 0.9887618574855159
23.0 0.9937548678478373
24.0 0.968667090971361
25.0 0.9746051064022695
26.0 0.9428540963747211
27.0 0.957759039810558
28.0 0.9595773382475222
29.0 0.954971142255235
30.0 0.9521494476619551
31.0 0.9220810383803065
32.0 0.8968775611103789
33.0 0.9168449525796827
34.0 0.9206698298785753
35.0 1.0124489715263647
36.0 1.043112859038755
37.0 1.0697625948871963
38.0 1.0837730368485725
39.0 1.0617734182399727
40.0 1.0373889139215415
41.0 1.0320293675472367
42.0 1.055231637943984
43.0 1.018394256318884
44.0 1.0421068864103522
45.0 1.0280505210133695
46.0 0.9843374139079254
47.0 1.0151586804207036
48.0 0.9974817324148483
49.0 1.0043302882420166
50.0 0.9800414586619453
51.0 1.0004420619444279
52.0 0.9763646651676385
53.0 0.9457913558820615
54.0 0.9698046551720874
55.0 0.9591948552678179
56.0 0.9308035353177271
57.0 0.9167515562978165
58.0 0.9209629983776366
59.0 0.9110432902021262
60.0 0.9260660671554519
61.0 0.9906617801118348
62.0 1.0564232584263542
63.0 1.090953920692148
64.0 1.119043466338591
65.0 1.1149620308310515
66.0 1.097780134006511
67.0 1.0626108608323177
68.0 0.9998623083981628
69.0 1.0506302683895292
70.0 1.0427900981558225
71.0 1.0597280275017087
72.0 0.9957796246194762
73.0 0.9896162431335832
74.0 1.0002517665387374
75.0 0.9964558707711506
76.0 1.0253272607732313
77.0 0.9850425934283878
78.0 0.9473170963990708
79.0 0.9556070365628325
80.0 0.9395875376680305
81.0 0.9720639892441137
82.0 0.9398203208115496
83.0 0.8952874394157369
84.0 0.8971586269925798
85.0 0.8944077358256604
86.0 0.9260110642050372
87.0 0.9662910223534348
88.0 1.013036325595002
89.0 1.0489548552713053
90.0 1.099230509342296
91.0 1.1213692380807636
92.0 1.0532139179367102
93.0 1.064204468036625
94.0 1.0547483139298066
95.0 1.0383892718361691
96.0 1.0238818282263746
97.0 1.025225810433546
98.0 1.0128457302766742
99.0 1.0045419699064504
100.0 1.0128760004108353
101.0 0.9953750281193104
102.0 0.9970687592533068
103.0 0.9688572882000098
104.0 0.9472323147752397
105.0 0.9562089197097632
106.0 0.952939573813474
107.0 0.9529604365662696
108.0 0.9355783336906283
109.0 0.9432643343180124
110.0 0.9238567232179794
111.0 0.9004913947948058
112.0 0.9107645647163704
113.0 0.9599175285176171
114.0 0.9753894961589586
115.0 1.059933514247397
116.0 1.102975597415582
117.0 1.102921361609137
118.0 1.0728061125825021
119.0 1.0468892917310915
120.0 1.0545383394274552
