Time NormalisedFlux
0.0 0.9197758420026255
1.0 0.9104534999156811
2.0 0.9056286446903723
3.0 0.983416022086282
4.0 1.0449599465428985
5.0 1.073732228764555
6.0 1.1211856750080684
7.0 1.0819465166927473
8.0 1.0306989634921417
9.0 1.0515203410089795
10.0 1.0221607436892193
11.0 1.0471745479180008
12.0 1.0177172383595259
13.0 1.0001727530814952
14.0 1.0184118054840754
15.0 1.0279628590768237
16.0 0.9761848849917772
17.0 0.984107480690541
18.0 0.9409066086020027
19.0 0.9353365329270792
20.0 0.936787011578535
21.0 0.9667957787554429
22.0 0.9753531544458545
23.0 0.9434617067550721
24.0 0.890396601065482
25.0 0.8827201118951805
26.0 0.9525825084583286
27.0 1.0147844130107433
28.0 1.0772260533782736
29.0 1.1151760140976552
30.0 1.0655799730499202
31.0 1.0570371149781463
32.0 1.0431238326936125
33.0 1.0443507945037467
34.0 1.0495869431793399
35.0 1.0130673223373285
36.0 1.0123253564038814
37.0 1.0345297917904732
38.0 1.023191247382754
39.0 0.9847402506909909
40.0 0.9641404874470514
41.0 0.9410905439251986
42.0 0.964177324332531
43.0 0.9760419216015285
44.0 0.9369821850420924
45.0 0.9733162095545881
46.0 0.9636115319120344
47.0 0.9043123835565895
48.0 0.9300870845419333
49.0 0.9233555483179822
50.0 0.9900119400030648
51.0 1.070416643732249
52.0 1.092188262315381
53.0 1.1049853367244185
54.0 1.05305419194514
55.0 1.039006894110364
56.0 1.0287120445310318
57.0 1.0368451813503932
58.0 1.0214486561937999
59.0 1.0465629496001556
60.0 1.0111273825117628
61.0 1.0154407827844785
62.0 0.9737871227702151
63.0 1.0185864740301775
64.0 0.9815350963340153
65.0 0.9689162610248995
66.0 0.9710949693559676
67.0 0.9519298661006242
68.0 0.9818897721637545
69.0 0.9308289426057873
70.0 0.9317121672556846
71.0 0.9270019512254077
72.0 0.9274920964354108
73.0 0.974474580467204
74.0 1.0336539922384649
75.0 1.053142284917817
76.0 1.0781305171581579
77.0 1.06938191714479
78.0 1.0417187727070607
79.0 1.0615912906259908
80.0 1.0298063201269845
81.0 1.049668222961525
82.0 1.0139105707602971
83.0 1.024483911791684
84.0 0.9984040842740843
85.0 1.0041783966055722
86.0 0.9666310045491333
87.0 0.9620131093851283
88.0 0.9499473561942594
89.0 0.9503539626384181
90.0 0.9344830292507444
91.0 0.9844726756970381
92.0 0.9573589604993455
93.0 0.940752568783408
94.0 0.8898487220543346
95.0 0.9272027727103527
96.0 0.9532510355883228
97.0 1.0266287499623443
98.0 1.0501343264153533
99.0 1.0799796121481469
100.0 1.0660230033231184
101.0 1.043303805897482
102.0 1.0710510390375334
103.0 1.0476913420784026
104.0 1.0420068744544468
105.0 1.040515778541263
106.0 1.0260832907424298
107.0 0.9865529635901711
108.0 0.9991931693124138
109.0 0.9753315126710433
110.0 1.0252431121411143
111.0 0.9998308446477436
112.0 0.9542342776492151
113.0 0.9725454473237292
114.0 0.9364313541146105
115.0 0.9338550149592383
116.0 0.9224503327303911
117.0 0.8936534992677658
118.0 0.8884148582532333
119.0 0.935777466892348
120.0 0.9869840993248421
