Time NormalisedFlux
0.0 0.900691845676957
1.0 1.019078648433657
2.0 0.798543459065639
3.0 1.0501376010061767
4.0 0.9639186399127567
5.0 0.8963490719364724
6.0 1.058308763141533
7.0 1.1407362856629544
8.0 0.9267582549500145
9.0 0.9011501171707538
10.0 1.0879869621211369
11.0 0.9584925439188867
12.0 1.1524935579350035
13.0 0.9502557820455361
14.0 1.0159537935726413
15.0 0.9790289387210186
16.0 1.0591463807378947
17.0 0.9524034969357672
18.0 0.8687079569120307
19.0 1.0582075812048561
20.0 1.1660017711183934
21.0 1.1349146029289832
22.0 0.8478477406074103
23.0 1.0498573925050436
24.0 0.9004047166100356
25.0 1.1324193538984964
26.0 1.0845727139151238
27.0 1.0938733363261035
28.0 1.0626856559112074
29.0 1.1926632025768855
30.0 0.9950033281389331
31.0 0.8340277452791405
32.0 1.101506808842486
33.0 1.099896989208211
34.0 1.0013481562765292
35.0 0.9310248446940785
36.0 1.0416238920994605
37.0 1.0216949885107405
38.0 0.9339389585676263
39.0 0.9584983471001262
40.0 0.8372761789696561
41.0 1.0335878851907279
42.0 1.0284449283340262
43.0 1.0203869704870085
44.0 0.9644542074226921
45.0 0.8901246513032606
46.0 1.0874307655479025
47.0 0.9325871704915698
48.0 0.917953314894191
49.0 0.8979213973019727
50.0 1.2701328004017092
51.0 0.8670506569144475
52.0 1.069627652697243
53.0 1.0278600986365718
54.0 0.9603186566374148
55.0 1.0451861278186498
56.0 0.9698447018456545
57.0 0.8774985918605199
58.0 1.0921569919317935
59.0 1.0506964697820391
60.0 1.0165999635349554
61.0 0.9391784439775468
62.0 0.8992181299570092
63.0 1.0210563708154816
64.0 0.921257733674125
65.0 0.9556925557261603
66.0 1.0255765494193483
67.0 1.0904416589288204
68.0 1.0985200381329001
69.0 0.957936759056554
70.0 0.9936013731077669
71.0 1.1113818068985903
72.0 0.9717673851526533
73.0 0.9996293987287148
74.0 1.0250140200214621
75.0 0.9705600631695297
76.0 1.080499412494929
77.0 1.033282644885759
78.0 0.9147825934125723
79.0 0.8706147899898535
80.0 0.9230722527594731
81.0 1.0171720268373368
82.0 0.9877936802582324
83.0 0.8400732335536104
84.0 0.999632533905492
85.0 0.9335181173815512
86.0 0.9504541522124119
87.0 1.187950771512882
88.0 0.9879766626517319
89.0 0.9211601139470396
90.0 1.069335720307694
91.0 0.9192090177206567
92.0 0.989099115559767
93.0 1.0052092617457855
94.0 1.0119629203125038
95.0 1.0802132845924277
96.0 0.971313900443233
97.0 1.0698492561617312
98.0 1.1424808030954696
99.0 1.0758208375445217
100.0 0.9332999578197847
101.0 0.9324600235586953
102.0 0.8215506532017721
103.0 1.0706800159997318
104.0 1.046373440133828
105.0 1.0043481116469242
106.0 0.766486945386317
107.0 0.9054441003079461
108.0 1.144220685936512
109.0 0.9868267913738529
110.0 0.9619029198581557
111.0 0.9727325101846678
112.0 1.1212132671296307
113.0 0.9973051179406431
114.0 0.8635184957981977
115.0 1.0564459194141773
116.0 0.818256379193437
117.0 1.1400360076941949
118.0 0.9739299184504481
119.0 1.062043239560859
120.0 0.8067091972992521
