Time NormalisedFlux
0.0 1.0910405194033876
1.0 0.9780297965712944
2.0 1.075802209715376
3.0 1.0133049746326368
4.0 0.9270427387205972
5.0 1.0248668664208056
6.0 0.7632294660676529
7.0 1.0643851005293339
8.0 1.015080051335701
9.0 1.0238644822233307
10.0 0.9495407323298249
11.0 1.1177271055131484
12.0 1.0284991231932978
13.0 1.119148094964726
14.0 0.9938789922956236
15.0 1.0819958997831343
16.0 1.0779748510971707
17.0 1.059919178914818
18.0 0.9675038332991636
19.0 0.9785242713991523
20.0 1.1259813790487077
21.0 1.1161032795927819
22.0 0.9360664817800431
23.0 1.034832744305346
24.0 0.9299890676100603
25.0 0.8839035363612784
26.0 1.0560778009485885
27.0 1.1615492302437787
28.0 1.0276492814968172
29.0 1.098632434945368
30.0 0.9971463052021493
31.0 1.0207773791082546
32.0 0.9878322640529885
33.0 1.0770715904399248
34.0 0.928419589456919
35.0 1.005748268311346
36.0 1.0179652590953903
37.0 1.3011335867238472
38.0 0.9124201165308019
39.0 0.9383443695934924
40.0 1.0554279728192786
41.0 1.00494980485779
42.0 1.0025766442365611
43.0 0.9906687707104191
44.0 1.0942763114998142
45.0 0.9190533633582587
46.0 0.8283231556050056
47.0 0.9899074783044857
48.0 1.1035091186917834
49.0 0.887343278229471
50.0 1.0596112116485892
51.0 1.1250542183435945
52.0 0.9013373632780255
53.0 0.8728273377724207
54.0 0.9880059938220327
55.0 0.9286984856418775
56.0 1.1121498336738709
57.0 0.934411690964768
58.0 0.906688918534574
59.0 0.945776301878433
60.0 0.8710389080341845
61.0 0.8160860450433829
62.0 1.0066151131724774
63.0 0.872012354632665
64.0 1.0145435528411286
65.0 1.2002218694785636
66.0 1.1151847136747544
67.0 1.147072807688021
68.0 0.9572136039434023
69.0 0.864394839731347
70.0 0.9431048212465565
71.0 0.9599319141869765
72.0 1.0227036022854092
73.0 1.1620323183940426
74.0 1.0024700630826908
75.0 0.9509895357657123
76.0 0.683517272089013
77.0 1.1924979213107292
78.0 0.969206831060569
79.0 0.918392911244287
80.0 0.9429633988619003
81.0 1.1405485927201204
82.0 1.2169277487486976
83.0 0.8955082008470963
84.0 1.0120397932500271
85.0 1.0195232677540733
86.0 1.0748365329095608
87.0 1.1716244906209239
88.0 1.045901365132147
89.0 1.0801543725213067
90.0 0.9247910394235155
91.0 1.106997792986619
92.0 0.9956132816984883
93.0 1.0242082977803588
94.0 0.9380110246940877
95.0 1.1276478302587796
96.0 0.8363830018427535
97.0 1.0421988029966058
98.0 0.9515917910100569
99.0 1.0437967653005578
100.0 0.9450331744716952
101.0 1.0357656704433242
102.0 0.9558439423119155
103.0 1.0686033057023818
104.0 0.8539920597048778
105.0 1.118322005860433
106.0 1.0229958456434647
107.0 0.9804181439669282
108.0 1.0639219834270428
109.0 0.8543759891412165
110.0 1.21413622997884
111.0 1.03388759120246
112.0 1.0342138344303742
113.0 0.9413043363316456
114.0 0.969750272415855
115.0 1.0250667200452128
116.0 0.978562895882874
117.0 1.0201351151511922
118.0 0.7901176195717752
119.0 1.1160108071474113
120.0 1.0217976762068888
