Time NormalisedFlux
0.0 1.0260485745481898
1.0 1.109555054103598
2.0 0.8913556054123448
3.0 1.0849122802236701
4.0 1.052033614780978
5.0 0.8774321104764032
6.0 1.0187607137411725
7.0 0.980448537818059
8.0 1.031910910525963
9.0 1.1258090359765687
10.0 0.8795709638896207
11.0 1.0681808830876756
12.0 1.1320826223106344
13.0 1.0024292147800082
14.0 0.8467937618363255
15.0 1.0386510302325722
16.0 0.9311825135392806
17.0 1.1074836353682715
18.0 0.809094183499731
19.0 0.8098867917714112
20.0 0.9242446240951409
21.0 1.089870628901579
22.0 1.2358874095929546
23.0 0.9734962319590647
24.0 1.0779697463486186
25.0 1.0227340837541472
26.0 1.1539000740705658
27.0 1.066355533084625
28.0 1.0092488775184387
29.0 0.9830094145663638
30.0 0.9902564520182907
31.0 0.8400246400656766
32.0 0.9786307275240975
33.0 0.965742921451098
34.0 0.9975991994977872
35.0 1.1222470329482772
36.0 1.0951104552143518
37.0 0.9597929379564291
38.0 1.056679972945535
39.0 1.1505312154950658
40.0 0.9459837953507151
41.0 0.9666656224405392
42.0 0.9813737835480424
43.0 0.964272937331546
44.0 1.101401750328135
45.0 1.2338476194320196
46.0 0.8870575369665676
47.0 1.1256750209484934
48.0 1.023274604650065
49.0 1.0074007854675406
50.0 0.9411622607292142
51.0 1.0864021586771742
52.0 1.021390549239178
53.0 1.0333637168099248
54.0 1.1014009054528249
55.0 0.8764349941973969
56.0 1.038545178984483
57.0 1.0164954473136256
58.0 1.0289952878981707
59.0 1.0671210999303675
60.0 0.9554491983826947
61.0 1.0391563831688286
62.0 0.9038690854289886
63.0 1.1703165182908528
64.0 1.0022184562623442
65.0 1.1783477496623078
66.0 1.1914766333166136
67.0 0.92541559998461
68.0 0.8630997264553858
69.0 1.0343076244158944
70.0 1.0318533404648633
71.0 0.8787257327325011
72.0 0.9165186113424184
73.0 1.0304419728660947
74.0 1.0985398576176113
75.0 0.9566006454915098
76.0 0.876991491124598
77.0 1.0304352166607484
78.0 0.9698664135818268
79.0 0.9339355152602256
80.0 0.9830149150674352
81.0 1.0562970311679414
82.0 0.9856542351150726
83.0 0.9152777399167156
84.0 1.0403690320260344
85.0 1.169673131330848
86.0 0.9757441301047688
87.0 0.9822690044988852
88.0 1.0990107296748919
89.0 0.8498356245011794
90.0 1.0067218856554119
91.0 1.171254399867479
92.0 0.9067246384290018
93.0 0.9685313134053564
94.0 0.977484638718841
95.0 0.874825593105473
96.0 1.0486682739069857
97.0 1.0616065406275381
98.0 1.077882335250248
99.0 1.044325654222331
100.0 1.124233429780698
101.0 1.0294592874318311
102.0 0.9559884875433722
103.0 0.9361105817803034
104.0 0.870204120655678
105.0 1.1408430913146008
106.0 0.9168661614643514
107.0 0.9572345158222796
108.0 1.0974462100126117
109.0 0.9952233254044054
110.0 1.0611925501958623
111.0 0.9981640294741269
112.0 1.0940340967313587
113.0 0.9219597899450775
114.0 0.8782217035649066
115.0 1.101455550414288
116.0 1.011623522445358
117.0 0.9800040944399873
118.0 1.014703786825497
119.0 0.8004843246053702
120.0 0.9718747328390276
