Time NormalisedFlux
0.0 1.028499369389046
1.0 0.9818629542251046
2.0 1.0186278881574546
3.0 0.9917933468465984
4.0 0.9964898378323624
5.0 1.006395826364184
6.0 0.9490950000017818
7.0 0.9385909583690746
8.0 0.960890120298925
9.0 0.9700484708481136
10.0 0.9548067762981334
11.0 0.9571709067075778
12.0 0.8993784359493322
13.0 0.9109518020282905
14.0 0.9101448007622048
15.0 0.9956863287890751
16.0 1.0445638061168858
17.0 1.0844950683612575
18.0 1.1199142395035988
19.0 1.058877780590894
20.0 1.0404130559436633
21.0 1.0678389979181335
22.0 1.0404702114400965
23.0 1.0303347696245508
24.0 1.0301311303717722
25.0 1.020260706962946
26.0 0.9925794461221806
27.0 0.9979635030302358
28.0 0.9919864017402433
29.0 0.9987139631074626
30.0 1.0102874401522797
31.0 0.9680258533650521
32.0 0.9659032262821031
33.0 0.9449934132761362
34.0 0.9556436714146973
35.0 0.9341949463573151
36.0 0.9308653739292266
37.0 0.9121126763926007
38.0 0.8870192257376796
39.0 0.9476266079289117
40.0 0.9721119845810846
41.0 1.0307016094821049
42.0 1.0616528569045172
43.0 1.0888685305079575
44.0 1.0692339446277308
45.0 1.0646497862947026
46.0 1.030473233723664
47.0 1.0218350888030223
48.0 1.046666357928585
49.0 1.0437628302091237
50.0 0.995060789131739
51.0 1.012452363384798
52.0 1.0055746592211243
53.0 1.0107649496768387
54.0 1.0102038007819787
55.0 0.9857971413797264
56.0 0.9563895377609575
57.0 0.9524061035826727
58.0 0.9663136866940224
59.0 0.9573376971242095
60.0 0.936653927649805
61.0 0.9532800366634686
62.0 0.9099696775849822
63.0 0.9064468602901724
64.0 0.9261783312296805
65.0 0.9952664305083122
66.0 1.039518893161953
67.0 1.0865162737448246
68.0 1.0795043089811736
69.0 1.1047966844730055
70.0 1.0829048541385289
71.0 1.0509996213051171
72.0 1.0418587215137494
73.0 1.042703040680695
74.0 1.0584675799450591
75.0 1.0284237762927881
76.0 1.0216831639798623
77.0 1.0212573332472314
78.0 1.0060369134434528
79.0 0.9848865483902812
80.0 1.0117103782391224
81.0 0.9502216139432846
82.0 0.9618920579654426
83.0 0.9296576719350508
84.0 0.9685881018565975
85.0 0.9550131799379357
86.0 0.9457770649181119
87.0 0.9062632577550915
88.0 0.9119854565408312
89.0 0.9227299418650577
90.0 0.9526902585277722
91.0 0.9939691158261692
92.0 1.1193697746041495
93.0 1.077147143818919
94.0 1.0836898506826789
95.0 1.0484836549621193
96.0 1.0431308264039503
97.0 1.0499585530899935
98.0 1.04294939168264
99.0 1.0505442495242683
100.0 1.0516982181847765
101.0 0.9848858850934799
102.0 1.0313021131017963
103.0 1.0178255929603206
104.0 1.0036265206932482
105.0 0.9686386542784842
106.0 0.9873799340054932
107.0 0.9644571087090131
108.0 0.9649742114230249
109.0 0.959139750696272
110.0 0.9462748795144746
111.0 0.9288200743109636
112.0 0.9328014914154025
113.0 0.9167398952709213
114.0 0.9395933057596869
115.0 0.9671860416075398
116.0 1.0502278354331023
117.0 1.0835478390316329
118.0 1.1114234557301423
119.0 1.1003554141234606
120.0 1.0688856900890196
