Time NormalisedFlux
0.0 1.175469795343782
1.0 1.1281678334112564
2.0 1.130488609866736
3.0 1.1764908911533989
4.0 1.1514349973741969
5.0 1.2414347687668355
6.0 1.113057816217074
7.0 1.2076001484922019
8.0 1.2146812136959402
9.0 1.202959469238547
10.0 1.2468969592845736
11.0 1.2221680393216325
12.0 1.1575133092863634
13.0 1.1670364312667407
14.0 1.1260521151833935
15.0 1.1445304364808901
16.0 1.1199485315060544
17.0 1.0197206432196126
18.0 1.0702283691000538
19.0 1.04699242862936
20.0 0.9973309935986556
21.0 1.0061464895117838
22.0 0.9495763726628772
23.0 0.9839822030390275
24.0 0.8666778593434765
25.0 0.8490752698328199
26.0 0.865513987045088
27.0 0.8295262532894015
28.0 0.8540459760987816
29.0 0.8174178252641521
30.0 0.7831195937731931
31.0 0.8354733318726796
32.0 0.8471173844412707
33.0 0.850909555916956
34.0 0.7888369712740873
35.0 0.7920396678024987
36.0 0.8104634749064151
37.0 0.840714242571617
38.0 0.7933494707276617
39.0 0.7998511905522225
40.0 0.9069857804608497
41.0 0.8998071735221069
42.0 0.8986292974680362
43.0 0.947272865647025
44.0 0.9377750094911184
45.0 0.9710640294738331
46.0 0.9804592548560491
47.0 1.0109575151045087
48.0 1.0330364176660636
49.0 1.0442882782177187
50.0 1.1456158057775092
51.0 1.0724144711955408
52.0 1.1122750303445257
53.0 1.0971197948444593
54.0 1.1343830221157287
55.0 1.1170963182921485
56.0 1.1743095971433342
57.0 1.232700888715211
58.0 1.19058077101798
59.0 1.1944772199061233
60.0 1.2239958471348238
61.0 1.159991965866156
62.0 1.1615794942579787
63.0 1.1951671320683173
64.0 1.1141298125384562
65.0 1.159508390517781
66.0 1.1457976549809894
67.0 1.0579042946121993
68.0 1.109076652127526
69.0 1.0431530601605707
70.0 1.045662449362164
71.0 1.034650214470874
72.0 0.9321391329362257
73.0 1.0055815632869258
74.0 0.9384635046899451
75.0 0.8456250197962014
76.0 0.9318757917619999
77.0 0.8996208002887744
78.0 0.83764751960542
79.0 0.9061085087867453
80.0 0.8220453754583829
81.0 0.8518978844654967
82.0 0.8223159293912501
83.0 0.7892603304670393
84.0 0.7978794928430719
85.0 0.7960997353647198
86.0 0.8145232349524003
87.0 0.7353085763131753
88.0 0.8219284224817467
89.0 0.9107295427343364
90.0 0.7953817329709936
91.0 0.8715330275992919
92.0 0.8620943913978912
93.0 0.8836912697078734
94.0 0.949740742666685
95.0 0.9297367890410503
96.0 0.9609498224151205
97.0 0.9775323005987957
98.0 0.950868225760091
99.0 1.0430452219114885
100.0 1.0508296308252185
101.0 1.089297386271796
102.0 1.0819075524710131
103.0 1.140041539723354
104.0 1.047383665487237
105.0 1.1216961892851127
106.0 1.1809469849051724
107.0 1.1754654383686862
108.0 1.1884984005254406
109.0 1.2705195791420285
110.0 1.257194686754693
111.0 1.2288746084521391
112.0 1.2181402743773897
113.0 1.1853423330807915
114.0 1.2331345270615255
115.0 1.147272257103108
116.0 1.1990458348711357
117.0 1.1548614874418175
118.0 1.1492887796276525
119.0 1.1404886504534384
120.0 1.06905026258614
