Time NormalisedFlux
0.0 0.9193274756336127
1.0 0.9208406614514744
2.0 0.7846892146513134
3.0 0.9046642797813308
4.0 0.8666648302751447
5.0 0.8328717035475367
6.0 0.8729053397657764
7.0 0.7674177712107926
8.0 0.8547338864939944
9.0 0.8245745209343637
10.0 0.7699215286757954
11.0 0.7689482237155597
12.0 0.8317585829679459
13.0 0.8643131448729973
14.0 0.8134467502174142
15.0 0.8660512304284327
16.0 0.895226523014488
17.0 0.9235946642507525
18.0 0.9869021453682293
19.0 0.9376669846091457
20.0 1.1008204211709873
21.0 0.9630409649330366
22.0 1.0270287926167307
23.0 1.1052472800818505
24.0 1.138442693754106
25.0 1.130545393135205
26.0 1.2163034238388253
27.0 1.1733103901439375
28.0 1.1735222403721015
29.0 1.2071261770432564
30.0 1.2684827158806389
31.0 1.2002513287055543
32.0 1.1861596519238806
33.0 1.1414381556788864
34.0 1.0950514172855186
35.0 1.1401050656239018
36.0 1.159021878261697
37.0 1.1419073652179903
38.0 1.033142848506821
39.0 1.0714981072469152
40.0 1.054920737745028
41.0 0.99227822473335
42.0 0.8973999821044698
43.0 0.9723074338032193
44.0 0.882009371992557
45.0 0.84205228226611
46.0 0.8537253532040301
47.0 0.838189538429255
48.0 0.7857733215585451
49.0 0.8355906090009163
50.0 0.8329542560338353
51.0 0.7688833563550151
52.0 0.7881949593023612
53.0 0.7498662007236926
54.0 0.7825449438194239
55.0 0.8688856497347661
56.0 0.7929187354412265
57.0 0.859627677391871
58.0 0.9071229135249703
59.0 0.9112936967655111
60.0 0.9554093250066678
61.0 0.9486355747026886
62.0 0.9726776992671086
63.0 0.9637141352014333
64.0 1.041880778283975
65.0 1.0925816333092182
66.0 1.1602589481521395
67.0 1.200632677449629
68.0 1.1337046956067343
69.0 1.13369776876723
70.0 1.227209467365333
71.0 1.2329379627722035
72.0 1.2197251805309084
73.0 1.2271010015143342
74.0 1.2401474804354051
75.0 1.189264717199224
76.0 1.2095777076875416
77.0 1.1760216710484461
78.0 1.1694325226581714
79.0 1.097380591204239
80.0 1.103333645059675
81.0 1.0514124611917135
82.0 1.0179931347696827
83.0 0.9763944993658337
84.0 0.9891200926214234
85.0 0.8646807689909469
86.0 0.9179815826914162
87.0 0.8513173339549079
88.0 0.8039588003971557
89.0 0.8627055044402192
90.0 0.7955714066892734
91.0 0.8383411089649517
92.0 0.7666346092024973
93.0 0.7691673867044011
94.0 0.7747845581615251
95.0 0.8452058086075785
96.0 0.8395251860316213
97.0 0.7627679212026308
98.0 0.8336359994152344
99.0 0.8745466112916559
100.0 0.851403175921464
101.0 0.9222224507600978
102.0 0.9801610723499778
103.0 0.9795367608489336
104.0 0.9957910856799538
105.0 1.04677018353192
106.0 1.1061815808317093
107.0 1.0908169939712595
108.0 1.1102146760563585
109.0 1.1637238558415146
110.0 1.1475679366640519
111.0 1.0846651590096852
112.0 1.2129188792553842
113.0 1.2220269543737705
114.0 1.256071814932213
115.0 1.2352679759194205
116.0 1.1244781476602208
117.0 1.197395938062984
118.0 1.139419913991172
119.0 1.1533890352106857
120.0 1.0738876513022353
