Time NormalisedFlux
0.0 0.8819556920667574
1.0 0.8301739450441846
2.0 0.807623905900946
3.0 0.8096650119883073
4.0 0.8349583220927305
5.0 0.7938895833016697
6.0 0.7756592168192765
7.0 0.8241721004827304
8.0 0.8563451707538758
9.0 0.9243375642013337
10.0 0.9569441777384642
11.0 0.9759581058927672
12.0 1.034399780323415
13.0 1.069856788131185
14.0 1.149938342100962
15.0 1.1596759859092003
16.0 1.1196572073944062
17.0 1.1921508221965176
18.0 1.2024236826390629
19.0 1.184729719764163
20.0 1.1629738968166898
21.0 1.1557884473374256
22.0 1.0970299901102174
23.0 1.0253630402602842
24.0 1.0095917354897042
25.0 0.9602091290828696
26.0 0.990628376545521
27.0 0.8168005780829352
28.0 0.8492596663121134
29.0 0.8646016604323786
30.0 0.8193280414162939
31.0 0.7793876177698271
32.0 0.8422197240400444
33.0 0.8362209823193014
34.0 0.8179686981526874
35.0 0.8438486881063014
36.0 0.9617815052769338
37.0 0.9322504210820161
38.0 1.0366003342803358
39.0 1.0876127735163044
40.0 1.0914528979467317
41.0 1.1106837696550613
42.0 1.1376869651246195
43.0 1.1489364510734033
44.0 1.1613535274278404
45.0 1.2360185495790639
46.0 1.2688469056627245
47.0 1.2324570180392753
48.0 1.1719690461818553
49.0 1.1226614589125707
50.0 1.05609659003872
51.0 1.0022750128819937
52.0 1.021549208629347
53.0 0.9294711279464881
54.0 0.8831275590160308
55.0 0.809772466422699
56.0 0.889115682677367
57.0 0.8043623280028631
58.0 0.8363446898954379
59.0 0.7039155515759218
60.0 0.8581235855781727
61.0 0.8446112907274805
62.0 0.8786163319858125
63.0 0.9137974462619599
64.0 0.9416189191522353
65.0 0.9847920109952365
66.0 0.9935540329912109
67.0 1.130661073916044
68.0 1.0542398856779667
69.0 1.1685914188191766
70.0 1.1625585886221033
71.0 1.1502322993845637
72.0 1.1999091139537803
73.0 1.1908868035667934
74.0 1.1634943311932426
75.0 1.1740584779045493
76.0 1.0886021831276091
77.0 1.0813438068538033
78.0 1.0814811546505942
79.0 0.9660273573225712
80.0 1.0029481097283137
81.0 0.8753806855263874
82.0 0.8214783539145781
83.0 0.873456975540563
84.0 0.8380474232197569
85.0 0.8330753736386812
86.0 0.772715648370799
87.0 0.8467646113352842
88.0 0.8359836075118181
89.0 0.8647597577006807
90.0 0.8499658550518208
91.0 0.9072422104124335
92.0 0.9770860776120357
93.0 1.0494983706588517
94.0 1.0643665177505472
95.0 1.1560178565713566
96.0 1.079072964629702
97.0 1.1330124973168003
98.0 1.2351632219630613
99.0 1.1891507289202587
100.0 1.166674843990347
101.0 1.1176274142420797
102.0 1.1263140597830874
103.0 1.1099373868226865
104.0 1.0583360646450555
105.0 1.0727763553371645
106.0 0.9831168598183171
107.0 0.9618220611812298
108.0 0.9928270482508705
109.0 0.9176924747005227
110.0 0.8365227092509809
111.0 0.8501966983924099
112.0 0.7753254035036018
113.0 0.8158680704458117
114.0 0.8123095539479646
115.0 0.8501671531137341
116.0 0.8739645723970765
117.0 0.8752629308520199
118.0 0.9630435795292666
119.0 1.008289780463167
120.0 1.0868836710646008
