Time NormalisedFlux
0.0 1.2600490922895866
1.0 1.176696497843313
2.0 1.094741726653927
3.0 1.1355029433771369
4.0 1.0667886310848222
5.0 0.9609103000241702
6.0 0.9286345596804892
7.0 0.8490619061138432
8.0 0.8938173858183227
9.0 0.8609887258239658
10.0 0.8477834484178435
11.0 0.8018877007811211
12.0 0.8507313439357949
13.0 0.746777897600926
14.0 0.8481318979147269
15.0 0.9018944522877508
16.0 0.8789050812000321
17.0 0.9560101126635092
18.0 0.9921034163228474
19.0 1.0993749774935948
20.0 1.1519476180834431
21.0 1.1927973906038893
22.0 1.1376149634381727
23.0 1.257501965560218
24.0 1.214800284232103
25.0 1.114215387397513
26.0 1.1633541725673524
27.0 1.1373824824915917
28.0 1.1518575436926615
29.0 0.9801216321052091
30.0 0.8992659072401373
31.0 0.8774262098143155
32.0 0.8917168345496918
33.0 0.7937612926012844
34.0 0.8520988888989736
35.0 0.8040234185019248
36.0 0.8494364281382646
37.0 0.8953354281745399
38.0 0.824656427993846
39.0 0.8706459066905882
40.0 0.9896420848094665
41.0 1.0919755169540764
42.0 1.0940533901262957
43.0 1.1622841177271197
44.0 1.2312399631179036
45.0 1.2401683506737557
46.0 1.2361274782903047
47.0 1.2372395913944232
48.0 1.154449967831781
49.0 1.1182143435349323
50.0 1.092372558192366
51.0 1.0937820528103488
52.0 1.0081324689264812
53.0 0.9262274805587611
54.0 0.893754366284721
55.0 0.8645222394538009
56.0 0.8308862991519107
57.0 0.798167652516422
58.0 0.8294021621279505
59.0 0.8175832411601952
60.0 0.9039282725279468
61.0 0.875470342159102
62.0 0.8808538409558175
63.0 0.9598494142885536
64.0 1.0507490664240844
65.0 1.0556761839839683
66.0 1.1448201001299376
67.0 1.1633140785985645
68.0 1.2210640780263815
69.0 1.2186192248378274
70.0 1.2057833107306661
71.0 1.1525710109017253
72.0 1.1319451237389577
73.0 1.0907642846957515
74.0 1.0082129058078908
75.0 1.0124349368099002
76.0 0.8667272403779225
77.0 0.8891380640686871
78.0 0.8420226632759928
79.0 0.8060197291447019
80.0 0.8008430644558018
81.0 0.8111359940944997
82.0 0.8260314664815771
83.0 0.8051709072794414
84.0 0.9179486422656724
85.0 0.8920428402819292
86.0 0.9734380768022682
87.0 1.0230883847400711
88.0 1.0472677886613606
89.0 1.147260373027814
90.0 1.1773079458682048
91.0 1.1407159724452105
92.0 1.1753653499781715
93.0 1.2061146514361727
94.0 1.1577717315421427
95.0 1.202986645534166
96.0 1.1189908353333975
97.0 1.07365628034391
98.0 0.992859354794897
99.0 0.9798056948034609
100.0 0.8943553164039272
101.0 0.8919658862731771
102.0 0.7924145466554791
103.0 0.760312170522623
104.0 0.804772839368641
105.0 0.8444487830694233
106.0 0.8251100822880927
107.0 0.8942247901207053
108.0 0.8878422081190942
109.0 1.0030482147014939
110.0 0.9855848114519045
111.0 1.054458452280179
112.0 1.0561148178852546
113.0 1.158804142902489
114.0 1.1798174772984638
115.0 1.2395344962005745
116.0 1.1996546185741608
117.0 1.2026866616540917
118.0 1.1398596296782657
119.0 1.1531591248978013
120.0 1.090415257563191
