Name Equatorial Polar BlueF GreenF RedF Parallax RadialVelocity Variable?
S062888 26.3674 103.6011 3.776e-18 3.989e-18 3.235e-18 0.0 89.71 0.0
S062889 26.3936 103.5967 1.101e-21 2.311e-21 7.865e-21 0.0 90.03 0.0
S062890 26.3678 103.5683 2.7939999999999996e-22 7.499e-22 4.256e-21 0.0 89.96 0.0
S062891 26.4084 103.6399 4.347000000000001e-25 1.975e-24 3.421e-23 0.0 89.43 0.0
S062892 26.3898 103.6045 1.499e-21 2.881e-21 8.334000000000001e-21 0.0 89.87 0.0
S062893 26.404 103.5778 4.91e-13 3.491e-13 1.259e-13 0.0 90.17 0.0
S062894 26.3345 103.6474 3.565e-19 4.518e-19 5.306e-19 0.0 89.33 0.0
S062895 26.3577 103.668 1.958e-16 1.93e-16 1.399e-16 0.0 89.13 0.0
S062896 26.3551 103.6493 6.286e-24 2.288e-23 2.322e-22 0.0 89.13 0.0
S062897 26.3929 103.6009 8.762e-22 1.979e-21 7.792e-21 0.0 89.98 0.0
S062898 26.376 103.6087 2.231e-21 4.724e-21 1.643e-20 0.0 89.52 1.0
S062899 26.3786 103.6083 2.188e-22 5.214e-22 2.263e-21 0.0 89.52 0.0
S062900 26.3638 103.6363 3.193e-22 6.968999999999999e-22 2.53e-21 0.0 89.17 0.0
S062901 26.4486 103.639 4.974e-21 9.585e-21 2.7100000000000003e-20 0.0 89.65 0.0
S062902 26.4141 103.5663 1.38e-18 1.607e-18 1.588e-18 0.0 90.22 0.0
S062903 26.4242 103.6454 1.566e-22 4.272e-22 2.453e-21 0.0 89.59 0.0
S062904 26.3866 103.6201 8.182e-23 2.0029999999999998e-22 9.29e-22 0.0 89.29 0.0
S062905 26.4367 103.5869 7.563e-19 9.343e-19 1.016e-18 0.0 89.94 0.0
S062906 26.3846 103.6009 1.655e-22 4.1829999999999996e-22 2.141e-21 0.0 90.05 0.0
S062907 26.3911 103.6043 3.284e-18 3.436e-18 2.673e-18 0.0 89.95 0.0
S062908 26.3839 103.6014 1.519e-17 1.415e-17 8.933e-18 0.0 90.02 0.0
S062909 26.4098 103.5436 2.555e-22 6.417e-22 3.071e-21 0.0 90.27 0.0
S062910 26.4044 103.5904 6.728e-19 8.528e-19 9.802e-19 0.0 90.06 0.0
S062911 26.3407 103.6416 1.616e-18 1.864e-18 1.798e-18 0.0 89.28 0.0
S062912 26.4069 103.541 3.638e-22 9.045999999999999e-22 4.362e-21 0.0 90.3 0.0
S062913 26.3683 103.6121 2.3130000000000003e-20 3.997e-20 9.192e-20 0.0 89.4 0.0
S062914 26.3831 103.6007 1.335e-23 4.318e-23 3.5309999999999997e-22 0.0 89.93 0.0
S062915 26.3914 103.6279 1.2199999999999999e-23 3.759e-23 2.8399999999999997e-22 0.0 89.42 0.0
S062916 26.3946 103.5991 2.636e-19 3.437e-19 4.399e-19 0.0 90.08 0.0
S062917 26.3877 103.6131 2.3110000000000002e-20 3.8060000000000004e-20 7.546000000000001e-20 0.0 89.58 0.0
S062918 26.4048 103.5273 6.236e-17 6.057e-17 4.037e-17 0.0 90.26 0.0
S062919 26.3907 103.5411 6.579999999999999e-23 1.8179999999999999e-22 1.101e-21 0.0 90.25 0.0
S062920 26.3759 103.6036 1.78e-19 2.473e-19 3.665e-19 0.0 89.79 0.0
S062921 26.3901 103.6237 1.106e-24 4.669e-24 6.911999999999999e-23 0.0 89.46 0.0
S062922 26.3795 103.5992 3.863e-21 7.909e-21 2.564e-20 0.0 89.84 0.0
S062923 26.3353 103.588 7.928999999999999e-23 2.207e-22 1.314e-21 0.0 89.71 0.0
S062924 26.3759 103.6171 1.766e-21 3.677e-21 1.23e-20 0.0 89.31 0.0
S062925 26.388 103.6085 8.881e-22 1.973e-21 7.52e-21 0.0 89.72 0.0
S062926 26.3828 103.6086 6.6270000000000004e-21 1.147e-20 2.6480000000000003e-20 0.0 89.19 0.0
S062927 26.3643 103.6253 1.967e-17 1.816e-17 1.121e-17 0.0 89.32 0.0
S062928 26.2892 103.6608 4.548e-21 8.451e-21 2.226e-20 0.0 89.33 0.0
S062929 26.3764 103.5998 1.2199999999999999e-23 3.587e-23 2.5e-22 0.0 89.9 0.0
S062930 26.3934 103.6169 3.554e-27 2.6800000000000004e-26 1.285e-24 0.0 89.46 0.0
S062931 26.351 103.6433 1.285e-18 1.444e-18 1.363e-18 0.0 89.22 0.0
S062932 26.3561 103.639 3.15e-24 1.113e-23 1.114e-22 0.0 89.24 0.0
S062933 26.3745 103.5464 2.697e-23 8.256e-23 6.15e-22 0.0 90.07 0.0
S062934 26.3894 103.6079 1.1539999999999999e-23 3.467e-23 2.481e-22 0.0 89.81 0.0
S062935 26.3886 103.6062 1.679e-21 3.506e-21 1.1860000000000001e-20 0.0 89.75 0.0
S062936 26.3758 103.6183 3.7359999999999995e-22 9.493999999999999e-22 4.621e-21 0.0 89.32 0.0
S062937 26.3523 103.6135 5.509e-23 1.577e-22 1.0090000000000001e-21 0.0 89.52 0.0
S062938 26.3062 103.6069 1.18e-21 2.489e-21 8.322e-21 0.0 89.56 0.0
S062939 26.3348 103.566 2.89e-18 3.063e-18 2.555e-18 0.0 89.82 0.0
S062940 26.3951 103.601 2.994e-20 5.0330000000000006e-20 1.055e-19 0.0 89.99 0.0
S062941 26.3677 103.6176 1.545e-21 3.113e-21 9.702e-21 0.0 89.48 0.0
S062942 26.373 103.6323 1.1780000000000001e-20 2.012e-20 4.2880000000000006e-20 0.0 89.24 0.0
S062943 26.4232 103.5226 2.426e-23 7.078e-23 4.668999999999999e-22 0.0 90.29 0.0
S062944 26.389 103.6179 1.727e-23 5.274e-23 3.9259999999999997e-22 0.0 89.51 0.0
S062945 26.3688 103.6088 2.599e-22 6.383e-22 2.946e-21 0.0 89.57 0.0
S062946 26.3915 103.5935 2.242e-23 6.677999999999999e-23 4.65e-22 0.0 90.0 0.0
S062947 26.3507 103.6086 2.748e-21 4.976e-21 1.2310000000000001e-20 0.0 89.55 0.0
S062948 26.358 103.6199 7.888000000000001e-20 1.163e-19 1.818e-19 0.0 89.44 0.0
S062949 26.4265 103.6543 2.597e-22 5.649999999999999e-22 2.093e-21 0.0 89.54 0.0
S062950 26.3671 103.6113 1.073e-20 1.881e-20 4.327e-20 0.0 89.49 0.0
S062951 26.4112 103.6435 6.252e-18 6.449e-18 5.09e-18 0.0 89.56 0.0
S062952 26.4179 103.7601 8.617e-21 1.46e-20 3.201e-20 0.0 89.35 0.0
S062953 26.3689 103.6082 2.556e-21 5.1420000000000004e-21 1.583e-20 0.0 89.63 0.0
S062954 26.3575 103.6443 8.525e-19 9.721e-19 9.37e-19 0.0 89.19 0.0
S062955 26.3782 103.693 3.884e-25 1.736e-24 2.875e-23 0.0 89.21 0.0
S062956 26.4342 103.5983 8.308e-20 1.292e-19 2.285e-19 0.0 89.85 0.0
S062957 26.3397 103.643 1.083e-22 2.651e-22 1.254e-21 0.0 89.26 0.0
S062958 26.4019 103.6346 1.371e-21 2.517e-21 6.298e-21 0.0 89.53 0.0
S062959 26.2642 103.8431 1.344e-22 3.5099999999999997e-22 1.831e-21 0.0 89.08 0.0
S062960 26.3637 103.5631 2.3139999999999998e-22 6.215999999999999e-22 3.3850000000000002e-21 0.0 89.94 0.0
S062961 26.4278 103.5577 2.5350000000000002e-21 5.037e-21 1.522e-20 0.0 90.16 0.0
S062962 26.3889 103.6388 3.699e-19 4.736e-19 5.617e-19 0.0 89.36 0.0
S062963 26.3624 103.6738 2.4400000000000004e-20 4.0410000000000004e-20 8.503000000000001e-20 0.0 89.11 0.0
S062964 26.3793 103.5841 1.377e-21 2.693e-21 7.64e-21 0.0 90.03 0.0
S062965 26.3655 103.6692 2.531e-21 4.945e-21 1.4550000000000002e-20 0.0 89.15 0.0
S062966 26.3928 103.6093 1.418e-23 4.3889999999999997e-23 3.2279999999999998e-22 0.0 89.75 0.0
S062967 26.3923 103.5713 4.491e-19 5.673e-19 6.893e-19 0.0 90.23 0.0
S062968 26.3473 103.626 1.107e-19 1.527e-19 2.123e-19 0.0 89.48 0.0
S062969 26.3719 103.6145 1.302e-18 1.488e-18 1.378e-18 0.0 89.31 0.0
S062970 26.4405 103.5231 1.1629999999999998e-22 3.422e-22 2.317e-21 0.0 90.26 0.0
S062971 26.3874 103.6089 1.586e-12 1.18e-12 4.671e-13 0.0 89.56 0.0
S062972 26.3057 103.5867 2.064e-21 3.985e-21 1.0930000000000001e-20 0.0 89.68 0.0
S062973 26.3806 103.5939 7.073e-21 1.3430000000000001e-20 3.5710000000000005e-20 0.0 89.91 0.0
S062974 26.4036 103.6046 9.873e-25 3.987e-24 5.361e-23 0.0 89.8 0.0
S062975 26.3676 103.5985 1.156e-16 9.84e-17 4.939e-17 0.0 89.73 0.0
S062976 26.3236 103.6221 2.608e-21 5.197e-21 1.584e-20 0.0 89.46 0.0
S062977 26.4404 103.5299 6.399e-22 1.456e-21 5.638e-21 0.0 90.24 0.0
S062978 26.3817 103.589 1.956e-23 5.758999999999999e-23 3.794e-22 0.0 90.09 0.0
S062979 26.3668 103.6128 3.9689999999999995e-23 1.136e-22 7.262e-22 0.0 89.51 0.0
S062980 26.4069 103.588 1.759e-20 3.007e-20 6.642e-20 0.0 90.05 0.0
S062981 26.3705 103.6177 6.814e-21 1.23e-20 2.9980000000000005e-20 0.0 89.45 0.0
S062982 26.3767 103.604 4.202e-20 6.634000000000001e-20 1.267e-19 0.001 89.76 0.0
S062983 26.3913 103.6045 4.416e-23 1.2039999999999998e-22 6.933e-22 0.0 89.91 0.0
S062984 26.3527 103.62 5.312e-21 9.222e-21 2.077e-20 0.0 89.46 0.0
S062985 26.3568 103.5946 4.5770000000000006e-26 2.538e-25 6.554e-24 0.0 89.73 0.0
S062986 26.392 103.6104 5.001e-23 1.4489999999999998e-22 9.778999999999998e-22 0.0 89.71 0.0
S062987 26.3915 103.6006 1.733e-18 2.014e-18 2.021e-18 0.0 90.01 0.0
S062988 26.3775 103.6182 3.9429999999999994e-22 9.673e-22 4.663e-21 0.0 89.33 0.0
S062989 26.3618 103.6142 1.7389999999999998e-22 4.26e-22 2.002e-21 0.001 89.43 0.0
S062990 26.3493 103.6127 3.317e-21 2.277e-21 7.839e-22 0.0 89.51 0.0
S062991 26.3834 103.6144 2.567e-18 2.759e-18 2.384e-18 0.0 89.4 0.0
S062992 26.4325 103.5745 8.036e-19 9.295e-19 9.154e-19 0.0 90.06 0.0
S062993 26.3755 103.613 5.691e-17 4.865e-17 2.478e-17 0.0 89.38 0.0
S062994 26.3896 103.6056 2.439e-23 6.991e-23 4.424e-22 0.0 89.81 0.0
S062995 26.357 103.6103 7.532e-23 2.0099999999999998e-22 1.095e-21 0.0 89.55 0.0
S062996 26.3715 103.6067 1.715e-18 1.91e-18 1.694e-18 0.0 89.45 0.0
S062997 26.3636 103.5323 9.258e-18 8.887e-18 6.07e-18 0.0 90.04 0.0
S062998 26.3535 103.5745 1.858e-21 3.66e-21 1.0620000000000001e-20 0.0 89.84 0.0
S062999 26.3782 103.6074 5.033e-21 9.675e-21 2.626e-20 0.0 89.64 0.0
S063000 26.3921 103.5698 1.651e-18 1.766e-18 1.472e-18 0.0 90.2 0.0
S063001 26.379 103.6051 3.481e-21 6.95e-21 2.0690000000000002e-20 0.0 89.87 0.0
S063002 26.4241 103.5263 8.022e-18 8.263e-18 6.333e-18 0.0 90.29 0.0
S063003 26.466 103.5739 2.509e-19 3.298e-19 4.185e-19 0.0 89.98 0.0
S063004 26.377 103.6034 1.0519999999999999e-22 2.9969999999999997e-22 1.906e-21 0.0 90.09 0.0
S063005 26.4247 103.5479 4.303e-22 1.0240000000000001e-21 4.383e-21 0.0 90.22 0.0
S063006 26.386 103.6254 2.343e-20 3.8810000000000005e-20 7.983e-20 0.0 89.36 0.0
S063007 26.4082 103.5456 4.298e-19 5.293e-19 5.833e-19 0.0 90.27 0.0
S063008 26.3501 103.6414 2.298e-23 6.607e-23 4.458999999999999e-22 0.0 89.19 0.0
S063009 26.4508 103.5751 6.351e-19 7.985e-19 9.047e-19 0.0 89.99 1.0
S063010 26.387 103.5935 2.6229999999999997e-23 7.234e-23 4.2159999999999998e-22 0.0 90.1 0.0
S063011 26.3924 103.6108 1.1220000000000001e-21 2.394e-21 8.233e-21 0.001 89.68 0.0
S063012 26.2629 103.6576 5.081e-25 2.42e-24 4.3239999999999997e-23 0.0 89.4 0.0
S063013 26.3485 103.6344 2.442e-23 7.162999999999999e-23 4.8949999999999995e-22 0.0 89.29 0.0
S063014 26.3716 103.6326 1.8830000000000002e-20 3.4260000000000005e-20 8.513000000000001e-20 0.0 89.22 0.0
S063015 26.4123 103.676 8.305e-18 8.055e-18 5.616e-18 0.0 89.42 0.0
S063016 26.3742 103.6114 1.993e-22 4.694e-22 2.054e-21 0.0 89.31 0.0
S063017 26.3889 103.6014 1.829e-19 2.544e-19 3.582e-19 0.0 90.02 0.0
S063018 26.395 103.5867 6.005e-18 6.348e-18 4.953e-18 0.0 90.07 0.0
S063019 26.4091 103.629 7.822e-16 6.179e-16 2.837e-16 0.0 89.59 1.0
S063020 26.3892 103.6289 2.608e-17 2.412e-17 1.494e-17 0.0 89.4 0.0
S063021 26.3437 103.788 1.7089999999999998e-22 3.615e-22 1.192e-21 0.0 89.09 0.0
S063022 26.3499 103.6112 3.41e-21 2.31e-21 7.687999999999999e-22 0.0 89.56 0.0
S063023 26.3835 103.4993 1.9849999999999999e-22 4.770999999999999e-22 2.201e-21 0.0 90.2 0.0
S063024 26.3912 103.6453 5.247e-24 1.666e-23 1.3859999999999998e-22 0.0 89.35 0.0
S063025 26.4189 103.5593 1.234e-17 1.143e-17 7.086e-18 0.001 90.19 0.0
S063026 26.3772 103.6031 1.819e-18 2.134e-18 2.148e-18 0.0 89.87 0.0
S063027 26.3763 103.6042 2.779e-19 3.421e-19 3.949e-19 0.0 89.37 0.0
S063028 26.2991 103.5753 1.299e-19 1.695e-19 2.085e-19 0.0 89.67 0.0
S063029 26.3088 103.6517 2.183e-22 5.127999999999999e-22 2.17e-21 0.0 89.4 0.0
S063030 26.3872 103.6299 2.726e-22 6.001999999999999e-22 2.301e-21 0.0 89.39 0.0
S063031 26.3768 103.6123 2.677e-18 2.933e-18 2.459e-18 0.0 89.49 0.0
S063032 26.3966 103.6226 1.151e-12 8.294e-13 3.108e-13 0.0 89.57 0.0
S063033 26.4494 103.754 7.025e-17 9.167e-17 1.124e-16 0.0 89.43 0.0
S063034 26.3814 103.6063 4.962e-20 7.623e-20 1.274e-19 0.0 89.49 0.0
S063035 26.3835 103.6275 2.355e-21 5.1890000000000004e-21 1.8520000000000002e-20 0.0 89.4 0.0
S063036 26.3811 103.6288 2.223e-17 1.996e-17 1.183e-17 0.0 89.34 0.0
S063037 26.3783 103.4593 1.071e-23 3.0949999999999996e-23 2.0389999999999997e-22 0.0 90.16 0.0
S063038 26.3661 103.5601 3.582e-19 4.716e-19 5.925e-19 0.0 90.02 0.0
S063039 26.377 103.6125 1.174e-18 1.368e-18 1.403e-18 0.0 89.46 0.0
S063040 26.4035 103.5748 3.608e-23 9.973999999999999e-23 5.838e-22 0.0 90.18 0.0
S063041 26.3752 103.6011 2.202e-23 6.428e-23 4.2189999999999995e-22 0.0 90.07 0.0
S063042 26.3558 103.6329 1.132e-27 9.867e-27 6.515e-25 0.0 89.24 0.0
S063043 26.3847 103.6211 6.171999999999999e-22 1.41e-21 5.554e-21 0.0 89.33 0.0
S063044 26.4333 103.5438 4.904e-25 2.344e-24 4.26e-23 0.0 90.21 0.0
S063045 26.4041 103.5827 1.864e-21 1.379e-21 5.5639999999999995e-22 0.0 90.13 0.0
S063046 26.3711 103.5257 5.103e-17 4.352e-17 2.296e-17 0.0 90.16 0.0
S063047 26.3681 103.6247 1.118e-21 2.41e-21 8.418e-21 0.0 89.3 0.0
S063048 26.3729 103.5694 1.9659999999999998e-22 5.181e-22 2.736e-21 0.0 90.1 0.0
S063049 26.2696 103.6929 2.811e-24 9.996e-24 9.773e-23 0.0 89.25 0.0
S063050 26.3933 103.595 2.264e-21 4.606e-21 1.4100000000000002e-20 0.0 89.97 0.0
S063051 26.3846 103.6157 6.390999999999999e-22 1.358e-21 4.477e-21 0.0 89.51 0.0
S063052 26.3771 103.6084 1.804e-19 2.389e-19 2.937e-19 0.0 89.54 0.0
S063053 26.386 103.5914 1.599e-21 3.255e-21 1.0260000000000001e-20 0.0 90.08 0.0
S063054 26.4443 103.5368 8.2490000000000005e-25 3.64e-24 5.933e-23 0.0 90.2 0.0
S063055 26.3953 103.5734 1.077e-22 2.613e-22 1.184e-21 0.0 90.18 0.0
S063056 26.3745 103.607 9.960000000000001e-20 1.441e-19 2.287e-19 0.0 89.52 0.0
S063057 26.425 103.624 1.819e-16 2.121e-16 2.054e-16 0.0 89.7 0.0
S063058 26.3898 103.5946 1.1629999999999998e-22 2.992e-22 1.561e-21 0.0 90.04 0.0
S063059 26.399 103.5743 8.629999999999999e-22 1.915e-21 7.135e-21 0.0 90.24 0.0
S063060 26.407 103.6502 6.53e-21 1.2310000000000001e-20 3.3010000000000005e-20 0.0 89.45 0.0
S063061 26.3805 103.6354 4.039e-22 9.377e-22 3.8580000000000004e-21 0.0 89.27 0.0
S063062 26.3781 103.6067 2.8810000000000004e-20 4.823e-20 9.845000000000001e-20 0.0 89.29 0.0
S063063 26.4164 103.5718 3.05e-22 7.161999999999999e-22 3.004e-21 0.0 90.09 0.0
S063064 26.3837 103.612 2.925e-19 3.787e-19 4.731e-19 0.0 89.43 0.0
S063065 26.3717 103.6236 1.879e-21 4.092e-21 1.488e-20 0.0 89.29 0.0
S063066 26.3622 103.5835 3.702e-21 7.31e-21 2.1230000000000003e-20 0.0 89.86 0.0
S063067 26.3901 103.6107 1.654e-26 1.054e-25 3.473e-24 0.0 89.64 0.0
S063068 26.3851 103.6206 3.828e-17 3.399e-17 1.977e-17 0.0 89.47 0.0
S063069 26.3756 103.586 2.604e-19 3.396e-19 4.226e-19 0.0 89.94 0.0
S063070 26.3668 103.6458 2.11e-21 4.4170000000000004e-21 1.442e-20 0.0 89.14 0.0
S063071 26.3532 103.6274 4.2289999999999996e-22 9.995999999999999e-22 4.23e-21 0.0 89.38 0.0
S063072 26.383 103.6464 8.858e-21 1.5270000000000002e-20 3.449e-20 0.0 89.27 0.0
S063073 26.3934 103.5793 1.204e-23 4.144e-23 3.7469999999999997e-22 0.0 90.17 0.0
S063074 26.3909 103.579 7.234e-24 2.3469999999999998e-23 2.0019999999999998e-22 0.0 90.13 0.0
S063075 26.3849 103.6027 1.06e-24 4.484e-24 6.491e-23 0.0 90.1 0.0
S063076 26.4394 103.5656 2.686e-17 2.315e-17 1.255e-17 0.0 90.08 0.0
S063077 26.3614 103.6291 6.48e-19 7.895e-19 8.531e-19 0.0 89.29 0.0
S063078 26.3852 103.6038 1.539e-18 1.72e-18 1.521e-18 0.0 89.97 0.0
S063079 26.3196 103.6433 3.036e-21 5.697e-21 1.457e-20 0.0 89.31 0.0
S063080 26.4424 103.5082 5.581e-17 9.647e-17 2.193e-16 0.0 90.22 0.0
S063081 26.3965 103.5956 3.306e-21 2.288e-21 7.8819999999999995e-22 0.0 90.01 0.0
S063082 26.3732 103.5903 2.591e-19 3.363e-19 4.102e-19 0.0 89.88 0.0
S063083 26.3989 103.6275 1.399e-16 1.397e-16 1.032e-16 0.0 89.55 0.0
S063084 26.3831 103.6352 6.308e-22 1.302e-21 4.153e-21 0.0 89.26 0.0
S063085 26.4436 103.6128 8.538e-24 2.862e-23 2.555e-22 0.0 89.78 0.0
S063086 26.3875 103.6084 1.992e-21 4.1190000000000004e-21 1.332e-20 0.0 90.08 0.0
S063087 26.431 103.6201 2.413e-18 2.492e-18 1.975e-18 0.0 89.74 0.0
S063088 26.3847 103.6082 9.005e-23 2.5559999999999996e-22 1.596e-21 0.0 89.45 0.0
S063089 26.3338 103.5954 7.22e-17 8.375e-17 8.538e-17 0.0 89.67 0.0
S063090 26.3282 103.5848 1.134e-19 1.642e-19 2.595e-19 0.0 89.72 0.0
S063091 26.3738 103.6252 4.732e-16 4.234e-16 2.408e-16 0.0 89.31 0.0
S063092 26.3653 103.6046 3.584e-23 9.292999999999999e-23 5.054999999999999e-22 0.0 89.64 0.0
S063093 26.3765 103.5785 4.086e-21 2.754e-21 9.075999999999999e-22 0.0 90.02 0.0
S063094 26.369 103.5968 1.7620000000000002e-20 3.1150000000000005e-20 6.926e-20 0.0 89.78 0.0
S063095 26.3786 103.6363 4.492e-24 1.531e-23 1.4539999999999999e-22 0.0 89.27 0.0
S063096 26.3777 103.6176 6.495e-21 1.1200000000000002e-20 2.56e-20 0.0 89.35 0.0
S063097 26.3231 103.5882 8.617e-22 1.974e-21 8.048000000000001e-21 0.0 89.68 0.0
S063098 26.3375 103.6141 1.2899999999999998e-22 3.2e-22 1.501e-21 0.0 89.53 0.0
S063099 26.3761 103.6044 2.406e-16 2.409e-16 1.699e-16 0.0 89.62 0.0
S063100 26.4136 103.5528 3.7580000000000004e-20 6.309000000000001e-20 1.35e-19 0.0 90.28 0.0
S063101 26.3812 103.5966 1.576e-20 2.732e-20 6.015000000000001e-20 0.0 90.1 0.0
S063102 26.4223 103.5926 7.861e-19 9.137e-19 9.049e-19 0.0 89.95 0.0
S063103 26.3702 103.6345 5.766e-13 3.916e-13 1.326e-13 0.0 89.23 0.0
S063104 26.3844 103.6287 2.335e-23 8.401e-23 8.767e-22 0.0 89.42 0.0
S063105 26.3939 103.6075 1.549e-18 1.796e-18 1.778e-18 0.001 89.9 0.0
S063106 26.3824 103.6055 6.521e-20 1.006e-19 1.806e-19 0.0 89.78 0.0
S063107 26.3911 103.7784 5.241e-24 1.8529999999999998e-23 1.9159999999999997e-22 0.0 89.23 0.0
S063108 26.4254 103.6123 8.116e-23 1.8869999999999998e-22 7.729999999999999e-22 0.0 89.75 0.0
S063109 26.3885 103.6114 2.451e-18 2.665e-18 2.207e-18 0.0 89.66 0.0
S063110 26.377 103.6043 1.572e-21 3.33e-21 1.137e-20 0.0 89.78 0.0
S063111 26.3796 103.608 3.449e-21 2.385e-21 8.006999999999999e-22 0.0 89.64 0.0
S063112 26.3855 103.6284 2.8920000000000002e-21 5.3080000000000004e-21 1.3850000000000002e-20 0.0 89.37 0.0
S063113 26.4232 103.5994 1.863e-19 2.507e-19 3.478e-19 0.0 89.85 0.0
S063114 26.388 103.6735 8.131e-24 2.9259999999999996e-23 2.984e-22 0.0 89.28 0.0
S063115 26.3796 103.6711 3.353e-23 1.0119999999999999e-22 7.405999999999999e-22 0.0 89.22 0.0
S063116 26.3803 103.6042 8.397e-21 1.5930000000000002e-20 4.3460000000000003e-20 0.0 89.97 0.0
S063117 26.3938 103.6253 5.3440000000000004e-21 1.066e-20 3.242e-20 0.0 89.52 0.0
S063118 26.3418 103.5574 7.335e-20 1.127e-19 1.963e-19 0.0 89.82 0.0
S063119 26.4247 103.5994 2.852e-21 5.608e-21 1.626e-20 0.0 89.85 0.0
S063120 26.3947 103.5976 1.565e-23 4.706e-23 3.222e-22 0.0 89.98 0.0
S063121 26.4056 103.5251 3.38e-18 3.729e-18 3.146e-18 0.0 90.3 0.0
S063122 26.396 103.5805 1.286e-12 1.217e-12 7.805e-13 0.0 90.2 1.0
S063123 26.3983 103.6329 6.352e-21 1.2450000000000001e-20 3.437e-20 0.0 89.49 0.0
S063124 26.3752 103.5793 3.519e-23 1.077e-22 8.055999999999999e-22 0.0 89.98 0.0
S063125 26.3801 103.6144 2.3690000000000002e-21 4.937e-21 1.5920000000000002e-20 0.0 89.31 1.0
S063126 26.416 103.4753 7.11e-18 7.118e-18 5.124e-18 0.0 90.33 0.0
S063127 26.3792 103.6212 8.549e-23 2.339e-22 1.3240000000000001e-21 0.0 89.4 0.0
S063128 26.4625 103.5849 7.2e-23 1.7199999999999998e-22 7.794e-22 0.0 89.93 0.0
S063129 26.3904 103.6232 1.553e-19 2.103e-19 2.866e-19 0.0 89.42 0.0
S063130 26.3651 103.5766 1.501e-21 3.0820000000000002e-21 9.686e-21 0.0 89.98 0.0
S063131 26.3213 103.6693 1.635e-20 2.752e-20 5.847e-20 0.0 89.21 0.0
S063132 26.3797 103.6081 6.194e-18 6.151e-18 4.347e-18 0.0 89.47 0.0
S063133 26.3556 103.6365 1.6839999999999998e-22 4.424e-22 2.396e-21 0.0 89.28 0.0
S063134 26.3926 103.6076 8.903e-22 1.987e-21 7.575e-21 0.0 89.79 0.0
S063135 26.3844 103.5965 3.726e-21 6.947e-21 1.804e-20 0.0 90.09 0.0
S063136 26.3902 103.5867 9.736e-22 1.967e-21 6.284e-21 0.0 90.11 0.0
S063137 26.4028 103.5976 5.513e-21 9.49e-21 2.15e-20 0.0 89.91 0.0
S063138 26.4362 103.6658 2.533e-24 8.41e-24 7.417e-23 0.0 89.54 0.0
S063139 26.4465 103.5635 1.69e-21 3.578e-21 1.2050000000000001e-20 0.0 90.12 0.0
S063140 26.3543 103.6589 2.5709999999999996e-22 6.644999999999999e-22 3.3380000000000002e-21 0.0 89.15 0.0
S063141 26.3835 103.607 6.486e-24 2.172e-23 1.971e-22 0.0 89.57 0.0
S063142 26.3799 103.6053 3.524e-21 6.827e-21 1.9270000000000002e-20 0.0 89.7 0.0
S063143 26.3435 103.6842 3.8099999999999996e-23 1.1709999999999998e-22 8.376999999999999e-22 0.0 89.13 0.0
S063144 26.4093 103.6561 9.846e-23 2.509e-22 1.251e-21 0.0 89.41 0.0
S063145 26.3818 103.6245 1.114e-23 3.549e-23 2.851e-22 0.0 89.41 0.0
S063146 26.3768 103.5938 9.945e-21 1.6650000000000002e-20 3.4680000000000004e-20 0.0 89.86 0.0
S063147 26.3479 103.6478 1.761e-24 6.296e-24 6.356999999999999e-23 0.0 89.21 0.0
S063148 26.4562 103.629 3.998e-23 1.0279999999999999e-22 5.352999999999999e-22 0.0 89.75 0.0
S063149 26.4102 103.649 1.3230000000000001e-20 2.3850000000000003e-20 5.695e-20 0.0 89.49 0.0
S063150 26.3994 103.5251 9.464e-19 1.111e-18 1.136e-18 0.0 90.26 0.0
S063151 26.3848 103.6283 8.866e-23 2.547e-22 1.647e-21 0.0 89.41 0.0
S063152 26.3502 103.6472 8.413e-23 2.411e-22 1.561e-21 0.0 89.19 0.0
S063153 26.3864 103.6074 2.458e-19 3.413e-19 4.741e-19 0.0 89.96 0.0
S063154 26.3932 103.5858 4.5380000000000004e-20 7.074000000000001e-20 1.237e-19 0.0 90.15 1.0
S063155 26.3984 103.6347 5.014e-18 4.872e-18 3.414e-18 0.0 89.47 0.0
S063156 26.3709 103.5952 4.5420000000000007e-20 6.867e-20 1.186e-19 0.0 89.79 0.0
S063157 26.3818 103.6063 6.596e-19 7.994e-19 8.781e-19 0.0 89.7 0.0
S063158 26.3903 103.5756 2.5879999999999997e-22 6.399e-22 2.928e-21 0.0 90.21 0.0
S063159 26.3689 103.6264 7.203000000000001e-20 1.018e-19 1.53e-19 0.0 89.27 0.0
S063160 26.4507 103.4922 1.577e-17 1.444e-17 9.169e-18 0.0 90.26 0.0
S063161 26.3813 103.6071 4.524e-19 5.687e-19 6.576e-19 0.0 89.68 0.0
S063162 26.4191 103.6202 2.097e-19 2.835e-19 3.897e-19 0.0 89.72 0.0
S063163 26.3719 103.5881 2.9100000000000002e-21 5.375e-21 1.3610000000000002e-20 0.0 89.89 0.0
S063164 26.4379 103.5441 3.259e-20 5.092e-20 9.279000000000001e-20 0.0 90.21 0.0
S063165 26.3807 103.6062 2.292e-19 3.055e-19 3.848e-19 0.0 89.63 0.0
S063166 26.3523 103.5285 1.134e-18 1.31e-18 1.219e-18 0.0 90.02 0.0
S063167 26.3816 103.637 3.585e-19 4.555e-19 5.482e-19 0.0 89.41 0.0
S063168 26.3783 103.6138 3.1739999999999996e-22 7.453e-22 3.279e-21 0.0 89.4 0.0
S063169 26.4242 103.591 1.774e-19 2.306e-19 2.881e-19 0.0 89.92 0.0
S063170 26.3555 103.4266 1.9049999999999997e-22 4.458e-22 1.889e-21 0.0 90.17 0.0
S063171 26.376 103.6502 1.201e-21 2.472e-21 7.944e-21 0.0 89.21 0.0
S063172 26.4658 103.5371 8.036e-21 1.397e-20 3.2460000000000005e-20 0.0 90.11 0.0
S063173 26.4114 103.5076 7.075e-24 2.2479999999999998e-23 1.811e-22 0.0 90.3 0.0
S063174 26.4016 103.5501 8.377e-19 1.006e-18 1.023e-18 0.0 90.32 0.0
S063175 26.3941 103.4733 8.991e-22 1.965e-21 7.356e-21 0.0 90.26 0.0
S063176 26.3837 103.6308 1.317e-23 3.955e-23 2.9069999999999997e-22 0.0 89.41 0.0
S063177 26.3602 103.585 1.5510000000000002e-20 2.612e-20 5.538e-20 0.0 89.84 0.0
S063178 26.3761 103.6189 1.95e-19 2.68e-19 3.756e-19 0.0 89.32 0.0
S063179 26.3732 103.6393 8.461e-23 2.1039999999999999e-22 1.03e-21 0.0 89.18 0.0
S063180 26.4426 103.4797 1.619e-18 1.855e-18 1.791e-18 0.0 90.34 0.0
S063181 26.3567 103.6832 3.9769999999999997e-22 1.025e-21 5.25e-21 0.0 89.12 0.0
S063182 26.3631 103.5698 1.331e-21 2.918e-21 1.037e-20 0.0 89.93 0.0
S063183 26.385 103.6271 4.443e-22 9.581999999999999e-22 3.349e-21 0.0 89.36 0.0
S063184 26.3636 103.6526 7.949e-17 6.487e-17 3.045e-17 0.0 89.14 0.0
S063185 26.3422 103.6149 6.042e-16 4.928e-16 2.427e-16 0.0 89.51 0.0
S063186 26.426 103.4969 8.024e-17 6.835e-17 3.672e-17 0.0 90.29 0.0
S063187 26.3986 103.5614 2.719e-21 1.928e-21 6.959999999999999e-22 0.0 90.26 0.0
S063188 26.3396 103.6278 3.586e-21 2.453e-21 8.404e-22 0.0 89.46 0.0
S063189 26.375 103.6123 9.551e-18 9.498e-18 6.628e-18 0.0 89.51 0.0
S063190 26.3971 103.6037 3.089e-21 6.266e-21 1.9830000000000002e-20 0.0 89.93 0.0
S063191 26.2713 103.7202 2.051e-16 2.017e-16 1.457e-16 0.0 89.23 0.0
S063192 26.4001 103.5931 1.642e-12 1.24e-12 5.174e-13 0.0 89.99 1.0
S063193 26.3869 103.6001 2.109e-21 4.648e-21 1.7200000000000002e-20 0.0 90.1 0.0
S063194 26.3519 103.6353 6.653e-23 1.8179999999999999e-22 1.1070000000000001e-21 0.0 89.3 0.0
S063195 26.3753 103.6142 3.898e-26 2.389e-25 7.72e-24 0.0 89.48 0.0
S063196 26.3699 103.6138 3.809e-21 2.614e-21 8.725e-22 0.0 89.31 0.0
S063197 26.3947 103.6119 9.233e-24 3.0139999999999996e-23 2.5499999999999996e-22 0.0 89.7 0.0
S063198 26.3524 103.6273 1.211e-17 1.14e-17 7.304e-18 0.0 89.33 0.0
S063199 26.3693 103.6147 4.767e-21 8.822e-21 2.225e-20 0.0 89.41 0.0
S063200 26.4114 103.5953 3.128e-18 3.294e-18 2.704e-18 0.0 89.99 0.0
S063201 26.4244 103.5773 4.18e-22 9.45e-22 3.747e-21 0.0 90.05 0.0
S063202 26.2509 103.6085 1.474e-19 2.085e-19 3.161e-19 0.0 89.58 0.0
S063203 26.3684 103.5635 4.1940000000000003e-20 6.715e-20 1.249e-19 0.0 90.02 0.0
S063204 26.3419 103.6368 2.8839999999999996e-22 7.425e-22 3.914e-21 0.0 89.3 0.0
S063205 26.3414 103.6088 2.663e-21 5.449e-21 1.6750000000000002e-20 0.0 89.57 0.0
S063206 26.3811 103.5772 1.853e-18 1.988e-18 1.661e-18 0.0 90.12 0.0
S063207 26.4134 103.5528 5.523e-21 1.0530000000000001e-20 2.994e-20 0.0 90.28 0.0
S063208 26.3896 103.6027 4.183e-24 1.3379999999999998e-23 1.0929999999999998e-22 0.001 90.04 0.0
S063209 26.3676 103.6132 2.625e-21 5.321e-21 1.6170000000000002e-20 0.0 89.46 0.0
S063210 26.3706 103.6104 1.07e-19 1.535e-19 2.232e-19 0.0 89.5 0.0
S063211 26.3873 103.5663 2.212e-20 3.671e-20 7.342e-20 0.0 90.19 0.0
S063212 26.3868 103.6013 2.865e-20 4.5520000000000004e-20 8.817000000000001e-20 0.0 89.94 0.0
S063213 26.4865 103.5375 1.3960000000000002e-20 2.2820000000000003e-20 4.6200000000000005e-20 0.0 90.07 0.0
S063214 26.4144 103.641 3.434e-23 1.1519999999999998e-22 1.047e-21 0.0 89.55 0.0
S063215 26.3526 103.6432 2.701e-25 1.379e-24 2.9909999999999996e-23 0.0 89.16 0.0
S063216 26.3967 103.6461 4.338e-19 5.654e-19 7.165e-19 0.0 89.42 0.0
S063217 26.4105 103.6194 1.9669999999999998e-23 6.349e-23 5.431e-22 0.0 89.7 0.0
S063218 26.3712 103.6115 2.574e-23 8.213e-23 6.577e-22 0.0 89.54 0.0
S063219 26.378 103.6083 2.376e-19 3.143e-19 4.158e-19 0.0 89.32 0.0
S063220 26.3248 103.7153 7.035e-24 2.419e-23 2.256e-22 0.0 89.14 0.0
S063221 26.3811 103.6078 1.806e-17 1.572e-17 8.706e-18 0.0 89.17 0.0
S063222 26.3392 103.6294 4.285e-20 6.947e-20 1.344e-19 0.0 89.4 0.0
S063223 26.3867 103.6019 3.1589999999999996e-22 7.1979999999999995e-22 2.863e-21 0.0 90.03 0.0
S063224 26.416 103.5881 8.439e-18 8.112e-18 5.3e-18 0.0 89.99 0.0
S063225 26.3777 103.6049 1.7899999999999997e-22 3.919e-22 1.467e-21 0.0 89.61 0.0
S063226 26.3752 103.6146 2.483e-19 3.327e-19 4.404e-19 0.0 89.5 0.0
S063227 26.392 103.5409 4.101e-21 7.322e-21 1.784e-20 0.0 90.18 0.0
S063228 26.3968 103.6116 1.519e-18 1.705e-18 1.549e-18 0.0 89.73 0.0
S063229 26.3956 103.5578 3.215e-16 2.53e-16 1.123e-16 0.0 90.26 1.0
S063230 26.4448 103.6626 6.322e-18 6.39e-18 4.851e-18 0.0 89.59 0.0
S063231 26.3896 103.6123 2.1939999999999997e-22 5.4749999999999995e-22 2.659e-21 0.0 89.64 0.0
S063232 26.3866 103.6146 6.011e-18 5.885e-18 4.165e-18 0.0 89.45 0.0
S063233 26.4155 103.6164 1.791e-19 2.401e-19 3.085e-19 0.0 89.73 0.0
S063234 26.3375 103.7362 2.952e-16 3.098e-16 2.511e-16 0.0 89.06 0.0
S063235 26.3654 103.6097 3.7390000000000004e-21 7.463e-21 2.181e-20 0.0 89.56 0.0
S063236 26.3733 103.6097 7.422e-18 7.262e-18 5.162e-18 0.0 89.51 0.0
S063237 26.4342 103.5873 1.442e-21 2.623e-21 6.829e-21 0.0 89.94 0.0
S063238 26.356 103.5925 4.004e-18 4.742e-18 5.049e-18 0.0 89.75 0.0
S063239 26.3905 103.6214 6.092e-16 5.198e-16 2.689e-16 0.0 89.51 0.0
S063240 26.3512 103.7318 5.622000000000001e-20 8.72e-20 1.495e-19 0.0 89.1 0.0
S063241 26.3938 103.6071 1.1409999999999998e-22 2.777e-22 1.287e-21 0.0 89.93 0.0
S063242 26.3961 103.5646 2.731e-18 2.929e-18 2.512e-18 0.0 90.25 0.0
S063243 26.3386 103.6276 2.053e-21 4.219e-21 1.3120000000000001e-20 0.0 89.35 0.0
S063244 26.3971 103.6304 9.318e-21 1.732e-20 4.3380000000000004e-20 0.0 89.45 0.0
S063245 26.4072 103.6057 7.741000000000001e-20 1.147e-19 1.865e-19 0.0 89.8 0.0
S063246 26.3857 103.5966 9.008e-19 1.019e-18 9.262e-19 0.0 89.97 0.0
S063247 26.4241 103.5489 1.492e-26 9.979000000000001e-26 3.696e-24 0.0 90.26 0.0
S063248 26.3908 103.6156 1.045e-21 2.322e-21 8.811e-21 0.0 89.57 0.0
S063249 26.4016 103.5942 2.272e-21 1.637e-21 6.178e-22 0.0 89.92 0.0
S063250 26.4149 103.6245 7.486999999999999e-23 1.912e-22 9.707e-22 0.0 89.64 0.0
S063251 26.3953 103.5799 4.784e-19 5.949e-19 6.522e-19 0.0 90.09 0.0
S063252 26.3656 103.6027 1.587e-16 1.264e-16 5.632e-17 0.0 89.66 1.0
S063253 26.4212 103.5953 3.186e-19 4.127e-19 5.154e-19 0.0 90.2 0.0
S063254 26.3678 103.6523 4.349e-17 3.771e-17 2.01e-17 0.0 89.22 0.0
S063255 26.395 103.5963 4.0120000000000005e-20 6.454000000000001e-20 1.243e-19 0.0 90.05 0.0
S063256 26.3833 103.6353 5.892e-17 5.019e-17 2.597e-17 0.0 89.23 0.0
S063257 26.3837 103.5862 1.597e-20 2.702e-20 5.7e-20 0.0 90.04 0.0
S063258 26.3973 103.6139 1.071e-19 1.434e-19 1.895e-19 0.0 89.64 0.0
S063259 26.3705 103.623 4.367e-21 8.612e-21 2.5370000000000003e-20 0.0 89.32 0.0
S063260 26.3823 103.6337 2.814e-21 5.438e-21 1.531e-20 0.0 89.26 0.0
S063261 26.396 103.5922 3.55e-21 2.4340000000000002e-21 8.154999999999999e-22 0.0 89.97 0.0
S063262 26.4056 103.5946 3.555e-16 2.664e-16 1.088e-16 0.0 90.12 0.0
S063263 26.3594 103.5928 1.109e-16 1.016e-16 5.939e-17 0.0 89.76 0.0
S063264 26.3797 103.6117 7.11e-22 1.592e-21 6.3180000000000004e-21 0.0 89.56 0.0
S063265 26.3737 103.6115 6.747000000000001e-20 1.023e-19 1.762e-19 0.0 89.51 0.0
S063266 26.3908 103.6225 2.369e-16 2.418e-16 1.803e-16 0.0 89.49 0.0
S063267 26.3856 103.6299 2.7429999999999996e-22 6.882999999999999e-22 3.421e-21 0.0 89.42 0.0
S063268 26.3946 103.6129 3.297e-20 5.2600000000000007e-20 9.957e-20 0.0 89.56 0.0
S063269 26.4072 103.6311 7.417e-23 1.9219999999999999e-22 1.026e-21 0.0 89.47 0.0
S063270 26.3543 103.6168 3.0530000000000005e-20 4.9240000000000005e-20 9.675000000000001e-20 0.0 89.43 0.0
S063271 26.4105 103.5792 3.2130000000000002e-21 2.2260000000000002e-21 7.789999999999999e-22 0.0 90.24 0.0
S063272 26.377 103.6373 9.319e-18 8.973e-18 6.055e-18 0.0 89.32 0.0
S063273 26.406 103.6411 8.721e-17 7.004e-17 3.318e-17 0.0 89.28 0.0
S063274 26.4052 103.6073 8.133e-17 7.032e-17 3.649e-17 0.0 90.12 0.0
S063275 26.429 103.6073 4.1090000000000005e-20 6.264e-20 1.073e-19 0.0 89.93 0.0
S063276 26.3643 103.6212 1.428e-20 2.3610000000000003e-20 4.6220000000000003e-20 0.0 89.35 0.0
S063277 26.3917 103.6211 6.357e-20 9.176e-20 1.402e-19 0.0 89.3 0.0
S063278 26.3813 103.5906 9.164999999999999e-23 2.731e-22 1.927e-21 0.0 89.99 0.0
S063279 26.359 103.5957 1.777e-17 1.68e-17 1.066e-17 0.0 89.73 0.0
S063280 26.3815 103.5906 1.362e-17 1.248e-17 7.651e-18 0.0 89.96 0.0
S063281 26.4044 103.6137 4.5730000000000004e-20 7.255e-20 1.365e-19 0.0 89.77 0.0
S063282 26.3679 103.6104 1.578e-16 1.728e-16 1.5e-16 0.0 89.57 0.0
S063283 26.3776 103.6101 7.382e-23 2.0649999999999997e-22 1.237e-21 0.0 89.48 0.0
S063284 26.3674 103.6353 5.699e-23 1.4299999999999998e-22 6.749999999999999e-22 0.0 89.19 0.0
S063285 26.3757 103.6501 1.68e-25 8.592e-25 1.877e-23 0.0 89.18 0.0
S063286 26.38 103.5789 2.762e-21 5.895e-21 2.08e-20 0.0 90.04 0.0
S063287 26.3864 103.5835 9.175e-19 1.053e-18 1.016e-18 0.0 90.11 0.0
S063288 26.3932 103.6102 6.234e-18 6.479e-18 5.063e-18 0.0 89.71 0.0
S063289 26.387 103.6469 6.198e-17 6.158e-17 4.35e-17 0.0 89.14 0.0
S063290 26.4303 103.6538 3.094e-19 3.876e-19 4.589e-19 0.0 89.47 0.0
S063291 26.3849 103.6131 2.126e-16 2.361e-16 2.079e-16 0.0 89.6 0.0
S063292 26.3932 103.6661 1.228e-18 1.375e-18 1.294e-18 0.0 89.17 0.0
S063293 26.3853 103.6121 2.723e-16 2.122e-16 8.998e-17 0.0 89.61 1.0
S063294 26.4139 103.6221 1.497e-20 2.5450000000000002e-20 5.579e-20 0.0 89.64 0.0
S063295 26.389 103.5926 3.902e-19 4.807e-19 5.211e-19 0.0 90.13 0.0
S063296 26.4064 103.5943 7.617e-19 9.357e-19 1.071e-18 0.0 90.17 0.0
S063297 26.3811 103.5855 3.942e-24 1.498e-23 1.804e-22 0.0 90.05 0.0
S063298 26.3622 103.6345 4.48e-18 4.745e-18 3.862e-18 0.0 89.2 0.0
S063299 26.38 103.586 9.956e-18 9.64e-18 6.633e-18 0.0 89.93 0.0
S063300 26.3479 103.6205 2.499e-21 1.788e-21 6.413e-22 0.0 89.25 0.0
S063301 26.3941 103.6067 1.233e-16 9.357e-17 3.988e-17 0.0 89.8 1.0
S063302 26.3989 103.6063 4.832e-17 4.224e-17 2.418e-17 0.0 89.82 0.0
S063303 26.3615 103.6364 1.8229999999999998e-24 6.849e-24 7.818999999999999e-23 0.0 89.18 0.0
S063304 26.3781 103.5748 9.21e-17 7.317e-17 3.37e-17 0.0 90.11 0.0
S063305 26.3419 103.6177 1.097e-16 8.869e-17 4.382e-17 0.0 89.23 0.0
S063306 26.3647 103.6335 3.761e-17 3.273e-17 1.802e-17 0.0 89.19 0.0
S063307 26.3838 103.6179 2.82e-18 2.961e-18 2.334e-18 0.0 89.51 0.0
S063308 26.3817 103.599 4.209e-17 3.687e-17 2.028e-17 0.0 90.06 0.0
S063309 26.3431 103.6245 3.975e-17 4.639e-17 4.536e-17 0.0 89.39 0.0
S063310 26.3898 103.6213 3.257e-23 8.737e-23 4.971e-22 0.0 89.36 0.0
S063311 26.3772 103.6365 4.187e-14 2.755e-14 8.514e-15 0.0 89.28 0.0
S063312 26.3989 103.6141 2.342e-21 4.818e-21 1.5580000000000002e-20 0.0 89.73 0.0
S063313 26.3896 103.5703 3.783e-21 2.569e-21 8.695e-22 0.0 90.21 0.0
S063314 26.3851 103.6447 4.296e-16 3.105e-16 1.156e-16 0.0 89.25 0.0
S063315 26.3971 103.618 2.511e-19 3.177e-19 3.8e-19 0.0 89.58 0.0
S063316 26.3525 103.5954 3.37e-18 3.486e-18 2.722e-18 0.0 89.68 0.0
S063317 26.3539 103.5856 1.136e-17 1.121e-17 7.741e-18 0.0 90.16 0.0
S063318 26.3738 103.608 1.203e-19 1.732e-19 2.626e-19 0.0 89.57 0.0
S063319 26.37 103.5667 6.004e-17 5.462e-17 3.116e-17 0.0 90.13 0.0
S063320 26.3803 103.6103 3.157e-17 2.976e-17 1.961e-17 0.0 89.62 0.0
S063321 26.4065 103.5705 4.167e-17 3.769e-17 2.199e-17 0.0 90.26 1.0
S063322 26.4057 103.6207 2.5189999999999996e-22 5.096999999999999e-22 1.5320000000000001e-21 0.0 89.62 0.0
S063323 26.3911 103.6091 3.624e-21 7.336000000000001e-21 2.1890000000000003e-20 0.0 89.71 0.0
S063324 26.3976 103.6035 3.388e-17 3.018e-17 1.773e-17 0.0 89.9 0.0
S063325 26.3903 103.6328 2.306e-19 3.018e-19 3.793e-19 0.0 89.34 0.0
S063326 26.36 103.6143 1.6e-16 3.045e-16 8.414e-16 0.0 89.34 0.0
S063327 26.3831 103.5978 1.8170000000000002e-20 2.975e-20 5.774000000000001e-20 0.0 89.87 0.0
S063328 26.333 103.6013 1.61e-18 1.844e-18 1.798e-18 0.0 89.23 0.0
S063329 26.377 103.5828 2.608e-19 3.592e-19 4.967e-19 0.0 90.0 0.0
S063330 26.4153 103.5729 2.998e-19 3.617e-19 4.012e-19 0.0 90.18 0.0
S063331 26.3841 103.6292 2.41e-21 4.907e-21 1.5060000000000002e-20 0.0 89.33 0.0
S063332 26.3943 103.6063 3.826e-18 4.121e-18 3.482e-18 0.0 89.8 0.0
S063333 26.413 103.6003 8.093e-17 9.652e-17 1.011e-16 0.0 90.04 0.0
S063334 26.3905 103.5783 1.838e-21 3.481e-21 9.648e-21 0.0 90.18 0.0
S063335 26.3907 103.6135 1.844e-17 1.657e-17 9.775e-18 0.0 89.3 0.0
S063336 26.3646 103.6061 7.776e-17 6.603e-17 3.514e-17 0.0 89.38 0.0
S063337 26.3952 103.566 3.879e-23 1.0849999999999998e-22 6.528999999999999e-22 0.0 90.2 0.0
S063338 26.3808 103.5776 9.433e-19 1.079e-18 1.035e-18 0.0 90.19 0.0
S063339 26.3826 103.6321 1.761e-18 1.972e-18 1.76e-18 0.0 89.29 0.0
S063340 26.3572 103.606 3.799e-16 2.762e-16 1.047e-16 0.0 89.59 0.0
S063341 26.3949 103.5692 6.427e-18 6.643e-18 4.982e-18 0.0 90.18 1.0
S063342 26.3537 103.6035 2.4100000000000003e-20 3.7570000000000005e-20 7.111000000000001e-20 0.0 89.52 0.0
S063343 26.3544 103.6079 1.224e-18 1.466e-18 1.532e-18 0.0 89.53 0.0
S063344 26.4243 103.6178 6.123e-14 9.602e-14 1.701e-13 0.0 89.76 0.0
S063345 26.4124 103.5749 4.822e-19 6.375e-19 8.302e-19 0.0 90.18 0.0
S063346 26.374 103.6122 2.7080000000000002e-20 4.3380000000000004e-20 8.333000000000001e-20 0.0 89.57 0.0
S063347 26.4238 103.6041 5.803e-23 1.5979999999999998e-22 9.690999999999998e-22 0.0 89.88 0.0
S063348 26.4003 103.5729 4.143e-19 5.111e-19 5.582e-19 0.0 90.25 0.0
S063349 26.3791 103.6453 8.051e-18 7.952e-18 5.729e-18 0.0 89.26 0.0
S063350 26.367 103.5994 1.485e-16 1.222e-16 6.022e-17 0.0 90.04 0.0
S063351 26.3612 103.5989 7.034e-19 8.264e-19 8.65e-19 0.0 89.71 0.0
S063352 26.3705 103.6387 5.011999999999999e-22 1.159e-21 4.664e-21 0.0 89.16 0.0
S063353 26.391 103.6373 1.031e-16 8.26e-17 3.916e-17 0.0 89.29 0.0
S063354 26.3875 103.5609 6.184e-17 5.285e-17 2.733e-17 0.0 90.19 0.0
S063355 26.3692 103.6124 1.484e-18 1.686e-18 1.586e-18 0.0 89.52 0.0
S063356 26.3817 103.5788 8.516e-20 1.157e-19 1.579e-19 0.0 90.18 0.0
S063357 26.3886 103.609 3.682e-19 4.667e-19 5.324e-19 0.0 89.71 0.0
S063358 26.3861 103.6086 2.043e-21 1.48e-21 5.626e-22 0.0 89.67 0.0
S063359 26.3753 103.5825 4.223e-18 4.626e-18 4.037e-18 0.0 90.13 0.0
S063360 26.3663 103.5633 1.408e-20 2.4370000000000003e-20 5.432000000000001e-20 0.0 90.16 0.0
S063361 26.3991 103.5941 3.2089999999999996e-23 9.156999999999999e-23 5.762e-22 0.0 90.08 0.0
S063362 26.3735 103.6013 5.793e-16 4.832e-16 2.482e-16 0.0 89.87 0.0
S063363 26.3902 103.5521 3.025e-21 6.158e-21 1.9090000000000003e-20 0.0 90.29 0.0
S063364 26.3804 103.6047 1.635e-17 1.458e-17 8.67e-18 0.0 89.72 0.0
S063365 26.3816 103.5985 9.359e-18 9.444e-18 6.868e-18 0.0 90.1 0.0
S063366 26.391 103.5623 4.6220000000000003e-20 7.176e-20 1.336e-19 0.0 90.27 0.0
S063367 26.3914 103.6197 8.072999999999999e-23 1.841e-22 7.3469999999999995e-22 0.0 89.54 0.0
S063368 26.3869 103.5724 3.7980000000000004e-21 2.557e-21 8.462e-22 0.001 90.24 0.0
S063369 26.3495 103.6018 1.098e-19 1.571e-19 2.419e-19 0.0 89.6 0.0
S063370 26.3789 103.5957 1.9179999999999998e-22 4.414e-22 1.841e-21 0.0 89.86 0.0
S063371 26.4151 103.6085 4.4989999999999996e-23 1.2529999999999998e-22 7.422e-22 0.0 89.8 0.0
S063372 26.3981 103.6366 6.400000000000001e-20 9.437000000000001e-20 1.572e-19 0.0 89.44 0.0
S063373 26.3641 103.5969 5.668e-17 5.396e-17 3.55e-17 0.0 89.74 0.0
S063374 26.3715 103.602 1.701e-19 2.365e-19 3.313e-19 0.0 89.71 0.0
S063375 26.391 103.6186 8.99e-18 8.856e-18 6.01e-18 0.0 89.63 0.0
S063376 26.3378 103.5845 1.532e-18 1.892e-18 2.098e-18 0.0 89.86 0.0
S063377 26.3956 103.5975 1.458e-22 3.6109999999999996e-22 1.7150000000000002e-21 0.0 90.01 0.0
S063378 26.3388 103.596 2.1929999999999996e-22 5.604999999999999e-22 2.869e-21 0.0 89.58 0.0
S063379 26.3725 103.6106 6.781e-17 5.566e-17 2.74e-17 0.0 89.53 0.0
S063380 26.4163 103.6313 5.440999999999999e-22 1.225e-21 4.689e-21 0.0 89.53 0.0
S063381 26.3718 103.588 3.716e-17 3.406e-17 1.991e-17 0.0 89.92 0.0
S063382 26.3664 103.6075 2.514e-21 1.796e-21 6.691999999999999e-22 0.0 89.54 0.0
S063383 26.356 103.5799 2.819e-21 1.943e-21 6.988999999999999e-22 0.001 90.0 0.0
S063384 26.3855 103.6408 2.428e-19 3.177e-19 3.951e-19 0.0 89.23 0.0
S063385 26.3686 103.6019 7.957e-18 8.175e-18 6.323e-18 0.0 89.63 0.0
S063386 26.3878 103.6208 6.622e-16 4.899e-16 1.996e-16 0.0 89.56 0.0
S063387 26.3993 103.6308 2.938e-19 3.865e-19 5.072e-19 0.0 89.36 0.0
S063388 26.3628 103.606 6.843e-17 5.519e-17 2.544e-17 0.0 89.59 0.0
S063389 26.408 103.5852 3.731e-21 2.51e-21 8.475999999999999e-22 0.0 90.2 0.0
S063390 26.3829 103.5929 2.608e-21 1.847e-21 6.682e-22 0.0 89.98 0.0
S063391 26.3879 103.6226 5.299e-16 4.76e-16 2.867e-16 0.0 89.31 0.0
S063392 26.3619 103.6156 1.405e-16 1.458e-16 1.148e-16 0.0 89.38 0.0
S063393 26.4032 103.5927 1.724e-19 2.399e-19 3.433e-19 0.0 89.97 0.0
S063394 26.3576 103.6113 7.623e-20 1.048e-19 1.492e-19 0.0 89.25 0.0
S063395 26.3776 103.5903 1.677e-20 2.9570000000000004e-20 6.809e-20 0.0 89.94 0.0
S063396 26.367 103.5682 1.435e-16 1.115e-16 4.81e-17 0.0 90.24 0.0
S063397 26.3912 103.6113 2.492e-18 2.712e-18 2.35e-18 0.0 89.67 0.0
S063398 26.3736 103.5981 1.101e-23 3.4919999999999997e-23 2.82e-22 0.0 89.79 0.0
S063399 26.4349 103.5999 6.04e-23 1.7429999999999998e-22 1.161e-21 0.0 89.93 0.0
S063400 26.3697 103.6055 5.961e-17 7.066e-17 7.032e-17 0.0 89.55 0.0
S063401 26.3665 103.6147 9.864e-13 7.15e-13 2.721e-13 0.0 89.49 0.0
S063402 26.3817 103.6347 9.004e-19 1.03e-18 9.414e-19 0.0 89.25 0.0
S063403 26.39 103.5926 4.054e-16 3.805e-16 2.45e-16 0.0 90.06 0.0
S063404 26.3789 103.6019 8.618000000000001e-20 1.188e-19 1.66e-19 0.0 89.76 0.0
S063405 26.4001 103.6176 2.094e-20 3.381e-20 6.455e-20 0.0 89.53 0.0
S063406 26.4031 103.6193 8.81e-17 6.931e-17 3.143e-17 0.0 89.56 0.0
S063407 26.3893 103.6349 9.551999999999999e-22 1.8990000000000002e-21 5.844e-21 0.0 89.31 0.0
S063408 26.3597 103.6464 5.649999999999999e-22 1.363e-21 6.085e-21 0.0 89.2 0.0
S063409 26.3536 103.6038 3.039e-21 2.102e-21 7.434999999999999e-22 0.0 89.42 0.0
S063410 26.4129 103.6306 3.318e-22 7.8519999999999995e-22 3.446e-21 0.0 89.59 0.0
S063411 26.4004 103.6193 2.432e-19 3.368e-19 4.618e-19 0.0 89.63 0.0
S063412 26.4131 103.6137 2.4639999999999998e-23 7.387e-23 5.113999999999999e-22 0.0 89.74 0.0
S063413 26.397 103.6384 1.563e-16 1.514e-16 1.039e-16 0.0 89.17 0.0
S063414 26.3595 103.6239 3.651e-17 3.162e-17 1.691e-17 0.0 89.23 0.0
S063415 26.3746 103.6473 2.48e-16 1.958e-16 8.732e-17 0.0 89.23 1.0
S063416 26.3687 103.6241 6.79e-17 5.597e-17 2.722e-17 0.0 89.31 0.0
S063417 26.3439 103.5717 2.603e-16 1.996e-16 8.611e-17 0.0 90.27 1.0
S063418 26.371 103.5397 1.359e-21 2.915e-21 1.054e-20 0.0 90.21 0.0
S063419 26.4166 103.5944 7.555e-17 6.196e-17 3.098e-17 0.0 90.13 0.0
S063420 26.3764 103.659 1.4130000000000002e-20 2.4690000000000002e-20 5.706000000000001e-20 0.0 89.15 0.0
S063421 26.3618 103.6447 4.1010000000000006e-20 6.496000000000001e-20 1.217e-19 0.0 89.18 0.0
S063422 26.3842 103.59 3.732e-19 4.671e-19 5.204e-19 0.0 90.08 0.0
S063423 26.3845 103.5754 1.119e-16 8.911e-17 4.131e-17 0.0 90.2 0.0
S063424 26.369 103.6481 1.132e-18 1.292e-18 1.194e-18 0.0 89.17 0.0
S063425 26.3933 103.5855 4.7660000000000004e-20 7.436e-20 1.34e-19 0.001 90.14 0.0
S063426 26.3802 103.6407 6.002e-18 6.163e-18 4.683e-18 0.0 89.18 0.0
S063427 26.39 103.5704 8.585e-19 1.037e-18 1.081e-18 0.0 90.23 0.0
S063428 26.388 103.5722 1.866e-18 2.088e-18 1.857e-18 0.0 90.22 0.0
S063429 26.3898 103.575 3.699e-16 2.815e-16 1.196e-16 0.0 90.23 1.0
S063430 26.3825 103.6458 8.185e-19 9.882e-19 1.022e-18 0.0 89.3 0.0
S063431 26.3625 103.6446 2.561e-21 1.83e-21 6.732999999999999e-22 0.0 89.2 0.0
S063432 26.3919 103.573 8.458e-17 6.783e-17 3.141e-17 0.001 90.22 0.0
S063433 26.4002 103.5654 1.121e-22 3.072e-22 1.768e-21 0.0 90.26 0.0
S063434 26.39 103.561 1.691e-18 1.898e-18 1.673e-18 0.0 90.26 0.0
S063435 26.3756 103.6335 1.521e-20 2.481e-20 4.865e-20 0.0 89.22 0.0
S063436 26.3867 103.5626 4.1870000000000003e-20 6.916e-20 1.362e-19 0.0 90.19 0.0
S063437 26.3732 103.6333 1.252e-12 9.942e-13 4.504e-13 0.0 89.23 1.0
S063438 26.3858 103.5609 7.427e-18 7.116e-18 4.714e-18 0.0 90.2 0.0
S063439 26.3913 103.5648 4.764e-17 4.051e-17 2.097e-17 0.0 90.21 0.0
S063440 26.3944 103.5746 5.685e-23 1.8549999999999999e-22 1.499e-21 0.0 90.22 0.0
S063441 26.3845 103.6252 8.724e-18 8.614e-18 6.007e-18 0.0 89.29 0.0
S063442 26.3897 103.5624 3.049e-20 4.686e-20 8.446e-20 0.001 90.21 0.0
S063443 26.3845 103.6391 1.386e-23 4.9189999999999997e-23 4.803999999999999e-22 0.0 89.28 0.0
S063444 26.3726 103.6448 1.353e-16 1.677e-16 1.842e-16 0.0 89.21 0.0
S063445 26.3874 103.561 3.666e-21 2.501e-21 8.494e-22 0.0 90.24 0.0
S063446 26.3735 103.6352 1.6459999999999998e-22 4.376e-22 2.354e-21 0.0 89.27 0.0
S063447 26.3838 103.6461 4.295e-16 3.758e-16 2.058e-16 0.0 89.25 0.0
S063448 26.3759 103.6419 1.298e-18 1.539e-18 1.563e-18 0.0 89.19 0.0
S063449 26.3891 103.5688 7.129e-17 6.262e-17 3.542e-17 0.0 90.23 0.0
S063450 26.3763 103.5747 1.205e-21 2.5770000000000002e-21 8.975e-21 0.0 90.12 0.0
S063451 26.3731 103.6486 3.8409999999999995e-22 9.262e-22 4.318e-21 0.0 89.17 0.0
S063452 26.3662 103.6454 3.543e-25 1.568e-24 2.509e-23 0.0 89.17 0.0
S063453 26.3767 103.6391 1.884e-19 2.614e-19 3.823e-19 0.0 89.23 0.0
S063454 26.37 103.6556 7.333e-17 6.081e-17 3.1e-17 0.0 89.14 0.0
S063455 26.3868 103.644 7.198e-19 8.667e-19 8.833e-19 0.0 89.24 0.0
S063456 26.3894 103.5786 6.349000000000001e-20 9.824000000000001e-20 1.732e-19 0.0 90.18 0.0
S063457 26.4006 103.5606 7.234e-20 1.085e-19 1.786e-19 0.0 90.25 0.0
S063458 26.3662 103.6594 4.7910000000000006e-20 7.014e-20 1.149e-19 0.0 89.17 0.0
S063459 26.4033 103.5641 3.519e-21 6.934e-21 2.077e-20 0.0 90.28 0.0
S063460 26.3743 103.6544 1.271e-21 2.762e-21 9.572e-21 0.0 89.17 0.0
S063461 26.3937 103.5581 5.081e-21 9.154e-21 2.277e-20 0.0 90.25 0.0
S063462 26.38 103.6471 1.31e-22 3.022e-22 1.2320000000000001e-21 0.0 89.22 0.0
S063463 26.3653 103.6523 5.137e-17 4.515e-17 2.454e-17 0.0 89.14 0.0
S063464 26.3676 103.638 2.332e-18 2.238e-18 1.479e-18 0.0 89.22 0.0
S063465 26.3993 103.5661 1.783e-24 6.403e-24 6.664e-23 0.0 90.23 0.0
S063466 26.3807 103.6511 3.626e-18 3.684e-18 2.82e-18 0.0 89.23 0.0
S063467 26.4009 103.5378 3.5909999999999997e-22 8.988999999999999e-22 4.319e-21 0.0 90.26 0.0
S063468 26.367 103.6383 4.574e-17 3.658e-17 1.642e-17 0.0 89.17 0.0
S063469 26.3649 103.6544 2.612e-19 3.503e-19 4.632e-19 0.0 89.14 0.0
S063470 26.3832 103.5569 5.042e-18 5.285e-18 4.097e-18 0.0 90.22 0.0
S063471 26.3925 103.5569 1.714e-16 1.403e-16 6.726e-17 0.0 90.21 0.0
S063472 26.3692 103.6566 2.0240000000000002e-21 1.466e-21 5.751999999999999e-22 0.0 89.16 0.0
S063473 26.3847 103.5613 1.06e-23 3.3229999999999997e-23 2.605e-22 0.0 90.19 0.0
S063474 26.3786 103.561 4.712e-14 3.078e-14 9.617e-15 0.0 90.17 0.0
S063475 26.3878 103.6465 1.081e-21 2.205e-21 7.139e-21 0.0 89.28 0.0
S063476 26.4023 103.5516 4.8670000000000006e-20 7.407e-20 1.233e-19 0.0 90.26 0.0
S063477 26.381 103.6602 2.033e-24 8.866e-24 1.3349999999999999e-22 0.0 89.19 0.0
S063478 26.3919 103.5567 3.594e-19 4.491e-19 4.962e-19 0.0 90.24 0.0
S063479 26.382 103.5802 4.235e-13 2.857e-13 9.466e-14 0.0 90.12 0.0
S063480 26.3982 103.5453 9.075e-17 7.345e-17 3.552e-17 0.0 90.29 0.0
S063481 26.3687 103.672 4.2050000000000006e-20 6.567000000000001e-20 1.175e-19 0.0 89.09 0.0
S063482 26.388 103.556 3.088e-18 3.328e-18 2.761e-18 0.0 90.24 0.0
S063483 26.3617 103.6763 7.304e-17 9.446e-17 1.198e-16 0.0 89.1 0.0
S063484 26.3701 103.6469 3.391e-21 2.361e-21 8.029999999999999e-22 0.0 89.16 0.0
S063485 26.4051 103.55 3.274e-17 2.823e-17 1.527e-17 0.0 90.3 0.0
S063486 26.3758 103.6501 1.673e-19 2.298e-19 3.244e-19 0.0 89.18 0.0
S063487 26.3994 103.5577 2.504e-21 4.893e-21 1.442e-20 0.0 90.27 0.0
S063488 26.3764 103.5565 3.771e-21 2.556e-21 8.631999999999999e-22 0.0 90.2 0.0
S063489 26.3931 103.5647 2.108e-17 1.927e-17 1.159e-17 0.0 90.24 0.0
S063490 26.393 103.5503 7.417e-18 7.488e-18 5.487e-18 0.0 90.22 0.0
S063491 26.3819 103.6485 2.2380000000000002e-21 4.73e-21 1.6650000000000002e-20 0.0 89.28 0.0
S063492 26.3695 103.6466 1.611e-16 1.324e-16 6.599e-17 0.0 89.17 0.0
S063493 26.368 103.6652 4.1990000000000005e-20 6.718e-20 1.245e-19 0.0 89.14 0.0
S063494 26.3914 103.5579 1.072e-22 2.7209999999999997e-22 1.392e-21 0.0 90.25 0.0
S063495 26.3776 103.6542 2.486e-19 3.213e-19 3.791e-19 0.0 89.19 0.0
S063496 26.3756 103.6592 2.543e-20 4.231e-20 8.477000000000001e-20 0.0 89.19 0.0
S063497 26.4071 103.5755 8.365e-18 8.11e-18 5.617e-18 0.0 90.26 0.0
S063498 26.3705 103.6498 7.435e-19 8.281e-19 7.626e-19 0.0 89.16 0.0
S063499 26.3747 103.6717 1.565e-12 1.2e-12 5.163e-13 0.0 89.14 1.0
S063500 26.3871 103.555 1.0260000000000001e-20 1.801e-20 4.1560000000000006e-20 0.0 90.15 0.0
S063501 26.3743 103.6603 4.549999999999999e-22 1.123e-21 5.184e-21 0.0 89.17 0.0
S063502 26.3544 103.668 1.602e-17 1.463e-17 8.879e-18 0.0 89.1 0.0
S063503 26.3723 103.6718 2.258e-18 2.358e-18 1.923e-18 0.0 89.12 0.0
S063504 26.3743 103.6703 6.495e-18 6.155e-18 4.122e-18 0.0 89.17 0.0
S063505 26.3755 103.6549 1.876e-12 1.588e-12 8.327e-13 0.0 89.16 1.0
S063506 26.3713 103.6494 8.874e-18 8.528e-18 5.587e-18 0.0 89.17 0.0
S063507 26.39 103.5472 5.444e-21 1.056e-20 3.086e-20 0.0 90.23 0.0
S063508 26.4061 103.5558 2.585e-18 2.846e-18 2.525e-18 0.0 90.23 0.0
S063509 26.3956 103.5457 1.984e-16 1.59e-16 7.385e-17 0.0 90.28 0.0
S063510 26.3842 103.5592 1.34e-17 1.236e-17 7.71e-18 0.0 90.17 0.0
S063511 26.3738 103.6823 3.137e-19 4.054e-19 5.039e-19 0.0 89.21 0.0
S063512 26.3711 103.6785 5.7789999999999996e-24 2.077e-23 2.0519999999999999e-22 0.0 89.13 1.0
S063513 26.384 103.5603 4.277e-23 1.2159999999999998e-22 7.679999999999999e-22 0.0 90.21 0.0
S063514 26.3736 103.6901 8.392e-16 6.198e-16 2.447e-16 0.0 89.13 0.0
S063515 26.3881 103.5419 2.045e-16 1.582e-16 6.912e-17 0.0 90.23 0.0
S063516 26.3819 103.5513 6.986999999999999e-23 1.6169999999999998e-22 6.58e-22 0.0 90.26 0.0
S063517 26.3983 103.5325 1.041e-24 4.053e-24 5.1199999999999996e-23 0.0 90.27 0.0
S063518 26.3781 103.6754 5.144e-17 8.151e-17 1.462e-16 0.0 89.17 0.0
S063519 26.3777 103.648 1.8479999999999999e-22 4.414999999999999e-22 1.94e-21 0.0 89.2 0.0
S063520 26.3982 103.5488 5.155e-18 5.248e-18 4.055e-18 0.0 90.23 0.0
S063521 26.3983 103.5384 1.582e-25 7.731e-25 1.5279999999999998e-23 0.0 90.22 0.0
S063522 26.3652 103.7012 4.367e-19 6.113e-19 9.045e-19 0.0 89.12 0.0
S063523 26.3777 103.5474 8.923e-21 1.673e-20 4.5150000000000006e-20 0.0 90.2 0.0
S063524 26.3977 103.535 2.744e-18 3.001e-18 2.523e-18 0.0 90.26 0.0
S063525 26.3585 103.6768 7.5940000000000005e-25 3.3209999999999996e-24 5.28e-23 0.0 89.11 0.0
S063526 26.3782 103.67 8.849e-18 8.8e-18 6.315e-18 0.0 89.17 0.0
S063527 26.3765 103.6652 8.565e-23 2.591e-22 1.864e-21 0.0 89.15 0.0
S063528 26.3713 103.6724 4.087e-18 4.211e-18 3.253e-18 0.0 89.14 0.0
S063529 26.4059 103.52 1.917e-23 6.134999999999999e-23 5.040999999999999e-22 0.0 90.27 0.0
S063530 26.3607 103.6672 9.653e-22 2.134e-21 7.677e-21 0.0 89.17 0.0
S063531 26.3738 103.6649 1.914e-16 4.747e-16 2.251e-15 0.0 89.19 0.0
S063532 26.3732 103.665 8.022e-17 6.585e-17 3.237e-17 0.0 89.16 0.0
S063533 26.4017 103.5502 5.924e-22 1.2110000000000001e-21 3.874e-21 0.0 90.19 0.0
S063534 26.3622 103.6851 6.628e-19 7.987e-19 8.099e-19 0.0 89.18 0.0
S063535 26.3987 103.5417 9.013e-21 1.653e-20 4.3430000000000006e-20 0.0 90.26 0.0
S063536 26.3693 103.6924 1.219e-16 9.602e-17 4.368e-17 0.0 89.17 0.0
S063537 26.363 103.708 1.3489999999999998e-22 3.7599999999999996e-22 2.247e-21 0.0 89.12 0.0
S063538 26.3937 103.5328 2.026e-17 1.818e-17 1.093e-17 0.0 90.26 0.0
S063539 26.3576 103.6856 3.808e-20 6.161e-20 1.171e-19 0.0 89.12 0.0
S063540 26.4018 103.5245 1.389e-21 2.953e-21 9.999e-21 0.0 90.26 0.0
S063541 26.3506 103.6749 1.725e-17 1.595e-17 1.01e-17 0.0 89.13 0.0
S063542 26.3894 103.5306 9.281e-20 1.298e-19 1.828e-19 0.0 90.21 0.0
S063543 26.4059 103.5328 8.788e-21 1.614e-20 4.2050000000000006e-20 0.0 90.31 0.0
S063544 26.4027 103.5179 1.699e-17 1.572e-17 1.009e-17 0.0 90.29 0.0
S063545 26.4036 103.5286 2e-18 2.099e-18 1.648e-18 0.0 90.27 0.0
S063546 26.3632 103.6932 2.947e-25 1.3339999999999999e-24 2.21e-23 0.0 89.09 0.0
S063547 26.3615 103.7009 6.587e-21 1.2360000000000001e-20 3.2940000000000005e-20 0.0 89.15 0.0
S063548 26.3915 103.5107 4.172e-17 3.636e-17 2.003e-17 0.0 90.27 0.0
S063549 26.4089 103.5219 9.553e-13 6.55e-13 2.24e-13 0.0 90.3 0.0
S063550 26.38 103.6915 2.044e-18 2.366e-18 2.259e-18 0.0 89.18 0.0
S063551 26.3659 103.696 1.966e-19 2.678e-19 3.62e-19 0.0 89.16 0.0
S063552 26.3922 103.5136 1.382e-16 1.364e-16 9.785e-17 0.0 90.26 0.0
S063553 26.41 103.4909 3.511e-19 4.576e-19 5.757e-19 0.0 90.3 0.0
S063554 26.3952 103.5337 4.382e-21 8.126e-21 2.0760000000000002e-20 0.0 90.24 0.0
S063555 26.3922 103.5215 2.535e-16 2.464e-16 1.692e-16 0.0 90.25 0.0
S063556 26.4018 103.5352 9.563e-24 3.02e-23 2.4019999999999997e-22 0.0 90.26 0.0
S063557 26.4054 103.5195 3.357e-21 2.3e-21 7.885999999999999e-22 0.0 90.25 0.0
S063558 26.3946 103.5189 1.093e-16 8.995e-17 4.415e-17 0.0 90.27 0.0
S063559 26.3943 103.5301 4.159e-16 3.385e-16 1.672e-16 0.001 90.25 0.0
S063560 26.3553 103.6941 1.825e-16 1.456e-16 6.82e-17 0.0 89.12 0.0
S063561 26.3755 103.6807 1.2e-23 4.004e-23 3.5319999999999997e-22 0.0 89.15 0.0
S063562 26.3974 103.5076 3.485e-21 6.234e-21 1.521e-20 0.0 90.27 0.0
S063563 26.3937 103.5164 3.1240000000000002e-21 2.181e-21 7.462999999999999e-22 0.0 90.27 0.0
S063564 26.4093 103.5079 1.304e-21 2.946e-21 1.1200000000000002e-20 0.0 90.3 0.0
S063565 26.4113 103.513 1.054e-18 1.226e-18 1.229e-18 0.0 90.31 0.0
S063566 26.3662 103.6998 7.261e-17 8.827e-17 9.432e-17 0.0 89.13 0.0
S063567 26.3676 103.7049 1.854e-21 3.878e-21 1.3340000000000002e-20 0.0 89.14 0.0
S063568 26.365 103.7167 5.386e-23 1.359e-22 6.888e-22 0.0 89.12 0.0
S063569 26.4068 103.4963 3.385e-23 8.768e-23 4.738e-22 0.0 90.3 0.0
S063570 26.399 103.4989 5.634e-23 1.6389999999999998e-22 1.148e-21 0.0 90.26 0.0
S063571 26.3621 103.7148 1.589e-17 1.449e-17 8.931e-18 0.0 89.09 0.0
S063572 26.3586 103.7093 4.105e-20 6.215e-20 1.019e-19 0.0 89.14 0.0
S063573 26.4052 103.5156 8.543000000000001e-20 1.213e-19 1.785e-19 0.0 90.27 0.0
S063574 26.4015 103.4945 3.072e-16 2.342e-16 9.976e-17 0.0 90.29 1.0
S063575 26.3647 103.7126 6.164e-22 1.3480000000000001e-21 4.965e-21 0.0 89.12 0.0
S063576 26.3659 103.7027 1.041e-21 2.065e-21 6.126e-21 0.0 89.17 0.0
S063577 26.3637 103.7067 7.798e-17 8.477e-17 7.38e-17 0.0 89.15 0.0
S063578 26.4013 103.5063 2.475e-17 2.317e-17 1.427e-17 0.0 90.27 0.0
S063579 26.3597 103.7162 2.447e-18 2.626e-18 2.189e-18 0.0 89.14 0.0
S063580 26.3529 103.7056 1.5499999999999998e-22 4.061e-22 2.239e-21 0.001 89.11 0.0
S063581 26.3542 103.7286 9.083e-24 2.768e-23 2.0689999999999998e-22 0.0 89.11 0.0
S063582 26.3654 103.7033 1.509e-18 1.729e-18 1.647e-18 0.0 89.13 0.0
S063583 26.4022 103.5208 1.772e-21 3.594e-21 1.1360000000000001e-20 0.0 90.29 0.0
S063584 26.403 103.4933 2.52e-16 1.976e-16 9.237e-17 0.0 90.29 0.0
S063585 26.351 103.7211 3.879e-18 4.186e-18 3.456e-18 0.0 89.12 0.0
S063586 26.3517 103.7199 4.333e-22 9.594e-22 3.639e-21 0.0 89.13 0.0
S063587 26.3659 103.7099 2.258e-19 3.15e-19 4.424e-19 0.0 89.11 0.0
S063588 26.4042 103.4885 6.431999999999999e-22 1.463e-21 5.8670000000000004e-21 0.0 90.32 0.0
S063589 26.4047 103.5045 4.906e-18 5.143e-18 4.026e-18 0.0 90.26 0.0
S063590 26.3714 103.7029 2.054e-21 4.305e-21 1.449e-20 0.0 89.17 0.0
S063591 26.3928 103.5012 2.012e-16 1.508e-16 6.134e-17 0.0 90.23 0.0
S063592 26.353 103.7362 1.2140000000000001e-20 2.067e-20 4.5370000000000005e-20 0.0 89.13 0.0
S063593 26.3565 103.7246 3.392e-21 2.308e-21 7.951999999999999e-22 0.0 89.13 0.0
S063594 26.3603 103.7166 4.525e-16 3.401e-16 1.374e-16 0.0 89.11 0.0
S063595 26.4024 103.4869 6.778e-19 8.334e-19 9.421e-19 0.0 90.3 0.0
S063596 26.3617 103.7164 2.97e-21 2.077e-21 7.247999999999999e-22 0.0 89.14 0.0
S063597 26.3821 103.6061 1.281e-16 1.111e-16 5.831e-17 0.0 91.23 0.0
S063598 26.3823 103.6064 1.1000000000000001e-20 1.9100000000000002e-20 4.3110000000000004e-20 0.0 89.5 0.0
S063599 26.3822 103.6065 1.148e-17 1.099e-17 7.336e-18 0.0 88.46 0.0
S063600 26.3549 103.7221 2.028e-16 1.661e-16 8.063e-17 0.0 89.11 0.0
S063601 26.352 103.7263 9.892e-21 1.797e-20 4.5660000000000004e-20 0.0 89.12 0.0
S063602 26.3559 103.7249 2.173e-18 2.43e-18 2.268e-18 0.0 89.12 0.0
S063603 26.3585 103.7181 3.405e-16 2.64e-16 1.121e-16 0.0 89.13 1.0
S063604 26.4065 103.4875 2.183e-15 1.594e-15 5.954e-16 0.0 90.28 0.0
S063605 26.3607 103.722 1.427e-14 9.518e-15 2.986e-15 0.0 89.13 0.0
S063606 26.4012 103.4946 4.253e-16 3.422e-16 1.626e-16 0.0 90.29 0.0
S063607 26.4038 103.4891 3.32e-17 2.845e-17 1.513e-17 0.0 90.29 0.0
S063608 26.4018 103.4914 8.978e-18 8.797e-18 6.091e-18 0.0 90.27 0.0
S063609 26.3612 103.7261 7.065e-16 5.441e-16 2.276e-16 0.0 89.14 1.0
S063610 26.401 103.4862 1.12e-15 7.892e-16 2.872e-16 0.0 90.28 0.0
S063611 26.3663 103.7238 7.699e-17 8.534e-17 7.794e-17 0.0 89.15 0.0
S063612 26.3977 103.4884 6.026e-21 1.1240000000000001e-20 2.993e-20 0.0 90.27 0.0
S063613 26.3694 103.7232 1.759e-15 1.226e-15 4.187e-16 0.0 89.14 0.0
S063614 26.3949 103.4902 4.992e-17 4.511e-17 2.56e-17 0.0 90.22 0.0
S063615 26.3708 103.7266 1.235e-16 1.037e-16 5.195e-17 0.0 89.16 0.0
S063616 26.3919 103.4864 8.054e-17 6.913e-17 3.593e-17 0.0 90.23 0.0
S063617 26.391 103.4945 1.069e-15 7.585e-16 2.787e-16 0.0 90.21 0.0
S063618 26.3757 103.7185 4.044e-16 3.122e-16 1.307e-16 0.0 89.2 1.0
S063619 26.3885 103.4905 2.869e-15 2.006e-15 7.328e-16 0.0 90.21 0.0
S063620 26.3775 103.7172 4.154e-17 3.301e-17 1.562e-17 0.0 89.18 0.0
S063621 26.3839 103.4928 1.282e-15 9.516e-16 3.858e-16 0.0 90.23 0.0
S063622 26.3787 103.7178 7.509e-16 5.448e-16 2.093e-16 0.0 89.22 0.0
S063623 26.3835 103.4847 4.21e-13 5.002e-13 5.176e-13 0.0 90.22 0.0
S063624 26.3812 103.4887 7.488e-16 5.492e-16 2.08e-16 0.0 90.18 0.0
S063625 26.3879 103.7273 8.922e-13 6.199e-13 2.222e-13 0.0 89.23 1.0
S063626 26.3879 103.7277 3.543e-17 3.114e-17 1.769e-17 0.0 89.25 0.0
S063627 26.3727 103.4986 1.903e-18 2.141e-18 1.975e-18 0.0 90.16 0.0
S063628 26.3735 103.4881 1.028e-16 8.68e-17 4.381e-17 0.0 90.13 0.0
S063629 26.3652 103.5058 1.371e-17 1.269e-17 7.954e-18 0.0 90.13 0.0
S063630 26.3923 103.7279 1.579e-19 2.232e-19 3.23e-19 0.0 89.27 0.0
S063631 26.3724 103.4895 5.816e-13 4.01e-13 1.357e-13 0.0 90.15 0.0
S063632 26.3665 103.4919 1.015e-15 7.697e-16 3.288e-16 0.0 90.11 1.0
S063633 26.3982 103.7129 6.971e-16 5.159e-16 2.054e-16 0.0 89.28 0.0
S063634 26.3983 103.7162 4.178e-17 3.683e-17 2.066e-17 0.0 89.27 0.0
S063635 26.3615 103.5103 4.316e-15 2.972e-15 1.036e-15 0.0 90.06 0.0
S063636 26.4088 103.7075 7.867e-18 7.766e-18 5.529e-18 0.0 89.31 0.0
S063637 26.3613 103.5027 4.316e-15 2.954e-15 9.91e-16 0.0 90.1 0.0
S063638 26.4075 103.7181 3.697e-17 3.141e-17 1.663e-17 0.0 89.3 0.0
S063639 26.3509 103.5098 1.312e-16 1.053e-16 4.8e-17 0.0 90.08 1.0
S063640 26.4164 103.7038 3.068e-17 2.734e-17 1.53e-17 0.0 89.38 0.0
S063641 26.3531 103.5119 1.25e-15 9.091e-16 3.376e-16 0.0 90.04 0.0
S063642 26.3489 103.5147 5.076e-19 6.44e-19 7.772e-19 0.0 90.03 0.0
S063643 26.3416 103.5071 8.352e-17 8.25e-17 5.593e-17 0.001 90.03 0.0
S063644 26.4262 103.6872 8.923e-17 7.115e-17 3.152e-17 0.0 89.44 0.0
S063645 26.4221 103.6924 2.046e-17 1.885e-17 1.115e-17 0.0 89.44 0.0
S063646 26.4321 103.686 7.526e-15 5.068e-15 1.64e-15 0.0 89.49 0.0
S063647 26.3398 103.521 4.976e-16 3.686e-16 1.489e-16 0.0 89.94 0.0
S063648 26.4281 103.6845 2.083e-19 2.93e-19 4.223e-19 0.0 89.46 0.0
S063649 26.3301 103.5309 4.941e-13 3.365e-13 1.127e-13 0.0 89.9 0.0
S063650 26.4372 103.6786 1.862e-15 1.341e-15 5.057e-16 0.0 89.49 0.0
S063651 26.3225 103.5329 1.402e-17 1.332e-17 8.564e-18 0.0 89.88 0.0
S063652 26.4389 103.6719 2.324e-15 1.574e-15 5.193e-16 0.0 89.57 0.0
S063653 26.4434 103.675 1.903e-15 1.407e-15 5.612e-16 0.0 89.55 0.0
S063654 26.4453 103.6745 9.863e-15 6.627e-15 2.101e-15 0.0 89.55 0.0
S063655 26.3164 103.55 1.603e-17 1.535e-17 9.682e-18 0.0 89.82 0.0
S063656 26.4524 103.659 2.209e-15 1.541e-15 5.492e-16 0.0 89.62 0.0
S063657 26.3154 103.5606 4.888e-16 3.733e-16 1.541e-16 0.0 89.8 1.0
S063658 26.3102 103.5557 2.622e-17 2.498e-17 1.637e-17 0.0 89.8 0.0
S063659 26.3132 103.5608 1.008e-16 8.613e-17 4.422e-17 0.0 89.76 0.0
S063660 26.4596 103.6419 4.471e-16 3.196e-16 1.217e-16 0.0 89.68 0.0
S063661 26.2963 103.574 1.617e-15 1.218e-15 4.903e-16 0.0 89.72 0.0
S063662 26.4581 103.6369 1.979e-15 1.438e-15 5.516e-16 0.0 89.66 0.0
S063663 26.4664 103.6329 2.035e-15 1.447e-15 5.261e-16 0.0 89.73 0.0
S063664 26.4684 103.6276 5.487e-17 4.313e-17 2.014e-17 0.0 89.73 0.0
S063665 26.4641 103.6234 1.46e-15 1.1e-15 4.532e-16 0.0 89.76 0.0
S063666 26.4773 103.6164 1.344e-16 1.472e-16 1.281e-16 0.0 89.81 0.0
S063667 26.2947 103.6007 4.66e-17 4.097e-17 2.281e-17 0.0 89.63 0.0
S063668 26.2929 103.6043 1.453e-15 1.035e-15 3.826e-16 0.0 89.6 0.0
S063669 26.483 103.6021 4.134e-16 3.296e-16 1.466e-16 0.0 89.85 1.0
S063670 26.2852 103.6134 3.298e-16 2.486e-16 1.049e-16 0.0 89.55 1.0
S063671 26.4857 103.5919 1.933e-16 1.504e-16 6.484e-17 0.0 89.86 1.0
S063672 26.2877 103.6228 1.999e-16 1.665e-16 8.225e-17 0.0 89.51 0.0
S063673 26.4946 103.5827 6.843000000000001e-20 1.142e-19 2.334e-19 0.0 89.9 0.0
S063674 26.4893 103.5776 1.423e-17 1.322e-17 8.325e-18 0.0 89.92 0.0
S063675 26.4786 103.5733 1.596e-15 1.241e-15 5.345e-16 0.0 89.91 0.0
S063676 26.4891 103.567 6.736e-16 5.995e-16 3.337e-16 0.0 90.01 0.0
S063677 26.278 103.6512 7.09e-16 5.286e-16 2.079e-16 0.0 89.41 0.0
S063678 26.4982 103.5555 1.05e-15 7.566e-16 2.851e-16 0.0 89.97 0.0
S063679 26.2676 103.6641 2.967e-17 2.638e-17 1.554e-17 0.0 89.37 0.0
S063680 26.2744 103.6665 7.981e-13 5.541e-13 1.94e-13 0.0 89.37 0.0
S063681 26.4997 103.5376 4.756e-18 4.795e-18 3.442e-18 0.0 90.06 0.0
S063682 26.4882 103.5355 5.4e-16 4.067e-16 1.663e-16 0.0 90.09 0.0
S063683 26.2637 103.6905 4.914e-15 3.323e-15 1.078e-15 0.0 89.29 0.0
S063684 26.502 103.5177 3.929e-17 3.751e-17 2.515e-17 0.0 90.1 0.0
S063685 26.2635 103.6988 1.541e-15 1.103e-15 3.98e-16 0.0 89.27 0.0
S063686 26.499 103.504 1.021e-15 7.51e-16 2.857e-16 0.0 90.15 0.0
S063687 26.4935 103.5038 1.584e-16 1.272e-16 6.058e-17 0.0 90.18 0.0
S063688 26.3933 103.4981 8.010000000000001e-20 1.138e-19 1.662e-19 0.0 90.25 0.0
S063689 26.4001 103.4849 1.7540000000000003e-20 3.2120000000000005e-20 7.985e-20 0.0 90.28 0.0
S063690 26.3715 103.7114 5.2530000000000007e-20 7.516000000000001e-20 1.155e-19 0.0 89.18 0.0
S063691 26.3978 103.4896 2.0210000000000002e-20 3.7930000000000004e-20 1.008e-19 0.0 90.25 0.0
S063692 26.3717 103.7105 1.536e-22 4.001e-22 2.108e-21 0.0 89.2 0.0
S063693 26.369 103.7198 9.846e-17 8.333e-17 4.448e-17 0.0 89.16 0.0
S063694 26.3761 103.7238 1.206e-16 1.01e-16 5.067e-17 0.0 89.18 0.0
S063695 26.3757 103.7193 9.055e-19 1.076e-18 1.079e-18 0.0 89.18 0.0
S063696 26.3728 103.7203 1.197e-13 8.138e-14 2.579e-14 0.0 89.18 0.0
S063697 26.3799 103.7193 1.376e-17 2.158e-17 3.86e-17 0.0 89.21 0.0
S063698 26.3844 103.4873 5.022e-16 3.772e-16 1.514e-16 0.0 90.2 0.0
S063699 26.3762 103.7273 6.352e-18 6.121e-18 4.209e-18 0.0 89.2 0.0
S063700 26.3831 103.4993 6.286999999999999e-22 1.454e-21 6.264e-21 0.0 90.18 0.0
S063701 26.3789 103.515 7.46e-17 6.189e-17 3.026e-17 0.0 90.15 0.0
S063702 26.3789 103.4857 1.602e-16 1.53e-16 1.028e-16 0.0 90.22 0.0
S063703 26.3801 103.5048 3.353e-19 4.739e-19 7.031e-19 0.0 90.17 0.0
S063704 26.3875 103.7227 9.207e-19 1.13e-18 1.221e-18 0.0 89.25 0.0
S063705 26.3726 103.5078 1.649e-16 1.301e-16 5.804e-17 0.0 90.16 0.0
S063706 26.3655 103.501 2.663e-19 3.46e-19 4.193e-19 0.0 90.12 0.0
S063707 26.3695 103.5057 2.557e-16 2.226e-16 1.213e-16 0.0 90.11 0.0
S063708 26.39 103.7259 1.981e-21 3.9050000000000004e-21 1.1140000000000001e-20 0.0 89.22 0.0
S063709 26.3933 103.7141 2.297e-16 1.746e-16 7.515e-17 0.0 89.28 1.0
S063710 26.3932 103.7035 5.82e-16 4.295e-16 1.697e-16 0.0 89.3 0.0
S063711 26.3872 103.7146 1.098e-16 9.336e-17 4.689e-17 0.0 89.25 0.0
S063712 26.3612 103.5243 2.186e-19 2.923e-19 3.821e-19 0.0 90.05 0.0
S063713 26.3587 103.5164 4.189e-17 3.697e-17 2.069e-17 0.0 90.07 0.0
S063714 26.4084 103.7009 1.49e-17 3.521e-17 1.532e-16 0.0 89.33 0.0
S063715 26.3577 103.5045 4.317e-18 4.768e-18 4.239e-18 0.0 90.06 0.0
S063716 26.3551 103.5138 5.967e-17 5.02e-17 2.58e-17 0.0 90.04 0.0
S063717 26.4181 103.6986 1.982e-16 1.553e-16 6.86e-17 0.0 89.38 0.0
S063718 26.3461 103.5094 8.374e-16 6.57e-16 2.828e-16 0.0 90.03 1.0
S063719 26.4236 103.697 1.481e-12 1.104e-12 4.456e-13 0.0 89.39 0.0
S063720 26.4163 103.6884 1.356e-21 2.6900000000000002e-21 8.319e-21 0.0 89.38 0.0
S063721 26.4196 103.7009 1.047e-15 7.672e-16 3.014e-16 0.0 89.41 0.0
S063722 26.4262 103.685 6.378e-17 5.223e-17 2.497e-17 0.0 89.45 0.0
S063723 26.342 103.5189 2.566e-17 2.241e-17 1.198e-17 0.0 89.99 0.0
S063724 26.3404 103.5251 4.763e-16 3.606e-16 1.462e-16 0.0 89.95 1.0
S063725 26.4155 103.6922 2.343e-21 4.91e-21 1.6480000000000002e-20 0.0 89.41 0.0
S063726 26.3388 103.5338 3.175e-24 1.069e-23 9.802e-23 0.0 89.95 0.0
S063727 26.3377 103.5273 4.845e-16 3.619e-16 1.428e-16 0.0 89.95 0.0
S063728 26.4287 103.6616 8.251e-19 9.486e-19 8.905e-19 0.0 89.49 0.0
S063729 26.4367 103.6814 2.512e-17 2.186e-17 1.191e-17 0.0 89.51 0.0
S063730 26.4374 103.6688 4.929e-18 4.886e-18 3.51e-18 0.0 89.52 0.0
S063731 26.4451 103.6715 7.508e-21 1.4650000000000002e-20 4.2200000000000005e-20 0.0 89.57 0.0
S063732 26.3268 103.5266 5.87e-18 8.757e-18 1.381e-17 0.0 89.94 0.0
S063733 26.3193 103.5568 6.71e-17 8.889e-17 1.162e-16 0.0 89.79 0.0
S063734 26.4392 103.6746 3.933e-16 3.331e-16 1.676e-16 0.001 89.53 0.0
S063735 26.3211 103.5479 1.213e-21 2.26e-21 6.158e-21 0.0 89.82 0.0
S063736 26.447 103.6646 1.682e-22 3.9779999999999997e-22 1.766e-21 0.0 89.57 0.0
S063737 26.4404 103.6642 9.965e-19 1.137e-18 1.068e-18 0.0 89.57 0.0
S063738 26.3077 103.5638 1.0229999999999999e-22 2.517e-22 1.166e-21 0.0 89.74 0.0
S063739 26.317 103.562 3.047e-17 2.642e-17 1.436e-17 0.0 89.76 0.0
S063740 26.3099 103.5642 1.77e-17 1.687e-17 1.113e-17 0.0 89.73 0.0
S063741 26.4547 103.6369 5.928e-19 7.173e-19 7.5e-19 0.0 89.7 0.0
S063742 26.4569 103.6289 6.319e-17 5.196e-17 2.489e-17 0.0 89.71 0.0
S063743 26.4517 103.6397 5.388e-13 5.912e-13 5.115e-13 0.0 89.66 0.0
S063744 26.3089 103.581 4.771e-18 5.512e-18 5.193e-18 0.0 89.69 0.0
S063745 26.4666 103.6278 3.178e-16 2.527e-16 1.174e-16 0.0 89.75 0.0
S063746 26.2964 103.5895 1.735e-17 1.656e-17 1.109e-17 0.0 89.65 0.0
S063747 26.4675 103.6201 5.324e-17 4.579e-17 2.385e-17 0.0 89.76 0.0
S063748 26.4745 103.6084 1.65e-20 2.74e-20 5.847e-20 0.0 89.81 0.0
S063749 26.2917 103.6031 9.03e-18 8.597e-18 5.621e-18 0.0 89.58 0.0
S063750 26.4732 103.6089 1.556e-20 2.724e-20 6.372000000000001e-20 0.0 89.8 0.0
S063751 26.4783 103.6035 3.88e-16 3.042e-16 1.387e-16 0.0 89.82 1.0
S063752 26.4712 103.5965 8.154e-19 9.182e-19 8.572e-19 0.0 89.88 0.0
S063753 26.2935 103.6178 1.397e-17 1.338e-17 8.962e-18 0.0 89.53 0.0
S063754 26.2852 103.6266 8.363000000000001e-20 1.133e-19 1.546e-19 0.0 89.52 0.0
S063755 26.4825 103.5822 1.566e-17 1.472e-17 9.418e-18 0.0 89.91 0.0
S063756 26.4741 103.5814 1.324e-17 1.236e-17 7.74e-18 0.0 89.93 0.0
S063757 26.4806 103.5701 1.621e-15 1.129e-15 3.912e-16 0.0 89.98 0.0
S063758 26.2843 103.6454 3.112e-17 2.636e-17 1.368e-17 0.0 89.45 0.0
S063759 26.2808 103.6468 1.024e-15 7.246e-16 2.604e-16 0.0 89.39 1.0
S063760 26.4935 103.5581 2.343e-16 1.971e-16 9.982e-17 0.0 89.95 0.0
S063761 26.4892 103.5478 2.21e-17 4.078e-17 1.042e-16 0.0 90.05 0.0
S063762 26.2767 103.6617 2.353e-16 2.24e-16 1.466e-16 0.0 89.38 0.0
S063763 26.4908 103.5329 2.61e-16 2.114e-16 9.797e-17 0.0 90.09 0.0
S063764 26.272 103.6728 3.624e-16 2.871e-16 1.307e-16 0.001 89.34 1.0
S063765 26.4896 103.5371 1.406e-18 1.596e-18 1.532e-18 0.0 90.08 0.0
S063766 26.2679 103.6974 6.058e-16 4.575e-16 1.873e-16 0.0 89.31 0.0
S063767 26.4997 103.5172 3.027e-21 2.136e-21 7.416999999999999e-22 0.0 90.14 0.0
S063768 26.2708 103.7006 4.022e-20 6.206000000000001e-20 1.1e-19 0.0 89.24 0.0
S063769 26.5016 103.4998 9.486e-17 7.65e-17 3.736e-17 0.0 90.17 0.0
S063770 26.4975 103.5012 5.036e-17 4.263e-17 2.179e-17 0.0 90.15 0.0
S063771 26.4737 103.5069 1.238e-17 1.188e-17 7.542e-18 0.0 90.22 0.0
S063772 26.2562 103.7257 3.563e-21 2.4820000000000002e-21 8.581e-22 0.0 89.22 0.0
S063773 26.2844 103.7326 4.977e-22 1.085e-21 3.93e-21 0.0 89.15 0.0
S063774 26.2672 103.7286 2.978e-24 1.1319999999999999e-23 1.3009999999999998e-22 0.0 89.15 0.0
S063775 26.4943 103.4696 5.45e-13 3.857e-13 1.358e-13 0.0 90.25 0.0
