Name Equatorial Polar BlueF GreenF RedF Parallax RadialVelocity Variable?
S265849 42.7551 94.9208 6.589e-21 1.344e-20 4.3710000000000005e-20 0.0 44.43 0.0
S265850 42.7357 94.8196 2.344e-21 5.205e-21 2.029e-20 0.0 44.87 0.0
S265851 42.8147 94.8844 4.771e-16 4.508e-16 2.895e-16 0.0 44.76 0.0
S265852 42.7742 94.9058 4.207e-18 4.624e-18 4.01e-18 0.0 44.35 0.0
S265853 42.9653 95.0445 3.034e-21 6.689e-21 2.491e-20 0.0 44.37 0.0
S265854 42.6982 95.1515 6.743e-12 5.887e-12 3.283e-12 0.0 44.05 1.0
S265855 42.8186 94.8318 6.384e-17 5.827e-17 3.509e-17 0.0 44.9 0.0
S265856 42.7794 94.8661 1.649e-20 1.1170000000000001e-20 3.706e-21 0.0 44.86 0.0
S265857 42.9931 94.7413 6.3659999999999995e-22 1.441e-21 5.789e-21 0.0 44.88 0.0
S265858 42.7545 94.9108 1.707e-18 2.086e-18 2.292e-18 0.0 44.51 0.0
S265859 42.8957 94.902 3.87e-12 2.939e-12 1.191e-12 0.0 44.61 0.0
S265860 42.8713 94.9342 5.581e-17 5.554e-17 4.144e-17 0.0 44.5 0.0
S265861 42.7939 94.9051 3.8399999999999995e-22 1.037e-21 5.662e-21 0.0 44.66 0.0
S265862 42.6685 95.0639 1.5129999999999998e-22 3.8319999999999994e-22 1.888e-21 0.0 44.21 0.0
S265863 42.771 94.8535 5.397e-21 1.0360000000000001e-20 2.878e-20 0.0 44.9 0.0
S265864 42.5993 94.612 2.289e-18 2.659e-18 2.578e-18 0.0 44.84 0.0
S265865 42.7039 95.0015 3.403e-21 7.818e-21 3.222e-20 0.001 44.17 0.0
S265866 42.6431 94.8823 2.533e-22 7.817999999999999e-22 5.9020000000000004e-21 0.0 44.53 0.0
S265867 42.9523 94.751 1.484e-17 1.643e-17 1.446e-17 0.0 44.9 0.0
S265868 42.8052 94.9395 1.413e-15 1.032e-15 3.879e-16 0.0 44.35 0.0
S265869 42.8169 95.0842 7.4e-17 6.794e-17 4.198e-17 0.0 44.2 0.0
S265870 42.7918 94.9336 2.725e-19 4.066e-19 6.905e-19 0.0 44.26 0.0
S265871 42.7876 94.8838 3.7030000000000004e-21 7.607e-21 2.4070000000000002e-20 0.0 44.83 0.0
S265872 42.682 94.9464 5.572e-20 9.656000000000001e-20 2.192e-19 0.0 44.4 0.0
S265873 42.8992 94.9766 1.1309999999999999e-22 3.5319999999999997e-22 2.681e-21 0.0 44.43 0.0
S265874 42.5608 94.7498 1.881e-21 4.322e-21 1.8000000000000002e-20 0.0 44.71 0.0
S265875 42.7246 94.9138 2.167e-22 5.577999999999999e-22 2.798e-21 0.0 44.47 0.0
S265876 42.7943 94.9043 6.1530000000000005e-21 1.33e-20 4.7740000000000003e-20 0.001 44.81 0.0
S265877 42.7673 94.8969 3.917e-19 5.594e-19 8.745e-19 0.0 44.65 0.0
S265878 42.6733 95.0337 4.1790000000000004e-20 7.037000000000001e-20 1.512e-19 0.0 44.24 0.0
S265879 42.7877 94.9785 3.31e-24 1.328e-23 1.7979999999999998e-22 0.0 44.14 0.0
S265880 42.9217 94.8304 1.284e-16 1.103e-16 5.765e-17 0.0 44.86 0.0
S265881 42.6731 95.0281 1.218e-22 3.9069999999999995e-22 3.184e-21 0.0 44.26 0.0
S265882 42.8063 94.8955 3.2199999999999997e-22 8.505999999999999e-22 4.597e-21 0.0 44.72 0.0
S265883 42.763 94.9273 1.9e-21 3.94e-21 1.2520000000000001e-20 0.001 44.34 0.0
S265884 42.7755 94.9087 5.771e-21 1.206e-20 3.927e-20 0.0 44.46 0.0
S265885 42.8361 94.9701 5.684e-25 3.064e-24 7.593999999999999e-23 0.0 44.3 0.0
S265886 42.839 94.7937 4.204e-25 2.105e-24 4.4209999999999996e-23 0.0 44.96 0.0
S265887 42.5779 94.861 1.246e-19 1.992e-19 3.736e-19 0.0 44.59 0.0
S265888 42.749 95.0105 2.449e-13 3.983e-13 8.152e-13 0.0 44.2 0.0
S265889 42.8271 94.9445 2.5729999999999997e-22 6.713999999999999e-22 3.68e-21 0.0 44.41 0.0
S265890 42.7073 94.8176 3.4649999999999997e-22 8.752e-22 4.497e-21 0.0 44.83 0.0
S265891 42.7399 94.9798 3.989e-18 4.497e-18 4.16e-18 0.0 44.26 0.0
S265892 42.772 94.8981 5.349e-21 1.204e-20 4.6750000000000005e-20 0.0 44.63 0.0
S265893 42.6195 94.8834 4.7670000000000003e-20 8.364e-20 1.903e-19 0.0 44.56 0.0
S265894 42.8407 94.8658 1.782e-21 4.103e-21 1.732e-20 0.0 44.82 0.0
S265895 42.7665 94.8668 1.872e-23 6.431e-23 6.135999999999999e-22 0.0 44.77 0.0
S265896 42.6839 94.7699 7.125e-18 8.215e-18 7.712e-18 0.0 44.84 0.0
S265897 42.7931 94.8376 6.12e-19 8.47e-19 1.171e-18 0.0 44.9 0.0
S265898 42.7987 94.9686 3.15e-23 1.0339999999999998e-22 8.953999999999999e-22 0.0 44.29 0.0
S265899 42.776 94.8734 1.047e-16 9.29e-17 5.232e-17 0.0 44.84 0.0
S265900 42.7865 94.9488 4.231e-20 7.351e-20 1.626e-19 0.0 44.27 0.0
S265901 42.8104 94.9031 1.3460000000000002e-20 2.4940000000000002e-20 6.494000000000001e-20 0.001 44.6 0.0
S265902 42.7892 94.9833 1.654e-18 1.979e-18 2.126e-18 0.0 44.19 0.0
S265903 42.7823 94.7776 3.11e-16 2.623e-16 1.384e-16 0.0 44.98 0.0
S265904 42.7804 94.9124 3.162e-21 6.997e-21 2.6790000000000003e-20 0.0 44.26 0.0
S265905 42.8381 94.7985 5.726e-18 6.643e-18 6.516e-18 0.0 44.97 0.0
S265906 42.7199 94.9934 7.398e-19 9.931e-19 1.359e-18 0.0 44.24 0.0
S265907 42.7567 94.9402 6.36e-16 1.227e-15 3.38e-15 0.0 44.33 0.0
S265908 42.7275 94.8835 1.0219999999999999e-22 3.2939999999999997e-22 2.706e-21 0.0 44.6 0.0
S265909 42.786 94.906 7.55e-26 4.812e-25 1.634e-23 0.0 44.04 0.0
S265910 42.6911 95.1384 8.026e-19 1.088e-18 1.462e-18 0.0 44.09 0.0
S265911 42.7952 94.9043 5.355e-20 9.619000000000001e-20 2.285e-19 0.0 44.6 0.0
S265912 42.7772 94.9011 6.608e-22 1.495e-21 5.738e-21 0.0 44.57 0.0
S265913 42.7735 94.8928 8.533e-19 1.136e-18 1.496e-18 0.0 44.68 0.0
S265914 42.8982 94.6535 1.08e-20 7.643e-21 2.715e-21 0.0 45.0 0.0
S265915 42.6228 94.8083 1.159e-21 2.717e-21 1.1150000000000002e-20 0.0 44.77 0.0
S265916 42.752 94.894 1.3649999999999999e-22 3.431e-22 1.702e-21 0.0 44.61 0.0
S265917 42.8559 94.9347 3.345e-18 3.839e-18 3.572e-18 0.0 44.48 0.0
S265918 42.7827 94.9018 1.74e-21 4.078e-21 1.7450000000000002e-20 0.0 44.69 0.0
S265919 42.7865 94.9037 2.015e-17 1.969e-17 1.376e-17 0.0 44.67 0.0
S265920 42.7858 94.9144 1.57e-21 3.129e-21 9.244e-21 0.0 44.3 0.0
S265921 42.7839 94.9306 1.593e-19 2.454e-19 4.247e-19 0.0 44.32 0.0
S265922 42.4738 94.6043 9.149e-19 1.228e-18 1.586e-18 0.0 44.81 0.0
S265923 42.7795 94.876 6.66e-21 1.429e-20 4.9030000000000005e-20 0.0 44.8 0.0
S265924 42.9729 94.6927 9.275999999999998e-22 2.176e-21 9.144e-21 0.0 44.91 0.0
S265925 42.7397 94.9111 2.047e-17 2.12e-17 1.652e-17 0.0 44.47 0.0
S265926 42.9573 95.0696 2.717e-20 5.1360000000000007e-20 1.428e-19 0.0 44.34 0.0
S265927 42.7815 95.0945 1.418e-22 4.016e-22 2.474e-21 0.0 44.14 0.0
S265928 42.7798 94.838 4.768e-19 6.823e-19 1.036e-18 0.0 44.87 0.0
S265929 42.7636 94.912 4.845e-19 6.599e-19 9.069e-19 0.0 44.48 0.0
S265930 42.7795 94.8943 2.417e-16 1.991e-16 9.922e-17 0.0 44.77 0.0
S265931 42.8968 94.7942 3.091e-18 3.687e-18 3.955e-18 0.0 44.92 0.0
S265932 42.7779 94.9027 1.512e-18 2.065e-18 2.801e-18 0.0 44.3 0.0
S265933 42.8028 94.9166 3.304e-22 8.274999999999999e-22 3.971e-21 0.001 44.39 0.0
S265934 42.8024 94.9441 6.304e-21 1.3780000000000002e-20 4.9580000000000005e-20 0.0 44.36 0.0
S265935 42.8033 94.8802 2.816e-18 3.322e-18 3.386e-18 0.0 44.78 0.0
S265936 42.8351 94.8692 8.239000000000001e-20 1.277e-19 2.335e-19 0.0 44.83 0.0
S265937 42.7594 94.9678 1.055e-18 1.331e-18 1.577e-18 0.0 44.23 0.0
S265938 42.6642 94.8153 7.142999999999999e-23 2.2089999999999997e-22 1.691e-21 0.0 44.69 0.0
S265939 42.988 94.8785 2.224e-24 9.383e-24 1.3149999999999998e-22 0.0 44.68 0.0
S265940 42.8664 94.9043 3.082e-18 3.513e-18 3.296e-18 0.0 44.63 0.0
S265941 42.8356 94.9293 1.844e-21 4.025e-21 1.481e-20 0.0 44.47 0.0
S265942 42.8156 94.8257 2.005e-19 3.092e-19 5.575e-19 0.0 44.98 0.0
S265943 42.7654 95.2264 2.839e-21 6.546e-21 2.718e-20 0.0 44.05 0.0
S265944 42.7722 94.9946 1.261e-18 1.573e-18 1.788e-18 0.0 44.21 1.0
S265945 42.7774 94.906 7.036e-21 1.3920000000000002e-20 4.0750000000000005e-20 0.0 44.5 0.0
S265946 42.815 94.8815 7.794e-18 8.528e-18 7.034e-18 0.0 44.79 0.0
S265947 42.7438 94.8502 8.407e-24 3.939e-23 6.963e-22 0.0 44.77 0.0
S265948 42.809 94.985 8.887e-17 7.882e-17 4.457e-17 0.0 44.25 0.0
S265949 42.6642 94.8719 1.2570000000000001e-20 8.721e-21 3.038e-21 0.0 44.62 0.0
S265950 42.8023 94.8889 6.633e-21 1.3290000000000002e-20 4.091e-20 0.0 44.78 0.0
S265951 42.7526 94.5962 4.5490000000000007e-20 8.156e-20 1.971e-19 0.0 45.02 0.0
S265952 42.7078 94.9509 1.325e-20 9.074e-21 3.123e-21 0.0 44.34 0.0
S265953 42.8039 94.9627 1.018e-17 1.075e-17 8.395e-18 0.0 44.24 0.0
S265954 42.8537 94.9683 7.987e-21 1.6690000000000002e-20 5.471e-20 0.0 44.38 1.0
S265955 42.9584 94.8943 2.742e-23 9.005e-23 7.626999999999999e-22 0.0 44.64 0.0
S265956 42.785 94.8988 2.46e-21 5.897e-21 2.605e-20 0.0 44.75 0.0
S265957 42.6183 94.7055 2.216e-19 3.436e-19 6.076e-19 0.0 44.87 0.0
S265958 42.6471 94.8026 7.704e-19 1.066e-18 1.495e-18 0.0 44.75 0.0
S265959 42.7713 94.8151 9.575e-25 4.591e-24 8.688e-23 0.0 44.93 0.0
S265960 42.7786 94.9116 1.2600000000000002e-20 8.654e-21 3.008e-21 0.0 44.3 0.0
S265961 42.8085 94.8966 1.736e-17 1.839e-17 1.489e-17 0.0 44.71 0.0
S265962 42.7831 94.921 1.332e-20 2.6770000000000002e-20 8.093e-20 0.0 44.29 0.0
S265963 42.7733 94.9138 7.72e-23 2.242e-22 1.474e-21 0.0 44.37 0.0
S265964 42.8652 94.9349 1.28e-19 1.961e-19 3.42e-19 0.001 44.51 0.0
S265965 42.708 94.8074 8.358000000000001e-20 1.468e-19 3.474e-19 0.0 44.77 0.0
S265966 42.8589 94.8403 1.2260000000000001e-20 2.395e-20 7.243000000000001e-20 0.0 44.84 0.0
S265967 42.7012 94.9646 1.7459999999999998e-22 4.983999999999999e-22 3.197e-21 0.0 44.27 0.0
S265968 42.7894 94.9054 2.478e-22 6.829e-22 4.063e-21 0.0 44.19 0.0
S265969 42.7917 94.9137 2.089e-16 3.015e-16 4.762e-16 0.0 44.32 0.0
S265970 42.7846 94.8412 2.042e-18 2.571e-18 2.868e-18 0.0 44.91 0.0
S265971 42.8232 94.9005 1.125e-19 1.805e-19 3.573e-19 0.0 44.65 0.0
S265972 42.9337 94.647 6.706999999999999e-23 2.0479999999999998e-22 1.583e-21 0.0 45.01 0.0
S265973 42.7935 94.9136 1.836e-18 2.341e-18 2.819e-18 0.0 44.28 0.0
S265974 42.8398 94.8538 2.085e-15 1.654e-15 7.629e-16 0.0 44.82 0.0
S265975 42.8156 94.8806 1.127e-17 1.194e-17 9.787e-18 0.0 44.71 0.0
S265976 42.8232 94.9323 4.2620000000000004e-21 9.397e-21 3.643e-20 0.0 44.45 0.0
S265977 42.9611 94.8837 6.665e-18 7.862e-18 8.14e-18 0.0 44.69 0.0
S265978 42.7585 94.8879 1.175e-20 2.3470000000000003e-20 6.936000000000001e-20 0.0 44.65 0.0
S265979 42.8366 94.9189 3.783e-17 3.63e-17 2.347e-17 0.0 44.49 0.0
S265980 42.7515 94.7783 2.029e-20 3.6460000000000005e-20 8.832e-20 0.0 44.95 0.0
S265981 42.7094 94.8481 1.114e-18 1.369e-18 1.526e-18 0.0 44.71 0.0
S265982 42.8599 94.9601 5.459e-19 7.561e-19 1.054e-18 0.0 44.46 0.0
S265983 42.7854 94.8364 1.539e-17 1.635e-17 1.308e-17 0.001 44.92 0.0
S265984 42.7763 94.919 9.251e-17 1.275e-16 1.724e-16 0.0 44.31 0.0
S265985 42.678 95.0089 5.361e-12 4.776e-12 2.765e-12 0.0 44.3 1.0
S265986 42.7229 95.1189 2.325e-20 4.264e-20 1.118e-19 0.0 44.13 0.0
S265987 42.8353 94.9289 3.828e-17 3.612e-17 2.302e-17 0.0 44.48 0.0
S265988 42.7862 94.9266 8.25e-16 7.297e-16 4.127e-16 0.0 44.31 0.0
S265989 42.8817 95.022 9.589e-18 1.023e-17 8.506e-18 0.0 44.35 0.0
S265990 42.3559 95.0664 1.4720000000000002e-20 2.5540000000000003e-20 5.92e-20 0.0 44.35 0.0
S265991 42.7812 94.915 2.641e-19 3.96e-19 6.45e-19 0.0 44.36 0.0
S265992 42.8803 95.0552 2.068e-19 3.364e-19 6.582e-19 0.0 44.26 0.0
S265993 42.6965 94.9774 4.504e-18 5.56e-18 6.174e-18 0.0 44.27 0.0
S265994 42.709 94.8847 1.062e-17 1.085e-17 8.388e-18 0.0 44.58 0.0
S265995 42.7695 94.8772 1.597e-19 2.544e-19 4.831e-19 0.0 44.73 0.0
S265996 42.8146 94.8915 1.8829999999999997e-22 5.010999999999999e-22 2.683e-21 0.0 44.74 0.0
S265997 42.77 94.795 4.128e-19 5.872e-19 9.057e-19 0.0 44.89 0.0
S265998 42.7494 94.9079 1.184e-17 1.222e-17 9.439e-18 0.0 44.45 0.0
S265999 42.8479 94.9448 1.844e-23 6.089e-23 5.112999999999999e-22 0.0 44.43 0.0
S266000 42.8062 94.8921 1.729e-20 3.327e-20 9.674e-20 0.0 44.69 0.0
S266001 42.6572 95.0976 4.545e-18 5.323e-18 5.344e-18 0.0 44.17 0.0
S266002 42.7756 94.9188 4.573e-24 1.725e-23 2.0329999999999998e-22 0.0 44.38 0.0
S266003 42.7651 94.8786 4.265e-22 1.068e-21 5.239e-21 0.0 44.76 0.0
S266004 42.8972 95.2232 1.0149999999999999e-22 3.0109999999999997e-22 2.056e-21 0.0 44.19 0.0
S266005 42.771 94.913 1.555e-21 4.235e-21 2.5010000000000002e-20 0.0 44.45 0.0
S266006 42.7152 95.0077 9.204e-21 1.688e-20 4.222e-20 0.0 44.22 0.0
S266007 42.7874 94.8848 1.554e-15 1.474e-15 9.233e-16 0.0 44.83 0.0
S266008 42.7708 94.9118 2.038e-18 2.606e-18 3.053e-18 0.0 44.43 0.0
S266009 42.9256 95.0338 4.254999999999999e-22 9.441e-22 3.542e-21 0.0 44.34 0.0
S266010 42.7827 94.9033 1.185e-19 1.868e-19 3.377e-19 0.0 44.58 0.0
S266011 42.8303 94.8488 1.408e-24 6.341e-24 1.032e-22 0.0 44.89 0.0
S266012 42.5814 94.5858 1.029e-19 1.779e-19 3.947e-19 0.0 44.9 0.0
S266013 42.6924 94.9481 1.7680000000000003e-20 3.424e-20 9.407e-20 0.0 44.36 0.0
S266014 42.7588 94.9051 1.275e-20 2.5610000000000003e-20 7.643000000000001e-20 0.0 44.53 0.0
S266015 42.9826 95.0524 3.167e-19 4.797e-19 8.26e-19 0.0 44.44 0.0
S266016 42.7845 95.0851 6.81e-18 7.573e-18 6.76e-18 0.0 44.17 0.0
S266017 42.7388 95.0887 4.189e-19 5.991e-19 9.205e-19 0.0 44.14 0.0
S266018 42.7788 94.889 3.516e-17 3.406e-17 2.297e-17 0.0 44.78 0.0
S266019 42.7893 94.9303 2.345e-22 6.177e-22 3.356e-21 0.0 44.3 0.0
S266020 42.6793 94.8967 2.7869999999999996e-22 8.524e-22 6.18e-21 0.0 44.52 0.0
S266021 42.755 95.136 3.47e-17 3.345e-17 2.284e-17 0.0 44.13 0.0
S266022 42.7641 94.9254 6.84e-19 9.595e-19 1.394e-18 0.0 44.37 1.0
S266023 42.6842 94.9589 6.401e-13 4.18e-13 1.299e-13 0.0 44.33 0.0
S266024 42.8466 94.9401 9.184e-17 7.999e-17 4.401e-17 0.0 44.46 0.0
S266025 42.6695 94.9104 1.3099999999999999e-23 5.2439999999999997e-23 6.834999999999999e-22 0.0 44.47 0.0
S266026 42.7569 94.9995 5.301e-21 1.0550000000000001e-20 3.2760000000000003e-20 0.0 44.18 0.0
S266027 42.785 94.886 9.446e-19 1.163e-18 1.336e-18 0.0 44.89 0.0
S266028 42.8886 94.9183 1.2349999999999999e-22 3.557e-22 2.231e-21 0.0 44.62 0.0
S266029 42.7818 94.787 6.042e-17 6.063e-17 4.46e-17 0.0 45.0 0.0
S266030 42.6926 94.8734 1.342e-16 1.194e-16 6.888e-17 0.0 44.64 0.0
S266031 42.6057 95.1608 8.965999999999999e-23 2.74e-22 2.0120000000000002e-21 0.0 44.13 0.0
S266032 42.7906 94.9086 9.221e-21 2.056e-20 7.58e-20 0.0 44.2 0.0
S266033 42.638 94.6598 1.1950000000000001e-20 8.429e-21 2.912e-21 0.0 44.84 0.0
S266034 42.8101 94.9338 7.273e-17 6.685e-17 4.161e-17 0.0 44.39 0.0
S266035 42.7662 94.898 1.88e-17 1.928e-17 1.525e-17 0.0 44.62 0.0
S266036 42.7972 94.9169 1.229e-17 1.315e-17 1.12e-17 0.0 44.38 0.0
S266037 42.8051 95.0006 5.253e-18 6.101e-18 5.995e-18 0.0 44.21 0.0
S266038 42.8173 94.9393 4.6550000000000005e-20 8.502e-20 2.077e-19 0.0 44.38 0.0
S266039 42.8482 94.9834 1.171e-21 2.738e-21 1.132e-20 0.0 44.3 0.0
S266040 42.7979 94.9229 2.2860000000000002e-20 3.884e-20 8.579e-20 0.0 44.3 0.0
S266041 42.779 94.8923 8.506999999999999e-22 1.984e-21 8.074e-21 0.0 44.77 0.0
S266042 42.7475 94.9927 3.89e-22 9.877999999999999e-22 4.92e-21 0.0 44.15 0.0
S266043 42.7915 94.8677 1.155e-16 9.921e-17 5.219e-17 0.0 44.83 0.0
S266044 42.8453 94.9116 3.086e-19 4.243e-19 5.783e-19 0.0 44.59 0.0
S266045 42.7268 94.9627 2.84e-16 2.442e-16 1.347e-16 0.0 44.27 0.0
S266046 42.7913 95.0596 3.9139999999999995e-22 1.102e-21 6.662e-21 0.0 44.12 0.0
S266047 42.7746 94.9138 6.918e-20 1.162e-19 2.446e-19 0.0 44.37 0.0
S266048 42.8075 94.9302 4.533e-19 6.706e-19 1.078e-18 0.0 44.38 0.0
S266049 42.9082 94.8333 1.689e-19 2.679e-19 5.197e-19 0.001 44.8 0.0
S266050 42.7333 94.7654 2.0919999999999998e-22 5.3259999999999995e-22 2.727e-21 0.0 44.88 0.0
S266051 42.785 94.8584 2.458e-19 3.71e-19 6.493e-19 0.0 44.83 0.0
S266052 42.7489 95.0225 3.116e-19 4.614e-19 7.498e-19 0.001 44.17 0.0
S266053 42.7913 94.9001 2.045e-21 4.427e-21 1.546e-20 0.001 44.75 0.0
S266054 42.8785 94.9501 1.795e-20 3.388e-20 8.72e-20 0.0 44.46 0.0
S266055 42.6869 95.023 1.3210000000000001e-21 2.9e-21 1.0710000000000001e-20 0.0 44.26 0.0
S266056 42.803 94.9441 4.011e-19 5.516e-19 7.966e-19 0.001 44.31 1.0
S266057 42.7858 94.9071 1.34e-19 2.047e-19 3.587e-19 0.0 44.25 0.0
S266058 42.8364 94.9622 8.745999999999999e-23 2.4079999999999996e-22 1.4e-21 0.0 44.36 0.0
S266059 42.8665 94.7796 3.4659999999999997e-23 1.068e-22 8.026999999999999e-22 0.0 44.99 0.0
S266060 42.8147 94.8357 1.0150000000000001e-21 2.522e-21 1.1810000000000001e-20 0.0 44.92 0.0
S266061 42.7962 94.8892 2.667e-19 4.283e-19 8.296e-19 0.0 44.84 0.0
S266062 42.8169 94.7792 1.466e-15 1.368e-15 8.593e-16 0.0 45.0 0.0
S266063 42.4089 94.9739 5.264e-21 1.094e-20 3.629e-20 0.0 44.46 0.0
S266064 42.7523 94.9596 2.729e-19 4.051e-19 6.698e-19 0.0 44.22 0.0
S266065 42.7123 94.8648 1.1149999999999999e-23 3.8199999999999996e-23 3.6439999999999998e-22 0.001 44.7 0.0
S266066 42.6847 94.9125 9.387e-22 2.3690000000000002e-21 1.1390000000000002e-20 0.0 44.47 0.0
S266067 42.8097 94.9392 1.3550000000000001e-20 9.41e-21 3.212e-21 0.0 44.36 0.0
S266068 43.12 95.1157 3.294e-23 1.072e-22 8.936e-22 0.0 44.4 0.0
S266069 42.7826 94.9537 7.02e-27 5.803000000000001e-26 3.562e-24 0.0 44.27 0.0
S266070 42.7799 94.8883 7.61e-21 1.529e-20 4.803e-20 0.0 44.73 0.0
S266071 42.5551 94.8465 6.387e-23 2.0099999999999998e-22 1.607e-21 0.0 44.59 0.0
S266072 42.8086 94.8947 1.9139999999999998e-22 5.551e-22 3.684e-21 0.0 44.72 0.0
S266073 42.7466 94.7744 8.561999999999999e-23 2.437e-22 1.571e-21 0.0 44.93 0.0
S266074 42.7662 94.8395 3.408e-20 6.152e-20 1.497e-19 0.0 44.88 0.0
S266075 42.7967 94.9056 3.379e-19 4.874e-19 7.427e-19 0.0 44.6 0.0
S266076 42.8641 94.9745 7.815e-24 3.12e-23 4.12e-22 0.0 44.32 0.0
S266077 42.7827 94.9009 1.786e-12 1.216e-12 4.109e-13 0.0 44.86 0.0
S266078 42.7639 94.8917 1.8129999999999998e-22 4.526e-22 2.237e-21 0.001 44.64 0.0
S266079 42.7976 94.8905 2.119e-19 3.295e-19 5.659e-19 0.0 44.84 0.0
S266080 42.7788 94.8553 7.419e-20 1.136e-19 2.006e-19 0.0 44.84 0.0
S266081 42.8196 94.9419 2.399e-21 5.5820000000000004e-21 2.2790000000000002e-20 0.0 44.4 0.0
S266082 42.8362 94.9253 2.4100000000000003e-20 4.5080000000000006e-20 1.193e-19 0.0 44.49 0.0
S266083 42.8136 94.8533 1.488e-20 1.004e-20 3.455e-21 0.0 44.9 0.0
S266084 42.7522 94.9207 1.098e-18 1.46e-18 1.911e-18 0.0 44.42 0.0
S266085 42.8191 94.8682 6.955e-21 1.466e-20 4.914e-20 0.0 44.8 0.0
S266086 42.9044 95.0956 5.352e-19 7.421e-19 1.082e-18 0.0 44.24 0.0
S266087 42.8157 94.7344 1.254e-21 2.911e-21 1.235e-20 0.0 45.04 0.0
S266088 42.6436 95.2382 3.415e-21 7.486e-21 2.761e-20 0.0 44.13 0.0
S266089 42.7544 94.8941 1.635e-18 1.983e-18 2.152e-18 0.0 44.58 0.0
S266090 42.6475 94.9261 1.782e-19 2.902e-19 5.593e-19 0.0 44.43 0.0
S266091 42.7682 94.9987 6.337000000000001e-20 1.098e-19 2.495e-19 0.0 44.15 0.0
S266092 42.9298 95.0308 5.58e-18 6.106e-18 5.314e-18 0.0 44.35 0.0
S266093 42.7267 94.9118 2.384e-21 5.731e-21 2.5100000000000003e-20 0.0 44.47 0.0
S266094 42.7569 94.9703 9.96e-24 3.383e-23 3.08e-22 0.0 44.27 0.0
S266095 42.8583 94.8399 3.037e-20 5.23e-20 1.158e-19 0.0 44.9 0.0
S266096 42.7935 94.9116 5.692000000000001e-20 1.012e-19 2.323e-19 0.0 44.44 0.0
S266097 42.7696 94.8401 6.743999999999999e-22 1.7860000000000002e-21 9.803e-21 0.0 44.9 0.0
S266098 42.7957 95.0096 6.691e-18 7.301e-18 6.458e-18 0.0 44.12 0.0
S266099 42.8759 94.8548 2.142e-12 1.466e-12 4.967e-13 0.0 44.81 0.0
S266100 42.8893 94.989 7.012999999999999e-22 1.664e-21 7.112e-21 0.0 44.4 0.0
S266101 42.6809 94.7194 3.6960000000000004e-20 6.864000000000001e-20 1.828e-19 0.0 44.92 0.0
S266102 42.8628 95.167 5.792e-16 4.394e-16 1.884e-16 0.0 44.24 1.0
S266103 42.7471 94.8988 1.092e-20 7.728e-21 2.7730000000000002e-21 0.0 44.56 0.0
S266104 42.808 94.937 4.689e-21 9.811e-21 3.3910000000000005e-20 0.0 44.39 0.0
S266105 42.9074 94.93 9.616e-17 8.301e-17 4.468e-17 0.0 44.59 0.0
S266106 42.7527 94.9779 1.006e-20 2.081e-20 6.739e-20 0.0 44.23 0.0
S266107 42.7327 94.7198 9.216e-19 1.204e-18 1.502e-18 0.0 44.93 0.0
S266108 42.6492 94.9126 5.1790000000000005e-20 8.786000000000001e-20 1.894e-19 0.0 44.51 0.0
S266109 42.8225 94.9783 3.0940000000000002e-21 6.739e-21 2.491e-20 0.0 44.31 0.0
S266110 42.7916 95.0602 7.914e-16 9.663e-16 1.018e-15 0.0 44.14 0.0
S266111 42.7713 94.9165 1.7410000000000002e-20 3.159e-20 8.043000000000001e-20 0.0 44.34 0.0
S266112 42.8287 94.8299 6.332e-17 5.708e-17 3.264e-17 0.0 44.96 0.0
S266113 42.8334 94.9938 5.638e-24 2.109e-23 2.426e-22 0.0 44.22 0.0
S266114 42.7046 94.968 7.876e-16 6.165e-16 2.68e-16 0.0 44.33 1.0
S266115 42.8219 94.8015 1.936e-16 2.664e-16 3.596e-16 0.0 45.01 0.0
S266116 42.7583 94.9828 4.882e-16 4.129e-16 2.041e-16 0.0 44.18 0.0
S266117 42.7589 94.8992 3.1579999999999996e-22 7.972e-22 3.901e-21 0.0 44.57 0.0
S266118 42.8328 94.8808 2.04e-21 4.961e-21 2.201e-20 0.0 44.89 0.0
S266119 42.7284 94.9386 2.433e-17 2.538e-17 1.926e-17 0.0 44.34 0.0
S266120 42.8261 94.8892 6.089e-19 7.992e-19 1.032e-18 0.0 44.88 0.0
S266121 42.7708 94.8625 2.691e-20 4.9110000000000004e-20 1.279e-19 0.0 44.82 0.0
S266122 42.7195 94.9157 1.834e-16 1.52e-16 7.347e-17 0.0 44.46 0.0
S266123 42.7895 94.8749 2.43e-17 2.479e-17 1.822e-17 0.0 44.76 0.0
S266124 42.7744 94.9646 5.1660000000000005e-20 8.897e-20 1.993e-19 0.0 44.21 0.0
S266125 42.8222 94.8222 4.266e-12 3.249e-12 1.382e-12 0.0 44.99 1.0
S266126 42.8068 94.9292 4.891e-21 1.097e-20 4.2620000000000004e-20 0.0 44.41 0.0
S266127 42.8392 94.891 3.726e-21 7.588e-21 2.4660000000000002e-20 0.0 44.78 0.0
S266128 42.7346 94.8803 6.216000000000001e-20 1.098e-19 2.491e-19 0.0 44.85 0.0
S266129 42.7877 94.8301 4.182e-15 1.106e-14 5.915e-14 0.0 44.96 0.0
S266130 42.7817 94.8312 7.564999999999999e-22 1.915e-21 9.598e-21 0.0 44.95 0.0
S266131 42.7236 94.8607 1.3290000000000002e-20 2.714e-20 8.506000000000001e-20 0.0 44.67 0.0
S266132 42.7519 94.929 2.917e-16 2.397e-16 1.183e-16 0.0 44.33 0.0
S266133 42.7407 94.8896 1.473e-16 1.326e-16 7.842e-17 0.0 44.6 0.0
S266134 42.8347 94.9272 4.3e-17 4.342e-17 3.235e-17 0.0 44.28 0.0
S266135 42.7025 94.8603 6.809e-23 2.116e-22 1.5560000000000001e-21 0.0 44.74 0.0
S266136 42.7744 94.9387 6.019e-17 5.701e-17 3.577e-17 0.0 44.33 0.0
S266137 42.8506 94.8534 1.2360000000000001e-20 8.643e-21 3.036e-21 0.0 44.84 0.0
S266138 42.7738 94.9254 7.395e-22 1.794e-21 8.226e-21 0.0 44.32 0.0
S266139 42.7271 94.9186 9.323e-17 1.303e-16 1.905e-16 0.0 44.28 0.0
S266140 42.8153 94.8566 5.872e-12 4.178e-12 1.574e-12 0.0 44.86 0.0
S266141 42.7184 94.9039 9.955e-23 3.1429999999999996e-22 2.545e-21 0.0 44.44 0.0
S266142 42.8321 94.9132 2.969e-23 9.136999999999999e-23 6.628999999999999e-22 0.0 44.57 0.0
S266143 42.7847 94.9084 3.2480000000000003e-20 5.758e-20 1.403e-19 0.0 44.53 0.0
S266144 42.8045 94.8819 1.258e-16 1.077e-16 5.817e-17 0.0 44.74 0.0
S266145 42.8085 94.8623 1.27e-18 1.581e-18 1.841e-18 0.0 44.81 0.0
S266146 42.7927 94.913 1.097e-23 4.2419999999999995e-23 5.278999999999999e-22 0.0 44.49 0.0
S266147 42.8624 94.9261 3.622e-19 5.094e-19 7.605e-19 0.0 44.49 0.0
S266148 42.8057 94.892 6.642e-18 7.304e-18 6.223e-18 0.0 44.65 0.0
S266149 42.797 94.9022 2.737e-17 2.641e-17 1.779e-17 0.0 44.57 0.0
S266150 42.7844 94.9254 6.549e-16 5.377e-16 2.538e-16 0.0 44.47 0.0
S266151 42.7983 94.8807 3.162e-19 4.742e-19 7.98e-19 0.0 44.85 0.0
S266152 42.7748 94.858 2.463e-17 2.614e-17 2.219e-17 0.0 44.82 0.0
S266153 42.7123 94.9153 3.318e-20 5.807e-20 1.309e-19 0.0 44.44 0.0
S266154 42.792 94.8447 8.742e-19 1.151e-18 1.443e-18 0.0 44.9 0.0
S266155 42.8116 94.9643 2.582e-12 2.063e-12 9.719e-13 0.0 44.3 1.0
S266156 42.78 94.9056 1.843e-20 3.583e-20 1.045e-19 0.0 44.55 0.0
S266157 42.7476 94.8375 2.857e-16 3.608e-16 4.234e-16 0.0 44.84 0.0
S266158 42.7485 94.9929 2.391e-18 2.832e-18 2.803e-18 0.0 44.17 0.0
S266159 42.7956 94.9543 1.7690000000000003e-26 1.31e-25 6.037e-24 0.0 44.19 0.0
S266160 42.8395 94.9662 5.182e-18 5.91e-18 5.589e-18 0.001 44.35 0.0
S266161 42.7896 94.8668 1.005e-21 2.494e-21 1.1590000000000001e-20 0.0 44.83 0.0
S266162 42.7743 94.964 1.273e-16 1.146e-16 6.657e-17 0.0 44.24 0.0
S266163 42.7626 94.8756 2.432e-19 3.707e-19 6.271e-19 0.0 44.71 0.0
S266164 42.7315 94.9489 9.058e-21 1.7450000000000002e-20 4.933e-20 0.0 44.15 0.0
S266165 42.7283 94.9171 1.271e-17 1.317e-17 1.008e-17 0.0 44.44 0.0
S266166 42.7309 94.8989 1.134e-23 3.9239999999999996e-23 3.801e-22 0.0 44.55 0.0
S266167 42.7695 94.8483 2.692e-19 4.04e-19 6.814e-19 0.0 44.92 0.0
S266168 42.7862 94.9765 5.552e-19 7.649e-19 1.09e-18 0.0 44.18 0.0
S266169 42.7831 94.9511 5.235e-12 3.882e-12 1.518e-12 0.0 44.34 0.0
S266170 42.6748 94.9422 2.288e-16 2.381e-16 1.837e-16 0.0 44.36 0.0
S266171 42.7506 94.8507 8.405999999999999e-22 2.02e-21 9.359e-21 0.001 44.8 0.0
S266172 42.854 94.9304 1.08e-21 2.887e-21 1.583e-20 0.0 44.52 0.0
S266173 42.818 94.9005 3.514e-23 1.0539999999999999e-22 7.345999999999999e-22 0.0 44.79 0.0
S266174 42.7383 94.9176 7.905e-21 5.894e-21 2.355e-21 0.001 44.43 0.0
S266175 42.7573 94.8116 2.639e-16 2.238e-16 1.189e-16 0.0 44.95 0.0
S266176 42.8203 94.8348 7.284e-21 1.528e-20 5.1990000000000006e-20 0.0 44.96 0.0
S266177 42.7854 94.8421 2.219e-17 1.967e-17 1.108e-17 0.0 44.89 0.0
S266178 42.7732 94.9029 7.694e-21 1.4860000000000002e-20 4.2950000000000005e-20 0.0 44.59 0.0
S266179 42.773 94.8777 5.473e-21 1.1410000000000001e-20 3.8250000000000006e-20 0.0 44.84 0.0
S266180 42.8752 94.8434 1.405e-21 3.1300000000000002e-21 1.2530000000000002e-20 0.0 44.9 0.0
S266181 42.7452 94.916 3.3700000000000005e-20 6.202000000000001e-20 1.599e-19 0.0 44.42 0.0
S266182 42.7733 94.9262 6.541e-17 6.006e-17 3.618e-17 0.0 44.35 0.0
S266183 42.7658 94.8739 3.215e-16 4.181e-16 5.26e-16 0.0 44.76 0.0
S266184 42.7506 94.8597 9.081e-22 2.114e-21 8.54e-21 0.0 44.82 0.0
S266185 42.7875 94.8345 9.285000000000001e-20 1.503e-19 2.913e-19 0.0 44.87 0.0
S266186 42.7863 94.8971 8.140999999999999e-22 2.053e-21 1.0030000000000001e-20 0.0 44.66 0.0
S266187 42.788 94.93 3.804e-16 4.854e-16 5.614e-16 0.001 44.38 0.0
S266188 42.7522 94.9127 5.367e-17 7.807e-17 1.249e-16 0.0 44.48 0.0
S266189 42.8745 94.8939 1.006e-18 1.405e-18 1.939e-18 0.0 44.7 0.0
S266190 42.7421 94.9588 2.6449999999999995e-22 7.454e-22 4.736e-21 0.0 44.22 0.0
S266191 42.7745 94.9229 2.003e-16 1.755e-16 9.951e-17 0.0 44.3 0.0
S266192 42.7851 94.8661 1.466e-18 1.848e-18 2.135e-18 0.0 44.81 0.0
S266193 42.8298 94.8984 9.333e-18 9.584e-18 7.615e-18 0.001 44.8 0.0
S266194 42.7842 94.9253 1.484e-23 4.898e-23 4.1179999999999997e-22 0.0 44.34 0.0
S266195 42.7489 94.8612 1.776e-17 1.723e-17 1.204e-17 0.0 44.81 0.0
S266196 42.866 94.9614 5.021e-17 4.635e-17 2.778e-17 0.0 44.37 0.0
S266197 42.8717 94.844 4.317e-18 5.082e-18 5e-18 0.0 44.96 0.0
S266198 42.7469 94.9062 4.529e-22 1.256e-21 7.312000000000001e-21 0.0 44.54 0.0
S266199 42.8111 94.8434 5.563e-21 1.1500000000000001e-20 3.7220000000000005e-20 0.0 44.91 0.0
S266200 42.8255 94.8838 9.338e-21 6.71e-21 2.462e-21 0.0 44.71 0.0
S266201 42.7321 94.9037 5.21e-23 1.696e-22 1.462e-21 0.001 44.25 0.0
S266202 42.8224 94.9094 4.485e-17 4.318e-17 2.919e-17 0.0 44.62 0.0
S266203 42.8541 94.8903 7.18e-17 6.783e-17 4.462e-17 0.0 44.82 0.0
S266204 42.7556 94.8391 2.784e-18 3.291e-18 3.507e-18 0.0 44.79 0.0
S266205 42.8052 94.8898 2.565e-19 3.911e-19 6.732e-19 0.0 44.75 0.0
S266206 42.8126 94.9199 1.097e-16 9.815e-17 5.827e-17 0.0 44.39 0.0
S266207 42.8535 94.9664 9.477e-19 1.238e-18 1.535e-18 0.0 44.27 0.0
S266208 42.7669 94.873 8.099e-17 7.599e-17 4.741e-17 0.001 44.9 0.0
S266209 42.8849 94.8903 1.552e-20 3.0180000000000005e-20 8.659e-20 0.0 44.67 0.0
S266210 42.795 94.8341 3.047e-19 4.535e-19 7.126e-19 0.0 44.9 0.0
S266211 42.8112 94.9201 6.426e-23 1.8909999999999998e-22 1.296e-21 0.0 44.36 0.0
S266212 42.8066 94.9501 1.35e-18 1.738e-18 2.095e-18 0.001 44.32 0.0
S266213 42.751 94.8888 1.311e-22 3.9239999999999996e-22 2.855e-21 0.0 44.67 0.0
S266214 42.771 94.9147 1.695e-21 4.064e-21 1.764e-20 0.0 44.35 0.0
S266215 42.784 94.8912 3.607e-16 3.92e-16 3.371e-16 0.0 44.81 0.0
S266216 42.8165 94.8774 1.865e-21 4.188e-21 1.614e-20 0.0 44.77 0.0
S266217 42.8095 94.7665 1.226e-16 1.506e-16 1.671e-16 0.0 45.02 0.0
S266218 42.7357 94.954 1.446e-20 9.842e-21 3.312e-21 0.0 44.28 0.0
S266219 42.7762 94.8976 3.6e-16 3.231e-16 1.824e-16 0.0 44.61 0.0
S266220 42.7843 94.8751 2.614e-18 2.993e-18 2.882e-18 0.0 44.83 0.0
S266221 42.7672 94.8839 6.586e-16 6.789e-16 5.319e-16 0.0 44.75 0.0
S266222 42.8405 94.8448 6.472e-20 1.071e-19 2.186e-19 0.0 44.83 0.0
S266223 42.7683 94.9632 5.348e-23 1.641e-22 1.262e-21 0.0 44.2 0.0
S266224 42.7448 94.8683 4.3560000000000006e-20 7.516000000000001e-20 1.658e-19 0.0 44.68 0.0
S266225 42.7792 94.8624 5.836e-21 1.0960000000000002e-20 2.816e-20 0.0 44.86 0.0
S266226 42.7216 94.8264 1.2e-21 2.534e-21 8.566e-21 0.0 44.78 0.0
S266227 42.7785 94.9122 7.366e-16 5.695e-16 2.524e-16 0.0 44.32 0.0
S266228 42.8612 94.8576 1.516e-16 1.323e-16 7.411e-17 0.0 44.88 0.0
S266229 42.8305 94.8068 3.103e-16 3.944e-16 4.743e-16 0.0 44.91 0.0
S266230 42.8175 94.8623 6.375e-16 7.294e-16 6.885e-16 0.0 44.74 0.0
S266231 42.6991 94.8842 2.54e-16 2.096e-16 1.035e-16 0.0 44.55 0.0
S266232 42.7865 94.937 9.376e-16 8.96e-16 5.896e-16 0.0 44.36 0.0
S266233 42.7063 94.9183 1.499e-15 1.439e-15 9.245e-16 0.0 44.36 0.0
S266234 42.7715 94.8711 3.606e-18 4.022e-18 3.518e-18 0.0 44.76 0.0
S266235 42.7972 94.9226 1.27e-18 1.574e-18 1.821e-18 0.0 44.34 0.0
S266236 42.7825 94.9025 2.592e-16 3.714e-16 5.629e-16 0.0 44.59 0.0
S266237 42.8232 94.7726 7.991e-21 1.59e-20 4.9920000000000006e-20 0.0 45.01 0.0
S266238 42.854 94.9635 2.6450000000000002e-20 4.9310000000000005e-20 1.287e-19 0.0 44.39 0.0
S266239 42.7635 94.8884 1.2020000000000001e-20 2.3550000000000002e-20 6.657e-20 0.0 44.63 0.0
S266240 42.6931 94.9235 1.977e-19 2.869e-19 4.429e-19 0.0 44.42 0.0
S266241 42.7993 94.8098 1.796e-18 2.173e-18 2.391e-18 0.0 44.93 0.0
S266242 42.8336 94.9341 1.946e-20 3.767e-20 1.077e-19 0.0 44.46 0.0
S266243 42.8847 94.9208 4.808e-21 1.0170000000000001e-20 3.525e-20 0.0 44.57 0.0
S266244 42.819 94.9388 6.247e-19 8.4e-19 1.158e-18 0.0 44.36 0.0
S266245 42.818 94.9444 1.985e-18 2.508e-18 2.826e-18 0.001 44.25 0.0
S266246 42.7855 94.9599 1.2639999999999998e-22 3.786e-22 2.712e-21 0.0 44.27 0.0
S266247 42.7907 94.8549 2.846e-18 3.41e-18 3.554e-18 0.0 44.88 0.0
S266248 42.8008 94.8981 7.001e-16 5.285e-16 2.189e-16 0.0 44.64 1.0
S266249 42.8271 94.979 1.954e-25 1.125e-24 3.218e-23 0.0 44.17 0.0
S266250 42.7571 94.8296 7.045e-17 6.392e-17 3.873e-17 0.0 44.86 0.0
S266251 42.7514 94.8967 9.295e-17 8.214e-17 4.667e-17 0.0 44.59 0.0
S266252 42.6646 94.8386 1.042e-15 8.921e-16 4.765e-16 0.0 44.65 0.0
S266253 42.8479 94.9409 1.136e-18 1.464e-18 1.771e-18 0.0 44.43 0.0
S266254 42.8216 94.9037 9.923e-22 2.51e-21 1.2340000000000002e-20 0.0 44.61 0.0
S266255 42.7096 94.973 5.476e-12 4.176e-12 1.75e-12 0.0 44.29 1.0
S266256 42.7474 94.963 2.325e-16 1.92e-16 9.835e-17 0.0 44.27 0.0
S266257 42.8003 94.8526 2.785e-19 4.007e-19 6.08e-19 0.0 44.89 0.0
S266258 42.8521 94.9182 3.414e-17 3.346e-17 2.252e-17 0.0 44.51 0.0
S266259 42.8293 94.9668 2.138e-18 2.669e-18 3.033e-18 0.0 44.29 0.0
S266260 42.7905 94.9673 1.529e-15 1.313e-15 6.907e-16 0.0 44.3 0.0
S266261 42.7379 94.9398 2.731e-17 2.672e-17 1.876e-17 0.0 44.34 0.0
S266262 42.7946 94.868 8.31e-17 7.701e-17 4.857e-17 0.0 44.87 0.0
S266263 42.8284 94.9603 4.8390000000000007e-20 8.258000000000001e-20 1.845e-19 0.0 44.31 0.0
S266264 42.8692 94.9056 2.121e-17 2.277e-17 1.852e-17 0.0 44.63 0.0
S266265 42.7728 94.8785 1.182e-21 2.891e-21 1.3500000000000001e-20 0.0 44.73 0.0
S266266 42.7941 94.9613 4.98e-18 5.41e-18 4.745e-18 0.0 44.22 0.0
S266267 42.7831 94.8967 5.579e-16 4.677e-16 2.43e-16 0.0 44.63 0.0
S266268 42.8093 94.9333 1.4330000000000003e-20 9.683e-21 3.163e-21 0.0 44.26 0.0
S266269 42.8174 94.8431 1.31e-17 1.432e-17 1.222e-17 0.0 44.93 0.0
S266270 42.7641 94.941 1.27e-17 1.387e-17 1.164e-17 0.0 44.27 0.0
S266271 42.7688 94.9453 2.857e-19 4.428e-19 7.768e-19 0.0 44.32 0.0
S266272 42.7932 94.8587 3.149e-21 6.81e-21 2.401e-20 0.0 44.91 0.0
S266273 42.8108 94.8662 9.997e-19 1.33e-18 1.694e-18 0.0 44.85 0.0
S266274 42.7601 94.9621 1.974e-17 1.988e-17 1.408e-17 0.0 44.27 0.0
S266275 42.8052 94.8654 1.007e-21 2.297e-21 8.857e-21 0.0 44.86 0.0
S266276 42.7492 94.9608 1.8310000000000002e-20 3.2820000000000004e-20 8.269000000000001e-20 0.0 44.24 0.0
S266277 42.8057 94.8871 1.378e-19 2.124e-19 3.857e-19 0.0 44.82 0.0
S266278 42.7503 94.9862 5.913e-17 5.77e-17 3.889e-17 0.0 44.18 0.0
S266279 42.7509 94.9391 3.974e-17 3.902e-17 2.724e-17 0.0 44.32 0.0
S266280 42.7651 94.9217 7.713e-18 8.917e-18 8.52e-18 0.0 44.4 0.0
S266281 42.7648 94.9579 2.635e-21 5.664e-21 1.9410000000000002e-20 0.0 44.28 0.0
S266282 42.743 94.9779 2.007e-17 1.938e-17 1.331e-17 0.0 44.22 0.0
S266283 42.8341 94.8441 2.4519999999999996e-22 6.912999999999999e-22 4.328e-21 0.0 44.88 0.0
S266284 42.8012 94.869 3.167e-17 3.076e-17 2.043e-17 0.0 44.87 0.0
S266285 42.7626 94.9519 2.333e-12 1.648e-12 5.915e-13 0.0 44.29 0.0
S266286 42.7662 94.9441 2.468e-19 3.632e-19 5.556e-19 0.0 44.28 0.0
S266287 42.7777 94.9362 9.437e-17 8.24e-17 4.539e-17 0.0 44.29 0.0
S266288 42.7698 94.9509 2.466e-17 2.53e-17 1.861e-17 0.0 44.24 0.0
S266289 42.7612 94.97 3.015e-17 2.917e-17 1.978e-17 0.0 44.26 0.0
S266290 42.8157 94.8213 1.69e-12 1.942e-12 1.881e-12 0.0 44.96 0.0
S266291 42.7634 94.9502 4.033e-23 1.277e-22 1.013e-21 0.0 44.25 0.0
S266292 42.8244 94.8415 1.054e-21 2.501e-21 1.1100000000000001e-20 0.0 44.92 0.0
S266293 42.8104 94.8503 2.768e-18 3.431e-18 3.903e-18 0.0 44.87 0.0
S266294 42.8117 94.8479 5.0639999999999995e-23 1.4419999999999998e-22 9.459999999999999e-22 0.0 44.91 0.0
S266295 42.7593 94.9737 3.582e-12 2.508e-12 8.707e-13 0.0 44.24 0.0
S266296 42.7613 94.9792 1.0650000000000001e-20 2.2480000000000002e-20 7.720000000000001e-20 0.0 44.18 0.0
S266297 42.8003 94.8528 8.945e-18 1.013e-17 9.164e-18 0.0 44.91 0.0
S266298 42.8247 94.8421 7.98e-19 1.066e-18 1.421e-18 0.0 44.95 0.0
S266299 42.7624 94.954 2.888e-17 2.893e-17 2.07e-17 0.0 44.23 0.0
S266300 42.763 94.9383 7.549000000000001e-20 1.332e-19 3.182e-19 0.0 44.29 0.0
S266301 42.7564 94.9646 2.105e-18 2.521e-18 2.577e-18 0.0 44.29 0.0
S266302 42.8131 94.866 3.125e-16 4.623e-16 7.676e-16 0.0 44.88 0.0
S266303 42.7643 94.9695 3.223e-18 3.651e-18 3.537e-18 0.0 44.21 0.0
S266304 42.8215 94.8192 6.257e-17 5.957e-17 3.956e-17 0.0 44.97 0.0
S266305 42.772 94.9597 6.613999999999999e-22 1.629e-21 7.936e-21 0.0 44.26 0.0
S266306 42.8085 94.85 2.53e-15 2.047e-15 9.686e-16 0.0 44.91 0.0
S266307 42.825 94.8577 9.315999999999999e-22 2.399e-21 1.282e-20 0.0 44.83 0.0
S266308 42.8464 94.8303 7.356e-17 6.701e-17 3.943e-17 0.0 44.85 0.0
S266309 42.7578 94.9562 7.526e-16 8.011e-16 6.439e-16 0.0 44.27 0.0
S266310 42.7443 94.9541 1.902e-17 1.888e-17 1.382e-17 0.0 44.26 0.0
S266311 42.7755 94.9691 2.517e-12 1.753e-12 6.219e-13 0.0 44.24 0.0
S266312 42.7756 94.929 2.715e-24 1.213e-23 2.0099999999999998e-22 0.0 44.32 0.0
S266313 42.8009 94.8651 9.58e-16 7.714e-16 3.736e-16 0.0 44.87 0.0
S266314 42.8102 94.8596 1.264e-19 2.029e-19 3.93e-19 0.0 44.85 0.0
S266315 42.7471 94.9753 3.229e-21 6.863e-21 2.3760000000000002e-20 0.0 44.23 0.0
S266316 42.7598 94.9468 1.9179999999999998e-23 6.266e-23 5.2219999999999995e-22 0.0 44.28 0.0
S266317 42.8388 94.847 2.913e-16 3.379e-16 3.35e-16 0.0 44.92 0.0
S266318 42.7692 94.9678 1.412e-18 1.781e-18 2.001e-18 0.0 44.23 0.0
S266319 42.8116 94.8465 8.271e-16 6.633e-16 3.111e-16 0.0 44.87 0.0
S266320 42.7604 94.9437 1.787e-16 2.029e-16 1.92e-16 0.001 44.3 0.0
S266321 42.7511 94.9786 4.824e-21 1.0530000000000001e-20 3.8900000000000003e-20 0.0 44.22 0.0
S266322 42.7402 94.9567 6.214e-17 5.399e-17 2.97e-17 0.0 44.31 0.0
S266323 42.7536 94.943 6.719e-18 7.397e-18 6.615e-18 0.0 44.32 0.0
S266324 42.8149 94.8436 3.041e-15 2.729e-15 1.57e-15 0.0 44.89 0.0
S266325 42.8228 94.8362 6.105e-18 7.154e-18 7.371e-18 0.0 44.92 0.0
S266326 42.7386 94.951 2.745e-15 2.261e-15 1.119e-15 0.0 44.28 0.0
S266327 42.8185 94.8434 1.7330000000000003e-20 3.265e-20 8.913000000000001e-20 0.0 44.86 0.0
S266328 42.8362 94.8295 1.072e-19 1.607e-19 2.656e-19 0.0 44.93 0.0
S266329 42.7745 94.9259 8.031e-21 1.767e-20 6.319000000000001e-20 0.0 44.37 0.0
S266330 42.8112 94.8403 1.116e-20 7.758e-21 2.695e-21 0.0 44.87 0.0
S266331 42.8068 94.864 1.685e-22 4.547999999999999e-22 2.6540000000000002e-21 0.0 44.85 0.0
S266332 42.7443 94.9787 2.911e-22 7.3319999999999995e-22 3.7150000000000004e-21 0.0 44.24 0.0
S266333 42.8117 94.8377 3.859e-20 6.935e-20 1.661e-19 0.0 44.89 0.0
S266334 42.7676 94.9691 3.955e-16 3.296e-16 1.648e-16 0.0 44.22 0.0
S266335 42.8203 94.8396 1.927e-17 1.982e-17 1.481e-17 0.0 44.91 0.0
S266336 42.7562 94.9532 1.1670000000000001e-20 8.16e-21 2.879e-21 0.0 44.28 0.0
S266337 42.7257 94.9692 5.587e-19 7.8e-19 1.087e-18 0.0 44.24 0.0
S266338 42.7431 94.9668 1.487e-16 1.307e-16 7.176e-17 0.0 44.24 0.0
S266339 42.7517 94.9692 9.494999999999999e-23 2.731e-22 1.749e-21 0.0 44.24 0.0
S266340 42.8177 94.8507 2.226e-19 3.437e-19 5.943e-19 0.0 44.88 0.0
S266341 42.8129 94.8405 5.0700000000000004e-21 1.135e-20 4.3020000000000005e-20 0.0 44.9 0.0
S266342 42.7702 94.9814 5.802e-16 6.103e-16 4.669e-16 0.0 44.23 0.0
S266343 42.8138 94.8343 1.505e-16 1.432e-16 9.161e-17 0.0 44.9 0.0
S266344 42.8234 94.839 1.325e-16 1.133e-16 5.943e-17 0.0 44.93 0.0
S266345 42.803 94.8688 3.805e-23 1.1709999999999998e-22 8.64e-22 0.0 44.86 0.0
S266346 42.8332 94.8175 7.211e-18 8.505e-18 8.39e-18 0.0 44.95 0.0
S266347 42.8282 94.8457 9.103e-18 9.994e-18 8.896e-18 0.0 44.86 0.0
S266348 42.7726 94.9672 1.141e-18 1.584e-18 2.14e-18 0.0 44.2 0.0
S266349 42.8198 94.8264 9.749e-18 1.064e-17 9.039e-18 0.001 44.92 0.0
S266350 42.7468 94.9635 4.975e-22 1.288e-21 6.439e-21 0.0 44.28 0.0
S266351 42.746 94.9844 1.5330000000000003e-20 1.0330000000000001e-20 3.409e-21 0.0 44.22 0.0
S266352 42.755 94.9792 1.995e-21 4.166e-21 1.362e-20 0.0 44.19 0.0
S266353 42.8398 94.808 2.019e-22 5.901999999999999e-22 3.925e-21 0.0 44.98 0.0
S266354 42.7354 94.9826 8.165e-21 1.67e-20 5.163000000000001e-20 0.0 44.26 0.0
S266355 42.8442 94.8408 3.8939999999999996e-22 8.834999999999999e-22 3.51e-21 0.0 44.92 0.0
S266356 42.7748 94.9706 2.537e-17 2.573e-17 1.917e-17 0.0 44.19 0.0
S266357 42.8462 94.7944 1.255e-22 3.288e-22 1.78e-21 0.0 44.97 0.0
S266358 42.8287 94.8327 2.3750000000000003e-20 4.7670000000000003e-20 1.392e-19 0.0 44.94 0.0
S266359 42.7547 94.9775 6.042e-12 4.87e-12 2.36e-12 0.0 44.2 1.0
S266360 42.8227 94.8598 1.535e-15 1.283e-15 6.6e-16 0.0 44.85 0.0
S266361 42.7597 94.9958 1.153e-15 1.015e-15 5.684e-16 0.0 44.16 0.0
S266362 42.7521 94.9795 2.433e-18 2.937e-18 3.086e-18 0.0 44.27 0.0
S266363 42.7637 94.957 2.7199999999999996e-22 7.958e-22 5.408e-21 0.0 44.23 0.0
S266364 42.769 94.9819 2.99e-21 6.572e-21 2.4650000000000003e-20 0.0 44.22 0.0
S266365 42.7387 94.9908 3.999e-21 9.014e-21 3.4330000000000005e-20 0.0 44.27 0.0
S266366 42.7293 94.9858 2.387e-18 2.991e-18 3.429e-18 0.0 44.24 0.0
S266367 42.759 95.0099 4.127e-23 1.399e-22 1.25e-21 0.0 44.15 0.0
S266368 42.8448 94.8424 1.3890000000000002e-20 9.393000000000001e-21 3.104e-21 0.0 44.88 0.0
S266369 42.7312 94.9648 4.338e-17 4.267e-17 3.052e-17 0.0 44.18 0.0
S266370 42.8188 94.8216 9.348e-17 8.489e-17 5.031e-17 0.0 44.94 0.0
S266371 42.801 94.8419 3.8e-19 5.549e-19 8.802e-19 0.0 44.95 0.0
S266372 42.7561 94.9675 1.381e-18 1.767e-18 2.122e-18 0.0 44.23 0.0
S266373 42.757 94.9539 1.2840000000000002e-20 8.987000000000001e-21 3.135e-21 0.0 44.25 0.0
S266374 42.7556 94.98 4.296e-18 4.858e-18 4.602e-18 0.0 44.15 0.0
S266375 42.8023 94.8256 4.717e-17 4.481e-17 2.971e-17 0.0 44.97 0.0
S266376 42.836 94.806 2.289e-19 3.288e-19 4.965e-19 0.0 44.91 0.0
S266377 42.7524 95.0032 1.028e-18 1.34e-18 1.588e-18 0.0 44.24 0.0
S266378 42.7539 94.975 7.615000000000001e-20 1.283e-19 2.662e-19 0.0 44.19 0.0
S266379 42.8423 94.8195 2.073e-16 1.764e-16 9.34e-17 0.0 44.92 0.0
S266380 42.7588 94.9837 4.575e-19 6.268e-19 8.887e-19 0.0 44.21 0.0
S266381 42.7557 94.9812 6.323e-17 5.864e-17 3.667e-17 0.0 44.24 0.0
S266382 42.8073 94.8329 1.111e-16 1.048e-16 6.859e-17 0.0 44.93 0.0
S266383 42.8468 94.8379 1.144e-16 1.004e-16 5.623e-17 0.0 44.84 0.0
S266384 42.8213 94.8388 3.845e-18 4.346e-18 4.19e-18 0.0 44.88 0.0
S266385 42.8203 94.807 3.138e-20 6.034e-20 1.598e-19 0.0 44.95 0.0
S266386 42.7502 94.9704 1.45e-16 1.272e-16 7.135e-17 0.0 44.23 0.0
S266387 42.7241 95.0186 4.501e-12 3.334e-12 1.291e-12 0.0 44.16 0.0
S266388 42.8383 94.8401 4.338e-18 5.254e-18 5.45e-18 0.0 44.87 0.0
S266389 42.7306 94.9995 3.393e-18 4.345e-18 5.125e-18 0.001 44.19 0.0
S266390 42.7503 94.9934 1.813e-19 2.875e-19 5.26e-19 0.0 44.24 0.0
S266391 42.8428 94.8184 1.186e-15 1.05e-15 6.185e-16 0.0 44.9 0.0
S266392 42.7184 94.9813 1.309e-16 1.185e-16 7.051e-17 0.0 44.24 0.0
S266393 42.7357 94.9995 7.107e-19 9.591e-19 1.314e-18 0.0 44.26 0.0
S266394 42.7311 95.0268 7.175000000000001e-20 1.283e-19 3.047e-19 0.0 44.18 0.0
S266395 42.7359 95.0071 1.55e-20 1.0500000000000001e-20 3.531e-21 0.0 44.18 0.0
S266396 42.7367 94.9651 2.534e-12 1.753e-12 6.07e-13 0.0 44.25 0.0
S266397 42.7295 94.9565 4.908e-17 4.741e-17 3.15e-17 0.0 44.28 0.0
S266398 42.8411 94.7899 9.734e-21 6.864e-21 2.48e-21 0.0 44.96 0.0
S266399 42.8594 94.8357 1.647e-17 1.727e-17 1.367e-17 0.0 44.84 0.0
S266400 42.8417 94.7942 3.186e-17 2.956e-17 1.808e-17 0.0 44.92 0.0
S266401 42.7314 94.9924 6.522e-21 1.395e-20 4.7530000000000003e-20 0.0 44.19 0.0
S266402 42.8401 94.813 4.483e-19 6.559e-19 1.015e-18 0.0 44.96 0.0
S266403 42.8432 94.825 1.049e-18 1.356e-18 1.739e-18 0.0 44.89 0.0
S266404 42.732 95.0194 1.595e-21 3.438e-21 1.2310000000000001e-20 0.0 44.12 0.0
S266405 42.7378 95.0082 2.727e-18 3.32e-18 3.652e-18 0.0 44.15 0.0
S266406 42.8179 94.7946 1.317e-17 1.406e-17 1.169e-17 0.0 44.94 0.0
S266407 42.7599 94.9987 4.518e-12 3.761e-12 1.87e-12 0.0 44.19 1.0
S266408 42.8281 94.8098 1.084e-16 9.438e-17 5.311e-17 0.0 44.98 0.0
S266409 42.7417 94.9929 3.803e-17 3.579e-17 2.314e-17 0.0 44.26 0.0
S266410 42.7385 95.0056 4.863e-21 1.0880000000000001e-20 4.1040000000000003e-20 0.0 44.14 0.0
S266411 42.8197 94.7806 7.719e-22 2.023e-21 1.106e-20 0.0 45.03 0.0
S266412 42.8456 94.7771 7.277e-19 9.699e-19 1.305e-18 0.0 44.98 0.0
S266413 42.8471 94.7978 3.649e-16 6.711e-16 1.7e-15 0.0 44.93 0.0
S266414 42.8333 94.8011 1.1910000000000001e-20 8.469e-21 3.038e-21 0.0 44.94 0.0
S266415 42.8412 94.8124 3.2259999999999996e-22 7.633e-22 3.246e-21 0.0 44.92 0.0
S266416 42.8482 94.839 7.808e-13 5.265e-13 1.724e-13 0.0 44.92 0.0
S266417 42.7265 95.0177 5.074e-21 1.0890000000000002e-20 4.001e-20 0.0 44.17 0.0
S266418 42.7392 94.9937 2.242e-21 4.954e-21 1.895e-20 0.0 44.19 0.0
S266419 42.8474 94.8015 1.143e-16 1.014e-16 5.824e-17 0.0 44.94 0.0
S266420 42.748 95.0266 4.778e-17 4.515e-17 2.877e-17 0.0 44.18 0.0
S266421 42.7228 94.9678 2.452e-18 3.041e-18 3.306e-18 0.0 44.3 0.0
S266422 42.7397 94.9626 1.145e-15 8.654e-16 3.562e-16 0.0 44.26 1.0
S266423 42.745 94.9843 5.014e-16 4.037e-16 1.821e-16 0.0 44.19 0.0
S266424 42.7415 94.9939 1.167e-16 1.204e-16 9.408e-17 0.0 44.22 0.0
S266425 42.7618 94.9845 1.08e-22 3.4869999999999997e-22 2.925e-21 0.0 44.15 0.0
S266426 42.8248 94.8213 2.058e-16 1.843e-16 1.065e-16 0.001 44.98 0.0
S266427 42.7277 94.997 3.135e-16 2.694e-16 1.417e-16 0.0 44.19 0.0
S266428 42.8348 94.8202 3.783e-16 3.195e-16 1.693e-16 0.0 44.92 0.0
S266429 42.7271 94.9898 6.257e-20 1.062e-19 2.251e-19 0.0 44.27 0.0
S266430 42.7086 95.0076 4.384e-16 4.529e-16 3.548e-16 0.0 44.2 0.0
S266431 42.8517 94.8105 7.88e-18 8.67e-18 8.019e-18 0.0 44.91 0.0
S266432 42.7124 95.0347 1.409e-18 1.845e-18 2.348e-18 0.0 44.19 0.0
S266433 42.8587 94.8163 2.942e-18 3.491e-18 3.615e-18 0.0 44.91 0.0
S266434 42.853 94.7816 4.898e-18 5.652e-18 5.438e-18 0.0 44.99 0.0
S266435 42.7137 95.0532 8.746000000000001e-20 1.334e-19 2.253e-19 0.0 44.18 0.0
S266436 42.8422 94.7844 1.965e-19 2.982e-19 5.097e-19 0.0 45.01 0.0
S266437 42.8584 94.792 1.3000000000000001e-20 8.992e-21 3.089e-21 0.0 44.91 0.0
S266438 42.7342 94.9912 5.752e-17 5.212e-17 3.018e-17 0.0 44.22 0.0
S266439 42.7392 95.0152 9.326999999999999e-23 2.879e-22 2.14e-21 0.0 44.18 0.0
S266440 42.7091 95.0161 2.0970000000000002e-20 3.9850000000000005e-20 1.06e-19 0.0 44.19 0.0
S266441 42.8579 94.7734 9.945e-18 1.091e-17 9.344e-18 0.0 44.92 0.0
S266442 42.8378 94.7803 2.786e-19 4.014e-19 5.876e-19 0.0 45.01 0.0
S266443 42.8661 94.7841 1.79e-16 1.568e-16 8.498e-17 0.0 44.98 0.0
S266444 42.7356 95.0235 9.127e-21 1.905e-20 6.196e-20 0.0 44.11 0.0
S266445 42.8472 94.7752 9.411e-24 3.597e-23 4.32e-22 0.0 44.99 0.0
S266446 42.8384 94.8148 5.905e-17 5.71e-17 3.949e-17 0.0 44.95 0.0
S266447 42.7275 95.0157 4.373e-17 4.161e-17 2.752e-17 0.0 44.15 0.0
S266448 42.717 95.0096 2.735e-21 6.181e-21 2.3930000000000002e-20 0.0 44.19 0.0
S266449 42.7308 94.9841 4.48e-13 3.002e-13 9.586e-14 0.0 44.21 0.0
S266450 42.8515 94.8087 1.232e-20 2.3210000000000002e-20 6.262000000000001e-20 0.0 44.95 0.0
S266451 42.8552 94.7905 6.346e-20 1.096e-19 2.542e-19 0.0 44.95 0.0
S266452 42.8337 94.7931 2.007e-19 2.993e-19 4.939e-19 0.0 44.98 0.0
S266453 42.8394 94.7888 5.58e-16 4.539e-16 2.238e-16 0.0 44.99 0.0
S266454 42.7121 95.0368 6.33e-16 5.024e-16 2.276e-16 0.0 44.27 0.0
S266455 42.8353 94.795 1.477e-16 1.296e-16 6.985e-17 0.0 44.95 0.0
S266456 42.7318 95.0165 7.029e-19 9.519e-19 1.316e-18 0.0 44.21 0.0
S266457 42.7009 95.0355 1.298e-17 1.331e-17 1.031e-17 0.001 44.13 0.0
S266458 42.868 94.7925 3.876e-16 3.186e-16 1.523e-16 0.0 44.96 0.0
S266459 42.8463 94.7854 2.15e-16 1.847e-16 9.695e-17 0.0 44.97 0.0
S266460 42.8853 94.7836 4.9990000000000006e-20 8.329e-20 1.741e-19 0.0 44.89 0.0
S266461 42.7112 95.0492 5.8e-21 1.1830000000000001e-20 3.7e-20 0.0 44.17 0.0
S266462 42.6982 95.0209 3.057e-17 2.992e-17 2.072e-17 0.0 44.19 0.0
S266463 42.7267 95.0456 7.354e-17 6.937e-17 4.39e-17 0.0 44.1 0.0
S266464 42.8707 94.7835 6.632e-19 8.788e-19 1.123e-18 0.0 44.94 0.0
S266465 42.7224 95.0113 6.579e-17 5.872e-17 3.336e-17 0.0 44.21 0.0
S266466 42.7319 95.028 3.2639999999999997e-22 7.348e-22 2.819e-21 0.0 44.18 0.0
S266467 42.8756 94.7745 1.166e-17 1.238e-17 1.016e-17 0.0 44.99 0.0
S266468 42.7243 95.0179 7.0649999999999995e-22 1.688e-21 7.479e-21 0.0 44.21 0.0
S266469 42.8365 94.7983 7.021e-21 1.362e-20 3.892e-20 0.0 44.99 0.0
S266470 42.8477 94.8044 3.425e-19 5.185e-19 8.501e-19 0.0 44.91 0.0
S266471 42.8508 94.7589 5.924e-19 7.698e-19 9.567e-19 0.0 44.95 0.0
S266472 42.8566 94.7721 4.178e-18 5.065e-18 5.419e-18 0.0 44.95 0.0
S266473 42.733 95.0095 1.518e-16 1.32e-16 7.069e-17 0.0 44.17 0.0
S266474 42.7247 94.9994 1.201e-16 1.089e-16 6.491e-17 0.0 44.25 0.0
S266475 42.8515 94.7594 5.117e-21 1.0620000000000001e-20 3.642e-20 0.0 44.97 0.0
S266476 42.7228 95.0498 7.562e-21 1.5540000000000003e-20 4.9510000000000005e-20 0.0 44.22 0.0
S266477 42.8715 94.7449 1.312e-23 4.608e-23 4.505999999999999e-22 0.0 44.94 0.0
S266478 42.8768 94.7326 1.924e-23 6.371999999999999e-23 5.803e-22 0.0 44.91 0.0
S266479 42.8536 94.7816 1.3780000000000002e-20 2.7840000000000005e-20 8.82e-20 0.0 44.93 0.0
S266480 42.8606 94.758 1.7680000000000003e-20 3.38e-20 9.653e-20 0.0 44.99 0.0
S266481 42.8672 94.7611 2.08e-18 2.608e-18 2.924e-18 0.0 44.94 0.0
S266482 42.7271 95.0488 1.904e-19 3.042e-19 5.808e-19 0.0 44.15 0.0
S266483 42.8562 94.7885 2.2140000000000002e-20 4.286e-20 1.22e-19 0.0 44.95 0.0
S266484 42.8795 94.7739 7.0799999999999995e-22 1.767e-21 8.408e-21 0.0 44.91 0.0
S266485 42.7307 95.0096 6.436e-18 7.052e-18 6.308e-18 0.0 44.12 0.0
S266486 42.8446 94.7785 3.766e-18 4.236e-18 3.957e-18 0.0 44.96 0.0
S266487 42.8716 94.7401 9.764e-19 1.322e-18 1.784e-18 0.0 44.98 0.0
S266488 42.7155 95.0392 4.65e-17 4.333e-17 2.753e-17 0.0 44.2 0.0
S266489 42.7054 95.045 2.52e-18 2.97e-18 3.041e-18 0.001 44.21 0.0
S266490 42.6995 95.0381 8.162e-16 6.417e-16 2.874e-16 0.0 44.21 1.0
S266491 42.7138 95.0412 1.059e-20 7.488e-21 2.673e-21 0.0 44.19 0.0
S266492 42.71 95.0195 2.496e-16 2.137e-16 1.132e-16 0.0 44.17 0.0
S266493 42.7152 95.0329 2.802e-19 4.263e-19 7.238e-19 0.0 44.17 0.0
S266494 42.7064 95.0509 5.835e-12 4.358e-12 1.779e-12 0.0 44.23 0.0
S266495 42.7301 95.001 2.381e-16 2.073e-16 1.113e-16 0.0 44.2 0.0
S266496 42.7095 95.0393 2.741e-12 1.88e-12 6.52e-13 0.0 44.21 0.0
S266497 42.7208 95.0228 1.3530000000000002e-20 2.5560000000000002e-20 6.800000000000001e-20 0.0 44.22 0.0
S266498 42.711 95.0406 6.558e-20 1.131e-19 2.418e-19 0.0 44.21 0.0
S266499 42.8368 94.7534 1.3160000000000001e-20 9.006e-21 3.132e-21 0.0 44.99 0.0
S266500 42.7068 95.0455 3.331e-24 1.472e-23 2.3409999999999996e-22 0.0 44.15 0.0
S266501 42.8792 94.7641 8.954e-19 1.219e-18 1.669e-18 0.0 44.9 0.0
S266502 42.7136 95.0419 1.804e-15 1.415e-15 6.202e-16 0.0 44.17 1.0
S266503 42.8651 94.75 4.0900000000000004e-25 2.171e-24 5.1169999999999997e-23 0.0 44.97 0.0
S266504 42.8716 94.7455 8.803e-18 9.445e-18 7.933e-18 0.0 44.96 0.0
S266505 42.6967 95.0361 5.473e-21 1.225e-20 4.6080000000000003e-20 0.0 44.15 0.0
S266506 42.8697 94.7462 1.68e-20 3.223e-20 8.827e-20 0.0 44.95 0.0
S266507 42.8905 94.7422 5.39e-22 1.4280000000000001e-21 8.021e-21 0.0 44.94 0.0
S266508 42.712 95.0545 7.855e-21 1.604e-20 4.9430000000000006e-20 0.0 44.21 0.0
S266509 42.7238 95.0376 8.826e-18 9.225e-18 7.467e-18 0.0 44.15 0.0
S266510 42.7139 95.0505 5.125e-22 1.277e-21 6.173e-21 0.0 44.2 0.0
S266511 42.8544 94.7482 1.5339999999999998e-22 4.982999999999999e-22 4.195e-21 0.0 44.99 0.0
S266512 42.7154 95.0445 1.061e-17 1.117e-17 8.805e-18 0.0 44.18 0.0
S266513 42.8542 94.756 1.1890000000000002e-20 8.268e-21 2.8500000000000002e-21 0.0 45.03 0.0
S266514 42.8767 94.7535 2.238e-13 1.495e-13 4.74e-14 0.0 44.92 0.0
S266515 42.8611 94.7484 2.816e-17 2.72e-17 1.934e-17 0.0 45.0 0.0
S266516 42.6741 95.104 1.614e-21 3.55e-21 1.3530000000000002e-20 0.0 44.15 0.0
S266517 42.8741 94.7465 4.03e-21 8.674e-21 3.159e-20 0.0 45.0 0.0
S266518 42.7015 95.0456 2.989e-16 2.833e-16 1.921e-16 0.0 44.15 0.0
S266519 42.8783 94.7056 4.79e-16 3.762e-16 1.738e-16 0.0 44.97 0.0
S266520 42.8722 94.7173 7.642e-19 1.008e-18 1.327e-18 0.0 45.01 0.0
S266521 42.7003 95.092 1.696e-17 1.797e-17 1.431e-17 0.0 44.13 0.0
S266522 42.8625 94.752 1.201e-20 8.407e-21 2.949e-21 0.0 44.98 1.0
S266523 42.7302 95.0434 8.938e-22 2.207e-21 1.0270000000000001e-20 0.0 44.19 0.0
S266524 42.8373 94.7371 1.3140000000000001e-20 8.876e-21 3.028e-21 0.0 45.01 0.0
S266525 42.7143 95.0531 5.599e-16 4.6e-16 2.25e-16 0.0 44.15 0.0
S266526 42.887 94.7427 9.674e-16 8.578e-16 4.944e-16 0.001 45.01 0.0
S266527 42.8711 94.7661 3.92e-12 2.695e-12 9.385e-13 0.0 44.96 0.0
S266528 42.6991 95.0843 5.007e-18 5.989e-18 5.983e-18 0.0 44.15 0.0
S266529 42.8517 94.7604 1.519e-19 2.256e-19 3.671e-19 0.0 44.96 0.0
S266530 42.6917 95.0699 1.343e-17 1.353e-17 1.024e-17 0.0 44.16 0.0
S266531 42.8986 94.7383 2.9300000000000004e-20 5.01e-20 1.071e-19 0.001 44.92 0.0
S266532 42.8832 94.7496 1.496e-15 1.118e-15 4.589e-16 0.0 45.0 0.0
S266533 42.876 94.7599 1.419e-17 1.435e-17 1.072e-17 0.0 44.9 0.0
S266534 42.8794 94.7568 1.397e-18 1.73e-18 1.993e-18 0.0 45.0 0.0
S266535 42.8723 94.7592 1.113e-15 8.815e-16 3.895e-16 0.0 44.99 1.0
S266536 42.6925 95.0711 1.932e-15 1.468e-15 6.211e-16 0.0 44.16 1.0
S266537 42.6959 95.0744 1.826e-15 1.377e-15 5.688e-16 0.0 44.22 1.0
S266538 42.8703 94.7479 6.488e-15 4.534e-15 1.559e-15 0.001 44.94 0.0
S266539 42.8766 94.7341 5.392e-15 3.944e-15 1.53e-15 0.0 44.99 0.0
S266540 42.7074 95.0629 1.477e-14 1.018e-14 3.504e-15 0.0 44.2 0.0
S266541 42.7078 95.0648 4.982e-16 4.307e-16 2.241e-16 0.0 44.13 0.0
S266542 42.7057 95.0788 2.389e-16 2.234e-16 1.41e-16 0.0 44.15 0.0
S266543 42.7005 95.0891 3.461e-18 4.049e-18 4.018e-18 0.0 44.15 0.0
S266544 42.871 94.7215 1.889e-15 1.438e-15 5.786e-16 0.0 45.01 0.0
S266545 42.7152 95.0737 1.653e-14 1.156e-14 4.19e-15 0.0 44.21 0.0
S266546 42.8628 94.727 1.43e-16 1.245e-16 6.913e-17 0.0 45.01 0.0
S266547 42.8608 94.7205 2.793e-16 2.335e-16 1.199e-16 0.0 44.95 0.0
S266548 42.8571 94.7183 4.184e-16 3.547e-16 1.816e-16 0.0 45.02 0.0
S266549 42.8542 94.7166 1.264e-15 1.068e-15 5.584e-16 0.0 45.06 0.0
S266550 42.8539 94.7189 1.213e-14 8.316e-15 2.792e-15 0.001 45.04 0.0
S266551 42.8456 94.7239 3.745e-15 2.675e-15 9.956e-16 0.0 45.04 0.0
S266552 42.7179 95.1123 4.442e-16 3.68e-16 1.8e-16 0.0 44.1 0.0
S266553 42.8418 94.716 1.749e-15 1.397e-15 6.313e-16 0.0 45.0 1.0
S266554 42.8542 94.6915 6.098e-16 5.074e-16 2.472e-16 0.0 44.99 0.0
S266555 42.8453 94.7031 1.461e-15 1.108e-15 4.721e-16 0.0 44.96 1.0
S266556 42.8397 94.7049 3.861e-16 4.639e-16 5.005e-16 0.0 44.96 0.0
S266557 42.8363 94.6976 1.149e-15 1.164e-15 8.792e-16 0.0 45.01 0.0
S266558 42.8369 94.6895 1.1710000000000001e-20 8.034e-21 2.827e-21 0.0 44.97 0.0
S266559 42.8327 94.6989 3.838e-15 2.82e-15 1.091e-15 0.0 45.01 0.0
S266560 42.8282 94.6989 6.36e-17 6.101e-17 3.95e-17 0.0 45.02 0.0
S266561 42.8252 94.6828 1.045e-16 9.038e-17 5.036e-17 0.0 45.02 0.0
S266562 42.8234 94.7004 2.171e-14 1.496e-14 5.236e-15 0.0 45.01 0.0
S266563 42.8264 94.6769 8.994e-17 8.262e-17 5.068e-17 0.0 45.03 0.0
S266564 42.7522 95.1247 1.501e-15 1.143e-15 4.79e-16 0.0 44.19 1.0
S266565 42.8138 94.6979 1.073e-14 7.725e-15 2.951e-15 0.0 45.03 0.0
S266566 42.7684 95.1162 7.63e-16 6.329e-16 3.028e-16 0.0 44.04 0.0
S266567 42.7626 95.1237 9.741e-17 1.326e-16 1.776e-16 0.0 44.1 0.0
S266568 42.8024 94.6875 2.465e-16 2.177e-16 1.213e-16 0.0 45.03 0.0
S266569 42.7887 94.6895 9.362e-16 9.546e-16 6.867e-16 0.0 44.96 0.0
S266570 42.7862 95.1095 3.742e-17 3.638e-17 2.415e-17 0.0 44.13 0.0
S266571 42.7942 94.6809 1.638e-16 1.423e-16 7.54e-17 0.0 45.09 0.0
S266572 42.7833 95.1248 2.064e-15 1.554e-15 6.28e-16 0.0 44.07 0.0
S266573 42.7886 94.6915 3.31e-15 2.488e-15 9.932e-16 0.0 44.99 0.0
S266574 42.7929 95.119 2.431e-15 1.846e-15 7.736e-16 0.0 44.17 1.0
S266575 42.7935 95.1219 2.083e-15 1.529e-15 6.08e-16 0.0 44.11 0.0
S266576 42.7959 95.1252 4.328e-18 5.216e-18 5.378e-18 0.0 44.11 0.0
S266577 42.7732 94.685 8.755e-15 6.104e-15 2.199e-15 0.0 45.0 0.0
S266578 42.7673 94.6805 2.205e-17 2.164e-17 1.501e-17 0.0 44.95 0.0
S266579 42.8102 95.1282 5.71e-15 4.09e-15 1.488e-15 0.0 44.2 0.0
S266580 42.7604 94.6844 6.175e-15 4.295e-15 1.546e-15 0.0 45.04 0.0
S266581 42.8218 95.1369 1.106e-15 8.49e-16 3.691e-16 0.0 44.11 1.0
S266582 42.8156 95.1123 5.732e-17 5.456e-17 3.718e-17 0.0 44.15 0.0
S266583 42.8194 95.1246 1.431e-15 1.315e-15 7.872e-16 0.0 44.1 0.0
S266584 42.7404 94.677 1.464e-15 1.457e-15 1.025e-15 0.0 45.01 0.0
S266585 42.7331 94.679 3.066e-15 2.32e-15 9.555e-16 0.0 44.98 1.0
S266586 42.7382 94.6827 3.279e-15 2.38e-15 8.743e-16 0.0 44.98 0.0
S266587 42.7232 94.6794 2.265e-15 1.746e-15 7.494e-16 0.0 44.98 1.0
S266588 42.7285 94.6936 1.079e-14 7.482e-15 2.699e-15 0.0 44.91 0.0
S266589 42.8582 95.1244 9.13e-16 7.197e-16 3.091e-16 0.0 44.18 0.0
S266590 42.8592 95.1194 1.527e-16 1.372e-16 7.935e-17 0.0 44.24 0.0
S266591 42.8552 95.1117 2.889e-15 2.083e-15 7.865e-16 0.0 44.2 0.0
S266592 42.867 95.1197 7.838e-12 5.743e-12 2.269e-12 0.0 44.2 0.0
S266593 42.698 94.6993 3.443e-15 2.456e-15 9.192e-16 0.0 44.84 0.0
S266594 42.8757 95.1079 6.239e-16 5.149e-16 2.593e-16 0.0 44.26 0.0
S266595 42.6854 94.6953 3.164e-16 2.675e-16 1.428e-16 0.0 44.92 0.0
S266596 42.6832 94.7038 7.067e-15 5.029e-15 1.899e-15 0.0 44.89 0.0
S266597 42.6775 94.7003 5.625e-15 4.134e-15 1.666e-15 0.0 44.91 0.0
S266598 42.9007 95.0976 4.8e-18 5.649e-18 5.827e-18 0.0 44.25 0.0
S266599 42.8932 95.0947 2.261e-16 2.777e-16 3.11e-16 0.0 44.3 0.0
S266600 42.9113 95.0988 7.181e-16 5.855e-16 2.817e-16 0.0 44.26 0.0
S266601 42.6664 94.7211 1.127e-16 1.029e-16 6.05e-17 0.0 44.86 0.0
S266602 42.9231 95.0956 1.938e-18 2.48e-18 2.925e-18 0.0 44.24 0.0
S266603 42.6562 94.7238 4.603e-15 3.267e-15 1.135e-15 0.0 44.88 0.0
S266604 42.9278 95.0862 3.997e-16 3.296e-16 1.59e-16 0.0 44.29 0.0
S266605 42.6539 94.7341 1.525e-15 1.2e-15 5.155e-16 0.0 44.8 1.0
S266606 42.9341 95.0781 1.591e-17 1.692e-17 1.376e-17 0.0 44.33 0.0
S266607 42.6416 94.7458 4.444e-16 3.582e-16 1.595e-16 0.0 44.8 0.0
S266608 42.625 94.7399 3.445e-15 2.423e-15 8.66e-16 0.0 44.79 0.0
S266609 42.6229 94.7458 1.316e-15 1.024e-15 4.507e-16 0.0 44.82 1.0
S266610 42.9455 95.047 4.679e-16 3.794e-16 1.796e-16 0.001 44.35 0.0
S266611 42.6062 94.7524 6.58e-17 6.231e-17 4.039e-17 0.0 44.77 0.0
S266612 42.9667 95.04 5.672e-15 4.183e-15 1.627e-15 0.0 44.4 0.0
S266613 42.964 95.031 1.499e-14 1.06e-14 3.792e-15 0.0 44.43 0.0
S266614 42.6066 94.7837 6.031e-15 4.254e-15 1.5e-15 0.0 44.75 0.0
S266615 42.9733 95.0222 5.322e-16 4.216e-16 1.891e-16 0.0 44.39 0.0
S266616 42.9766 95.0128 1.0770000000000002e-20 2.1660000000000002e-20 6.543000000000001e-20 0.0 44.52 0.0
S266617 42.6027 94.8062 5.274e-15 3.664e-15 1.295e-15 0.0 44.66 0.0
S266618 42.9761 94.9893 4.759e-17 4.538e-17 2.957e-17 0.0 44.44 0.0
S266619 42.5782 94.8071 7.069e-22 1.643e-21 6.79e-21 0.001 44.72 0.0
S266620 42.5801 94.8218 4.259e-15 3.185e-15 1.338e-15 0.0 44.64 0.0
S266621 42.9979 94.9791 1.435e-16 1.27e-16 7.081e-17 0.0 44.5 0.0
S266622 43.0024 94.9706 2.673e-16 2.182e-16 1.09e-16 0.0 44.52 0.0
S266623 42.5735 94.848 4.92e-17 4.577e-17 2.883e-17 0.0 44.57 0.0
S266624 42.5613 94.8462 1.256e-15 9.887e-16 4.316e-16 0.0 44.57 1.0
S266625 42.5609 94.8564 4.313e-16 3.65e-16 1.807e-16 0.0 44.58 0.0
S266626 42.9995 94.9306 3.925e-16 3.25e-16 1.554e-16 0.0 44.55 0.0
S266627 43.0083 94.9278 4.365e-15 3.126e-15 1.204e-15 0.0 44.6 0.0
S266628 43.022 94.9158 4.022e-16 3.323e-16 1.567e-16 0.0 44.6 0.0
S266629 43.0267 94.9287 3.365e-16 3.351e-16 2.457e-16 0.0 44.59 0.0
S266630 43.0153 94.8912 9.046e-19 1.125e-18 1.304e-18 0.0 44.63 0.0
S266631 43.0224 94.8908 9.152e-16 7.22e-16 3.141e-16 0.0 44.65 1.0
S266632 42.553 94.9216 7.282e-15 5.201e-15 1.91e-15 0.0 44.52 0.0
S266633 42.5442 94.9336 4.599e-16 5.235e-16 4.933e-16 0.0 44.48 0.0
S266634 43.0163 94.876 5.644e-16 4.515e-16 2.031e-16 0.0 44.69 0.0
S266635 42.5456 94.9556 1.0710000000000001e-20 7.545e-21 2.746e-21 0.0 44.42 0.0
S266636 43.0359 94.8342 3.345e-17 6.015e-17 1.411e-16 0.0 44.71 0.0
S266637 42.5443 94.9819 3.602e-15 2.634e-15 1.022e-15 0.0 44.39 0.0
S266638 42.5484 94.9972 1.664e-15 1.277e-15 5.456e-16 0.0 44.39 1.0
S266639 42.5411 94.9962 1.504e-15 1.168e-15 4.868e-16 0.0 44.41 1.0
S266640 43.0329 94.8004 2.033e-16 3.405e-16 7.209e-16 0.0 44.78 0.0
S266641 43.0057 94.7904 4.012e-16 3.489e-16 1.855e-16 0.0 44.85 0.0
S266642 43.0164 94.7837 2.016e-15 1.622e-15 7.497e-16 0.0 44.84 0.0
S266643 42.5678 95.0368 8.03e-15 5.589e-15 1.964e-15 0.0 44.29 0.0
S266644 42.5632 95.0544 6.361e-14 4.201e-14 1.341e-14 0.0 44.29 0.0
S266645 42.5645 95.0803 1.054e-16 9.168e-17 4.948e-17 0.0 44.3 0.0
S266646 42.5787 95.0716 1.263e-16 1.139e-16 6.796e-17 0.0 44.32 0.0
S266647 42.996 94.7238 6.387e-16 5.387e-16 2.672e-16 0.0 44.88 0.0
S266648 43.0064 94.696 2.374e-14 1.615e-14 5.238e-15 0.0 44.93 0.0
S266649 42.5856 95.0983 7.619e-16 6.381e-16 3.176e-16 0.0 44.27 0.0
S266650 42.9906 94.6789 2.673e-15 2.132e-15 9.592e-16 0.0 44.94 1.0
S266651 42.9804 94.6654 2.555e-15 1.965e-15 8.165e-16 0.0 44.97 1.0
S266652 42.9756 94.6764 4.969e-15 3.566e-15 1.335e-15 0.0 44.96 0.0
S266653 42.6127 95.1347 1.356e-15 1.052e-15 4.589e-16 0.0 44.23 1.0
S266654 42.9641 94.6436 2.023e-16 3.043e-16 4.948e-16 0.0 44.96 0.0
S266655 42.6212 95.1679 9.097e-16 9.538e-16 7.751e-16 0.0 44.11 0.0
S266656 42.9298 94.6611 9.58e-16 7.417e-16 3.194e-16 0.0 45.0 1.0
S266657 42.6251 95.211 7.527e-16 6.416e-16 3.299e-16 0.0 44.1 0.0
S266658 42.9366 94.6009 1.455e-12 9.931e-13 3.23e-13 0.0 45.02 0.0
S266659 42.9203 94.6011 4.378e-15 3.264e-15 1.26e-15 0.0 45.07 0.0
S266660 42.6688 95.2046 1.7e-16 1.517e-16 8.548e-17 0.0 44.18 0.0
S266661 42.6763 95.2059 3.925e-12 2.824e-12 1.111e-12 0.0 44.13 0.0
S266662 42.6987 95.2066 4.399e-12 3.17e-12 1.206e-12 0.0 44.11 0.0
S266663 42.7043 95.2328 4.694e-16 3.666e-16 1.617e-16 0.0 44.15 0.0
S266664 42.8573 94.5938 2.437e-16 2.043e-16 1.048e-16 0.0 45.01 0.0
S266665 42.7192 95.2386 2.199e-15 1.738e-15 7.555e-16 0.0 44.1 1.0
S266666 42.743 95.2315 8.251e-16 6.723e-16 3.12e-16 0.0 44.14 0.0
S266667 42.824 94.5615 9.237e-16 8.479e-16 5.233e-16 0.0 45.05 0.0
S266668 42.758 95.2281 1.036e-16 9.523e-17 5.688e-17 0.0 44.12 0.0
S266669 42.8022 94.5597 1.919e-16 1.701e-16 9.488e-17 0.0 45.04 0.0
S266670 42.7983 94.556 3.821e-15 2.838e-15 1.131e-15 0.0 44.99 0.0
S266671 42.8049 95.2403 2.403e-12 1.668e-12 5.794e-13 0.001 44.15 0.0
S266672 42.7515 94.5818 1.421e-17 1.23e-17 6.825e-18 0.0 44.97 0.0
S266673 42.7325 94.5595 1e-14 7.202e-15 2.699e-15 0.0 45.01 0.0
S266674 42.8485 95.231 2.123e-15 1.526e-15 5.612e-16 0.0 44.13 1.0
S266675 42.8587 95.2406 8.212e-15 5.757e-15 2.011e-15 0.0 44.15 0.0
S266676 42.8753 95.2343 2.334e-15 1.969e-15 1.026e-15 0.0 44.14 0.0
S266677 42.8927 95.2376 3.681e-16 3e-16 1.439e-16 0.0 44.2 0.0
S266678 42.9094 95.2173 9.731e-15 7.054e-15 2.638e-15 0.0 44.24 0.0
S266679 42.9006 95.2063 4.271e-19 6.048e-19 9.402e-19 0.0 44.2 0.0
S266680 42.9306 95.2009 5.558e-12 4.362e-12 1.995e-12 0.0 44.22 1.0
S266681 42.9355 95.1784 3.637e-15 2.608e-15 9.493e-16 0.0 44.25 0.0
S266682 42.9655 95.1827 2.525e-16 2.096e-16 1.014e-16 0.0 44.3 0.0
S266683 42.9887 95.1735 3.997e-16 4.99e-16 5.817e-16 0.0 44.3 0.0
S266684 42.9971 95.1678 2.887e-15 2.132e-15 8.193e-16 0.0 44.25 0.0
S266685 42.5846 94.6767 9.506e-16 7.65e-16 3.502e-16 0.0 44.85 0.0
S266686 43.0088 95.1244 2.066e-16 2.435e-16 2.367e-16 0.0 44.28 0.0
S266687 42.5543 94.7006 4.947e-16 3.905e-16 1.744e-16 0.0 44.7 0.0
S266688 42.5371 94.7178 4.445e-16 5.051e-16 4.796e-16 0.0 44.71 0.0
S266689 42.7199 95.0739 1.371e-16 1.204e-16 6.558e-17 0.001 44.13 0.0
S266690 42.8484 94.7513 8.765e-16 6.963e-16 3.147e-16 0.0 44.97 1.0
S266691 42.8528 94.7367 1.089e-16 9.897e-17 5.749e-17 0.0 44.99 0.0
S266692 42.8585 94.7199 2.24e-16 1.914e-16 1.011e-16 0.0 44.97 0.0
S266693 42.8488 94.7378 3.399e-15 2.565e-15 1.035e-15 0.0 45.03 0.0
S266694 42.7183 95.079 8.683e-16 6.871e-16 2.991e-16 0.0 44.14 1.0
S266695 42.8605 94.7062 1.469e-17 2.093e-17 3.147e-17 0.0 45.01 0.0
S266696 42.8448 94.7371 2.294e-16 2.003e-16 1.09e-16 0.0 45.04 0.0
S266697 42.7269 95.077 2.2490000000000002e-20 3.8670000000000005e-20 8.67e-20 0.0 44.12 0.0
S266698 42.8568 94.7119 7.686e-19 1.066e-18 1.527e-18 0.0 45.02 0.0
S266699 42.7256 95.0906 4.077e-15 3.018e-15 1.203e-15 0.0 44.18 0.0
S266700 42.7344 95.0847 4.788e-16 3.821e-16 1.757e-16 0.0 44.13 0.0
S266701 42.7191 95.1001 1.3e-12 8.918e-13 3.068e-13 0.0 44.18 0.0
S266702 42.8386 94.7362 1.747e-15 1.366e-15 6.035e-16 0.0 45.0 1.0
S266703 42.7292 95.0855 1.6679999999999998e-23 5.812e-23 5.613e-22 0.0 44.13 0.0
S266704 42.8194 94.7435 8.39e-16 6.694e-16 3.087e-16 0.0 44.99 0.0
S266705 42.8262 94.7241 5.114e-17 4.581e-17 2.713e-17 0.0 45.01 0.0
S266706 42.7335 95.1025 2.4890000000000003e-20 4.954e-20 1.428e-19 0.0 44.18 0.0
S266707 42.7441 95.0811 7.869e-16 6.128e-16 2.643e-16 0.0 44.13 1.0
S266708 42.8299 94.7034 4.002e-16 6.869e-16 1.506e-15 0.0 45.01 0.0
S266709 42.733 95.1035 1.578e-18 1.953e-18 2.21e-18 0.0 44.1 0.0
S266710 42.7607 95.0831 4.307e-17 4.204e-17 2.789e-17 0.0 44.12 0.0
S266711 42.7552 95.1072 5.365e-19 7.902e-19 1.283e-18 0.0 44.2 0.0
S266712 42.8236 94.7268 1.973e-16 1.709e-16 9.379e-17 0.0 45.0 0.0
S266713 42.762 95.0857 9.612e-21 6.81e-21 2.478e-21 0.0 44.13 0.0
S266714 42.7611 95.1013 2.556e-18 3.157e-18 3.608e-18 0.0 44.16 0.0
S266715 42.7483 95.0937 7.475e-18 8.081e-18 7.12e-18 0.0 44.14 0.0
S266716 42.7533 95.0996 2.816e-15 2.137e-15 9e-16 0.0 44.17 1.0
S266717 42.8192 94.6971 6.569e-13 4.327e-13 1.406e-13 0.0 45.01 0.0
S266718 42.7493 95.1084 6.359e-19 8.613e-19 1.126e-18 0.0 44.19 0.0
S266719 42.7811 95.1118 3.814e-16 3.231e-16 1.667e-16 0.0 44.15 0.0
S266720 42.7766 95.1141 5.294000000000001e-20 8.994000000000001e-20 1.898e-19 0.0 44.14 0.0
S266721 42.805 94.6882 6.178e-16 5.842e-16 3.707e-16 0.0 45.03 0.0
S266722 42.7911 94.7014 1.142e-15 9.946e-16 5.556e-16 0.001 45.03 0.0
S266723 42.7725 95.0991 2.359e-15 1.744e-15 7.187e-16 0.0 44.16 0.0
S266724 42.8082 94.7028 3.003e-16 3.227e-16 2.737e-16 0.0 44.96 0.0
S266725 42.799 94.7058 5.502e-19 7.63e-19 1.084e-18 0.0 44.97 0.0
S266726 42.8053 94.6888 1.006e-18 1.359e-18 1.866e-18 0.0 44.95 0.0
S266727 42.8017 94.6876 8.819e-18 9.09e-18 6.675e-18 0.0 45.04 0.0
S266728 42.7851 94.6886 3.68e-21 8.312e-21 3.252e-20 0.0 44.99 0.0
S266729 42.7892 94.7085 6.17e-17 5.939e-17 4.086e-17 0.0 44.98 0.0
S266730 42.7907 95.1339 1.215e-18 1.712e-18 2.478e-18 0.0 44.15 0.0
S266731 42.7762 94.6989 2.449e-22 6.8e-22 4.207e-21 0.0 45.01 0.0
S266732 42.8051 95.1066 3.114e-18 3.641e-18 3.653e-18 0.0 44.14 0.0
S266733 42.7729 94.6939 1.55e-18 2.147e-18 2.969e-18 0.0 45.02 0.0
S266734 42.7803 94.7085 1.664e-16 1.857e-16 1.671e-16 0.0 44.99 0.0
S266735 42.8004 95.1036 1.1670000000000001e-20 8.052e-21 2.821e-21 0.0 44.13 0.0
S266736 42.7753 94.6798 3.82e-16 4.824e-16 5.763e-16 0.0 45.02 0.0
S266737 42.7668 94.7116 3.42e-19 4.804e-19 7.298e-19 0.0 45.01 0.0
S266738 42.7679 94.7207 4.819e-19 6.549e-19 9.194e-19 0.0 45.01 0.0
S266739 42.8268 95.1062 4.782e-17 4.613e-17 3.143e-17 0.0 44.17 0.0
S266740 42.8139 95.1216 1.151e-17 1.208e-17 9.528e-18 0.0 44.12 0.0
S266741 42.7872 95.1241 1.101e-18 1.461e-18 1.924e-18 0.0 44.14 0.0
S266742 42.7656 94.6727 8.316e-18 9.325e-18 8.453e-18 0.0 45.02 0.0
S266743 42.768 94.6768 2.967e-16 3.504e-16 3.489e-16 0.0 45.05 0.0
S266744 42.8339 95.1229 3.641e-16 2.955e-16 1.457e-16 0.0 44.17 0.0
S266745 42.8224 95.0989 5.503e-12 3.898e-12 1.423e-12 0.0 44.22 0.0
S266746 42.8315 95.113 3.504e-17 3.244e-17 1.993e-17 0.0 44.16 0.0
S266747 42.8215 95.1067 1.255e-19 1.993e-19 3.741e-19 0.0 44.22 0.0
S266748 42.7327 94.712 5.124e-18 5.71e-18 5.17e-18 0.0 44.98 0.0
S266749 42.8181 95.1176 1.199e-16 1.07e-16 6.121e-17 0.0 44.15 0.0
S266750 42.7372 94.6846 5.578e-16 4.35e-16 1.935e-16 0.0 45.0 0.0
S266751 42.8361 95.1156 7.732e-16 5.779e-16 2.413e-16 0.0 44.13 0.0
S266752 42.733 94.7095 4.264e-22 1.123e-21 6.246e-21 0.0 44.93 0.0
S266753 42.7121 94.703 9.727e-16 7.734e-16 3.524e-16 0.0 44.93 1.0
S266754 42.845 95.1028 1.657e-17 1.734e-17 1.312e-17 0.0 44.26 0.0
S266755 42.7133 94.6962 4.885e-17 4.964e-17 3.617e-17 0.0 44.93 0.0
S266756 42.7332 94.7023 4.7780000000000006e-20 8.368000000000001e-20 1.89e-19 0.0 44.92 0.0
S266757 42.7131 94.7161 1.32e-17 1.415e-17 1.185e-17 0.0 44.92 0.0
S266758 42.8713 95.0993 1.613e-15 1.258e-15 5.415e-16 0.0 44.22 1.0
S266759 42.711 94.7033 1.857e-14 1.305e-14 4.543e-15 0.0 44.94 0.0
S266760 42.8612 95.1013 2.99e-19 4.357e-19 6.636e-19 0.0 44.23 0.0
S266761 42.8666 95.0926 1.037e-16 9.678e-17 6.005e-17 0.0 44.22 0.0
S266762 42.7001 94.7046 1.107e-15 1.144e-15 8.706e-16 0.0 44.91 0.0
S266763 42.7027 94.7293 6.706e-17 6.22e-17 3.915e-17 0.0 44.96 0.0
S266764 42.7077 94.7337 1.517e-19 2.434e-19 4.599e-19 0.0 44.82 0.0
S266765 42.8685 95.0871 1.0090000000000001e-21 2.424e-21 1.0550000000000001e-20 0.0 44.18 0.0
S266766 42.8882 95.0794 2.875e-21 5.933e-21 1.936e-20 0.0 44.26 0.0
S266767 42.6712 94.7085 6.955e-15 5.017e-15 1.878e-15 0.0 44.85 0.0
S266768 42.9038 95.0871 4.627e-17 4.533e-17 3.036e-17 0.0 44.29 0.0
S266769 42.6556 94.7154 2.805e-18 3.475e-18 3.855e-18 0.0 44.86 0.0
S266770 42.6812 94.7281 6.449e-16 5.028e-16 2.213e-16 0.0 44.81 0.0
S266771 42.907 95.0827 1.33e-16 1.966e-16 3.211e-16 0.0 44.24 0.0
S266772 42.9106 95.0806 6.653e-16 5.018e-16 2.09e-16 0.0 44.24 0.0
S266773 42.8908 95.0637 1.489e-18 1.852e-18 2.056e-18 0.0 44.34 0.0
S266774 42.9157 95.069 2.464e-16 1.959e-16 9.138e-17 0.0 44.26 0.0
S266775 42.9383 95.0924 3.457e-16 2.907e-16 1.45e-16 0.0 44.31 0.0
S266776 42.6544 94.7502 2.7840000000000005e-20 5.238e-20 1.349e-19 0.0 44.84 0.0
S266777 42.636 94.7365 1.141e-15 8.833e-16 3.856e-16 0.0 44.84 1.0
S266778 42.63 94.7199 1.849e-22 4.890999999999999e-22 2.576e-21 0.0 44.82 0.0
S266779 42.9461 95.0725 5.496e-17 5.017e-17 3.036e-17 0.0 44.34 0.0
S266780 42.9592 95.0742 2.546e-16 2.102e-16 1.059e-16 0.0 44.42 0.0
S266781 42.9429 95.0613 2.733e-15 2.072e-15 8.379e-16 0.0 44.3 1.0
S266782 42.6287 94.7534 1.071e-18 1.407e-18 1.76e-18 0.0 44.76 0.0
S266783 42.9411 95.0536 7.775e-17 6.879e-17 3.952e-17 0.0 44.31 0.0
S266784 42.6317 94.7631 1.66e-18 2.231e-18 2.957e-18 0.0 44.79 0.0
S266785 42.5981 94.7441 1.025e-21 2.7670000000000002e-21 1.574e-20 0.0 44.82 0.0
S266786 42.5942 94.7546 1.22e-15 1.214e-15 8.772e-16 0.0 44.75 0.0
S266787 42.6123 94.7717 3.014e-17 2.886e-17 1.941e-17 0.0 44.75 0.0
S266788 42.9805 95.0431 1.935e-15 1.409e-15 5.459e-16 0.001 44.37 0.0
S266789 42.9714 95.0377 1.031e-15 7.638e-16 2.993e-16 0.0 44.35 0.0
S266790 42.9549 95.0111 1.306e-20 9.048000000000001e-21 3.1300000000000002e-21 0.0 44.42 0.0
S266791 42.5959 94.7836 1.3960000000000002e-20 9.569e-21 3.2720000000000002e-21 0.0 44.72 0.0
S266792 42.5866 94.7836 3.416e-17 3.305e-17 2.201e-17 0.0 44.76 0.0
S266793 42.5948 94.799 2.201e-16 1.878e-16 1.011e-16 0.0 44.68 0.0
S266794 42.9661 94.9917 7.626e-18 8.804e-18 8.453e-18 0.001 44.49 0.0
S266795 42.9764 94.9976 9.354e-23 3.0269999999999997e-22 2.449e-21 0.0 44.52 0.0
S266796 42.5838 94.8095 3.319e-15 2.469e-15 1.035e-15 0.0 44.64 1.0
S266797 42.5566 94.801 3.186e-17 3.193e-17 2.302e-17 0.0 44.64 0.0
S266798 42.998 94.9855 1.381e-20 9.301e-21 3.204e-21 0.0 44.52 0.0
S266799 42.9906 94.9811 8.062e-17 7.249e-17 4.248e-17 0.0 44.43 0.0
S266800 42.9928 94.9728 8.747e-17 7.744e-17 4.439e-17 0.0 44.51 0.0
S266801 42.572 94.8296 1.141e-17 1.124e-17 8.152e-18 0.0 44.64 0.0
S266802 43.0024 94.9642 2.316e-19 3.355e-19 5.316e-19 0.001 44.5 0.0
S266803 42.5474 94.8362 9.356e-16 7.036e-16 2.958e-16 0.0 44.61 1.0
S266804 42.5656 94.855 2.953e-16 2.456e-16 1.208e-16 0.0 44.56 0.0
S266805 42.5688 94.8553 9.372e-18 1.014e-17 8.813e-18 0.0 44.58 0.0
S266806 43.0152 94.961 3.728e-19 5.196e-19 7.501e-19 0.0 44.51 0.0
S266807 43.0061 94.9358 1.226e-18 1.553e-18 1.809e-18 0.0 44.61 0.0
S266808 42.583 94.8853 4.593e-18 5.052e-18 4.593e-18 0.0 44.58 0.0
S266809 43.0234 94.9193 1.826e-20 3.465e-20 9.396000000000001e-20 0.0 44.61 0.0
S266810 43.0051 94.9249 1.383e-16 1.211e-16 6.652e-17 0.0 44.55 0.0
S266811 42.5495 94.9045 6.894e-16 5.427e-16 2.52e-16 0.0 44.5 0.0
S266812 42.5597 94.9031 1.4e-19 2.192e-19 4.102e-19 0.0 44.52 0.0
S266813 43.0233 94.8916 1.755e-15 1.353e-15 5.533e-16 0.0 44.67 1.0
S266814 43.0043 94.865 9.141e-17 8.248e-17 4.987e-17 0.0 44.66 0.0
S266815 43.0491 94.8876 9.876e-19 1.281e-18 1.55e-18 0.0 44.68 0.0
S266816 43.0147 94.8836 5.474e-17 5.414e-17 3.811e-17 0.001 44.65 0.0
S266817 43.0169 94.8563 9.57e-17 8.513e-17 4.628e-17 0.0 44.74 0.0
S266818 43.0202 94.8562 1.571e-18 1.914e-18 2.102e-18 0.0 44.73 0.0
S266819 43.0142 94.8485 7.353e-21 1.4130000000000002e-20 4.099e-20 0.0 44.71 0.0
S266820 42.5468 94.9647 3.849e-17 3.731e-17 2.541e-17 0.0 44.39 0.0
S266821 43.0152 94.8657 4.9249999999999995e-22 1.224e-21 5.97e-21 0.0 44.68 0.0
S266822 43.0107 94.8111 5.217e-16 8.988e-16 2.027e-15 0.0 44.75 0.0
S266823 42.5491 94.9762 1.104e-15 8.41e-16 3.418e-16 0.0 44.4 1.0
S266824 43.0104 94.793 4.658e-17 4.314e-17 2.766e-17 0.0 44.76 0.0
S266825 43.0234 94.8165 1.293e-16 1.167e-16 6.971e-17 0.0 44.76 0.0
S266826 42.5378 95.0062 1.994e-15 1.659e-15 8.298e-16 0.0 44.34 0.0
S266827 43.0145 94.7912 2.701e-18 3.394e-18 3.998e-18 0.0 44.77 0.0
S266828 42.5622 95.0188 6.728999999999999e-22 1.641e-21 7.378e-21 0.0 44.27 0.0
S266829 43.0138 94.8084 4.448e-19 6.49e-19 1.035e-18 0.0 44.81 0.0
S266830 43.0142 94.7843 3.7739999999999995e-22 1.07e-21 6.763e-21 0.0 44.77 0.0
S266831 42.5464 95.0515 5.308e-23 1.607e-22 1.177e-21 0.0 44.26 0.0
S266832 43.0039 94.7518 3.291e-16 3.418e-16 2.708e-16 0.0 44.88 0.0
S266833 42.5779 95.0305 3.63e-16 3.85e-16 3.117e-16 0.001 44.33 0.0
S266834 42.5845 95.0665 1.121e-15 1.087e-15 7.189e-16 0.0 44.27 0.0
S266835 42.5691 95.0769 5.657e-15 4.252e-15 1.672e-15 0.0 44.25 0.0
S266836 42.5631 95.0773 1.046e-18 1.406e-18 1.929e-18 0.0 44.26 0.0
S266837 42.5913 95.0469 1.766e-17 1.908e-17 1.565e-17 0.0 44.25 0.0
S266838 42.5664 95.1335 7.987e-19 1.144e-18 1.685e-18 0.0 44.2 0.0
S266839 42.9941 94.7219 5.932e-16 4.604e-16 1.963e-16 0.0 44.94 0.0
S266840 42.9981 94.6891 1.723e-16 2.294e-16 2.917e-16 0.0 44.88 0.0
S266841 42.9868 94.6821 2.829e-19 3.991e-19 5.743e-19 0.0 44.9 0.0
S266842 42.9855 94.6604 2.078e-18 2.571e-18 3.015e-18 0.0 44.96 0.0
S266843 42.964 94.6941 1.658e-17 1.832e-17 1.599e-17 0.0 45.02 0.0
S266844 42.9459 94.6837 4.448e-21 1.035e-20 4.1420000000000006e-20 0.0 44.97 0.0
S266845 42.596 95.1811 4.246e-17 4.063e-17 2.69e-17 0.0 44.19 0.0
S266846 42.9552 94.6599 3.839e-16 5.138e-16 6.618e-16 0.0 44.95 0.0
S266847 42.6149 95.1674 5.609e-16 4.643e-16 2.29e-16 0.0 44.08 0.0
S266848 42.9364 94.6527 2.151e-16 1.876e-16 1.036e-16 0.0 44.95 0.0
S266849 42.9427 94.6375 2.232e-16 2.465e-16 2.175e-16 0.0 45.03 0.0
S266850 42.934 94.6347 2.532e-15 1.764e-15 6.333e-16 0.0 45.04 0.0
S266851 42.9237 94.6175 7.67e-16 8.97e-16 8.844e-16 0.0 45.03 0.0
S266852 42.652 95.1984 5.784e-17 7.671e-17 1e-16 0.0 44.09 0.0
S266853 42.9201 94.6056 1.186e-15 1.032e-15 5.598e-16 0.0 45.01 0.0
S266854 42.9278 94.5805 2.368e-16 3.239e-16 4.35e-16 0.0 44.98 0.0
S266855 42.6778 95.2055 1.684e-16 2.496e-16 4.137e-16 0.0 44.09 0.0
S266856 42.8959 94.6076 2.68e-17 2.696e-17 1.915e-17 0.0 45.03 0.0
S266857 42.7017 95.1795 9.347e-14 6.105e-14 1.926e-14 0.0 44.07 0.0
S266858 42.6851 95.2376 6.868e-24 2.626e-23 3.1219999999999996e-22 0.0 44.11 0.0
S266859 42.8811 94.5619 2.4e-17 2.424e-17 1.755e-17 0.0 45.04 0.0
S266860 42.7383 95.1684 1.086e-16 9.664e-17 5.533e-17 0.001 44.09 0.0
S266861 42.8257 94.606 1.377e-17 1.489e-17 1.327e-17 0.0 45.01 0.0
S266862 42.7137 95.2457 2.789e-19 4.413e-19 8.192e-19 0.0 44.09 0.0
S266863 42.8236 94.5819 8.008e-17 7.481e-17 4.496e-17 0.0 45.07 0.0
S266864 42.8221 94.555 2.496e-21 5.945e-21 2.605e-20 0.0 45.04 0.0
S266865 42.7735 95.2512 3.1989999999999996e-23 1.0929999999999998e-22 1.04e-21 0.0 44.12 0.0
S266866 42.748 95.2583 1.055e-15 8.103e-16 3.389e-16 0.0 44.12 1.0
S266867 42.752 95.2369 6.719e-16 5.513e-16 2.609e-16 0.0 44.09 0.0
S266868 42.7988 94.5496 1.4269999999999998e-22 3.9249999999999997e-22 2.295e-21 0.0 45.05 0.0
S266869 42.81 95.224 4.5809999999999997e-23 1.3819999999999998e-22 9.743e-22 0.0 44.1 0.0
S266870 42.8009 95.2307 8.853e-19 1.198e-18 1.592e-18 0.0 44.08 0.0
S266871 42.7874 95.2324 5.299e-17 4.867e-17 3.091e-17 0.0 44.11 0.0
S266872 42.7375 94.5964 2.943e-17 2.884e-17 1.989e-17 0.0 45.03 1.0
S266873 42.7601 94.5737 5.824999999999999e-22 1.619e-21 9.564e-21 0.0 45.03 0.0
S266874 42.867 95.2244 1.3100000000000002e-20 2.4380000000000002e-20 6.609000000000001e-20 0.0 44.15 0.0
S266875 42.6912 94.5835 1.595e-16 1.365e-16 7.164e-17 0.0 44.94 0.0
S266876 42.7126 94.5585 1.993e-17 2.091e-17 1.669e-17 0.0 45.08 0.0
S266877 42.8839 95.2164 8.773000000000001e-21 1.7690000000000002e-20 5.4000000000000005e-20 0.0 44.17 0.0
S266878 42.8809 95.2174 7.733e-16 6.145e-16 2.775e-16 0.0 44.19 1.0
S266879 42.6694 94.6089 1.1170000000000001e-20 7.833e-21 2.732e-21 0.0 44.89 0.0
S266880 42.9062 95.2306 3.323e-16 2.871e-16 1.533e-16 0.0 44.24 0.0
S266881 42.6758 94.6228 8.878e-16 7.111e-16 3.27e-16 0.0 44.94 0.0
S266882 42.9288 95.191 1.12e-18 1.392e-18 1.577e-18 0.0 44.21 0.0
S266883 42.8984 95.1709 1.846e-18 2.309e-18 2.721e-18 0.0 44.21 0.0
S266884 42.6605 94.6522 2.493e-21 5.828e-21 2.3940000000000002e-20 0.0 44.95 0.0
S266885 42.6139 94.6424 5.014e-17 4.712e-17 3.024e-17 0.001 44.85 0.0
S266886 42.6255 94.6593 1.384e-20 9.394e-21 3.139e-21 0.0 44.89 0.0
S266887 42.6263 94.6721 8.485e-17 8.3e-17 5.737e-17 0.0 44.86 0.0
S266888 42.9988 95.1421 1.699e-23 5.949e-23 5.813999999999999e-22 0.0 44.26 0.0
S266889 42.5788 94.6687 3.347e-17 3.291e-17 2.321e-17 0.0 44.79 0.0
S266890 42.9874 95.1112 2.112e-16 1.891e-16 1.041e-16 0.0 44.34 0.0
S266891 43.0166 95.1153 8.002e-16 6.056e-16 2.466e-16 0.0 44.4 1.0
S266892 42.9665 95.0652 6.96e-17 6.506e-17 3.996e-17 0.0 44.39 0.0
S266893 42.5607 94.7281 1.515e-20 3.002e-20 9.101e-20 0.0 44.79 0.0
S266894 42.9963 95.0484 1.125e-16 1.007e-16 5.831e-17 0.0 44.4 0.0
S266895 43.0741 95.0877 9.846e-16 7.785e-16 3.505e-16 0.0 44.35 1.0
S266896 43.0632 95.0531 1.752e-16 1.492e-16 7.657e-17 0.0 44.44 0.0
S266897 43.0627 95.0279 3.311e-14 2.227e-14 7.255e-15 0.0 44.4 0.0
S266898 42.4849 94.7707 3.568e-18 4.16e-18 4.151e-18 0.0 44.63 0.0
