Name Equatorial Polar BlueF GreenF RedF Parallax RadialVelocity Variable?
S389063 78.8869 151.0586 3.0410000000000003e-20 4.6000000000000004e-20 7.576e-20 0.001 138.61 0.0
S389064 78.696 151.0265 8.969e-22 1.763e-21 5.307e-21 0.0 137.84 0.0
S389065 78.6565 151.0316 7.903e-18 7.633e-18 5.138e-18 0.0 137.86 0.0
S389066 78.8047 151.0109 5.481999999999999e-23 1.458e-22 7.922999999999999e-22 0.0 138.56 0.0
S389067 78.7952 151.0074 8.035999999999999e-23 2.0779999999999999e-22 1.143e-21 0.0 138.46 0.0
S389068 78.7881 151.0108 1.836e-19 2.258e-19 2.421e-19 0.0 138.29 0.0
S389069 78.7339 151.0115 7.3e-18 6.908e-18 4.346e-18 0.0 137.84 0.0
S389070 78.7012 151.0242 1.4400000000000003e-20 2.439e-20 5.0270000000000005e-20 0.0 137.87 0.0
S389071 78.7895 150.9967 2.775e-22 6.402e-22 2.539e-21 0.0 138.38 0.0
S389072 78.8026 150.9817 1.591e-18 1.643e-18 1.313e-18 0.0 138.58 0.0
S389073 78.818 151.0239 1.289e-21 2.306e-21 5.58e-21 0.0 138.55 0.0
S389074 78.8873 151.0088 9.753e-20 1.311e-19 1.739e-19 0.0 138.94 0.0
S389075 78.8864 151.0047 1.544e-24 5.083e-24 4.546e-23 0.0 138.97 0.0
S389076 78.7836 151.007 4.154e-17 4.164e-17 3.087e-17 0.0 138.09 0.0
S389077 78.7508 150.9275 8.339999999999999e-24 2.244e-23 1.273e-22 0.0 138.35 0.0
S389078 78.7879 150.9857 1.9139999999999998e-22 4.843e-22 2.427e-21 0.0 138.41 0.0
S389079 78.8227 151.0215 4.932e-17 4.241e-17 2.203e-17 0.0 138.55 0.0
S389080 78.8307 150.9874 1.3250000000000002e-25 6.395e-25 1.204e-23 0.0 138.84 0.0
S389081 78.7969 150.9993 4.755e-22 9.753999999999999e-22 3.095e-21 0.0 138.79 0.0
S389082 78.7826 150.9946 1.149e-17 1.029e-17 5.759e-18 0.0 138.26 0.0
S389083 78.7519 150.9925 3.519e-23 9.433e-23 5.543999999999999e-22 0.0 138.02 0.0
S389084 78.7937 150.9996 4.615e-22 9.798e-22 3.334e-21 0.0 138.55 0.0
S389085 78.7481 151.0064 1.332e-21 9.189999999999999e-22 3.2039999999999997e-22 0.0 137.83 0.0
S389086 78.7528 150.9887 3.879e-16 3.109e-16 1.44e-16 0.0 138.09 0.0
S389087 78.7768 151.0091 1.482e-18 1.479e-18 1.056e-18 0.0 138.06 0.0
S389088 78.7755 151.0013 7.126e-22 1.552e-21 5.675e-21 0.0 137.93 0.0
S389089 78.8215 150.9881 8.535e-23 1.9069999999999999e-22 7.261e-22 0.0 138.69 0.0
S389090 78.7678 150.9936 3.61e-23 9.621999999999999e-23 5.362e-22 0.0 138.08 0.0
S389091 78.7546 150.9877 9.095e-23 2.0589999999999998e-22 8.405999999999999e-22 0.0 138.08 0.0
S389092 78.7905 151.0095 2.7630000000000004e-26 1.4930000000000001e-25 3.722e-24 0.0 138.29 0.0
S389093 78.7766 151.0041 2.3380000000000002e-20 3.6200000000000004e-20 6.17e-20 0.0 138.04 0.0
S389094 78.7948 151.0114 4.522e-19 5.521e-19 6.132e-19 0.0 138.38 0.0
S389095 78.7752 151.0071 5.331e-23 1.433e-22 8.248999999999999e-22 0.001 138.0 0.0
S389096 78.7622 150.9907 6.625e-23 1.759e-22 9.567e-22 0.0 138.13 0.0
S389097 78.8137 151.0054 2.681e-23 7.084e-23 3.8709999999999996e-22 0.0 138.85 0.0
S389098 78.8042 151.0016 5.308e-23 1.4759999999999998e-22 8.882e-22 0.0 138.77 0.0
S389099 78.8057 150.9999 1.161e-22 3.141e-22 1.827e-21 0.0 138.79 0.0
S389100 78.7699 150.9923 5.536999999999999e-23 1.3609999999999999e-22 6.293e-22 0.0 138.17 0.0
S389101 78.6125 150.9785 1.069e-23 3.1439999999999996e-23 2.1479999999999996e-22 0.0 137.91 0.0
S389102 78.7693 150.9945 1.275e-20 2.004e-20 3.733e-20 0.0 138.14 0.0
S389103 78.7811 150.9767 4.563e-23 1.107e-22 4.81e-22 0.0 138.37 0.0
S389104 78.7192 150.9857 1.829e-21 3.31e-21 8.158e-21 0.0 137.99 0.0
S389105 78.7721 150.9852 5.063e-23 1.199e-22 5.167e-22 0.0 138.23 0.0
S389106 78.7673 151.0288 2.0279999999999998e-22 4.710999999999999e-22 1.958e-21 0.0 138.18 0.0
S389107 78.7632 150.9978 2.518e-18 2.555e-18 1.965e-18 0.0 138.04 0.0
S389108 78.7914 151.0031 1.06e-19 1.44e-19 2.043e-19 0.0 138.22 0.0
S389109 78.7853 151.0068 3.829e-18 3.752e-18 2.577e-18 0.0 138.12 0.0
S389110 78.7508 150.9992 1.92e-23 5.660999999999999e-23 3.7359999999999995e-22 0.0 137.92 0.0
S389111 78.7889 151.0025 1.8309999999999997e-22 4.359999999999999e-22 1.9050000000000002e-21 0.0 138.01 0.0
S389112 78.8178 150.99 3.529e-18 4.531e-18 5.636e-18 0.0 138.69 0.0
S389113 78.8004 150.9842 1.296e-21 9.112e-22 3.238e-22 0.0 138.52 0.0
S389114 78.8496 151.0778 3.354e-23 9.343e-23 5.675999999999999e-22 0.0 138.44 0.0
S389115 78.7753 151.0055 8.492e-18 7.604e-18 4.339e-18 0.0 137.94 0.0
S389116 78.8477 151.02 6.005999999999999e-22 1.278e-21 4.463e-21 0.0 138.63 0.0
S389117 78.8631 151.0253 5.887e-18 5.676e-18 3.801e-18 0.0 138.72 0.0
S389118 78.8734 150.9764 4.243e-17 4.791e-17 4.487e-17 0.0 138.81 0.0
S389119 78.7851 150.9767 4.245e-19 5.399e-19 6.467e-19 0.0 138.41 0.0
S389120 78.8283 151.0066 4.762e-19 5.625e-19 5.565e-19 0.0 138.82 0.0
S389121 78.8128 150.9986 5.011e-23 1.266e-22 6.421999999999999e-22 0.0 138.83 0.0
S389122 78.7586 150.9621 3.127e-21 5.7960000000000005e-21 1.429e-20 0.0 138.33 0.0
S389123 78.971 151.0225 1.343e-21 2.673e-21 8.406000000000001e-21 0.0 138.9 0.0
S389124 78.7969 150.9938 1.354e-16 1.395e-16 1.078e-16 0.0 138.46 0.0
S389125 78.7705 151.0077 4.927e-21 9.070000000000001e-21 2.329e-20 0.0 138.0 1.0
S389126 78.7989 151.0099 1.976e-17 1.682e-17 8.823e-18 0.0 138.44 0.0
S389127 78.7813 150.9862 1.545e-17 2.123e-17 2.882e-17 0.0 138.33 0.0
S389128 78.7667 151.0189 1.281e-24 4.63e-24 4.917e-23 0.0 138.08 0.0
S389129 78.8558 151.0222 2.372e-24 8.708e-24 9.370999999999999e-23 0.0 138.75 0.0
S389130 78.9432 151.014 2.76e-17 4.944e-17 1.196e-16 0.0 138.93 0.0
S389131 78.7969 151.0092 6.32e-24 1.92e-23 1.4379999999999998e-22 0.0 138.45 0.0
S389132 78.5949 151.0488 3.646e-21 6.103e-21 1.311e-20 0.0 137.8 0.0
S389133 78.7599 151.0073 1.089e-16 9.511e-17 5.191e-17 0.0 137.9 0.0
S389134 78.7851 151.0014 2.259e-23 5.513999999999999e-23 2.635e-22 0.0 138.2 0.0
S389135 78.7486 151.0224 5.95e-13 4.384e-13 1.707e-13 0.0 137.99 0.0
S389136 78.7636 150.9989 8.162999999999999e-23 1.8359999999999998e-22 7.189999999999999e-22 0.0 137.98 0.0
S389137 78.8222 151.0208 3.9480000000000003e-25 1.616e-24 2.2509999999999998e-23 0.0 138.57 0.0
S389138 78.7889 151.0002 8.903e-21 1.407e-20 2.6370000000000003e-20 0.0 138.06 0.0
S389139 78.7927 151.0051 2.779e-23 7.934e-23 5.294999999999999e-22 0.0 138.39 0.0
S389140 78.8757 151.0281 3.352e-20 4.83e-20 7.327000000000001e-20 0.0 138.69 0.0
S389141 78.8308 151.0194 1.088e-17 9.852e-18 5.74e-18 0.0 138.6 0.0
S389142 78.8148 150.9711 9.383e-24 3.177e-23 2.8529999999999995e-22 0.0 138.53 0.0
S389143 78.8432 151.0032 3.5129999999999995e-22 8.162999999999999e-22 3.415e-21 0.0 138.87 0.0
S389144 78.6683 150.9911 3.353e-14 2.221e-14 7.11e-15 0.0 137.87 0.0
S389145 78.7965 151.021 3.969e-21 6.935e-21 1.5550000000000002e-20 0.0 138.39 0.0
S389146 78.8857 151.012 1.6139999999999999e-22 3.8339999999999996e-22 1.632e-21 0.0 138.9 0.0
S389147 78.7935 151.0044 7.826e-22 1.609e-21 5.369e-21 0.0 138.79 0.0
S389148 78.8465 150.9837 3.439e-21 6.1290000000000005e-21 1.529e-20 0.0 138.82 0.0
S389149 78.7173 151.011 1.1299999999999998e-22 2.887e-22 1.482e-21 0.0 137.84 0.0
S389150 78.9756 150.9502 7.784999999999999e-22 1.575e-21 5.158e-21 0.0 138.87 0.0
S389151 78.8017 151.0042 1.452e-23 5.0089999999999995e-23 4.581999999999999e-22 0.0 138.81 0.0
S389152 78.6241 151.0271 4.901e-24 1.38e-23 8.696e-23 0.0 137.81 0.0
S389153 78.8226 151.0137 2.0099999999999998e-22 4.905999999999999e-22 2.245e-21 0.0 138.67 0.0
S389154 78.7916 151.0056 3.999e-21 7.096e-21 1.6400000000000003e-20 0.0 138.32 0.0
S389155 78.4821 150.9839 2.0609999999999997e-22 4.841e-22 2.062e-21 0.0 137.82 0.0
S389156 78.7159 150.9823 4.006e-19 4.479e-19 4.066e-19 0.0 137.98 0.0
S389157 78.8191 151.0014 4.603e-21 7.741e-21 1.6300000000000002e-20 0.0 138.83 0.0
S389158 78.7607 151.0138 2.748e-23 6.968e-23 3.4939999999999997e-22 0.0 138.04 0.0
S389159 78.7977 151.0115 1.884e-21 3.5960000000000004e-21 9.542e-21 0.0 138.41 0.0
S389160 78.6836 150.9953 2.046e-19 2.653e-19 3.265e-19 0.0 137.85 0.0
S389161 78.8614 151.0099 6.480000000000001e-20 8.881e-20 1.256e-19 0.001 138.84 0.0
S389162 78.8412 151.0024 6.498e-19 7.373e-19 7.042e-19 0.0 138.86 0.0
S389163 78.7496 150.9724 1.113e-20 1.764e-20 3.169e-20 0.0 138.25 0.0
S389164 78.7619 151.0215 1.3229999999999998e-22 3.164e-22 1.34e-21 0.0 138.14 0.0
S389165 78.8194 151.007 3.1949999999999996e-22 7.1979999999999995e-22 2.7790000000000002e-21 0.0 138.73 0.0
S389166 78.8259 151.0094 4.0119999999999995e-22 8.594999999999999e-22 2.972e-21 0.0 138.79 0.0
S389167 78.7892 150.998 6.418e-13 4.636e-13 1.75e-13 0.0 138.2 0.0
S389168 78.9707 150.9801 2.94e-19 3.612e-19 4.014e-19 0.0 138.99 0.0
S389169 78.7715 151.0039 8.105e-19 9.278e-19 9.137e-19 0.0 137.93 0.0
S389170 78.7706 151.0162 7.483e-22 1.501e-21 4.623e-21 0.0 138.11 0.0
S389171 78.7966 151.0038 5.501e-24 1.615e-23 1.0549999999999999e-22 0.0 138.83 0.0
S389172 78.5125 151.0139 3.8279999999999997e-22 8.345e-22 3.061e-21 0.0 137.76 0.0
S389173 78.9003 151.002 1.8879999999999998e-22 4.663e-22 2.083e-21 0.0 138.97 0.0
S389174 78.9736 150.9893 6.83e-24 2.1779999999999998e-23 1.7749999999999997e-22 0.0 138.98 0.0
S389175 78.7835 151.0085 1.003e-17 7.375e-18 2.934e-18 0.0 138.05 0.0
S389176 78.7862 150.9828 6.6280000000000004e-21 1.1500000000000001e-20 2.5580000000000003e-20 0.0 138.4 0.0
S389177 78.7755 151.0037 7.9e-17 1.481e-16 3.831e-16 0.0 137.98 0.0
S389178 79.018 150.9299 1.857e-25 8.047e-25 1.261e-23 0.0 138.86 0.0
S389179 78.7517 150.9956 9.952e-20 1.277e-19 1.537e-19 0.0 137.98 0.0
S389180 78.7561 151.008 1.037e-20 1.683e-20 3.159e-20 0.0 137.92 0.0
S389181 78.7839 151.0045 9.234e-23 2.1169999999999997e-22 8.761e-22 0.0 137.93 0.0
S389182 78.7874 151.0017 1.101e-17 9.435e-18 4.999e-18 0.0 138.23 0.0
S389183 78.8149 151.017 5.741e-19 6.596e-19 6.254e-19 0.0 138.56 0.0
S389184 78.7957 151.0029 9.313e-24 2.5729999999999998e-23 1.5089999999999998e-22 0.0 138.8 0.0
S389185 78.802 151.0233 5.1749999999999996e-23 1.292e-22 6.507999999999999e-22 0.0 138.39 0.0
S389186 78.7728 151.0068 1.2269999999999998e-22 2.919e-22 1.28e-21 0.0 137.93 0.0
S389187 78.811 151.0292 1.5e-24 5.269e-24 5.1549999999999995e-23 0.0 138.47 0.0
S389188 78.8605 151.0282 5.696e-25 2.448e-24 3.631e-23 0.0 138.6 0.0
S389189 78.6382 151.0367 2.509e-23 6.212e-23 2.992e-22 0.0 137.83 0.0
S389190 78.8725 150.9667 7.488e-23 1.7749999999999997e-22 7.835999999999999e-22 0.0 138.81 0.0
S389191 78.841 150.9167 2.9799999999999996e-22 6.458e-22 2.303e-21 0.0 138.56 0.0
S389192 78.8132 150.9924 3.1049999999999996e-23 8.144e-23 4.355999999999999e-22 0.0 138.62 0.0
S389193 78.61 151.0108 4.39e-20 6.067e-20 8.706000000000001e-20 0.0 137.78 0.0
S389194 78.6767 150.9922 7.591e-24 2.083e-23 1.254e-22 0.0 137.89 0.0
S389195 78.7698 151.0102 9.904999999999999e-23 2.567e-22 1.38e-21 0.0 138.07 0.0
S389196 78.8155 151.0081 4.45e-25 1.906e-24 2.841e-23 0.0 138.7 0.0
S389197 78.7808 151.001 4.826e-18 4.938e-18 3.723e-18 0.0 137.98 0.0
S389198 78.8351 151.0043 1.451e-22 3.838e-22 2.1010000000000002e-21 0.0 138.8 0.0
S389199 78.8046 151.0006 3.216e-21 5.977e-21 1.563e-20 0.0 138.81 0.0
S389200 78.8535 151.016 1.775e-18 1.92e-18 1.625e-18 0.0 138.81 0.0
S389201 78.8275 151.0078 2.6520000000000002e-20 4.1310000000000004e-20 7.441000000000001e-20 0.0 138.8 0.0
S389202 78.7154 151.0112 1.113e-23 3.857e-23 3.7329999999999998e-22 0.0 137.81 0.0
S389203 78.6778 150.9608 1.453e-21 2.909e-21 8.402e-21 0.0 138.07 0.0
S389204 78.8093 150.9964 1.2299999999999998e-22 3.0039999999999997e-22 1.409e-21 0.0 138.74 0.0
S389205 78.666 151.046 4.643e-17 3.876e-17 1.995e-17 0.0 137.92 0.0
S389206 78.8077 151.0375 1.398e-21 9.585e-22 3.3389999999999997e-22 0.0 138.4 0.0
S389207 78.7713 151.0087 9.407e-17 7.563e-17 3.548e-17 0.0 138.02 0.0
S389208 78.7946 151.0015 8.049999999999999e-22 1.578e-21 4.493e-21 0.0 138.83 1.0
S389209 78.9878 151.0584 1.248e-16 1.232e-16 8.723e-17 0.0 138.72 0.0
S389210 78.7874 151.0077 9.264e-22 1.856e-21 5.718e-21 0.0 138.27 0.0
S389211 78.5771 150.9893 5.805e-24 1.752e-23 1.276e-22 0.0 137.79 0.0
S389212 78.8359 150.9962 2.229e-19 2.784e-19 3.15e-19 0.0 138.86 0.0
S389213 78.8676 151.0261 3.9160000000000005e-20 5.652000000000001e-20 8.677e-20 0.0 138.71 0.0
S389214 78.7419 151.014 7.063e-20 9.55e-20 1.299e-19 0.0 137.9 0.0
S389215 78.7602 151.0099 2.479e-22 5.9209999999999995e-22 2.685e-21 0.0 137.91 0.0
S389216 78.7874 151.0046 2.009e-17 2.929e-17 4.64e-17 0.0 137.98 0.0
S389217 78.6102 151.0194 1.916e-18 2.035e-18 1.662e-18 0.0 137.8 0.0
S389218 78.7908 150.9998 3.436e-20 5.307e-20 9.083000000000001e-20 0.0 138.45 0.0
S389219 78.847 150.999 1.371e-23 3.707e-23 2.038e-22 0.0 138.89 0.0
S389220 78.5739 150.9997 2.4e-18 2.579e-18 2.181e-18 0.0 137.79 0.0
S389221 78.7552 151.0154 2.3909999999999998e-23 5.957e-23 2.798e-22 0.0 137.97 0.0
S389222 78.8113 150.9822 9.163e-17 1.001e-16 8.509e-17 0.0 138.58 0.0
S389223 78.8905 150.94 1.041e-21 2.167e-21 7.192000000000001e-21 0.0 138.7 0.0
S389224 78.8577 151.0174 6.864e-24 2.104e-23 1.5419999999999998e-22 0.0 138.82 0.0
S389225 78.9003 150.9621 2.8219999999999996e-23 7.931999999999999e-23 4.741999999999999e-22 0.0 138.77 0.0
S389226 78.7226 151.0061 7.053e-22 1.509e-21 5.104e-21 0.0 137.83 0.0
S389227 78.8013 151.0093 3.887e-23 1.061e-22 6.390999999999999e-22 0.0 138.47 0.0
S389228 78.7625 151.0192 6.7460000000000004e-21 1.1410000000000001e-20 2.56e-20 0.0 138.09 0.0
S389229 78.8012 151.0074 2.19e-22 4.8949999999999995e-22 1.92e-21 0.0 138.57 0.0
S389230 78.8629 150.9708 3.945e-21 6.965e-21 1.6820000000000002e-20 0.0 138.7 0.0
S389231 78.732 151.0142 4.728e-21 8.724e-21 2.2400000000000003e-20 0.0 137.86 0.0
S389232 78.895 151.0384 3.512e-19 4.043e-19 3.899e-19 0.0 138.66 0.0
S389233 78.7769 151.0005 4.073e-24 1.3009999999999999e-23 1.0479999999999999e-22 0.0 137.97 0.0
S389234 78.7917 151.0038 1.054e-21 2.053e-21 5.649e-21 0.0 138.37 0.0
S389235 78.8983 151.0217 3.553e-18 3.559e-18 2.59e-18 0.0 138.81 0.0
S389236 78.7914 151.0017 1.368e-21 2.718e-21 8.374e-21 0.0 138.41 0.0
S389237 78.8708 151.0001 2.19e-17 1.839e-17 9.085e-18 0.0 138.95 0.0
S389238 78.8075 151.018 1.337e-20 2.3780000000000003e-20 5.698e-20 0.0 138.5 0.0
S389239 78.7313 150.9762 1.583e-23 4.6879999999999997e-23 3.2309999999999995e-22 0.0 138.08 0.0
S389240 78.8071 151.0265 4.2600000000000006e-20 6.565e-20 1.121e-19 0.0 138.44 0.0
S389241 78.8567 151.0042 7.269999999999999e-22 1.391e-21 3.976e-21 0.0 138.91 0.0
S389242 78.8925 150.9945 3.4539999999999995e-22 7.771999999999999e-22 3.016e-21 0.0 138.95 0.0
S389243 78.7406 150.9957 4.216e-13 2.983e-13 1.109e-13 0.0 137.98 0.0
S389244 78.8092 151.0005 3.385e-23 1.0359999999999999e-22 7.608999999999999e-22 0.0 138.71 0.0
S389245 78.6963 151.0521 1.927e-17 2.231e-17 2.111e-17 0.0 138.03 0.0
S389246 79.032 150.9873 1.899e-24 7.174e-24 8.199e-23 0.0 138.98 0.0
S389247 78.8434 150.9758 3.81e-24 1.187e-23 8.916999999999999e-23 0.0 138.7 0.0
S389248 78.8331 150.9835 6.592e-22 1.409e-21 4.811e-21 0.0 138.68 0.0
S389249 78.791 151.004 1.211e-22 2.791e-22 1.167e-21 0.0 138.25 0.0
S389250 78.8086 150.9875 1.459e-18 1.517e-18 1.184e-18 0.0 138.66 0.0
S389251 78.7819 151.0086 1.3299999999999998e-22 3.0899999999999995e-22 1.312e-21 0.0 138.16 0.0
S389252 78.8231 150.9992 3.575e-23 1.1049999999999999e-22 8.350999999999999e-22 0.0 138.87 0.0
S389253 78.8035 150.9922 4.135e-24 1.3149999999999999e-23 1.0549999999999999e-22 0.0 138.59 0.0
S389254 78.6837 151.0289 3.131e-19 3.848e-19 4.209e-19 0.0 137.82 0.0
S389255 78.7624 150.9973 9.118e-25 3.403e-24 3.7809999999999996e-23 0.0 138.02 0.0
S389256 78.8009 151.0032 9.027e-21 1.507e-20 3.195e-20 0.0 138.61 0.0
S389257 78.8017 151.0065 6.647999999999999e-22 1.347e-21 4.077e-21 0.0 138.6 0.0
S389258 78.7899 150.9978 2.443e-20 3.721e-20 6.581000000000001e-20 0.0 138.36 0.0
S389259 78.5118 151.0637 3.556e-13 2.412e-13 8.356e-14 0.0 137.82 0.0
S389260 79.0075 150.9684 1.137e-20 1.729e-20 2.947e-20 0.0 138.96 0.0
S389261 78.6027 151.0223 8.604e-23 2.2529999999999997e-22 1.231e-21 0.0 137.77 0.0
S389262 78.8326 151.0137 1.994e-18 2e-18 1.421e-18 0.0 138.68 0.0
S389263 78.8713 151.0309 1.522e-21 2.831e-21 7.364e-21 0.0 138.68 0.0
S389264 78.78 150.9972 1.025e-21 2.182e-21 7.378e-21 0.0 138.17 0.0
S389265 78.7307 151.009 5.015e-23 1.396e-22 8.720999999999999e-22 0.0 137.81 0.0
S389266 78.7364 151.0106 1.806e-17 1.595e-17 8.988e-18 0.0 137.88 0.0
S389267 78.773 151.0077 9.737e-21 1.591e-20 3.173e-20 0.0 138.05 0.0
S389268 78.8489 151.0011 1.097e-21 2.3270000000000002e-21 8.216e-21 0.001 138.93 0.0
S389269 78.7481 150.9989 5.613e-20 7.924e-20 1.179e-19 0.0 137.94 0.0
S389270 78.8308 150.9972 8.44e-19 9.283e-19 8.348e-19 0.0 138.86 0.0
S389271 78.8013 150.9919 9.789e-21 1.6100000000000002e-20 3.235e-20 0.0 138.53 0.0
S389272 78.7899 151.0163 6.919e-24 2.233e-23 1.878e-22 0.0 138.33 0.0
S389273 78.7926 151.0115 3.821e-27 2.63e-26 1.067e-24 0.0 138.38 0.0
S389274 78.8243 151.0123 1.6750000000000002e-20 2.746e-20 5.2770000000000004e-20 0.0 138.7 0.0
S389275 78.8174 150.9942 1.536e-21 3.079e-21 9.32e-21 0.0 138.77 0.0
S389276 78.8283 150.9811 2.052e-19 2.516e-19 2.669e-19 0.0 138.69 0.0
S389277 78.8102 150.9949 7.698000000000001e-20 1.071e-19 1.527e-19 0.0 138.62 0.0
S389278 78.8108 150.9999 1.496e-19 1.902e-19 2.158e-19 0.0 138.81 0.0
S389279 78.7721 150.9681 4.3e-21 8.174e-21 2.219e-20 0.0 138.37 0.0
S389280 78.788 150.9972 4.349e-21 7.73e-21 1.8860000000000002e-20 0.0 138.35 0.0
S389281 78.7665 150.9882 2.995e-20 4.603e-20 8.123e-20 0.001 138.17 0.0
S389282 78.7941 151.0059 4.341e-20 5.974e-20 8.101000000000001e-20 0.001 138.71 1.0
S389283 78.8318 150.9695 4.87e-19 5.364e-19 4.798e-19 0.0 138.59 0.0
S389284 78.8057 150.9704 1.7440000000000002e-20 2.7580000000000003e-20 5.079e-20 0.0 138.47 0.0
S389285 78.7825 151.0047 1.946e-21 3.93e-21 1.237e-20 0.0 138.02 0.0
S389286 78.893 150.9665 4.553e-18 4.197e-18 2.563e-18 0.0 138.82 0.0
S389287 78.6079 150.9991 3.7599999999999996e-22 7.340999999999999e-22 2.1010000000000002e-21 0.0 137.79 0.0
S389288 78.8358 150.9868 4.86e-18 4.537e-18 2.847e-18 0.0 138.76 0.0
S389289 78.6291 150.9971 1.09e-19 1.402e-19 1.726e-19 0.0 137.82 0.0
S389290 78.85 150.9852 3.331e-21 6.48e-21 1.8200000000000002e-20 0.0 138.81 0.0
S389291 78.6859 151.0015 3.7759999999999997e-22 8.529e-22 3.248e-21 0.0 137.79 0.0
S389292 78.8226 151.0105 5.628999999999999e-23 1.4229999999999998e-22 7.069e-22 0.0 138.71 0.0
S389293 78.8061 151.0102 1.092e-22 2.842e-22 1.563e-21 0.0 138.67 0.0
S389294 78.8192 150.9939 4.207e-18 3.9e-18 2.374e-18 0.0 138.7 0.0
S389295 78.795 151.0078 2.993e-18 2.998e-18 2.155e-18 0.0 138.38 0.0
S389296 78.9458 150.9763 3.6390000000000006e-20 5.1040000000000004e-20 7.094e-20 0.0 138.94 0.0
S389297 78.7769 151.0008 1.107e-24 3.999e-24 4.232e-23 0.0 137.94 0.0
S389298 78.7909 150.9913 2.251e-24 7.961e-24 7.997999999999999e-23 0.0 138.42 0.0
S389299 78.7199 151.0215 6.71e-21 1.2120000000000001e-20 3.0110000000000005e-20 0.0 137.85 0.0
S389300 79.16 150.9569 1.186e-17 1.057e-17 6.172e-18 0.0 138.96 0.0
S389301 78.8128 151.0044 1.232e-22 3.066e-22 1.466e-21 0.0 138.79 0.0
S389302 78.7955 150.9983 3.17e-22 6.951e-22 2.516e-21 0.0 138.73 0.0
S389303 78.849 151.0213 4.192e-24 1.423e-23 1.285e-22 0.0 138.65 0.0
S389304 78.9541 150.9874 1.3580000000000002e-20 2.1420000000000002e-20 4.127e-20 0.0 138.98 0.0
S389305 78.789 150.9956 3.3089999999999997e-22 7.678999999999999e-22 3.093e-21 0.0 138.34 0.0
S389306 78.748 151.0162 1.7579999999999998e-24 6.13e-24 5.669e-23 0.0 137.89 0.0
S389307 78.8312 151.0045 1.1669999999999998e-22 2.7429999999999996e-22 1.146e-21 0.0 138.82 0.0
S389308 78.7982 151.0094 1.466e-20 2.288e-20 4.2970000000000004e-20 0.0 138.44 0.0
S389309 78.7934 151.021 9.485999999999999e-23 2.435e-22 1.23e-21 0.0 138.34 0.0
S389310 78.9542 150.9831 5.585e-24 1.947e-23 1.8839999999999998e-22 0.0 138.98 0.0
S389311 78.5813 150.9906 1.524e-18 1.587e-18 1.304e-18 0.0 137.83 0.0
S389312 78.7752 150.9996 1.629e-19 2.035e-19 2.296e-19 0.001 138.09 0.0
S389313 78.7128 151.017 1.329e-22 3.0489999999999997e-22 1.194e-21 0.0 137.79 0.0
S389314 78.8153 151.0044 1.0930000000000001e-20 1.8710000000000003e-20 3.96e-20 0.0 138.82 0.0
S389315 78.8314 150.9876 2.323e-18 2.371e-18 1.848e-18 0.0 138.75 0.0
S389316 78.7816 151.0039 6.674e-19 8.007e-19 8.223e-19 0.001 138.08 0.0
S389317 78.7022 151.0003 1.2200000000000001e-21 2.338e-21 6.706e-21 0.0 137.8 0.0
S389318 78.8161 151.0172 1.84e-21 3.335e-21 7.974e-21 0.0 138.55 0.0
S389319 78.7907 151.0065 1.412e-17 1.295e-17 7.589e-18 0.0 138.15 0.0
S389320 78.7126 150.9668 2.644e-19 3.152e-19 3.348e-19 0.0 138.16 0.0
S389321 78.8278 151.0053 1.256e-19 1.607e-19 1.943e-19 0.0 138.83 0.0
S389322 78.7465 150.9912 1.533e-21 1.057e-21 3.6189999999999996e-22 0.0 138.0 0.0
S389323 78.7841 151.0044 3.7849999999999998e-22 8.141999999999999e-22 2.8920000000000002e-21 0.0 137.93 0.0
S389324 78.7917 151.0015 6.488e-21 1.1050000000000001e-20 2.3830000000000002e-20 0.0 138.72 0.0
S389325 78.8013 150.9991 2.432e-23 6.645999999999999e-23 4.0639999999999995e-22 0.0 138.66 0.0
S389326 78.8907 150.9848 4.416e-20 6.323000000000001e-20 9.288e-20 0.0 138.95 0.0
S389327 78.8647 151.0141 5.004e-19 5.819e-19 5.727e-19 0.0 138.79 0.0
S389328 78.7379 151.0038 1.432e-21 9.828e-22 3.363e-22 0.0 137.83 0.0
S389329 78.7659 150.9972 3.401e-19 4.038e-19 4.169e-19 0.0 138.03 0.0
S389330 78.792 151.0017 1.4e-23 4.342e-23 3.3319999999999998e-22 0.0 138.41 0.0
S389331 78.734 151.0046 1.398e-21 9.781999999999998e-22 3.386e-22 0.0 137.88 0.0
S389332 78.7673 151.0063 2.551e-23 6.512999999999999e-23 3.273e-22 0.0 137.96 0.0
S389333 78.9494 150.9898 3.158e-24 1.078e-23 1.0349999999999999e-22 0.0 138.97 0.0
S389334 78.7847 151.0078 6.963e-19 8.444e-19 8.915e-19 0.0 138.23 0.0
S389335 78.8771 150.9983 1.374e-22 3.0259999999999997e-22 1.124e-21 0.0 138.96 0.0
S389336 78.7976 150.9963 2.0140000000000002e-20 3.1160000000000004e-20 5.456000000000001e-20 0.0 138.67 0.0
S389337 78.7877 151.0046 3.3669999999999996e-22 7.664999999999999e-22 3.014e-21 0.0 138.06 0.0
S389338 78.9066 150.9732 3.973e-21 6.74e-21 1.4580000000000002e-20 0.0 138.88 0.0
S389339 78.7592 150.9949 1.3080000000000002e-20 2.119e-20 4.2110000000000006e-20 0.0 137.98 0.0
S389340 78.8009 151.0058 6.473e-22 1.308e-21 3.986e-21 0.0 138.81 0.0
S389341 78.7939 151.0069 4.382e-22 9.565e-22 3.58e-21 0.001 138.4 0.0
S389342 78.8333 150.9712 6.2e-24 1.7749999999999998e-23 1.154e-22 0.0 138.7 0.0
S389343 78.7996 151.0058 6.25e-23 1.544e-22 7.014999999999999e-22 0.0 138.54 0.0
S389344 78.7679 151.0139 1.0840000000000001e-20 1.7680000000000003e-20 3.568e-20 0.0 138.04 0.0
S389345 78.7353 150.991 2.0519999999999999e-22 5.3e-22 2.655e-21 0.001 137.98 0.0
S389346 78.7157 151.0083 8.819000000000001e-20 1.167e-19 1.566e-19 0.0 137.82 0.0
S389347 78.9533 150.9777 9.272000000000001e-20 1.249e-19 1.682e-19 0.0 138.96 0.0
S389348 78.9416 150.9896 7.905e-24 2.3129999999999998e-23 1.5199999999999998e-22 0.0 138.97 0.0
S389349 78.7493 150.9731 2.728e-24 9.363e-24 8.757999999999999e-23 0.0 138.21 0.0
S389350 78.7325 150.996 1.017e-24 3.64e-24 3.76e-23 0.0 137.91 0.0
S389351 78.7712 150.9978 1.683e-17 1.494e-17 8.639e-18 0.0 137.99 0.0
S389352 78.783 151.0179 1.987e-19 2.505e-19 2.868e-19 0.0 138.22 0.0
S389353 78.8494 150.986 7.017999999999999e-22 1.4430000000000001e-21 4.805e-21 0.0 138.85 0.0
S389354 78.7939 151.0013 1.867e-16 1.679e-16 9.82e-17 0.0 138.78 0.0
S389355 78.9182 151.0261 5.006e-19 5.789e-19 5.593e-19 0.0 138.8 0.0
S389356 78.8309 151.0064 9.134999999999999e-22 1.898e-21 6.014e-21 0.0 138.77 0.0
S389357 78.7708 151.0101 4.802e-20 6.984e-20 1.041e-19 0.0 138.0 0.0
S389358 78.7967 150.9806 1.144e-20 1.6990000000000002e-20 2.72e-20 0.0 138.48 0.0
S389359 78.7422 150.9977 7.156e-23 1.7579999999999998e-22 8.325999999999999e-22 0.0 137.9 0.0
S389360 78.799 150.9744 8.217999999999999e-22 1.603e-21 4.636e-21 0.0 138.46 0.0
S389361 78.8612 151.0115 3.217e-23 8.728999999999999e-23 4.829999999999999e-22 0.0 138.85 0.0
S389362 78.8593 151.0115 1.7860000000000002e-20 2.74e-20 4.9160000000000006e-20 0.0 138.86 1.0
S389363 78.7939 151.0046 3.4179999999999996e-22 7.340999999999999e-22 2.704e-21 0.0 138.79 0.0
S389364 78.7926 150.9949 4.206e-21 7.345e-21 1.69e-20 0.0 138.46 0.0
S389365 78.7896 151.0086 1.01e-21 7.292999999999999e-22 2.814e-22 0.0 138.34 0.0
S389366 78.648 151.0086 1.122e-22 2.627e-22 1.126e-21 0.001 137.84 0.0
S389367 78.7836 151.0098 3.481e-19 4.218e-19 4.516e-19 0.0 138.23 0.0
S389368 78.7096 151.0015 3.824e-18 3.919e-18 3.005e-18 0.0 137.8 0.0
S389369 78.7849 151.0047 1.222e-17 1.125e-17 7.058e-18 0.0 138.17 0.0
S389370 78.947 150.9875 2.4310000000000002e-20 3.815e-20 6.733000000000001e-20 0.0 138.98 0.0
S389371 78.7906 150.9996 3.4260000000000005e-20 4.9570000000000006e-20 7.589000000000001e-20 0.0 138.74 0.0
S389372 78.7819 150.9991 4.57e-19 5.153e-19 4.718e-19 0.0 138.06 0.0
S389373 78.707 151.0389 2.188e-21 4.014e-21 1.016e-20 0.0 138.0 0.0
S389374 78.7765 150.9931 1.151e-19 1.478e-19 1.721e-19 0.0 138.19 0.0
S389375 78.8043 150.9992 4.1520000000000004e-20 5.964e-20 9.001000000000001e-20 0.0 138.76 0.0
S389376 78.7903 151.0193 3.3509999999999996e-22 7.770999999999999e-22 3.151e-21 0.0 138.33 0.0
S389377 78.834 150.9975 5.384e-19 6.239e-19 5.815e-19 0.0 138.88 0.0
S389378 78.8159 150.9944 1.476e-18 1.554e-18 1.283e-18 0.0 138.68 0.0
S389379 78.7962 150.9801 5.334999999999999e-22 1.083e-21 3.474e-21 0.0 138.43 0.0
S389380 78.8523 150.995 1.132e-17 1.785e-17 3.188e-17 0.0 138.91 0.0
S389381 78.7428 150.9887 1.506e-18 1.576e-18 1.197e-18 0.0 137.99 0.0
S389382 78.863 150.997 3.723e-23 9.958e-23 5.435e-22 0.0 138.93 0.0
S389383 79.085 150.9755 1.265e-21 2.511e-21 7.324e-21 0.0 138.96 0.0
S389384 78.8839 150.9794 2.94e-23 8.009999999999999e-23 4.535999999999999e-22 0.0 138.88 0.0
S389385 78.6937 151.0186 1.0200000000000002e-20 1.749e-20 3.7350000000000006e-20 0.0 137.85 0.0
S389386 78.7395 151.007 1.433e-18 1.488e-18 1.142e-18 0.0 137.87 0.0
S389387 78.7925 151.0087 2.131e-24 7.848e-24 8.5e-23 0.0 138.33 0.0
S389388 78.7937 151.0134 1.2640000000000001e-20 1.895e-20 3.1650000000000003e-20 0.0 138.35 0.0
S389389 78.7597 151.01 1.5189999999999997e-22 3.429e-22 1.367e-21 0.0 137.93 0.0
S389390 78.8344 150.98 6.311e-20 8.976000000000001e-20 1.335e-19 0.0 138.75 0.0
S389391 78.8833 151.0076 7.242e-23 1.908e-22 1.043e-21 0.0 138.92 0.0
S389392 78.7796 151.0025 7.144e-17 5.819e-17 2.717e-17 0.0 138.12 0.0
S389393 78.8728 150.9508 5.0530000000000007e-20 7.26e-20 1.135e-19 0.0 138.7 0.0
S389394 78.6811 151.0199 2.6309999999999996e-22 6.403999999999999e-22 2.924e-21 0.0 137.8 0.0
S389395 78.7937 150.9897 1.102e-21 2.173e-21 6.435e-21 0.0 138.43 0.0
S389396 78.977 151.0437 4.6980000000000003e-20 6.898e-20 1.096e-19 0.0 138.8 0.0
S389397 78.8094 150.9575 2.0590000000000002e-20 3.152e-20 5.44e-20 0.0 138.5 0.0
S389398 78.9125 150.9373 5.975000000000001e-20 8.540000000000001e-20 1.321e-19 0.0 138.78 0.0
S389399 78.8399 150.9905 4.2410000000000004e-20 6.014e-20 9.055000000000001e-20 0.0 138.9 0.0
S389400 78.7578 150.9865 9.885e-19 1.063e-18 8.838e-19 0.0 138.18 0.0
S389401 78.7836 151.0416 5.302e-23 1.337e-22 6.535e-22 0.0 138.33 0.0
S389402 78.7812 150.9878 3.704e-22 7.247999999999999e-22 2.127e-21 0.0 138.28 0.0
S389403 78.7904 151.0033 4.215e-23 1.1079999999999998e-22 5.810999999999999e-22 0.0 138.21 0.0
S389404 78.7803 151.0261 2.3859999999999996e-22 4.902e-22 1.533e-21 0.0 138.23 0.0
S389405 78.795 151.0045 1.333e-22 2.948e-22 1.129e-21 0.0 138.47 0.0
S389406 78.825 151.0014 3.527e-19 3.991e-19 3.672e-19 0.0 138.81 0.0
S389407 78.8364 151.0347 1.0069999999999999e-23 3.22e-23 2.5939999999999996e-22 0.0 138.52 0.0
S389408 78.8086 151.0119 4.378e-23 1.0359999999999999e-22 4.329999999999999e-22 0.0 138.53 0.0
S389409 78.7984 150.9988 3.682e-21 6.821e-21 1.7450000000000002e-20 0.0 138.72 0.0
S389410 78.7342 151.0175 1.758e-23 4.7399999999999997e-23 2.7209999999999997e-22 0.0 137.93 0.0
S389411 78.8724 151.0039 1.1819999999999998e-22 2.9739999999999997e-22 1.509e-21 0.0 138.92 0.0
S389412 78.7921 150.9883 9.196e-24 2.864e-23 2.2019999999999997e-22 0.0 138.43 0.0
S389413 78.8052 151.0017 8.539e-25 3.066e-24 3.19e-23 0.0 138.58 0.0
S389414 78.6316 151.0115 1.078e-23 3.213e-23 2.315e-22 0.0 137.78 0.0
S389415 78.7672 150.9839 1.957e-19 2.419e-19 2.668e-19 0.0 138.22 0.0
S389416 78.691 151.0345 5.542e-24 1.561e-23 9.947e-23 0.0 137.87 0.0
S389417 78.6751 151.0192 6.841e-23 1.8879999999999998e-22 1.137e-21 0.0 137.77 0.0
S389418 78.8085 150.9875 2.813e-21 5.227e-21 1.3270000000000002e-20 0.0 138.61 0.0
S389419 78.7806 151.0048 2.6539999999999996e-22 6.348999999999999e-22 2.798e-21 0.0 137.97 0.0
S389420 78.8104 150.9981 8.53e-20 1.136e-19 1.499e-19 0.0 138.78 0.0
S389421 78.7892 151.0118 2.6529999999999996e-22 6.115e-22 2.597e-21 0.0 138.32 0.0
S389422 78.8987 151.0046 9.221e-21 1.552e-20 3.2250000000000005e-20 0.0 138.94 0.0
S389423 78.7962 151.0109 6.041e-24 1.8499999999999998e-23 1.3759999999999999e-22 0.0 138.41 0.0
S389424 78.8301 150.9604 2.3859999999999996e-22 5.583e-22 2.3510000000000002e-21 0.0 138.57 0.0
S389425 78.79 150.9977 3.6220000000000004e-26 1.917e-25 4.452e-24 0.0 138.38 0.0
S389426 78.8147 150.9798 1.565e-23 4.0989999999999995e-23 2.2819999999999996e-22 0.0 138.61 0.0
S389427 78.7793 151.0048 1.916e-19 2.532e-19 3.286e-19 0.0 137.98 0.0
S389428 78.8808 150.998 2.922e-17 2.569e-17 1.412e-17 0.0 138.96 0.0
S389429 78.9154 151.0204 1.2140000000000001e-21 2.297e-21 6.3300000000000004e-21 0.0 138.87 0.0
S389430 78.8394 150.9942 9.527000000000001e-20 1.346e-19 1.927e-19 0.0 138.86 0.0
S389431 78.9429 150.9963 4.114e-21 7.282e-21 1.695e-20 0.0 138.97 0.0
S389432 78.7615 151.0139 2.102e-24 7.115e-24 6.657e-23 0.0 137.98 0.0
S389433 78.801 150.9774 6.163e-20 8.417000000000001e-20 1.175e-19 0.0 138.46 0.0
S389434 78.8099 151.0109 7.323000000000001e-21 1.149e-20 2.1590000000000002e-20 0.0 138.63 0.0
S389435 78.7659 151.0032 1.306e-20 2.0930000000000002e-20 4.1580000000000005e-20 0.0 137.94 0.0
S389436 78.7814 150.9967 2.59e-21 4.794e-21 1.2390000000000002e-20 0.0 138.15 0.0
S389437 78.9613 151.0139 1.008e-16 9.917e-17 6.593e-17 0.0 138.87 0.0
S389438 78.8077 151.0084 6.952999999999999e-22 1.444e-21 4.811e-21 0.0 138.58 0.0
S389439 78.8148 150.9779 1.199e-21 8.424999999999999e-22 3.0859999999999997e-22 0.0 138.55 0.0
S389440 78.6136 151.033 3.637e-23 1.045e-22 6.651e-22 0.0 137.84 0.0
S389441 78.6187 151.0263 5.884e-19 7.136e-19 7.663e-19 0.0 137.81 0.0
S389442 78.8413 151.0119 3.028e-23 8.315e-23 4.798e-22 0.0 138.76 0.0
S389443 78.7497 151.0327 3.0040000000000005e-20 4.45e-20 7.058000000000001e-20 0.0 138.13 0.0
S389444 78.7808 151.0019 1.566e-20 2.6230000000000004e-20 5.615000000000001e-20 0.0 138.0 0.0
S389445 78.7527 150.9962 2.199e-18 2.939e-18 3.966e-18 0.0 137.96 0.0
S389446 78.8502 151.0007 1.7239999999999998e-22 3.9159999999999996e-22 1.632e-21 0.0 138.92 1.0
S389447 78.8089 151.0 1.955e-25 9.671000000000001e-25 2.0299999999999998e-23 0.0 138.76 0.0
S389448 78.8092 151.0132 3.024e-24 1.1189999999999999e-23 1.214e-22 0.0 138.51 0.0
S389449 78.7313 150.9696 1.399e-17 1.241e-17 6.874e-18 0.0 138.15 0.0
S389450 78.7709 151.0047 2.347e-22 5.887999999999999e-22 2.9e-21 0.0 137.98 0.0
S389451 78.8529 150.991 9.450000000000001e-20 1.291e-19 1.71e-19 0.0 138.89 0.0
S389452 78.8536 151.0071 4.2519999999999996e-23 1.1299999999999998e-22 6.480999999999999e-22 0.0 138.79 0.0
S389453 78.7903 150.9986 3.005e-19 3.596e-19 3.743e-19 0.0 138.56 0.0
S389454 78.801 151.0027 1.2559999999999998e-22 2.754e-22 1.046e-21 0.0 138.77 0.0
S389455 78.8409 151.0037 2.7430000000000004e-20 4.059e-20 6.507e-20 0.0 138.9 0.0
S389456 78.8084 151.0016 1.61e-19 2.188e-19 3.01e-19 0.0 138.8 0.0
S389457 78.7791 151.0058 1.109e-18 1.188e-18 9.938e-19 0.0 137.95 0.0
S389458 78.7903 151.0041 2.412e-16 2.256e-16 1.423e-16 0.0 138.13 0.0
S389459 78.8139 150.983 1.201e-19 1.619e-19 2.072e-19 0.0 138.59 0.0
S389460 78.7446 151.0046 5.881e-13 4.828e-13 2.452e-13 0.0 137.86 1.0
S389461 78.7246 151.0604 1.58e-21 1.089e-21 3.7359999999999995e-22 0.0 138.14 0.0
S389462 78.7545 151.0294 1.592e-21 3.463e-21 1.256e-20 0.0 138.08 0.0
S389463 78.7525 151.0198 2.119e-20 3.228e-20 5.524e-20 0.0 138.07 0.0
S389464 78.7907 150.9975 2.356e-17 1.985e-17 9.916e-18 0.0 138.38 0.0
S389465 78.8198 151.0046 3.947e-24 1.332e-23 1.1639999999999998e-22 0.0 138.81 0.0
S389466 78.8846 150.9908 8.147e-23 2.008e-22 9.486999999999999e-22 0.0 138.96 0.0
S389467 78.849 150.9753 7.266999999999999e-22 1.451e-21 4.401e-21 0.0 138.78 0.0
S389468 78.8388 150.9794 6.049e-23 1.492e-22 7.069e-22 0.0 138.76 0.0
S389469 78.773 151.0048 2.1539999999999999e-23 5.729e-23 3.05e-22 0.0 137.98 0.0
S389470 78.7806 151.0057 5.124e-22 1.07e-21 3.645e-21 0.0 137.94 0.0
S389471 78.7474 150.9994 1.1489999999999998e-22 2.976e-22 1.528e-21 0.0 137.88 0.0
S389472 78.7579 151.0024 2.824e-17 2.42e-17 1.257e-17 0.0 137.91 0.0
S389473 78.7406 150.989 5.824e-20 7.823000000000001e-20 1.067e-19 0.0 138.05 0.0
S389474 78.8024 151.0039 2.567e-24 8.979e-24 8.720999999999999e-23 0.0 138.82 0.0
S389475 78.8466 151.0211 2.312e-21 4.3690000000000004e-21 1.1340000000000002e-20 0.0 138.72 0.0
S389476 78.7957 150.988 3.824e-22 8.329e-22 3.0110000000000002e-21 0.0 138.45 0.0
S389477 78.6819 151.0386 6.336e-18 6.379e-18 4.539e-18 0.0 137.92 0.0
S389478 78.8167 150.9409 1.007e-21 1.948e-21 5.632e-21 0.0 138.49 0.0
S389479 78.7093 150.9847 8.013e-25 3.212e-24 4.205e-23 0.0 137.93 0.0
S389480 78.7824 151.002 1.045e-24 3.58e-24 3.314e-23 0.0 138.05 0.0
S389481 78.7672 151.028 4.652e-21 8.255e-21 1.963e-20 0.0 138.14 0.0
S389482 78.9224 151.0032 6.89e-22 1.481e-21 5.128e-21 0.0 138.93 0.0
S389483 78.8075 151.0224 2.6609999999999996e-22 6.392999999999999e-22 2.772e-21 0.0 138.4 0.0
S389484 78.8108 151.0084 4.258e-19 5.214e-19 5.754e-19 0.0 138.58 0.0
S389485 78.7175 151.0165 1.082e-18 1.2e-18 1.09e-18 0.0 137.8 0.0
S389486 78.7951 150.9993 6.644e-23 1.5729999999999999e-22 6.804999999999999e-22 0.0 138.52 0.0
S389487 79.1487 150.9862 3.5289999999999995e-22 7.4359999999999995e-22 2.495e-21 0.0 139.03 0.0
S389488 78.8043 150.9965 1.694e-16 1.613e-16 1.047e-16 0.0 138.63 0.0
S389489 78.7997 151.0061 9.29e-22 1.775e-21 5.026e-21 0.0 138.47 0.0
S389490 78.7929 151.0168 2.459e-17 3.609e-17 5.733e-17 0.0 138.29 0.0
S389491 78.742 151.0055 1.721e-19 2.307e-19 2.911e-19 0.0 137.87 0.0
S389492 78.7953 151.0016 1.687e-20 2.6730000000000002e-20 4.968e-20 0.0 138.5 0.0
S389493 78.8077 150.9883 1.415e-22 3.416e-22 1.509e-21 0.0 138.59 0.0
S389494 78.7796 151.0247 4.268e-17 4.79e-17 4.365e-17 0.0 138.04 0.0
S389495 78.8243 151.0058 1.478e-21 1.017e-21 3.504e-22 0.0 138.63 0.0
S389496 78.7952 150.9858 2.508e-18 2.555e-18 1.941e-18 0.0 138.79 0.0
S389497 78.8379 150.9999 1.492e-21 1.04e-21 3.5969999999999996e-22 0.0 138.85 0.0
S389498 78.7799 151.0039 8.479e-21 1.4640000000000003e-20 3.2000000000000003e-20 0.0 138.19 0.0
S389499 78.7763 150.9899 1.25e-16 9.637e-17 4.123e-17 0.0 138.06 1.0
S389500 78.7437 151.0167 9.088e-18 8.27e-18 4.939e-18 0.0 137.93 0.0
S389501 78.7875 151.0064 2.593e-18 2.732e-18 2.123e-18 0.0 138.09 1.0
S389502 78.764 151.0065 1.426e-21 9.837e-22 3.503e-22 0.0 138.04 0.0
S389503 78.7936 151.0195 2.524e-17 2.243e-17 1.297e-17 0.0 138.23 0.0
S389504 78.7463 151.0042 1.081e-18 1.16e-18 9.557e-19 0.0 137.88 0.0
S389505 78.7632 150.9948 1.017e-19 1.403e-19 1.931e-19 0.0 138.07 0.0
S389506 78.8069 150.9869 1.264e-21 8.795e-22 3.103e-22 0.0 138.67 0.0
S389507 78.828 151.0276 2.325e-18 2.348e-18 1.754e-18 0.0 138.65 0.0
S389508 78.783 150.9981 1.601e-18 1.736e-18 1.438e-18 0.0 137.94 0.0
S389509 78.7991 150.9785 6.292e-20 8.848e-20 1.282e-19 0.0 138.53 0.0
S389510 78.7933 151.0219 2.367e-24 8.391e-24 8.448999999999999e-23 0.0 138.3 0.0
S389511 78.8312 150.9982 3.36e-19 3.986e-19 3.973e-19 0.0 138.88 0.0
S389512 78.8632 150.9849 1.62e-25 7.307e-25 1.256e-23 0.0 138.97 0.0
S389513 78.8091 151.0202 5.082e-19 5.91e-19 5.87e-19 0.0 138.74 0.0
S389514 78.8129 150.9966 1.086e-16 1.047e-16 7.254e-17 0.0 138.82 0.0
S389515 78.842 151.0139 2.605e-25 1.154e-24 1.864e-23 0.0 138.92 0.0
S389516 78.8012 150.9955 1.393e-17 1.208e-17 6.568e-18 0.0 138.74 0.0
S389517 78.7301 151.0201 6.105e-13 4.649e-13 1.939e-13 0.0 137.87 1.0
S389518 78.7662 150.9914 3.355e-24 1.03e-23 7.502e-23 0.0 138.18 0.0
S389519 78.7804 151.0027 5.97e-17 6.142e-17 4.795e-17 0.0 138.21 0.0
S389520 78.7876 150.9982 5.517e-17 6.052e-17 5.378e-17 0.0 138.25 0.0
S389521 78.8385 150.9963 2.104e-17 1.829e-17 1.021e-17 0.0 138.78 0.0
S389522 78.7665 151.0057 3.47e-13 2.399e-13 8.244e-14 0.0 138.05 0.0
S389523 78.8667 151.0183 7.171e-17 6.608e-17 4.048e-17 0.0 138.95 0.0
S389524 78.7617 151.0084 1.819e-18 1.875e-18 1.463e-18 0.0 138.0 0.0
S389525 78.7477 150.9983 3.419e-17 3.526e-17 2.727e-17 0.0 137.88 0.0
S389526 78.7929 151.012 1.466e-19 1.853e-19 2.137e-19 0.0 138.37 0.0
S389527 78.7845 150.9872 8.729e-18 8.4e-18 5.675e-18 0.0 138.35 0.0
S389528 78.7468 151.0265 9.951e-18 9.105e-18 5.441e-18 0.0 137.98 0.0
S389529 78.7654 151.0076 3.214e-25 1.3319999999999999e-24 1.8529999999999998e-23 0.0 137.97 0.0
S389530 78.8769 150.9969 3.89e-16 2.978e-16 1.228e-16 0.0 138.98 1.0
S389531 78.7494 151.0206 5.42e-22 1.161e-21 4.071e-21 0.0 137.99 0.0
S389532 78.8376 151.0009 1.161e-21 8.264999999999999e-22 2.991e-22 0.0 138.88 0.0
S389533 78.8127 150.9872 1.347e-22 3.245e-22 1.488e-21 0.0 138.75 0.0
S389534 78.836 150.9769 6.665e-13 4.732e-13 1.709e-13 0.0 138.95 0.0
S389535 78.8388 151.008 7.868999999999999e-24 2.4409999999999997e-23 1.8209999999999998e-22 0.0 138.81 0.0
S389536 78.8264 151.0155 3.3949999999999995e-22 7.453e-22 2.788e-21 0.0 138.8 0.0
S389537 78.8081 150.9858 7.580999999999999e-22 1.457e-21 4.127e-21 0.0 138.64 0.0
S389538 78.7755 151.0112 3.138e-17 5.068e-17 1.017e-16 0.0 137.97 0.0
S389539 78.725 151.0061 1.559e-20 2.3560000000000002e-20 4.1020000000000005e-20 0.0 137.88 0.0
S389540 78.7955 150.9887 1.248e-18 1.373e-18 1.265e-18 0.0 138.49 0.0
S389541 78.8287 151.0065 4.379e-22 1.0060000000000001e-21 3.881e-21 0.0 138.84 0.0
S389542 78.7967 150.9787 7.615e-22 1.549e-21 4.9630000000000004e-21 0.0 138.5 0.0
S389543 78.7833 150.9656 5.678e-17 4.604e-17 2.237e-17 0.0 138.41 0.0
S389544 78.7492 151.0057 2.713e-19 3.246e-19 3.486e-19 0.001 137.98 0.0
S389545 78.84 151.0151 7.585e-18 6.871e-18 4.16e-18 0.0 138.72 0.0
S389546 78.8065 150.9901 1.033e-21 2.2080000000000002e-21 7.661e-21 0.0 138.64 0.0
S389547 78.7851 151.0044 2.319e-13 1.59e-13 5.238e-14 0.0 138.04 0.0
S389548 78.8366 151.0019 2.6000000000000002e-20 3.9980000000000006e-20 7.019e-20 0.0 138.81 0.0
S389549 78.7667 151.0176 2.117e-17 1.786e-17 9.275e-18 0.0 138.03 0.0
S389550 78.7961 151.0155 9.792e-18 1.447e-17 2.325e-17 0.0 138.39 0.0
S389551 78.729 151.0157 1.8879999999999998e-22 4.635e-22 2.229e-21 0.0 137.86 0.0
S389552 78.8133 151.0037 2.01e-14 1.317e-14 4.165e-15 0.001 138.81 0.0
S389553 78.783 150.9823 8.599e-19 9.733e-19 8.977e-19 0.001 138.32 0.0
S389554 78.7977 151.0073 6.3550000000000005e-21 1.0550000000000001e-20 2.1780000000000003e-20 0.0 138.46 0.0
S389555 78.832 151.0064 5.775e-19 6.654e-19 6.382e-19 0.0 138.85 0.0
S389556 78.7908 151.0208 4.584e-17 5.718e-17 6.393e-17 0.0 138.26 0.0
S389557 78.8276 151.0208 5.903e-18 5.381e-18 3.219e-18 0.0 138.61 0.0
S389558 78.8065 151.0124 2.6919999999999997e-22 6.339e-22 2.629e-21 0.0 138.56 0.0
S389559 78.8078 151.0005 1.809e-21 1.222e-21 3.9909999999999996e-22 0.0 138.81 0.0
S389560 78.8291 150.987 4.266e-20 5.806000000000001e-20 8.088e-20 0.0 138.73 0.0
S389561 78.795 150.9892 2.424e-21 4.396e-21 1.0890000000000002e-20 0.0 138.45 0.0
S389562 78.7636 151.0073 2.029e-18 2.071e-18 1.594e-18 0.0 137.91 0.0
S389563 78.773 151.0028 4.978e-18 4.769e-18 3.16e-18 0.0 138.12 0.0
S389564 78.8379 150.9746 9.928e-17 7.903e-17 3.614e-17 0.0 138.86 1.0
S389565 78.7713 150.9975 5.37e-18 5.367e-18 3.782e-18 0.0 138.13 0.0
S389566 78.8185 150.9903 5.208e-13 3.861e-13 1.532e-13 0.0 138.75 0.0
S389567 78.7508 150.9949 4.678e-17 3.748e-17 1.742e-17 0.0 137.91 0.0
S389568 78.7472 151.0112 7.928e-18 7.033e-18 4.084e-18 0.0 137.88 0.0
S389569 78.8095 150.9843 1.153e-16 1.06e-16 6.456e-17 0.0 138.62 0.0
S389570 78.8196 151.0092 1.312e-21 9.052e-22 3.1799999999999995e-22 0.0 138.85 0.0
S389571 78.7825 151.0225 3.8629999999999995e-22 7.675e-22 2.338e-21 0.0 138.25 0.0
S389572 78.7484 151.0049 7.116999999999999e-22 1.3210000000000001e-21 3.383e-21 0.0 137.88 0.0
S389573 78.8004 151.0273 9.697e-19 1.058e-18 9.264e-19 0.0 138.4 0.0
S389574 78.8323 150.9895 2.2789999999999998e-23 6.567999999999999e-23 4.366e-22 0.0 138.77 0.0
S389575 78.7953 151.0008 9.775e-18 9.627e-18 6.673e-18 0.0 138.45 0.0
S389576 78.7557 151.0088 4.877999999999999e-22 1.05e-21 3.628e-21 0.0 137.9 0.0
S389577 78.7865 150.9927 1.5309999999999998e-22 3.704e-22 1.664e-21 0.0 138.29 0.0
S389578 78.7841 150.9843 2.57e-25 1.102e-24 1.654e-23 0.0 138.36 0.0
S389579 78.7692 151.0132 9.897e-18 9.394e-18 6.13e-18 0.0 137.9 0.0
S389580 78.7194 151.0131 2.576e-19 3.26e-19 3.853e-19 0.0 137.89 0.0
S389581 78.7764 150.9997 1.835e-18 1.956e-18 1.581e-18 0.0 138.06 0.0
S389582 78.837 151.0046 1.871e-17 1.879e-17 1.401e-17 0.0 138.8 0.0
S389583 78.8106 151.0006 1.8620000000000002e-20 2.721e-20 4.1650000000000004e-20 0.0 138.77 0.0
S389584 78.8075 150.977 2.956e-17 2.39e-17 1.165e-17 0.0 138.62 0.0
S389585 78.8169 150.9953 8.867e-19 9.373e-19 7.852e-19 0.0 138.61 0.0
S389586 78.7505 151.0042 1.058e-17 1.146e-17 9.578e-18 0.0 137.87 0.0
S389587 78.7933 151.002 7.379e-19 8.868e-19 8.833e-19 0.0 138.4 0.0
S389588 78.8001 151.0016 5.671000000000001e-20 7.721e-20 1.031e-19 0.0 138.48 0.0
S389589 78.7935 151.0107 7.755e-19 8.267e-19 6.999e-19 0.0 138.38 0.0
S389590 78.7798 151.0263 8.479e-19 9.775e-19 9.694e-19 0.0 137.84 0.0
S389591 78.7689 150.9935 1.23e-17 1.051e-17 5.517e-18 0.0 138.0 0.0
S389592 78.8309 150.9838 1.8089999999999998e-22 4.473e-22 2.072e-21 0.0 138.85 0.0
S389593 78.8077 151.0098 2.283e-25 9.895e-25 1.5409999999999998e-23 0.0 138.58 0.0
S389594 78.7684 150.9941 5.04e-13 3.61e-13 1.371e-13 0.0 138.23 0.0
S389595 78.8322 151.0025 2.999e-19 3.611e-19 3.898e-19 0.0 138.83 0.0
S389596 78.7787 151.0032 6.604e-17 7.38e-17 6.872e-17 0.0 138.05 0.0
S389597 78.7684 150.9709 5.187e-23 1.348e-22 6.971999999999999e-22 0.0 138.26 0.0
S389598 78.7689 150.9986 3.675e-17 3.028e-17 1.427e-17 0.0 137.98 0.0
S389599 78.799 150.9839 4.681e-18 4.296e-18 2.6e-18 0.0 138.51 0.0
S389600 78.7881 150.9898 8.298e-17 7.527e-17 4.456e-17 0.0 138.4 0.0
S389601 78.8 150.9986 3.879e-18 3.629e-18 2.299e-18 0.0 138.52 0.0
S389602 78.7748 150.9938 3.334e-19 4.013e-19 4.133e-19 0.0 138.13 0.0
S389603 78.7748 151.028 8.775999999999999e-22 1.76e-21 5.376e-21 0.0 138.11 0.0
S389604 78.7962 151.0038 3.1449999999999997e-22 7.6439999999999995e-22 3.552e-21 0.0 138.82 0.0
S389605 78.7774 151.0128 1.979e-21 3.815e-21 1.0950000000000001e-20 0.0 138.18 0.0
S389606 78.7256 150.9785 1.3430000000000001e-20 2.302e-20 5.065e-20 0.0 138.0 0.0
S389607 78.808 150.9985 8.314e-18 7.764e-18 4.727e-18 0.0 138.75 0.0
S389608 78.8088 150.9775 2.25e-18 2.337e-18 1.802e-18 0.0 138.87 0.0
S389609 78.7842 151.0038 2.015e-17 1.742e-17 9.185e-18 0.0 138.03 0.0
S389610 78.8024 151.0073 2.726e-24 9.173e-24 8.324e-23 0.0 138.73 0.0
S389611 78.8005 151.0155 6.402e-20 8.303e-20 9.943e-20 0.0 138.52 0.0
S389612 78.7856 150.9841 2.5860000000000003e-20 3.9930000000000004e-20 7.178e-20 0.0 138.35 0.0
S389613 78.795 150.9808 2.424e-18 2.46e-18 1.858e-18 0.0 138.56 0.0
S389614 78.8099 151.0027 3.251e-22 7.185e-22 2.733e-21 0.0 138.82 0.0
S389615 78.778 151.021 1.885e-13 1.31e-13 4.579e-14 0.0 138.06 0.0
S389616 78.8132 150.9866 8.675e-19 9.49e-19 8.657e-19 0.0 138.75 0.0
S389617 78.8575 151.0024 4.372e-19 4.894e-19 4.54e-19 0.0 138.92 0.0
S389618 78.7845 151.0106 4.944e-19 5.757e-19 5.713e-19 0.0 138.16 0.0
S389619 78.7488 150.9853 4.607e-18 4.392e-18 2.771e-18 0.0 137.93 0.0
S389620 78.7384 151.0184 1.983e-17 1.684e-17 9.01e-18 0.0 137.83 0.0
S389621 78.796 151.0177 1.923e-19 2.49e-19 2.997e-19 0.0 138.34 0.0
S389622 78.7878 151.0096 2.5309999999999999e-23 7.258e-23 4.651999999999999e-22 0.0 138.14 0.0
S389623 78.7202 150.9966 1.699e-17 1.473e-17 7.94e-18 0.0 137.8 0.0
S389624 78.7883 151.0002 1.6e-21 1.082e-21 3.697e-22 0.0 138.3 0.0
S389625 78.7732 151.0129 2.263e-21 4.23e-21 1.0980000000000001e-20 0.0 138.16 0.0
S389626 78.76 151.0037 2.8089999999999996e-23 6.957e-23 3.3499999999999995e-22 0.0 137.97 0.0
S389627 78.7986 151.0019 1.481e-21 1.014e-21 3.4269999999999997e-22 0.0 138.7 0.0
S389628 78.8293 150.9983 7.199e-17 6.828e-17 4.353e-17 0.0 138.78 0.0
S389629 78.8045 151.0008 3.834e-18 3.853e-18 2.884e-18 0.0 138.6 0.0
S389630 78.7802 151.0236 7.636e-18 7.058e-18 4.355e-18 0.0 137.83 0.0
S389631 78.7574 150.9933 6.369e-18 6.124e-18 4.038e-18 0.0 138.09 0.0
S389632 78.788 151.0189 1.819e-16 1.751e-16 1.194e-16 0.0 138.27 0.0
S389633 78.7752 151.031 9.651000000000001e-20 1.283e-19 1.651e-19 0.0 138.08 0.0
S389634 78.7863 151.0244 2.352e-17 2.103e-17 1.211e-17 0.0 137.93 0.0
S389635 78.7848 151.0378 4.0299999999999997e-22 9.539e-22 4.03e-21 0.0 138.18 0.0
S389636 78.8067 150.989 1.153e-16 1.229e-16 1.037e-16 0.0 138.71 0.0
S389637 78.7415 151.0192 2.128e-21 3.787e-21 8.988e-21 0.0 137.89 0.0
S389638 78.7909 151.0084 2.79e-22 6.585999999999999e-22 2.7790000000000002e-21 0.0 138.35 0.0
S389639 78.8421 151.0017 1.068e-19 1.365e-19 1.653e-19 0.0 138.92 0.0
S389640 78.7431 151.0023 3.511e-17 2.972e-17 1.508e-17 0.0 137.84 0.0
S389641 78.7671 151.0113 8.281e-19 9.147e-19 8.265e-19 0.0 138.03 0.0
S389642 78.7798 150.9875 2.451e-17 3.774e-17 6.754e-17 0.0 138.31 0.0
S389643 78.7781 150.9953 1.1079999999999998e-22 2.612e-22 1.077e-21 0.0 138.25 0.0
S389644 78.8508 150.9936 4.249e-22 8.443999999999999e-22 2.454e-21 0.0 138.89 0.0
S389645 78.7729 150.992 5.0480000000000005e-20 6.847000000000001e-20 9.245000000000001e-20 0.0 137.9 0.0
S389646 78.7744 151.0013 8.733e-18 8.104e-18 4.941e-18 0.0 137.97 0.0
S389647 78.8564 150.9974 5.601e-17 5.272e-17 3.311e-17 0.0 138.94 0.0
S389648 78.8271 151.0029 2.001e-21 3.957e-21 1.175e-20 0.0 138.82 0.0
S389649 78.7686 151.0115 1.7300000000000003e-20 2.6180000000000002e-20 4.2900000000000004e-20 0.0 137.98 0.0
S389650 78.8195 151.0045 1.888e-17 2.67e-17 3.838e-17 0.0 138.64 0.0
S389651 78.8026 151.0224 1.096e-13 1.392e-13 1.626e-13 0.0 138.42 0.0
S389652 78.731 150.9963 1.431e-17 1.29e-17 7.335e-18 0.0 137.85 0.0
S389653 78.8083 150.9982 1.269e-17 1.91e-17 3.286e-17 0.0 138.68 0.0
S389654 78.8011 151.008 7.772999999999999e-22 1.554e-21 4.751e-21 0.0 138.53 0.0
S389655 78.8127 151.0135 8.885000000000001e-20 1.151e-19 1.369e-19 0.0 138.55 0.0
S389656 78.7523 151.0173 1.303e-21 9.251999999999999e-22 3.266e-22 0.0 137.87 0.0
S389657 78.8513 150.9863 1.17e-16 9.264e-17 4.222e-17 0.0 138.93 1.0
S389658 78.7634 151.0349 2.203e-24 7.611e-24 7.399999999999999e-23 0.0 138.06 0.0
S389659 78.826 151.0294 5.648e-19 6.191e-19 5.164e-19 0.0 138.63 0.0
S389660 78.8074 151.0074 1.0120000000000001e-21 2.142e-21 7.556e-21 0.0 138.63 0.0
S389661 78.8453 151.0019 2.955e-19 3.644e-19 4.028e-19 0.0 138.89 0.0
S389662 78.7511 151.0135 2.5859999999999996e-22 6.034999999999999e-22 2.477e-21 0.0 137.9 0.0
S389663 78.775 151.004 3.069e-24 1e-23 8.135e-23 0.0 138.02 0.0
S389664 78.8526 151.0146 4.616e-18 4.55e-18 3.219e-18 0.0 138.85 0.0
S389665 78.8327 151.0345 2.146e-16 1.616e-16 6.581e-17 0.0 138.68 0.0
S389666 78.8 151.0038 1.813e-21 3.515e-21 1.0290000000000001e-20 0.0 138.49 0.0
S389667 78.789 150.9781 3.3850000000000004e-20 4.9260000000000003e-20 7.665e-20 0.0 138.41 0.0
S389668 78.7596 150.9913 3.345e-21 5.682e-21 1.244e-20 0.0 137.89 0.0
S389669 78.8487 150.9824 9.45e-19 1.033e-18 8.881e-19 0.0 138.88 0.0
S389670 78.8125 151.0253 1.039e-21 2.164e-21 7.317e-21 0.0 138.46 0.0
S389671 78.7634 151.0147 2.075e-21 3.898e-21 1.0340000000000001e-20 0.0 138.14 0.0
S389672 78.8685 151.0096 7.766e-18 7.044e-18 4.2e-18 0.0 138.94 0.0
S389673 78.8349 151.0207 7.222e-23 2.0109999999999999e-22 1.184e-21 0.0 138.74 0.0
S389674 78.7968 150.9884 3.067e-17 3.535e-17 3.247e-17 0.0 138.49 0.0
S389675 78.7415 150.9808 2.658e-16 2.031e-16 8.709e-17 0.0 137.92 1.0
S389676 78.8249 151.0101 2.303e-19 3.043e-19 3.744e-19 0.0 138.84 0.0
S389677 78.7785 150.9876 1.173e-18 1.257e-18 1.057e-18 0.0 138.32 0.0
S389678 78.7728 151.0071 8.668e-18 9.443e-18 8.466e-18 0.0 138.05 0.0
S389679 78.8317 151.0232 1.399e-17 1.244e-17 7.271e-18 0.0 138.66 0.0
S389680 78.764 150.9958 2.748e-21 4.883e-21 1.1460000000000002e-20 0.0 137.91 0.0
S389681 78.7676 151.0056 5.092e-19 6.182e-19 6.637e-19 0.0 138.01 0.0
S389682 78.766 150.9971 1.71e-21 3.074e-21 7.713e-21 0.0 137.91 0.0
S389683 78.7731 151.0022 7.408e-13 5.652e-13 2.462e-13 0.0 137.95 1.0
S389684 78.7693 150.9907 3.585e-22 8.019999999999999e-22 3.043e-21 0.0 138.01 0.0
S389685 78.771 151.0034 5.517e-18 5.265e-18 3.427e-18 0.0 137.98 0.0
S389686 78.7896 150.9811 2.474e-24 8.241e-24 7.07e-23 0.0 138.47 0.0
S389687 78.8177 151.0041 7.822e-24 2.951e-23 3.4429999999999997e-22 0.0 138.76 0.0
S389688 78.8268 151.0055 6.534e-13 4.798e-13 1.862e-13 0.0 138.83 0.0
S389689 78.808 151.0054 2.7659999999999997e-22 6.417e-22 2.801e-21 0.0 138.79 0.0
S389690 78.7997 150.9863 7.76e-25 2.836e-24 3.085e-23 0.0 138.57 0.0
S389691 78.7722 150.9864 9.578e-17 1.059e-16 9.697e-17 0.0 138.07 0.0
S389692 78.7809 151.0002 1.454e-21 2.721e-21 7.399e-21 0.0 138.2 0.0
S389693 78.7998 150.9977 9.089e-17 7.271e-17 3.404e-17 0.0 138.48 0.0
S389694 78.7992 150.9844 1.466e-21 1.011e-21 3.519e-22 0.0 138.55 0.0
S389695 78.8265 150.9821 5.93e-18 5.511e-18 3.48e-18 0.0 138.69 0.0
S389696 78.7502 151.0115 3.2509999999999996e-23 9.519e-23 6.4409999999999995e-22 0.0 137.93 0.0
S389697 78.7701 151.0224 1.546e-18 1.555e-18 1.178e-18 0.0 138.12 0.0
S389698 78.7463 151.0186 3.383e-18 3.437e-18 2.526e-18 0.0 137.93 0.0
S389699 78.8001 150.9924 7.271e-18 6.594e-18 3.897e-18 0.0 138.63 0.0
S389700 78.7953 151.0241 1.5e-17 1.321e-17 7.11e-18 0.0 138.35 0.0
S389701 78.7944 150.9925 7.548e-24 2.354e-23 1.83e-22 0.0 138.44 0.0
S389702 78.8129 151.0137 1.243e-22 3.2099999999999996e-22 1.6630000000000001e-21 0.0 138.56 0.0
S389703 78.7857 151.0061 4.957e-22 9.71e-22 2.81e-21 0.0 138.24 0.0
S389704 78.7809 150.9868 1.365e-23 4.0859999999999995e-23 2.7969999999999998e-22 0.0 138.32 0.0
S389705 78.7707 151.012 4.430999999999999e-22 9.941e-22 3.95e-21 0.0 138.08 0.0
S389706 78.794 150.9866 4.016e-20 5.825000000000001e-20 9.024e-20 0.0 138.45 0.0
S389707 78.7932 150.9853 3.042e-18 2.858e-18 1.816e-18 0.0 138.42 0.0
S389708 78.8018 150.998 2.94e-17 2.466e-17 1.202e-17 0.0 138.52 0.0
S389709 78.775 150.9936 1.913e-21 1.268e-21 4.098e-22 0.0 138.22 0.0
S389710 78.7864 151.0145 1.045e-16 8.83e-17 4.713e-17 0.0 138.29 0.0
S389711 78.7876 150.9856 3.7939999999999996e-23 9.806e-23 4.9099999999999995e-22 0.0 138.39 0.0
S389712 78.7951 151.0121 1.383e-16 1.265e-16 7.65e-17 0.0 138.37 0.0
S389713 78.7945 151.0139 1.003e-17 9.264e-18 5.792e-18 0.0 138.38 0.0
S389714 78.7858 150.9995 3.991e-17 3.327e-17 1.674e-17 0.0 138.29 0.0
S389715 78.7662 151.0179 4.633e-17 3.898e-17 1.966e-17 0.0 138.12 0.0
S389716 78.7873 150.9889 2.344e-13 1.647e-13 5.675e-14 0.0 138.35 0.0
S389717 78.78 150.9926 2.124e-22 5.198e-22 2.46e-21 0.0 138.31 0.0
S389718 78.7726 150.9883 1.577e-20 2.426e-20 4.2400000000000005e-20 0.0 138.23 0.0
S389719 78.7961 151.0091 4.173e-17 3.418e-17 1.701e-17 0.0 138.4 0.0
S389720 78.7919 151.0203 6.142999999999999e-22 1.261e-21 4.056e-21 0.0 138.34 0.0
S389721 78.7916 150.9967 4.8469999999999996e-23 1.214e-22 6.065999999999999e-22 0.0 138.38 0.0
S389722 78.7921 151.0257 1.295e-21 9.224999999999999e-22 3.334e-22 0.0 138.31 0.0
S389723 78.8036 151.0197 2.462e-17 1.979e-17 8.968e-18 0.0 138.47 0.0
S389724 78.8034 151.0125 3.374e-14 2.231e-14 7.019e-15 0.0 138.51 0.0
S389725 78.7817 150.9881 2.463e-17 3.146e-17 3.675e-17 0.0 138.35 0.0
S389726 78.7833 150.9872 4.42e-17 3.637e-17 1.797e-17 0.0 138.34 0.0
S389727 78.7915 151.0208 1.378e-17 1.258e-17 7.308e-18 0.0 138.31 0.0
S389728 78.796 151.0233 2.598e-18 2.68e-18 2.01e-18 0.0 138.36 0.0
S389729 78.7871 150.9897 4.1630000000000006e-20 5.831e-20 8.439e-20 0.0 138.37 0.0
S389730 78.7842 150.9921 9.584e-19 1.152e-18 1.173e-18 0.0 138.33 0.0
S389731 78.7896 150.9949 2.486e-16 1.86e-16 7.829e-17 0.0 138.38 1.0
S389732 78.8008 151.0251 3.782e-23 1.0599999999999998e-22 6.565e-22 0.0 138.38 0.0
S389733 78.8105 151.0237 5.774e-18 5.294e-18 3.198e-18 0.0 138.47 0.0
S389734 78.77 150.987 2.24e-18 2.32e-18 1.768e-18 0.0 138.27 0.0
S389735 78.7999 151.0178 8.657e-21 1.467e-20 3.1930000000000003e-20 0.0 138.41 0.0
S389736 78.756 150.9868 3.475e-18 3.287e-18 2.07e-18 0.0 138.15 0.0
S389737 78.7714 150.9811 1.849e-17 1.589e-17 8.285e-18 0.0 138.3 0.0
S389738 78.7791 150.9835 1.577e-21 3.021e-21 8.301e-21 0.0 138.31 0.0
S389739 78.8039 151.0247 9.839e-21 1.6820000000000002e-20 3.527e-20 0.0 138.43 0.0
S389740 78.8231 151.023 2.868e-18 2.924e-18 2.123e-18 0.0 138.54 0.0
S389741 78.7778 150.9808 5.0050000000000006e-20 7.029e-20 1.07e-19 0.0 138.27 0.0
S389742 78.8035 151.0093 7.965e-23 2.045e-22 1.041e-21 0.0 138.5 0.0
S389743 78.7947 151.0205 2.572e-18 2.469e-18 1.615e-18 0.0 138.34 0.0
S389744 78.8037 150.9875 1.184e-21 2.528e-21 8.66e-21 0.0 138.5 0.0
S389745 78.8342 151.014 9.715000000000001e-20 1.299e-19 1.698e-19 0.0 138.69 0.0
S389746 78.8063 151.0172 1.3089999999999999e-22 2.607e-22 7.655999999999999e-22 0.0 138.47 0.0
S389747 78.7846 151.0217 1.471e-18 1.624e-18 1.363e-18 0.0 138.22 0.0
S389748 78.7683 150.9868 6.132000000000001e-20 8.742000000000001e-20 1.321e-19 0.0 138.23 0.0
S389749 78.7814 150.9798 2.201e-13 1.53e-13 5.397e-14 0.0 138.4 0.0
S389750 78.7882 150.9837 1.073e-16 8.322e-17 3.701e-17 0.0 138.39 1.0
S389751 78.81 151.0248 6.233e-18 5.731e-18 3.457e-18 0.0 138.47 0.0
S389752 78.7876 150.985 9.692e-18 8.958e-18 5.52e-18 0.0 138.4 0.0
S389753 78.7871 150.985 1.631e-21 1.108e-21 3.779e-22 0.0 138.42 0.0
S389754 78.7686 150.986 1.639e-18 1.79e-18 1.515e-18 0.0 138.22 0.0
S389755 78.8075 151.022 1.4750000000000002e-20 2.46e-20 5.2570000000000003e-20 0.0 138.43 0.0
S389756 78.7872 150.9875 2.8680000000000002e-21 5.4980000000000004e-21 1.494e-20 0.0 138.41 0.0
S389757 78.7917 150.9913 9.194e-15 1.699e-14 4.255e-14 0.0 138.41 0.0
S389758 78.814 151.031 1.017e-17 1.089e-17 9.039e-18 0.001 138.46 0.0
S389759 78.7856 151.0169 1.757e-17 3.07e-17 7.051e-17 0.0 138.3 0.0
S389760 78.7926 151.024 1.3589999999999998e-23 4.0469999999999995e-23 2.8079999999999995e-22 0.0 138.29 0.0
S389761 78.8048 151.0253 1.577e-18 1.62e-18 1.202e-18 0.0 138.43 0.0
S389762 78.8345 151.0144 1.46e-17 1.267e-17 6.964e-18 0.0 138.68 0.0
S389763 78.7895 150.9887 9.684000000000001e-20 1.237e-19 1.531e-19 0.0 138.38 0.0
S389764 78.7601 150.9818 8.762e-23 2.1719999999999997e-22 1.0120000000000001e-21 0.0 138.16 0.0
S389765 78.79 150.984 4.558e-17 4.446e-17 3.119e-17 0.0 138.4 0.0
S389766 78.7875 150.9834 1.343e-17 1.166e-17 6.319e-18 0.0 138.38 0.0
S389767 78.7973 150.9813 7.868e-24 2.4459999999999998e-23 1.8719999999999998e-22 0.0 138.46 0.0
S389768 78.7786 150.9909 2.7150000000000005e-20 4.2420000000000004e-20 7.576e-20 0.0 138.29 0.0
S389769 78.8101 151.0363 1.847e-17 1.649e-17 9.588e-18 0.0 138.45 0.0
S389770 78.7756 151.0259 8.022e-17 7.955e-17 5.565e-17 0.0 138.15 0.0
S389771 78.7851 150.9816 2.084e-21 3.792e-21 9.233e-21 0.0 138.41 0.0
S389772 78.7879 150.9887 6.867e-23 1.5709999999999997e-22 6.104e-22 0.0 138.4 0.0
S389773 78.7797 151.0235 8.467e-20 1.194e-19 1.738e-19 0.0 138.25 0.0
S389774 78.7759 150.9857 4.062e-23 1.109e-22 6.511999999999999e-22 0.0 138.28 0.0
S389775 78.7814 150.9906 2.893e-19 3.526e-19 3.857e-19 0.0 138.3 0.0
S389776 78.7891 150.9799 1.4520000000000001e-21 2.836e-21 8.120000000000001e-21 0.0 138.42 0.0
S389777 78.7787 150.9879 7.216e-17 6.158e-17 3.121e-17 0.0 138.28 0.0
S389778 78.8038 151.0192 2.082e-17 3.624e-17 8.1e-17 0.0 138.43 0.0
S389779 78.8056 151.0258 1.094e-18 1.192e-18 1.039e-18 0.0 138.41 0.0
S389780 78.7882 151.0256 4.222e-19 5.352e-19 6.264e-19 0.0 138.32 0.0
S389781 78.7937 151.0258 7.282999999999999e-22 1.477e-21 4.623e-21 0.0 138.34 0.0
S389782 78.8067 151.0276 2.978e-18 2.965e-18 2.075e-18 0.0 138.44 0.0
S389783 78.7728 150.9829 1.166e-18 1.274e-18 1.087e-18 0.0 138.23 0.0
S389784 78.7695 150.982 1.259e-21 8.828999999999998e-22 3.162e-22 0.0 138.23 0.0
S389785 78.7932 150.9902 2.15e-18 2.16e-18 1.605e-18 0.0 138.43 0.0
S389786 78.7927 150.9848 1.07e-16 8.436e-17 3.778e-17 0.0 138.45 1.0
S389787 78.7929 150.9842 3.052e-15 2.021e-15 6.422e-16 0.001 138.47 0.0
S389788 78.794 151.0268 2.3110000000000002e-20 3.5450000000000003e-20 6.324e-20 0.0 138.34 0.0
S389789 78.7726 150.9748 2.211e-23 5.859e-23 3.2019999999999995e-22 0.0 138.31 0.0
S389790 78.7702 150.9847 1.133e-17 1.046e-17 6.205e-18 0.0 138.29 0.0
S389791 78.8003 151.022 6.632e-17 5.32e-17 2.54e-17 0.0 138.39 0.0
S389792 78.776 150.9806 5.357e-13 3.931e-13 1.492e-13 0.0 138.31 0.0
S389793 78.8025 151.0249 2.105e-18 2.163e-18 1.732e-18 0.0 138.45 0.0
S389794 78.7716 150.986 1.459e-21 9.975e-22 3.4419999999999997e-22 0.0 138.23 1.0
S389795 78.7755 150.9734 1.0669999999999998e-22 2.518e-22 1.078e-21 0.0 138.33 0.0
S389796 78.7836 150.979 7.126e-22 1.521e-21 5.397e-21 0.0 138.36 0.0
S389797 78.7738 150.9764 3.558e-19 4.297e-19 4.644e-19 0.0 138.34 0.0
S389798 78.7883 151.0317 2.1780000000000003e-20 3.3310000000000003e-20 5.592e-20 0.0 138.32 0.0
S389799 78.7761 150.9824 1.225e-17 1.123e-17 6.878e-18 0.0 138.33 0.0
S389800 78.7891 151.0281 1.373e-22 3.1959999999999996e-22 1.291e-21 0.0 138.33 0.0
S389801 78.8017 151.0266 1.077e-19 1.497e-19 2.095e-19 0.001 138.38 0.0
S389802 78.784 150.9806 3.709e-18 3.664e-18 2.668e-18 0.0 138.4 0.0
S389803 78.7911 151.012 6.656e-18 9.476e-18 1.427e-17 0.0 138.35 0.0
S389804 78.8114 151.0226 5.03e-19 5.712e-19 5.265e-19 0.0 138.47 0.0
S389805 78.7863 150.9732 3.192e-21 5.8200000000000005e-21 1.39e-20 0.0 138.43 0.0
S389806 78.8108 151.03 1.969e-19 2.562e-19 3.077e-19 0.0 138.43 0.0
S389807 78.7827 151.0224 3.223e-23 8.191999999999999e-23 4.0729999999999996e-22 0.0 138.25 0.0
S389808 78.7823 150.9702 8.276999999999999e-22 1.701e-21 5.3670000000000004e-21 0.0 138.37 0.0
S389809 78.7777 151.0312 4.827e-17 4.433e-17 2.783e-17 0.0 138.27 0.0
S389810 78.7519 150.9726 1.367e-21 9.567e-22 3.34e-22 0.0 138.2 0.0
S389811 78.7867 150.9673 2.41e-17 1.94e-17 9.132e-18 0.0 138.42 0.0
S389812 78.7991 151.0178 2.843e-17 2.525e-17 1.438e-17 0.0 138.41 0.0
S389813 78.8135 151.0206 1.3e-17 1.126e-17 5.956e-18 0.0 138.49 0.0
S389814 78.7778 150.9822 1.3e-18 1.385e-18 1.132e-18 0.0 138.32 0.0
S389815 78.8007 150.9787 1.344e-17 1.521e-17 1.394e-17 0.0 138.51 0.0
S389816 78.7892 151.0274 6.137e-19 7.057e-19 6.842e-19 0.0 138.3 0.0
S389817 78.7934 151.0291 8.683000000000001e-20 1.216e-19 1.744e-19 0.0 138.32 0.0
S389818 78.7881 150.9821 1.4419999999999998e-23 4.0149999999999996e-23 2.436e-22 0.0 138.4 0.0
S389819 78.7783 150.9791 5.666999999999999e-22 1.138e-21 3.526e-21 0.0 138.31 0.0
S389820 78.7893 151.0254 3.1819999999999997e-22 6.981999999999999e-22 2.554e-21 0.0 138.35 0.0
S389821 78.8036 151.0313 2.033e-17 1.546e-17 6.327e-18 0.0 138.41 0.0
S389822 78.778 150.9797 1.15e-16 8.992e-17 3.969e-17 0.0 138.33 1.0
S389823 78.8065 151.0302 4.262e-18 4.227e-18 3.107e-18 0.0 138.41 0.0
S389824 78.7888 150.973 7.626e-21 1.2580000000000002e-20 2.5310000000000002e-20 0.0 138.39 0.0
S389825 78.7897 150.9705 3.415e-23 8.659999999999999e-23 4.31e-22 0.0 138.48 0.0
S389826 78.7993 151.0264 5.352e-17 5.768e-17 4.891e-17 0.0 138.39 0.0
S389827 78.8064 151.0287 9.755e-17 8.942e-17 5.551e-17 0.0 138.4 0.0
S389828 78.7814 150.9728 1.634e-21 3.025e-21 7.896e-21 0.0 138.34 0.0
S389829 78.8104 151.026 3.32e-17 2.806e-17 1.443e-17 0.0 138.47 0.0
S389830 78.7988 151.0253 4.172e-17 3.455e-17 1.744e-17 0.0 138.39 0.0
S389831 78.7916 150.9797 3.08e-22 6.868999999999999e-22 2.669e-21 0.0 138.42 0.0
S389832 78.8141 151.0273 2.932e-17 3.677e-17 4.104e-17 0.0 138.48 0.0
S389833 78.7821 150.9728 1.435e-19 1.93e-19 2.617e-19 0.0 138.39 0.0
S389834 78.808 151.0262 1.84e-19 2.233e-19 2.386e-19 0.0 138.43 0.0
S389835 78.8001 151.0254 1.468e-19 1.932e-19 2.538e-19 0.0 138.38 0.0
S389836 78.7973 151.0296 2.5569999999999996e-22 6.058e-22 2.688e-21 0.0 138.36 0.0
S389837 78.7952 151.0315 4.062e-18 4.013e-18 2.815e-18 0.0 138.36 0.0
S389838 78.8346 151.0434 1.555e-22 3.802e-22 1.726e-21 0.0 138.51 0.0
S389839 78.8083 151.0328 2.1210000000000002e-20 3.121e-20 4.9990000000000006e-20 0.0 138.4 0.0
S389840 78.8204 151.0416 6.789e-19 8.451e-19 9.234e-19 0.0 138.42 0.0
S389841 78.7876 150.9704 6.990000000000001e-20 9.635000000000001e-20 1.368e-19 0.0 138.43 0.0
S389842 78.7717 150.9748 1.581e-21 1.08e-21 3.727e-22 0.0 138.3 0.0
S389843 78.8001 151.033 1.07e-24 3.789e-24 3.806e-23 0.0 138.36 0.0
S389844 78.7688 150.9675 4.92e-19 5.587e-19 5.2e-19 0.0 138.27 0.0
S389845 78.7977 151.0254 1.544e-17 1.358e-17 7.786e-18 0.0 138.36 0.0
S389846 78.7943 151.0263 3.752e-21 6.768e-21 1.69e-20 0.0 138.32 0.0
S389847 78.7656 150.9797 1.343e-22 3.467e-22 1.776e-21 0.0 138.25 0.0
S389848 78.7751 150.9633 1.2149999999999999e-23 3.682e-23 2.664e-22 0.0 138.34 0.0
S389849 78.7761 150.9628 1.9279999999999998e-22 4.453e-22 1.9050000000000002e-21 0.0 138.38 0.0
S389850 78.8094 151.0355 3.6420000000000002e-25 1.491e-24 1.968e-23 0.0 138.39 0.0
S389851 78.7653 150.9716 7.89e-19 9.459e-19 9.844e-19 0.0 138.31 0.0
S389852 78.8078 151.0316 8.656e-19 9.554e-19 8.519e-19 0.0 138.4 0.0
S389853 78.8024 150.9674 5.884e-23 1.5239999999999998e-22 8.107e-22 0.0 138.5 0.0
S389854 78.8069 151.0298 5.685e-21 1.0830000000000001e-20 2.945e-20 0.0 138.42 0.0
S389855 78.8146 151.0321 3.85e-23 9.401e-23 4.441e-22 0.0 138.46 0.0
S389856 78.7915 150.9745 1.429e-17 1.306e-17 7.948e-18 0.0 138.48 0.0
S389857 78.8081 151.0369 6.523e-18 6.159e-18 3.993e-18 0.0 138.4 0.0
S389858 78.7778 150.96 2.538e-22 5.704e-22 2.191e-21 0.0 138.4 0.0
S389859 78.7891 150.9616 4.011e-23 1.1529999999999999e-22 7.633999999999999e-22 0.0 138.42 0.0
S389860 78.7861 151.0404 4.364e-13 3.152e-13 1.152e-13 0.0 138.29 0.0
S389861 78.7925 151.0263 1.288e-17 1.185e-17 7.33e-18 0.0 138.32 0.0
S389862 78.7726 150.9671 1.033e-19 1.405e-19 1.857e-19 0.0 138.33 0.0
S389863 78.7828 150.9677 9.684e-19 1.101e-18 1.046e-18 0.0 138.39 0.0
S389864 78.812 151.0339 3.407e-19 4.01e-19 3.932e-19 0.0 138.42 0.0
S389865 78.8073 151.0408 5.234999999999999e-22 1.191e-21 4.7970000000000004e-21 0.0 138.4 0.0
S389866 78.7725 150.9633 1.122e-17 1.831e-17 3.478e-17 0.0 138.32 0.0
S389867 78.8045 151.0363 6.233e-20 8.427e-20 1.149e-19 0.0 138.41 0.0
S389868 78.7756 150.9764 1.0099999999999999e-22 2.6229999999999996e-22 1.376e-21 0.0 138.33 0.0
S389869 78.7772 150.969 3.069e-19 3.821e-19 4.294e-19 0.0 138.38 0.0
S389870 78.7666 150.9669 1.6660000000000001e-21 1.13e-21 3.8929999999999995e-22 0.0 138.3 0.0
S389871 78.8197 151.0368 5.587999999999999e-22 1.081e-21 2.974e-21 0.0 138.42 0.0
S389872 78.7962 151.0435 5.803e-20 7.892e-20 1.087e-19 0.0 138.33 0.0
S389873 78.7985 151.0358 1.504e-21 1.035e-21 3.4909999999999995e-22 0.0 138.36 0.0
S389874 78.7588 150.9705 7.696e-19 8.689e-19 8.204e-19 0.0 138.28 0.0
S389875 78.8005 151.0354 3.436e-23 1.0439999999999999e-22 7.532999999999999e-22 0.0 138.37 0.0
S389876 78.8312 151.0409 2.514e-21 4.7730000000000004e-21 1.2880000000000001e-20 0.0 138.49 0.0
S389877 78.7642 150.9698 9.219e-19 1.013e-18 8.772e-19 0.0 138.31 0.0
S389878 78.803 151.0448 4.763e-21 8.51e-21 2.0780000000000003e-20 0.0 138.36 0.0
S389879 78.8218 151.0466 3.67e-19 4.346e-19 4.51e-19 0.0 138.45 0.0
S389880 78.7766 150.9688 3.435e-24 1.0889999999999999e-23 8.197999999999999e-23 0.0 138.33 0.0
S389881 78.7971 151.0378 4.2079999999999997e-22 8.706e-22 2.794e-21 0.0 138.34 0.0
S389882 78.8185 151.0467 6.816e-18 6.363e-18 3.901e-18 0.0 138.45 0.0
S389883 78.7927 151.0446 2.614e-18 2.699e-18 2.118e-18 0.0 138.32 0.0
S389884 78.7966 151.0415 2.255e-22 5.573999999999999e-22 2.5590000000000002e-21 0.0 138.34 0.0
S389885 78.7811 150.9674 1.799e-21 1.207e-21 4.032e-22 0.0 138.4 0.0
S389886 78.7555 150.9688 1.1140000000000001e-20 1.9230000000000003e-20 4.2470000000000005e-20 0.0 138.26 0.0
S389887 78.7841 150.9694 3.5309999999999997e-23 9.166e-23 4.738e-22 0.0 138.38 0.0
S389888 78.8096 151.0386 2.5449999999999997e-23 6.258e-23 2.9069999999999997e-22 0.0 138.34 0.0
S389889 78.7656 150.9675 1.606e-17 1.869e-17 1.872e-17 0.0 138.32 0.0
S389890 78.7813 150.9664 3.675e-25 1.7559999999999998e-24 3.2319999999999997e-23 0.0 138.4 0.0
S389891 78.7663 150.9602 1.552e-18 1.679e-18 1.401e-18 0.0 138.35 0.0
S389892 78.8104 151.0456 1.653e-19 2.095e-19 2.418e-19 0.0 138.42 0.0
S389893 78.7717 150.962 3.115e-19 3.689e-19 3.757e-19 0.0 138.35 0.0
S389894 78.7779 150.9626 7.503e-20 9.937000000000001e-20 1.303e-19 0.0 138.38 0.0
S389895 78.7793 150.9569 2.5480000000000003e-20 3.988e-20 7.541e-20 0.0 138.39 0.0
S389896 78.7802 150.9621 1.673e-17 1.427e-17 7.581e-18 0.0 138.38 0.0
S389897 78.8096 151.0437 2.7669999999999997e-22 5.745e-22 1.9350000000000002e-21 0.0 138.4 0.0
S389898 78.8023 151.0325 3.8820000000000004e-21 7.177e-21 1.8860000000000002e-20 0.0 138.35 0.0
S389899 78.8016 150.9519 4.765e-15 3.091e-15 9.693e-16 0.0 138.46 0.0
S389900 78.7749 150.9617 1.513e-17 1.277e-17 6.792e-18 0.0 138.35 0.0
S389901 78.8251 151.0527 4.828e-18 4.651e-18 3.096e-18 0.0 138.44 0.0
S389902 78.7842 150.9573 6.278e-22 1.493e-21 6.3670000000000005e-21 0.0 138.41 0.0
S389903 78.8233 151.0493 3.798e-17 7.578e-17 2.316e-16 0.0 138.46 0.0
S389904 78.7653 150.97 6.637e-19 7.861e-19 7.934e-19 0.0 138.31 0.0
S389905 78.765 150.9631 1.836e-21 1.218e-21 3.9689999999999996e-22 0.0 138.31 0.0
S389906 78.7975 151.0388 2.1649999999999998e-23 5.724e-23 3.1579999999999996e-22 0.0 138.38 0.0
S389907 78.8069 151.0517 3.127e-17 2.621e-17 1.343e-17 0.0 138.39 0.0
S389908 78.8166 151.0513 2.87e-17 2.387e-17 1.185e-17 0.0 138.4 0.0
S389909 78.7759 150.9594 1.58e-17 1.46e-17 8.794e-18 0.0 138.39 0.0
S389910 78.7748 150.9611 9.369000000000001e-20 1.212e-19 1.564e-19 0.0 138.35 0.0
S389911 78.7618 150.9593 5.2169999999999995e-23 1.2899999999999998e-22 6.065999999999999e-22 0.0 138.31 0.0
S389912 78.7862 150.9574 4.191e-18 4.064e-18 2.798e-18 0.0 138.43 0.0
S389913 78.7775 150.9563 6.628e-16 4.914e-16 1.921e-16 0.001 138.37 0.0
S389914 78.7808 150.9566 2.25e-13 1.511e-13 5.088e-14 0.0 138.39 0.0
S389915 78.8065 151.0495 1.697e-16 1.296e-16 5.528e-17 0.0 138.39 1.0
S389916 78.8077 151.0496 1.404e-17 1.313e-17 8.137e-18 0.0 138.4 0.0
S389917 78.7736 150.9606 1.221e-19 1.589e-19 1.957e-19 0.0 138.32 0.0
S389918 78.7721 150.9595 2.903e-16 2.229e-16 9.625e-17 0.0 138.35 1.0
S389919 78.7678 150.9576 1.707e-17 1.457e-17 7.698e-18 0.0 138.33 0.0
S389920 78.8157 151.0504 1.199e-17 1.075e-17 6.205e-18 0.0 138.4 0.0
S389921 78.7631 150.9544 6.272e-17 1.218e-16 3.357e-16 0.0 138.29 0.0
S389922 78.7635 150.9582 3.68e-17 4.245e-17 4.115e-17 0.0 138.33 0.0
S389923 78.8253 151.0472 5.359e-16 3.883e-16 1.461e-16 0.0 138.42 0.0
S389924 78.8264 151.0467 7.42e-16 5.122e-16 1.793e-16 0.0 138.46 1.0
S389925 78.8292 151.0443 4.196e-17 3.745e-17 2.201e-17 0.0 138.45 0.0
S389926 78.7524 150.9558 4.025e-14 2.649e-14 8.474e-15 0.0 138.24 0.0
S389927 78.8341 151.045 6.051e-16 4.378e-16 1.594e-16 0.0 138.48 0.0
S389928 78.8366 151.0458 1.166e-16 1.042e-16 6.096e-17 0.0 138.49 0.0
S389929 78.8392 151.0483 3.655e-17 2.92e-17 1.35e-17 0.0 138.49 0.0
S389930 78.7369 150.957 1.477e-16 1.119e-16 4.725e-17 0.0 138.24 1.0
S389931 78.7416 150.9596 4.525e-18 4.16e-18 2.472e-18 0.0 138.25 0.0
S389932 78.8446 151.0466 1.701e-16 1.28e-16 5.179e-17 0.0 138.52 0.0
S389933 78.8518 151.0459 2.792e-15 1.873e-15 6.228e-16 0.0 138.49 0.0
S389934 78.7329 150.9558 1.741e-17 1.558e-17 9.209e-18 0.0 138.22 0.0
S389935 78.731 150.9592 2.059e-15 1.399e-15 4.575e-16 0.001 138.25 0.0
S389936 78.8573 151.0469 3.823e-17 3.245e-17 1.685e-17 0.0 138.57 0.0
S389937 78.7227 150.9613 1.336e-16 1.083e-16 5.203e-17 0.0 138.18 0.0
S389938 78.8685 151.0439 4.468e-17 3.579e-17 1.635e-17 0.0 138.6 0.0
S389939 78.8657 151.0477 2.383e-13 1.619e-13 5.589e-14 0.0 138.5 0.0
S389940 78.871 151.0444 3.23e-17 2.887e-17 1.672e-17 0.0 138.61 0.0
S389941 78.8758 151.0457 8.074e-16 5.87e-16 2.319e-16 0.0 138.6 0.0
S389942 78.7143 150.9634 1.747e-16 1.323e-16 5.407e-17 0.0 138.15 0.0
S389943 78.8802 151.0434 1.415e-16 1.142e-16 5.418e-17 0.0 138.62 0.0
S389944 78.8863 151.0399 7.238e-17 5.851e-17 2.752e-17 0.0 138.67 0.0
S389945 78.8827 151.0397 8.738e-17 7.559e-17 3.935e-17 0.0 138.63 0.0
S389946 78.6996 150.9632 2.946e-16 2.29e-16 9.955e-17 0.0 138.11 1.0
S389947 78.8914 151.0377 4.882e-14 3.257e-14 1.052e-14 0.0 138.67 0.0
S389948 78.8978 151.0435 1.002e-16 8.01e-17 3.767e-17 0.0 138.64 0.0
S389949 78.9 151.038 3.19e-17 2.741e-17 1.445e-17 0.0 138.71 0.0
S389950 78.6855 150.9618 4.163e-17 3.627e-17 2.004e-17 0.0 138.1 0.0
S389951 78.6818 150.9658 6.093e-16 4.448e-16 1.68e-16 0.0 138.11 0.0
S389952 78.6819 150.964 9.108e-17 7.282e-17 3.455e-17 0.0 138.05 0.0
S389953 78.6612 150.9678 1.031e-17 9.504e-18 5.882e-18 0.0 138.0 0.0
S389954 78.9072 151.0364 6.677e-13 4.932e-13 1.898e-13 0.0 138.68 0.0
S389955 78.6688 150.9669 2.225e-16 1.681e-16 7.094e-17 0.0 138.08 1.0
S389956 78.9246 151.038 1.997e-16 1.664e-16 8.049e-17 0.0 138.73 0.0
S389957 78.9312 151.0359 7.316e-16 5.324e-16 1.998e-16 0.0 138.73 0.0
S389958 78.6558 150.9667 3.619e-17 2.937e-17 1.438e-17 0.0 137.98 0.0
S389959 78.6421 150.9702 1.004e-17 1.444e-17 2.236e-17 0.0 137.97 0.0
S389960 78.6515 150.9733 7.725e-17 6.024e-17 2.564e-17 0.0 137.94 0.0
S389961 78.9328 151.0306 4.956e-13 3.442e-13 1.19e-13 0.0 138.79 0.0
S389962 78.6479 150.9715 5.991e-16 4.197e-16 1.513e-16 0.0 137.99 0.0
S389963 78.9364 151.0327 1.951e-18 1.932e-18 1.42e-18 0.0 138.83 0.0
S389964 78.6301 150.9724 1.044e-15 7.393e-16 2.605e-16 0.0 137.92 0.0
S389965 78.9358 151.0329 5.606e-19 6.574e-19 6.307e-19 0.0 138.8 0.0
S389966 78.9453 151.0295 1.329e-15 9.155e-16 3.159e-16 0.0 138.79 0.0
S389967 78.6377 150.9767 2.734e-17 2.387e-17 1.32e-17 0.0 137.92 0.0
S389968 78.9693 151.0292 4.144e-17 3.415e-17 1.633e-17 0.0 138.84 0.0
S389969 78.6186 150.9758 1.005e-15 6.996e-16 2.453e-16 0.0 137.9 0.0
S389970 78.9657 151.0237 7.75e-17 6.157e-17 2.842e-17 0.0 138.87 0.0
S389971 78.6142 150.9791 8.118e-21 1.357e-20 2.8390000000000005e-20 0.0 137.89 0.0
S389972 78.9674 151.0212 2.669e-17 2.66e-17 1.885e-17 0.0 138.89 0.0
S389973 78.6075 150.982 1.8470000000000003e-20 2.8750000000000004e-20 4.9990000000000006e-20 0.0 137.87 0.0
S389974 78.6035 150.983 2.432e-18 2.58e-18 2.131e-18 0.0 137.84 0.0
S389975 78.9717 151.0219 1.098e-16 8.864e-17 4.136e-17 0.0 138.88 0.0
S389976 78.9877 151.0169 1.51e-17 1.363e-17 8.054e-18 0.0 138.94 0.0
S389977 78.9795 151.0203 5.582e-16 4.013e-16 1.518e-16 0.0 138.92 0.0
S389978 78.5971 150.9896 5.336e-17 5.269e-17 3.646e-17 0.0 137.79 0.0
S389979 78.5885 150.9888 8.045e-17 6.52e-17 3.074e-17 0.0 137.83 0.0
S389980 78.9852 151.0137 2.635e-16 1.986e-16 8.012e-17 0.0 138.95 0.0
S389981 78.9879 151.0134 2.645e-16 2.038e-16 8.415e-17 0.0 138.93 1.0
S389982 78.983 151.0145 3.91e-17 3.293e-17 1.73e-17 0.0 138.9 0.0
S389983 78.5867 150.9934 5.442e-16 3.731e-16 1.319e-16 0.0 137.81 0.0
S389984 78.5783 150.9959 5.548e-17 4.741e-17 2.381e-17 0.0 137.79 0.0
S389985 79.0003 151.0089 1.452e-18 1.467e-18 1.133e-18 0.0 138.94 0.0
S389986 78.5661 151.0004 5.612e-17 4.803e-17 2.502e-17 0.0 137.75 0.0
S389987 79.0134 151.0035 3.352e-18 3.174e-18 2.106e-18 0.0 138.99 0.0
S389988 78.558 151.0031 2.585e-15 1.683e-15 5.341e-16 0.0 137.78 0.0
S389989 79.0147 151.0021 8.493e-18 7.657e-18 4.43e-18 0.0 138.99 0.0
S389990 78.5877 151.0016 5.843e-16 4.075e-16 1.438e-16 0.0 137.76 0.0
S389991 78.5611 151.0061 1.725e-16 1.311e-16 5.42e-17 0.0 137.75 1.0
S389992 79.0018 150.9985 1.141e-16 8.849e-17 3.79e-17 0.0 138.99 1.0
S389993 79.0167 150.996 3.371e-16 2.344e-16 8.506e-17 0.0 138.95 0.0
S389994 79.0325 150.9925 6.547e-17 5.053e-17 2.168e-17 0.0 138.98 0.0
S389995 78.5589 151.0122 6.101e-16 4.414e-16 1.701e-16 0.0 137.78 0.0
S389996 79.0238 150.9896 3.862e-17 3.751e-17 2.452e-17 0.0 139.0 0.0
S389997 79.025 150.9871 5.143e-18 8.243e-18 1.607e-17 0.0 139.0 0.0
S389998 79.0259 150.9853 1.241e-15 8.754e-16 3.153e-16 0.0 139.01 0.0
S389999 79.0181 150.9866 5.185e-15 3.414e-15 1.095e-15 0.0 139.0 0.0
S390000 78.5417 151.0229 2.196e-17 2.062e-17 1.297e-17 0.0 137.76 0.0
S390001 78.5483 151.022 1.257e-18 1.369e-18 1.17e-18 0.0 137.76 0.0
S390002 79.0312 150.979 1.329e-16 1.073e-16 4.887e-17 0.0 139.02 1.0
S390003 78.551 151.0258 5.151e-17 4.089e-17 1.796e-17 0.0 137.71 0.0
S390004 78.5769 151.0283 5.62e-17 4.569e-17 2.232e-17 0.0 137.75 0.0
S390005 79.0134 150.976 5.368e-20 7.873e-20 1.253e-19 0.0 138.98 0.0
S390006 78.5566 151.0314 1.792e-16 1.338e-16 5.442e-17 0.0 137.75 0.0
S390007 79.0236 150.9708 1.012e-17 1.524e-17 2.519e-17 0.0 138.99 0.0
S390008 78.5573 151.0359 3.718e-18 3.575e-18 2.459e-18 0.0 137.79 0.0
S390009 78.5648 151.0385 8.389e-16 6.09e-16 2.322e-16 0.0 137.79 0.0
S390010 78.5692 151.0393 1.094e-17 1.013e-17 6.025e-18 0.0 137.76 0.0
S390011 79.0235 150.9621 2.418e-16 1.818e-16 7.388e-17 0.0 138.98 0.0
S390012 78.9908 150.9644 1.071e-15 7.708e-16 2.81e-16 0.0 138.93 0.0
S390013 78.5646 151.0433 5.095e-18 5.021e-18 3.514e-18 0.0 137.79 0.0
S390014 78.5768 151.0471 8.317e-16 5.876e-16 2.055e-16 0.0 137.79 0.0
S390015 79.0096 150.9538 2.722e-16 2.043e-16 8.08e-17 0.0 138.96 0.0
S390016 79.0024 150.9556 1.583e-16 1.263e-16 5.808e-17 0.0 138.96 0.0
S390017 78.5823 151.0521 5.718e-17 4.517e-17 2.016e-17 0.0 137.88 0.0
S390018 78.7522 150.963 3.014e-19 3.593e-19 3.85e-19 0.0 138.26 0.0
S390019 78.8377 151.0536 1.95e-17 1.659e-17 8.372e-18 0.0 138.47 0.0
S390020 78.747 150.9622 8.485e-19 8.833e-19 6.821e-19 0.0 138.27 0.0
S390021 78.8324 151.0448 1.53e-19 2.031e-19 2.642e-19 0.0 138.47 0.0
S390022 78.8433 151.0457 3.142e-18 3.102e-18 2.215e-18 0.0 138.53 0.0
S390023 78.7425 150.9594 5.091e-17 3.971e-17 1.715e-17 0.0 138.28 0.0
S390024 78.8422 151.0463 3.454e-19 4.064e-19 3.981e-19 0.0 138.49 0.0
S390025 78.7314 150.9627 2.824e-19 3.458e-19 3.839e-19 0.0 138.21 0.0
S390026 78.736 150.9709 5.117e-17 4.236e-17 2.023e-17 0.001 138.15 0.0
S390027 78.8485 151.0408 2.556e-16 1.8e-16 6.321e-17 0.0 138.54 0.0
S390028 78.7325 150.9572 5.478e-13 4.595e-13 2.311e-13 0.0 138.22 1.0
S390029 78.8544 151.0461 3.633e-16 2.701e-16 1.035e-16 0.0 138.49 0.0
S390030 78.7246 150.9567 2.223e-19 2.86e-19 3.361e-19 0.0 138.24 0.0
S390031 78.8651 151.0455 6.739e-17 7.266e-17 6.239e-17 0.0 138.6 0.0
S390032 78.7178 150.9678 1.1970000000000001e-20 1.8860000000000002e-20 3.6480000000000004e-20 0.0 138.12 0.0
S390033 78.8648 151.0463 4.842e-18 4.632e-18 2.938e-18 0.0 138.58 0.0
S390034 78.7054 150.9611 9.679e-17 7.695e-17 3.557e-17 0.0 138.16 0.0
S390035 78.8739 151.0474 5.778e-17 5.922e-17 4.468e-17 0.0 138.59 0.0
S390036 78.7145 150.9564 2.663e-18 2.687e-18 1.96e-18 0.0 138.19 1.0
S390037 78.709 150.9592 1.447e-17 1.951e-17 2.72e-17 0.0 138.12 0.0
S390038 78.866 151.0417 1.2200000000000001e-21 8.65e-22 3.1159999999999997e-22 0.0 138.59 0.0
S390039 78.882 151.0432 5.291e-17 4.434e-17 2.238e-17 0.0 138.65 0.0
S390040 78.7022 150.9687 5.204e-18 4.899e-18 3.207e-18 0.0 138.1 0.0
S390041 78.6994 150.9675 1.055e-18 1.131e-18 9.37e-19 0.0 138.1 0.0
S390042 78.6946 150.9583 1.72e-16 1.769e-16 1.402e-16 0.0 138.11 0.0
S390043 78.8881 151.0398 3.917e-24 1.182e-23 8.777e-23 0.0 138.62 0.0
S390044 78.8964 151.039 2.627e-17 2.288e-17 1.251e-17 0.0 138.69 0.0
S390045 78.9046 151.0319 3.8610000000000005e-20 5.78e-20 9.504000000000001e-20 0.0 138.71 0.0
S390046 78.9057 151.0432 2.553e-22 6.085e-22 2.5410000000000002e-21 0.0 138.68 0.0
S390047 78.8923 151.0335 1.238e-16 9.072e-17 3.528e-17 0.0 138.67 0.0
S390048 78.9208 151.0393 1.16e-18 1.26e-18 1.08e-18 0.0 138.72 0.0
S390049 78.907 151.0349 2.845e-19 3.618e-19 4.198e-19 0.0 138.74 0.0
S390050 78.9132 151.0364 1.628e-21 3.173e-21 9.000000000000001e-21 0.0 138.75 0.0
S390051 78.6659 150.9699 2.583e-16 1.911e-16 7.279e-17 0.0 138.01 0.0
S390052 78.9314 151.0346 8.370999999999999e-22 1.766e-21 5.811e-21 0.0 138.77 0.0
S390053 78.9265 151.0328 6.783e-17 1.683e-16 8.113e-16 0.0 138.77 0.0
S390054 78.9221 151.0325 3.6989999999999995e-22 7.908999999999999e-22 2.679e-21 0.0 138.78 0.0
S390055 78.6604 150.9634 3.058e-17 2.556e-17 1.275e-17 0.0 138.01 0.0
S390056 78.6784 150.9701 9.968e-21 1.6690000000000002e-20 3.5770000000000005e-20 0.0 138.04 0.0
S390057 78.6375 150.9695 5.242e-17 4.172e-17 1.825e-17 0.0 137.93 1.0
S390058 78.6476 150.9743 5.974e-17 5.853e-17 4.143e-17 0.0 137.95 0.0
S390059 78.6273 150.9823 1.363e-20 2.284e-20 4.6680000000000005e-20 0.0 137.89 0.0
S390060 78.9396 151.0312 1.42e-21 9.802e-22 3.451e-22 0.0 138.83 0.0
S390061 78.9213 151.0353 1.8099999999999998e-22 4.0209999999999996e-22 1.515e-21 0.0 138.8 0.0
S390062 78.939 151.0263 3.739e-17 3.088e-17 1.467e-17 0.0 138.82 0.0
S390063 78.6342 150.9683 8.095e-18 1.145e-17 1.726e-17 0.0 137.94 0.0
S390064 78.6521 150.9755 9.499e-22 6.918e-22 2.6449999999999995e-22 0.0 137.95 0.0
S390065 78.9332 151.03 5.185e-18 4.96e-18 3.244e-18 0.0 138.82 0.0
S390066 78.9815 151.027 1.0690000000000001e-20 1.763e-20 3.5920000000000004e-20 0.0 138.85 0.0
S390067 78.6126 150.9781 2.039e-19 2.49e-19 2.707e-19 0.0 137.89 0.0
S390068 78.6223 150.9809 6.733e-16 4.689e-16 1.688e-16 0.0 137.89 0.0
S390069 78.6126 150.9824 1.161e-16 1.244e-16 1.043e-16 0.0 137.9 0.0
S390070 78.9692 151.0256 1.241e-15 8.309e-16 2.714e-16 0.0 138.9 0.0
S390071 78.6025 150.9824 1.222e-17 1.169e-17 7.676e-18 0.0 137.85 0.0
S390072 78.959 151.0209 3.944e-18 3.817e-18 2.569e-18 0.0 138.89 0.0
S390073 78.9969 151.0208 5.507000000000001e-20 7.809000000000001e-20 1.179e-19 0.0 138.93 0.0
S390074 78.6354 150.9863 4.489e-16 3.287e-16 1.248e-16 0.0 137.86 0.0
S390075 78.5845 150.9928 6.5800000000000004e-21 1.1410000000000001e-20 2.5730000000000002e-20 0.0 137.83 0.0
S390076 78.6142 150.9839 1.0060000000000001e-21 2.082e-21 6.929e-21 0.0 137.87 0.0
S390077 78.9937 151.0119 1.84e-16 1.793e-16 1.235e-16 0.0 138.97 0.0
S390078 78.9728 151.0141 4.682e-17 3.955e-17 1.988e-17 0.0 138.95 0.0
S390079 78.5944 150.9932 5.579e-17 6.062e-17 5.392e-17 0.0 137.82 0.0
S390080 78.614 150.9931 1.14e-23 3.6479999999999997e-23 2.9859999999999995e-22 0.0 137.83 0.0
S390081 78.6053 150.9966 9.146e-17 7.505e-17 3.757e-17 0.0 137.78 0.0
S390082 78.9979 151.0103 8.526e-17 6.476e-17 2.757e-17 0.0 138.94 0.0
S390083 78.5599 151.0003 1.189e-16 9.033e-17 3.729e-17 0.0 137.78 1.0
S390084 79.0404 150.9998 7.236e-19 8.174e-19 7.504e-19 0.0 138.96 0.0
S390085 78.5891 151.0001 1.16e-17 1.087e-17 6.796e-18 0.0 137.81 0.0
S390086 78.5645 151.0022 6.869e-17 5.701e-17 2.785e-17 0.0 137.76 0.0
S390087 79.0126 150.9991 1.4159999999999998e-23 4.487e-23 3.4189999999999996e-22 0.0 138.97 0.0
S390088 78.9837 151.0045 3.582e-19 4.216e-19 4.268e-19 0.0 138.95 0.0
S390089 78.9959 150.9996 4.144e-18 4.436e-18 3.834e-18 0.0 138.95 0.0
S390090 79.0173 150.9956 3.113e-16 2.321e-16 9.509e-17 0.0 138.98 0.0
S390091 79.033 150.9934 3.608e-16 2.644e-16 1.026e-16 0.0 138.99 0.0
S390092 78.5986 151.0099 3.085e-16 2.266e-16 8.712e-17 0.0 137.78 0.0
S390093 79.0289 150.99 1.8639999999999997e-22 4.599e-22 2.221e-21 0.0 139.01 0.0
S390094 78.5659 151.0135 2.215e-19 2.845e-19 3.414e-19 0.0 137.76 0.0
S390095 79.0239 150.9873 3.542e-22 7.797999999999999e-22 3.029e-21 0.0 139.01 0.0
S390096 78.5594 151.0176 1.224e-18 1.316e-18 1.085e-18 0.0 137.74 0.0
S390097 79.0204 150.9846 1.42e-16 1.223e-16 6.455e-17 0.0 139.02 0.0
S390098 78.5662 151.0194 2.3599999999999998e-23 6.365e-23 3.638e-22 0.0 137.75 0.0
S390099 79.0131 150.9833 1.9690000000000002e-20 3.159e-20 5.927e-20 0.0 138.97 0.0
S390100 78.5716 151.0218 6.455e-17 5.187e-17 2.368e-17 0.0 137.76 1.0
S390101 78.9991 150.9782 2.487e-18 2.645e-18 2.172e-18 0.0 138.99 0.0
S390102 78.5434 151.0278 3.519e-16 2.727e-16 1.147e-16 0.0 137.78 0.0
S390103 79.0025 150.9782 1.306e-17 1.146e-17 6.407e-18 0.0 138.99 0.0
S390104 78.5513 151.0283 4.473e-18 3.887e-18 2.145e-18 0.0 137.77 0.0
S390105 78.5824 151.0326 1.5789999999999998e-22 3.9259999999999997e-22 1.817e-21 0.0 137.75 0.0
S390106 78.9857 150.9726 3.166e-17 2.746e-17 1.448e-17 0.0 138.98 0.0
S390107 78.5613 151.0361 3.68e-13 3.026e-13 1.468e-13 0.0 137.76 1.0
S390108 78.5746 151.0332 1.521e-17 1.304e-17 6.865e-18 0.0 137.78 0.0
S390109 79.0162 150.9668 3.866e-17 3.274e-17 1.663e-17 0.0 138.96 0.0
S390110 78.9947 150.966 4.8209999999999996e-23 1.2599999999999998e-22 6.612999999999999e-22 0.0 138.95 0.0
S390111 79.0357 150.9587 6.389e-18 5.992e-18 3.846e-18 0.0 138.93 0.0
S390112 78.9851 150.9607 1.074e-18 1.231e-18 1.156e-18 0.0 138.96 0.0
S390113 78.5838 151.0458 3.495e-13 2.514e-13 9.739e-14 0.0 137.82 0.0
S390114 78.9978 150.957 1.669e-16 1.719e-16 1.363e-16 0.0 138.94 0.0
S390115 79.015 150.9567 6.075e-18 5.501e-18 3.264e-18 0.0 138.97 0.0
S390116 78.598 151.0537 1.328e-16 9.992e-17 4.141e-17 0.0 137.85 1.0
S390117 78.5913 151.0502 1.98e-20 3.0820000000000004e-20 5.3600000000000004e-20 0.0 137.83 0.0
S390118 78.9946 150.9458 2.0809999999999998e-22 4.520999999999999e-22 1.632e-21 0.0 138.86 0.0
S390119 78.5963 151.0595 5.568000000000001e-20 7.985e-20 1.202e-19 0.0 137.89 0.0
S390120 78.9701 150.9479 2.251e-17 1.925e-17 1.028e-17 0.0 138.87 0.0
S390121 78.9737 150.9508 1.452e-16 1.161e-16 5.338e-17 0.0 138.89 0.0
S390122 78.9518 150.9426 1.59e-17 2.123e-17 2.824e-17 0.0 138.84 0.0
S390123 78.6008 151.0665 1.568e-16 1.203e-16 5.204e-17 0.0 137.88 1.0
