Name Equatorial Polar BlueF GreenF RedF Parallax RadialVelocity Variable?
S092023 127.4391 45.8979 8.823e-24 2.6729999999999997e-23 1.9469999999999998e-22 0.0 91.51 0.0
S092024 127.4286 45.9021 7.91e-23 1.8799999999999998e-22 8.108999999999999e-22 0.0 91.4 0.0
S092025 127.3903 45.9123 1.3459999999999998e-22 3.1219999999999996e-22 1.306e-21 0.0 91.44 0.0
S092026 127.4306 45.9001 2.729e-23 8.046999999999999e-23 5.434e-22 0.0 91.26 0.0
S092027 127.4551 45.9104 2.452e-23 6.692e-23 3.7809999999999995e-22 0.0 91.54 0.0
S092028 127.4183 45.9421 5.137e-22 1.157e-21 4.427e-21 0.0 91.19 0.0
S092029 127.4196 45.8914 1.534e-21 3.242e-21 1.104e-20 0.0 91.56 0.0
S092030 127.4396 45.8975 3.054e-19 4.059e-19 5.342e-19 0.0 91.55 0.0
S092031 127.3261 46.0966 1.7300000000000003e-20 2.857e-20 6.046e-20 0.0 90.94 0.0
S092032 127.4368 45.8899 4.695e-23 1.222e-22 6.516e-22 0.0 92.16 0.0
S092033 127.4351 45.883 1.165e-19 1.664e-19 2.487e-19 0.0 91.78 0.0
S092034 127.4148 45.8781 4.145e-21 7.76e-21 2.1310000000000002e-20 0.0 91.72 0.0
S092035 127.4536 45.8863 2.182e-18 2.517e-18 2.458e-18 0.0 91.72 0.0
S092036 127.4118 45.8691 6.972e-20 1.05e-19 1.723e-19 0.0 91.74 0.0
S092037 127.4126 45.9167 6.702e-23 1.629e-22 7.551999999999999e-22 0.0 91.08 0.0
S092038 127.4321 45.8955 6.845e-18 7.297e-18 5.94e-18 0.0 91.21 0.0
S092039 127.371 45.9731 9.846e-17 1.127e-16 1.079e-16 0.0 90.98 0.0
S092040 127.4784 45.7898 2.68e-21 5.336e-21 1.5710000000000003e-20 0.0 92.33 1.0
S092041 127.4407 45.8892 2.583e-22 5.917999999999999e-22 2.391e-21 0.0 92.04 0.0
S092042 127.4456 45.9072 9.117e-23 2.293e-22 1.155e-21 0.0 91.54 0.0
S092043 127.5027 45.7677 5.522e-19 6.966e-19 8.082e-19 0.0 92.35 0.0
S092044 127.4253 45.8945 9.176999999999999e-23 2.1799999999999997e-22 9.870999999999998e-22 0.0 91.11 0.0
S092045 127.4377 45.9056 4.788e-19 5.842e-19 6.299e-19 0.0 91.4 0.0
S092046 127.4101 45.9302 2.197e-21 4.5120000000000004e-21 1.449e-20 0.0 91.07 0.0
S092047 127.4194 45.9036 2.0429999999999998e-23 5.963e-23 4.1489999999999998e-22 0.0 91.15 0.0
S092048 127.4318 45.8773 2.83e-23 9.768999999999999e-23 9.38e-22 0.0 91.95 0.0
S092049 127.4287 45.8893 3.907e-23 9.756e-23 4.929e-22 0.0 91.36 0.0
S092050 127.4523 45.8763 9.164e-21 1.626e-20 3.866e-20 0.0 92.06 0.0
S092051 127.4366 45.8605 3.148e-18 3.149e-18 2.357e-18 0.0 92.2 0.0
S092052 127.3725 45.9396 7.974e-19 9.604e-19 1.01e-18 0.0 91.21 0.0
S092053 127.4407 45.8569 1.276e-21 2.499e-21 7.412e-21 0.0 92.12 0.0
S092054 127.4073 46.002 1.695e-19 2.306e-19 3.102e-19 0.0 91.09 0.0
S092055 127.4455 45.9174 2.884e-26 1.6440000000000002e-25 4.571e-24 0.0 91.49 0.0
S092056 127.421 45.874 2.125e-18 2.401e-18 2.146e-18 0.0 91.78 0.0
S092057 127.4415 45.8857 1.994e-24 7.127e-24 7.139999999999999e-23 0.0 91.8 0.0
S092058 127.4181 45.8974 1.163e-12 1.015e-12 5.365e-13 0.0 91.36 1.0
S092059 127.504 45.8265 2.977e-19 3.89e-19 4.935e-19 0.0 92.07 0.0
S092060 127.4522 45.8661 1.429e-18 1.6e-18 1.511e-18 0.0 92.22 0.0
S092061 127.4277 45.8574 7.033e-24 2.447e-23 2.3649999999999997e-22 0.0 91.87 0.0
S092062 127.3937 45.9422 6.125e-23 1.5689999999999999e-22 8.032e-22 0.0 90.97 0.0
S092063 127.3237 45.9908 5.912999999999999e-22 1.3150000000000001e-21 5.083e-21 0.0 91.13 0.0
S092064 127.4651 45.8312 5.705e-21 1.0530000000000001e-20 2.7500000000000004e-20 0.0 92.28 0.0
S092065 127.4228 45.8889 1.031e-21 2.358e-21 9.18e-21 0.0 91.56 0.0
S092066 127.4316 45.8918 3.176e-22 7.974e-22 3.7150000000000004e-21 0.0 91.49 0.0
S092067 127.4382 45.8963 3.276e-23 8.409e-23 4.366e-22 0.0 91.57 0.0
S092068 127.4649 45.8699 5.871e-13 5.824e-13 4.201e-13 0.0 91.89 1.0
S092069 127.4338 45.9194 1.584e-12 1.178e-12 4.591e-13 0.0 91.29 0.0
S092070 127.372 45.9883 4.149e-21 7.715e-21 2.0410000000000002e-20 0.0 90.92 0.0
S092071 127.4331 45.8883 9.613e-24 3.1929999999999997e-23 2.8779999999999997e-22 0.0 91.89 0.0
S092072 127.4246 45.906 4.547999999999999e-22 9.327e-22 2.895e-21 0.0 91.25 0.0
S092073 127.4211 45.9578 2.623e-19 3.479e-19 4.638e-19 0.0 91.27 0.0
S092074 127.4144 45.9224 1.13e-17 1.085e-17 7.285e-18 0.0 91.25 0.0
S092075 127.4724 45.8315 5.372e-21 1.0740000000000001e-20 3.1980000000000005e-20 0.0 92.32 0.0
S092076 127.407 45.9222 3.74e-24 1.256e-23 1.1449999999999998e-22 0.0 91.12 0.0
S092077 127.3831 45.9506 5.792e-24 1.981e-23 1.8879999999999998e-22 0.0 90.95 0.0
S092078 127.4575 45.8652 7.742e-19 9.171e-19 9.698e-19 0.0 92.11 0.0
S092079 127.4279 45.8886 2.178e-21 4.574e-21 1.5470000000000003e-20 0.0 91.67 0.0
S092080 127.4397 45.8849 3.3720000000000004e-20 5.0530000000000007e-20 8.612e-20 0.0 92.09 0.0
S092081 127.4106 45.913 2.325e-22 4.928e-22 1.713e-21 0.0 91.12 0.0
S092082 127.386 45.9849 1.367e-16 1.432e-16 1.179e-16 0.0 90.97 0.0
S092083 127.427 45.8956 2.3440000000000003e-20 3.76e-20 7.374000000000001e-20 0.0 91.15 0.0
S092084 127.4071 45.9182 7.599e-20 1.138e-19 1.921e-19 0.0 91.02 0.0
S092085 127.4031 45.9272 8.017999999999999e-23 2.0609999999999997e-22 1.0240000000000001e-21 0.0 91.04 0.0
S092086 127.4225 45.9196 1.674e-18 1.852e-18 1.626e-18 0.0 91.12 0.0
S092087 127.4211 45.8706 3.6900000000000003e-20 6.045000000000001e-20 1.218e-19 0.0 91.99 0.0
S092088 127.3695 45.9633 8.127000000000001e-20 1.225e-19 2.164e-19 0.0 91.03 0.0
S092089 127.4699 45.8712 2.592e-22 6.621e-22 3.307e-21 0.0 91.87 0.0
S092090 127.4986 45.7903 1.648e-24 6.089e-24 6.535e-23 0.0 92.34 0.0
S092091 127.4758 45.8388 3.413e-24 1.299e-23 1.5579999999999999e-22 0.0 92.3 0.0
S092092 127.4376 45.8854 8.035999999999999e-22 1.866e-21 7.614e-21 0.0 92.15 0.0
S092093 127.4313 45.8823 7.113e-17 8.662e-17 9.388e-17 0.0 91.82 0.0
S092094 127.4266 45.8898 2.9939999999999995e-22 7.438e-22 3.392e-21 0.0 91.04 0.0
S092095 127.5523 45.8411 1.56e-19 2.188e-19 3.181e-19 0.0 91.84 0.0
S092096 127.3986 45.9112 7.976e-21 1.49e-20 4.037e-20 0.0 91.33 0.0
S092097 127.4499 45.8668 4.764e-19 5.936e-19 6.901e-19 0.001 92.13 0.0
S092098 127.4295 45.8893 3.0820000000000002e-21 5.803e-21 1.628e-20 0.0 91.69 0.0
S092099 127.4453 45.8829 1.3299999999999998e-22 3.3199999999999995e-22 1.573e-21 0.0 91.9 0.0
S092100 127.4086 45.9227 3.412e-19 4.408e-19 5.512e-19 0.0 91.08 0.0
S092101 127.4008 45.9455 8.022999999999999e-22 1.728e-21 6.159e-21 0.0 91.08 0.0
S092102 127.4398 45.9011 1.613e-21 3.269e-21 1.0290000000000001e-20 0.0 91.48 0.0
S092103 127.4688 45.8984 6.054e-24 1.878e-23 1.473e-22 0.0 91.66 0.0
S092104 127.4911 45.8325 9.263e-23 2.3569999999999997e-22 1.154e-21 0.0 92.17 0.0
S092105 127.4224 45.9271 6.0509999999999996e-24 1.971e-23 1.663e-22 0.0 91.04 0.0
S092106 127.412 45.9253 5.266e-18 5.352e-18 3.971e-18 0.0 91.1 0.0
S092107 127.4278 45.8882 4.854e-22 1.092e-21 4.397e-21 0.0 91.84 0.0
S092108 127.4265 45.8812 1.3639999999999998e-22 3.1609999999999998e-22 1.359e-21 0.0 92.12 0.0
S092109 127.4616 45.8492 6.453999999999999e-22 1.418e-21 5.428e-21 0.0 92.27 0.0
S092110 127.3965 45.9199 2.762e-20 4.181e-20 7.214000000000001e-20 0.0 91.18 0.0
S092111 127.4187 45.91 7.108e-21 1.3240000000000001e-20 3.4190000000000005e-20 0.0 91.05 0.0
S092112 127.4093 45.9232 5.229e-23 1.4789999999999998e-22 9.192999999999999e-22 0.0 91.0 0.0
S092113 127.4351 45.8723 1.3089999999999999e-22 3.2239999999999995e-22 1.501e-21 0.0 92.12 0.0
S092114 127.4332 45.8903 2.865e-23 7.638e-23 4.1859999999999997e-22 0.0 92.28 0.0
S092115 127.4409 45.8899 2.902e-23 8.95e-23 6.880999999999999e-22 0.0 92.07 0.0
S092116 127.4464 45.8821 7.781e-17 6.681e-17 3.474e-17 0.0 91.9 0.0
S092117 127.4241 45.8669 1.002e-21 2.029e-21 6.3180000000000004e-21 0.0 91.84 0.0
S092118 127.4443 45.8826 2.195e-23 6.453e-23 4.310999999999999e-22 0.0 91.98 0.0
S092119 127.4331 45.8914 3.786e-18 3.944e-18 3.049e-18 0.0 91.02 0.0
S092120 127.457 45.8484 7.991e-23 1.9349999999999997e-22 9.100999999999999e-22 0.0 92.28 0.0
S092121 127.4522 45.8724 1.729e-16 2.046e-16 2.094e-16 0.0 92.12 0.0
S092122 127.3565 46.0852 1.079e-19 1.49e-19 2.148e-19 0.0 91.07 0.0
S092123 127.4423 45.8764 3.798e-17 3.166e-17 1.615e-17 0.0 92.03 0.0
S092124 127.4318 45.8822 4.671e-21 9.537e-21 2.9920000000000004e-20 0.0 91.84 0.0
S092125 127.4142 45.9312 9.961e-17 9.767e-17 6.899e-17 0.0 90.99 0.0
S092126 127.5066 45.7796 9.384e-17 7.897e-17 3.913e-17 0.0 92.32 0.0
S092127 127.4302 45.8874 9.066e-25 3.647e-24 4.643e-23 0.0 91.69 0.0
S092128 127.5065 45.7931 2.863e-16 2.161e-16 8.784e-17 0.0 92.31 1.0
S092129 127.4235 45.8951 4.04e-21 8.023e-21 2.415e-20 0.0 91.35 1.0
S092130 127.4385 45.8451 2.9280000000000005e-20 4.651e-20 8.662000000000001e-20 0.001 92.09 1.0
S092131 127.3513 45.9921 8.455999999999999e-22 1.979e-21 8.689e-21 0.0 90.97 0.0
S092132 127.3927 46.0116 5.176e-13 3.548e-13 1.213e-13 0.0 91.12 0.0
S092133 127.4467 45.8886 2.1270000000000003e-20 3.5230000000000004e-20 7.334000000000001e-20 0.0 91.77 0.0
S092134 127.4367 45.8937 1.073e-19 1.562e-19 2.399e-19 0.0 91.11 0.0
S092135 127.4385 45.8845 1.726e-19 2.376e-19 3.212e-19 0.0 91.97 0.0
S092136 127.4275 45.8997 4.031e-17 4.101e-17 3.083e-17 0.001 91.36 0.0
S092137 127.43 45.8857 2.52e-17 2.211e-17 1.21e-17 0.0 92.16 0.0
S092138 127.4606 45.8455 5.136e-19 6.467e-19 7.26e-19 0.0 92.27 0.0
S092139 127.3889 45.9831 6.7079999999999995e-22 1.515e-21 5.987e-21 0.0 90.97 0.0
S092140 127.4283 45.886 1.141e-12 1.099e-12 7.432e-13 0.0 92.12 1.0
S092141 127.4367 45.8862 7.8290000000000005e-28 7.17e-27 5.157e-25 0.0 91.84 0.0
S092142 127.401 45.9324 9.344e-17 1.25e-16 1.663e-16 0.0 90.99 0.0
S092143 127.4696 45.8361 5.842999999999999e-23 1.5209999999999999e-22 8.309999999999999e-22 0.0 92.33 0.0
S092144 127.4743 45.8382 2.235e-21 4.66e-21 1.4960000000000002e-20 0.0 92.29 0.0
S092145 127.4271 45.9271 6.062e-21 1.1640000000000001e-20 3.141e-20 0.0 91.27 0.0
S092146 127.4317 45.8822 1.7e-22 4.59e-22 2.645e-21 0.0 92.03 0.0
S092147 127.3992 45.9708 2.3190000000000003e-25 1.12e-24 2.1669999999999999e-23 0.0 91.13 0.0
S092148 127.4229 45.9162 1.079e-18 1.238e-18 1.185e-18 0.0 91.32 0.0
S092149 127.4154 45.9071 1.497e-19 2.06e-19 2.792e-19 0.0 91.37 0.0
S092150 127.4395 45.888 3.435e-23 9.401e-23 5.337999999999999e-22 0.0 91.71 0.0
S092151 127.4237 45.8898 9.803e-22 2.056e-21 6.984e-21 0.0 91.45 1.0
S092152 127.4295 45.8806 1.711e-22 3.9219999999999995e-22 1.583e-21 0.0 91.89 0.0
S092153 127.4634 45.8448 1.369e-18 1.533e-18 1.368e-18 0.0 92.3 0.0
S092154 127.4102 45.9183 3.386e-21 2.341e-21 8.177999999999999e-22 0.0 91.06 0.0
S092155 127.403 45.919 8.288000000000001e-20 1.163e-19 1.7e-19 0.0 91.08 0.0
S092156 127.4273 45.8862 1.927e-21 3.588e-21 9.365e-21 0.0 91.8 0.0
S092157 127.5013 45.8122 1.376e-21 2.8740000000000002e-21 9.893e-21 0.0 92.13 0.0
S092158 127.4572 45.8954 6.701999999999999e-22 1.498e-21 5.626e-21 0.0 91.64 0.0
S092159 127.4314 45.8901 6.446e-18 6.462e-18 4.577e-18 0.0 91.57 0.0
S092160 127.601 45.7451 2.827e-21 5.616e-21 1.6680000000000002e-20 0.0 92.06 0.0
S092161 127.4346 45.8722 4.137e-19 5.241e-19 6.222e-19 0.0 91.99 0.0
S092162 127.4362 45.9709 2.296e-21 4.549e-21 1.3540000000000001e-20 0.0 91.37 0.0
S092163 127.4368 45.8888 8.706e-17 7.18e-17 3.511e-17 0.0 91.81 0.0
S092164 127.381 45.9825 1.4400000000000003e-20 2.429e-20 5.1470000000000003e-20 0.0 90.96 0.0
S092165 127.4454 45.8685 1.07e-17 1.043e-17 7.267e-18 0.0 92.2 0.0
S092166 127.4324 45.9118 2.7049999999999996e-22 6.491e-22 2.961e-21 0.0 91.22 0.0
S092167 127.4329 45.8857 6.206e-21 1.125e-20 2.7710000000000004e-20 0.001 91.73 0.0
S092168 127.4333 45.9116 1.347e-21 3.008e-21 1.1590000000000001e-20 0.0 91.32 0.0
S092169 127.4382 45.9007 7.318e-21 1.1950000000000001e-20 2.3940000000000002e-20 0.0 91.47 0.0
S092170 127.4206 45.9151 3.7470000000000002e-28 3.653e-27 3.1e-25 0.0 91.24 0.0
S092171 127.4534 45.8295 8.102e-17 1.115e-16 1.592e-16 0.0 92.3 0.0
S092172 127.4913 45.8259 5.594e-18 5.428e-18 3.786e-18 0.0 92.19 0.0
S092173 127.3986 45.902 1.092e-23 3.182e-23 2.227e-22 0.0 91.43 0.0
S092174 127.4368 45.8814 1.261e-12 9.621e-13 4.024e-13 0.0 92.09 1.0
S092175 127.4585 45.7649 1.329e-22 3.734e-22 2.2320000000000002e-21 0.0 92.05 0.0
S092176 127.4462 45.8872 1.147e-19 1.502e-19 1.916e-19 0.0 91.79 0.0
S092177 127.397 45.941 2.52e-17 2.288e-17 1.369e-17 0.0 90.96 0.0
S092178 127.4431 45.8947 2.839e-21 5.7250000000000005e-21 1.7650000000000002e-20 0.0 91.6 0.0
S092179 127.4681 45.8362 1.472e-19 2.101e-19 3.025e-19 0.0 92.33 0.0
S092180 127.4241 45.9116 5.334e-24 1.8449999999999998e-23 1.7469999999999998e-22 0.0 91.24 0.0
S092181 127.4292 45.8935 2.479e-24 8.963e-24 9.482999999999999e-23 0.0 91.51 0.0
S092182 127.444 45.8783 8.908e-21 1.628e-20 4.135e-20 0.0 92.13 0.0
S092183 127.3768 45.8902 4.3269999999999996e-23 1.2679999999999998e-22 8.566999999999999e-22 0.0 91.55 0.0
S092184 127.4189 45.9112 3.01e-25 1.502e-24 3.146e-23 0.001 91.12 0.0
S092185 127.3955 45.8914 2.2380000000000002e-20 3.644e-20 7.229000000000001e-20 0.0 91.58 0.0
S092186 127.4528 45.8646 6.362999999999999e-23 1.629e-22 8.399999999999999e-22 0.0 92.22 0.0
S092187 127.4309 45.9099 2.11e-21 1.5290000000000001e-21 5.853999999999999e-22 0.0 91.26 0.0
S092188 127.3744 45.9035 5.332e-22 1.153e-21 4.252e-21 0.0 91.47 0.0
S092189 127.5075 45.7384 6.283e-18 6.269e-18 4.492e-18 0.0 92.33 0.0
S092190 127.4324 45.8751 2.683e-21 1.914e-21 6.802999999999999e-22 0.0 92.06 0.0
S092191 127.4404 45.8671 6.949e-23 1.7649999999999998e-22 8.626999999999999e-22 0.0 92.0 0.0
S092192 127.4066 45.9022 4.619e-18 4.854e-18 3.788e-18 0.0 91.2 0.0
S092193 127.4255 45.8975 1.1670000000000001e-20 2.0370000000000003e-20 4.4960000000000005e-20 0.0 91.36 0.0
S092194 127.4253 45.916 6.588e-17 5.551e-17 2.768e-17 0.0 91.06 0.0
S092195 127.4127 45.9187 3.429e-18 3.485e-18 2.552e-18 0.0 91.02 0.0
S092196 127.3839 45.9139 2.946e-25 1.3949999999999999e-24 2.5839999999999997e-23 0.0 91.31 0.0
S092197 127.4202 45.8893 8.23e-24 2.7669999999999996e-23 2.406e-22 0.0 91.54 0.0
S092198 127.4226 45.8911 9.167e-24 2.938e-23 2.4519999999999996e-22 0.0 91.13 0.0
S092199 127.4546 45.871 1.133e-18 1.378e-18 1.495e-18 0.0 92.23 0.0
S092200 127.4232 45.8661 2.732e-16 2.712e-16 1.967e-16 0.0 91.85 0.0
S092201 127.5224 45.7885 1.664e-16 1.507e-16 9.154e-17 0.0 92.23 0.0
S092202 127.4031 45.9292 2.79e-16 2.175e-16 9.859e-17 0.0 90.96 1.0
S092203 127.4377 45.8797 9.234999999999999e-23 2.3039999999999996e-22 1.076e-21 0.0 92.03 0.0
S092204 127.4183 45.9245 9.204e-20 1.378e-19 2.258e-19 0.0 91.08 0.0
S092205 127.4222 45.9097 3.9009999999999996e-23 1.0069999999999999e-22 5.303e-22 0.0 91.13 0.0
S092206 127.4106 45.9145 4.4859999999999996e-23 1.37e-22 1.002e-21 0.0 91.04 0.0
S092207 127.4639 45.8531 8.828e-21 1.6030000000000002e-20 4.0670000000000006e-20 0.0 92.23 0.0
S092208 127.4286 45.8904 1.853e-20 3.2060000000000004e-20 7.258e-20 0.0 91.0 0.0
S092209 127.42 45.8976 2.3059999999999997e-22 5.839999999999999e-22 2.86e-21 0.0 91.44 0.0
S092210 127.3721 46.0199 8.881e-22 1.693e-21 4.766e-21 0.0 90.96 0.0
S092211 127.3929 45.9729 2.685e-19 3.47e-19 4.222e-19 0.0 91.01 0.0
S092212 127.4355 45.877 5.338e-21 9.502e-21 2.198e-20 0.0 91.82 0.0
S092213 127.4362 45.8602 2.034e-21 4.135e-21 1.3190000000000001e-20 0.0 92.25 0.0
S092214 127.3491 45.9257 3.484e-19 4.612e-19 6.024e-19 0.0 91.37 0.0
S092215 127.44 45.875 2.213e-22 5.3e-22 2.296e-21 0.0 92.1 0.0
S092216 127.409 45.9259 8.676e-22 1.914e-21 7.188e-21 0.0 90.99 0.0
S092217 127.4337 45.8925 5.792e-22 1.257e-21 4.57e-21 0.0 91.21 0.0
S092218 127.4382 45.8917 4.835e-23 1.344e-22 8.062e-22 0.0 92.05 0.0
S092219 127.3586 45.982 2.956e-22 7.752e-22 4.132e-21 0.0 90.96 0.0
S092220 127.4508 45.891 3.74e-23 1.0209999999999998e-22 5.985e-22 0.0 91.66 0.0
S092221 127.4201 45.878 1.0079999999999999e-24 3.838e-24 4.4079999999999996e-23 0.0 91.73 0.0
S092222 127.4106 45.89 2.518e-18 2.846e-18 2.632e-18 0.0 91.52 0.0
S092223 127.5005 45.8883 5.379999999999999e-22 1.136e-21 3.781e-21 0.0 91.71 0.0
S092224 127.4428 45.8829 1.152e-19 1.517e-19 1.929e-19 0.0 92.02 0.0
S092225 127.4228 45.8881 6.512e-19 7.948e-19 8.575e-19 0.0 91.21 0.0
S092226 127.4254 45.89 4.2709999999999995e-22 8.975e-22 2.949e-21 0.0 91.39 0.0
S092227 127.4039 45.9243 2.748e-18 2.783e-18 2.035e-18 0.0 91.0 0.0
S092228 127.4113 45.9083 5.342e-22 1.195e-21 4.539e-21 0.0 91.05 0.0
S092229 127.4186 45.9097 2.709e-19 3.643e-19 4.705e-19 0.0 91.1 0.0
S092230 127.4328 45.9424 1.212e-18 1.325e-18 1.133e-18 0.0 91.33 0.0
S092231 127.3234 46.0496 1.7960000000000002e-20 3.1360000000000005e-20 7.031e-20 0.0 90.89 0.0
S092232 127.4237 45.9103 1.0849999999999999e-23 3.198e-23 2.2389999999999997e-22 0.0 91.14 0.0
S092233 127.4502 45.9049 5.828e-19 7.119e-19 7.682e-19 0.0 91.53 0.0
S092234 127.4404 45.8841 5.2210000000000005e-20 8.043000000000001e-20 1.434e-19 0.0 92.08 0.0
S092235 127.4186 45.9146 7.343e-25 3.048e-24 4.349e-23 0.0 91.22 0.0
S092236 127.4705 45.8309 6.453e-19 7.636e-19 7.768e-19 0.0 92.23 0.0
S092237 127.4311 45.8691 1.322e-16 1.054e-16 4.946e-17 0.0 92.02 0.0
S092238 127.3919 45.9357 5.075e-17 7.513e-17 1.227e-16 0.0 91.18 0.0
S092239 127.4442 45.8786 1.168e-21 2.399e-21 7.991e-21 0.0 92.11 0.0
S092240 127.4373 45.8976 1.457e-19 1.905e-19 2.374e-19 0.0 91.42 0.0
S092241 127.4387 45.899 1.927e-27 1.524e-26 8.407000000000001e-25 0.0 91.13 0.0
S092242 127.4446 45.7891 7.645999999999999e-23 1.8319999999999998e-22 8.026999999999999e-22 0.0 91.97 0.0
S092243 127.4616 45.7947 2.966e-21 6.091e-21 1.933e-20 0.0 92.17 0.0
S092244 127.4491 45.8715 6.232e-19 7.693e-19 8.466e-19 0.0 92.08 0.0
S092245 127.3811 45.8819 3.031e-23 9.1e-23 6.284999999999999e-22 0.0 91.6 0.0
S092246 127.4289 45.8845 9.940000000000001e-20 1.41e-19 2.172e-19 0.0 92.03 0.0
S092247 127.4244 45.9051 1.04e-24 4.38e-24 6.261999999999999e-23 0.0 91.12 0.0
S092248 127.4887 45.8069 1.42e-19 2.09e-19 3.182e-19 0.0 92.22 0.0
S092249 127.4289 45.8964 2.033e-20 3.464e-20 7.602e-20 0.0 91.22 0.0
S092250 127.4285 45.8901 3.4949999999999996e-23 9.684999999999999e-23 5.843999999999999e-22 0.0 91.56 0.0
S092251 127.4365 45.8777 1.899e-23 5.584e-23 3.809e-22 0.0 92.13 0.0
S092252 127.3931 45.9995 5.928e-21 1.1200000000000002e-20 3.0270000000000003e-20 0.0 91.07 0.0
S092253 127.4946 45.7645 2.202e-21 4.485e-21 1.3640000000000003e-20 0.0 92.31 0.0
S092254 127.4541 45.8651 6.748e-20 9.890000000000001e-20 1.585e-19 0.0 92.18 0.0
S092255 127.4547 45.8586 4.023e-22 9.206e-22 3.758e-21 0.0 92.18 0.0
S092256 127.4343 45.9057 7.029e-23 2.0089999999999997e-22 1.295e-21 0.0 91.37 0.0
S092257 127.4192 45.9201 5.517e-21 1.004e-20 2.47e-20 0.0 91.18 0.0
S092258 127.4106 45.9252 1.9349999999999997e-22 4.961e-22 2.627e-21 0.0 91.01 0.0
S092259 127.4021 45.9652 8.076e-25 3.358e-24 4.5929999999999995e-23 0.0 91.11 0.0
S092260 127.4353 45.8954 1.491e-20 2.5510000000000003e-20 5.562e-20 0.0 91.44 0.0
S092261 127.4345 45.8565 8.718e-13 8.71e-13 6.373e-13 0.0 92.18 1.0
S092262 127.4093 45.8901 9.649e-22 2.139e-21 8.239e-21 0.0 91.57 0.0
S092263 127.4529 45.8263 2.0829999999999997e-22 5.238e-22 2.528e-21 0.0 92.13 0.0
S092264 127.4652 45.8499 4.977e-21 9.731e-21 2.858e-20 0.0 92.25 0.0
S092265 127.4819 45.8307 2.9489999999999996e-23 7.674999999999999e-23 4.0629999999999995e-22 0.0 92.15 0.0
S092266 127.4254 45.8843 1.3240000000000001e-21 2.742e-21 9.137e-21 0.0 92.02 0.0
S092267 127.4719 45.8768 2.157e-18 2.316e-18 1.977e-18 0.0 91.83 0.0
S092268 127.436 45.8837 1.477e-21 3.05e-21 1.004e-20 0.0 92.1 0.0
S092269 127.4393 45.9008 8.906e-19 1.034e-18 1.066e-18 0.0 91.26 1.0
S092270 127.4403 45.8403 1.6579999999999998e-23 4.786e-23 3.1659999999999996e-22 0.0 92.03 0.0
S092271 127.3969 45.9184 4.756e-19 5.87e-19 6.414e-19 0.0 91.02 0.0
S092272 127.4425 45.8664 2.8489999999999998e-22 6.554999999999999e-22 2.601e-21 0.0 92.18 0.0
S092273 127.4365 45.8897 3.892e-24 1.441e-23 1.633e-22 0.0 91.77 0.0
S092274 127.4322 45.9498 4.269999999999999e-22 9.439e-22 3.486e-21 0.0 91.33 0.0
S092275 127.4723 45.8253 2.531e-22 6.017999999999999e-22 2.611e-21 0.0 92.32 0.0
S092276 127.4307 45.8842 2.7910000000000002e-21 1.947e-21 7.047999999999999e-22 0.0 92.03 0.0
S092277 127.4437 45.8875 6.958e-20 1.082e-19 1.876e-19 0.0 91.85 0.0
S092278 127.3878 45.9508 4.1119999999999998e-22 1.061e-21 5.589e-21 0.0 90.97 0.0
S092279 127.43 45.8734 3.299e-24 1.121e-23 1.0179999999999999e-22 0.0 91.84 0.0
S092280 127.4342 45.9125 1.4019999999999999e-22 3.697e-22 2.082e-21 0.0 91.37 0.0
S092281 127.441 45.9235 5.588e-19 6.83e-19 7.557e-19 0.0 91.29 0.0
S092282 127.4304 45.8669 9.663e-21 1.708e-20 4.114e-20 0.0 92.02 0.0
S092283 127.4348 45.9018 1.471e-24 5.425e-24 6.098e-23 0.0 91.5 0.0
S092284 127.3894 45.9575 1.875e-18 1.975e-18 1.602e-18 0.0 90.94 0.0
S092285 127.3695 45.9592 1.793e-26 1.144e-25 3.917e-24 0.0 91.04 0.0
S092286 127.4324 45.9033 2.239e-21 4.623e-21 1.5650000000000002e-20 0.0 91.48 0.0
S092287 127.4377 45.8821 2.165e-18 2.402e-18 2.239e-18 0.0 91.88 0.0
S092288 127.4368 45.881 1.537e-22 4.0179999999999995e-22 2.079e-21 0.0 92.09 0.0
S092289 127.4828 45.8401 3.992e-19 5.157e-19 6.554e-19 0.0 92.07 0.0
S092290 127.4068 45.9605 7.170000000000001e-20 1.053e-19 1.642e-19 0.0 91.03 0.0
S092291 127.4343 45.862 3.0330000000000004e-20 5.21e-20 1.101e-19 0.0 91.95 0.0
S092292 127.4785 45.8024 4.597e-16 3.472e-16 1.401e-16 0.0 92.3 0.0
S092293 127.4437 45.8882 1.538e-20 2.684e-20 6.201e-20 0.0 91.86 0.0
S092294 127.4418 45.8611 8.539e-20 1.248e-19 1.983e-19 0.0 92.2 0.0
S092295 127.4808 45.8057 3.153e-23 9.499999999999999e-23 6.805999999999999e-22 0.0 92.31 0.0
S092296 127.4117 45.9001 2.72e-18 2.8e-18 2.11e-18 0.0 91.27 0.0
S092297 127.4016 45.9506 1.2049999999999999e-24 4.838e-24 6.117e-23 0.0 91.0 0.0
S092298 127.4911 45.8248 1.576e-19 2.243e-19 3.348e-19 0.0 92.19 0.0
S092299 127.4227 45.8612 4.013e-23 1.118e-22 6.852999999999999e-22 0.0 91.93 0.0
S092300 127.419 45.8802 8.532e-19 1.044e-18 1.151e-18 0.0 91.7 0.0
S092301 127.4325 45.8905 1.422e-16 1.508e-16 1.27e-16 0.0 91.49 0.0
S092302 127.4272 45.8837 1.7459999999999998e-22 4.72e-22 2.809e-21 0.0 91.72 0.0
S092303 127.434 45.8691 9.891e-24 3.149e-23 2.4819999999999996e-22 0.0 92.2 0.0
S092304 127.4374 45.8521 1.682e-19 2.335e-19 3.232e-19 0.0 92.14 0.0
S092305 127.4446 45.866 6.943e-17 8.758e-17 1.013e-16 0.0 92.1 0.0
S092306 127.4217 45.9002 2.572e-19 3.474e-19 4.649e-19 0.0 91.26 0.0
S092307 127.488 45.7558 1.127e-16 1.046e-16 6.401e-17 0.0 92.25 0.0
S092308 127.4478 45.8995 2.122e-22 5.581e-22 2.902e-21 0.0 91.58 0.0
S092309 127.4225 45.883 5.174999999999999e-22 1.2e-21 4.955e-21 0.0 91.84 0.0
S092310 127.4237 45.8903 1.503e-22 3.7299999999999996e-22 1.793e-21 0.0 91.13 0.0
S092311 127.4752 45.9011 2.626e-21 4.739e-21 1.1570000000000001e-20 0.0 91.64 0.0
S092312 127.4248 45.9111 4.8729999999999996e-23 1.3409999999999998e-22 7.853e-22 0.0 91.23 0.0
S092313 127.391 45.9506 3.116e-21 2.132e-21 7.235999999999999e-22 0.0 90.95 0.0
S092314 127.4273 45.8887 2.6759999999999996e-23 7.814e-23 5.269e-22 0.0 91.63 0.0
S092315 127.4316 45.9029 3.92e-23 1.0279999999999999e-22 5.678999999999999e-22 0.0 91.38 0.0
S092316 127.4289 45.8887 8.921e-19 1.018e-18 9.851e-19 0.0 91.71 0.0
S092317 127.4138 45.9248 6.1760000000000004e-21 1.0550000000000001e-20 2.2650000000000003e-20 0.0 91.1 0.0
S092318 127.4517 45.8325 3.066e-18 3.681e-18 3.897e-18 0.0 92.11 0.0
S092319 127.4016 45.9171 9.37e-24 3.255e-23 3.171e-22 0.0 91.24 0.0
S092320 127.4387 45.8922 1.161e-21 2.278e-21 6.597e-21 0.0 91.64 0.0
S092321 127.43 45.8948 7.492e-23 2.0809999999999998e-22 1.224e-21 0.0 91.07 0.0
S092322 127.4128 45.8966 1.949e-25 9.116e-25 1.628e-23 0.0 91.4 0.0
S092323 127.4144 45.9047 3.723e-19 4.57e-19 5.104e-19 0.0 91.23 0.0
S092324 127.4667 45.8377 1.209e-16 2.357e-16 6.8e-16 0.0 92.3 0.0
S092325 127.4257 45.9312 1.359e-19 1.942e-19 2.907e-19 0.0 91.23 0.0
S092326 127.4342 45.8863 3.2579999999999997e-23 8.728999999999999e-23 4.908999999999999e-22 0.0 92.05 0.0
S092327 127.4374 45.909 5.301000000000001e-20 8.244000000000001e-20 1.44e-19 0.0 91.47 0.0
S092328 127.4303 45.8945 4.325e-22 9.549999999999999e-22 3.466e-21 0.0 91.31 0.0
S092329 127.4471 45.8873 1.048e-21 2.444e-21 9.986e-21 0.0 91.72 0.0
S092330 127.4563 45.8211 1.173e-18 1.308e-18 1.188e-18 0.0 92.2 0.0
S092331 127.3477 46.0261 1.8160000000000002e-21 3.896e-21 1.3820000000000002e-20 0.0 90.91 0.0
S092332 127.4251 45.9032 2.47e-20 4.1660000000000004e-20 8.700000000000001e-20 0.0 91.18 0.0
S092333 127.3233 46.0657 6.089e-18 6.102e-18 4.465e-18 0.0 90.88 0.0
S092334 127.3604 46.023 4.378e-21 8.359e-21 2.398e-20 0.0 90.93 0.0
S092335 127.4321 45.8608 2.8019999999999998e-24 9.736e-24 9.531e-23 0.0 92.0 0.0
S092336 127.4961 45.814 2.425e-17 2.01e-17 9.543e-18 0.0 92.33 0.0
S092337 127.4311 45.8694 7.399e-23 2.0329999999999998e-22 1.206e-21 0.0 92.06 0.0
S092338 127.4173 45.8979 2.813e-21 1.969e-21 7.119999999999999e-22 0.0 91.15 0.0
S092339 127.4362 45.8932 3.26e-22 7.204999999999999e-22 2.618e-21 0.0 91.46 0.0
S092340 127.4653 45.8228 9.584000000000001e-20 1.422e-19 2.258e-19 0.0 92.26 0.0
S092341 127.4269 45.8886 8.083e-19 9.678e-19 1.001e-18 0.0 91.63 0.0
S092342 127.3923 45.9099 1.323e-21 2.766e-21 9.556e-21 0.0 91.29 0.0
S092343 127.4174 45.9077 3.6050000000000005e-20 5.431e-20 9.299000000000001e-20 0.0 91.2 0.0
S092344 127.4423 45.871 7.44e-21 1.39e-20 3.666e-20 0.0 92.17 0.0
S092345 127.4469 45.8781 2.0709999999999998e-23 6.188e-23 4.3159999999999995e-22 0.0 92.03 0.0
S092346 127.4638 45.8712 7.434e-21 1.357e-20 3.4600000000000005e-20 0.0 92.12 0.0
S092347 127.434 45.8931 1.648e-18 1.85e-18 1.659e-18 0.0 91.41 0.0
S092348 127.4812 45.7658 1.173e-21 2.306e-21 6.897e-21 0.0 92.24 0.0
S092349 127.433 45.8869 7.326e-18 7.534e-18 5.86e-18 0.0 91.97 0.0
S092350 127.4322 45.8899 6.286e-23 1.618e-22 8.085999999999999e-22 0.0 91.74 0.0
S092351 127.4354 45.8898 4.286e-19 5.456e-19 6.508e-19 0.0 91.71 0.0
S092352 127.4209 45.8896 1.743e-21 1.31e-21 5.375e-22 0.0 91.44 0.0
S092353 127.3908 45.9087 9.941000000000001e-20 1.493e-19 2.376e-19 0.0 91.4 0.0
S092354 127.41 45.924 3.387e-23 1.0109999999999999e-22 7.244e-22 0.0 90.99 0.0
S092355 127.4209 45.9035 3.885e-24 1.399e-23 1.5079999999999998e-22 0.0 91.36 0.0
S092356 127.4054 45.9376 5.681e-24 1.9649999999999998e-23 1.8019999999999998e-22 0.0 91.03 0.0
S092357 127.4269 45.911 6.527e-24 1.998e-23 1.5119999999999998e-22 0.0 91.09 0.0
S092358 127.4345 45.855 7.963e-17 6.71e-17 3.477e-17 0.0 92.09 0.0
S092359 127.4255 45.914 4.664e-19 5.518e-19 5.594e-19 0.0 91.19 0.0
S092360 127.3906 45.917 3.242e-19 4.029e-19 4.738e-19 0.001 91.3 0.0
S092361 127.3821 45.9694 6.282e-18 6.155e-18 4.16e-18 0.0 90.95 0.0
S092362 127.4942 45.8363 6.638e-19 8.065e-19 8.588e-19 0.0 91.97 0.0
S092363 127.4372 45.8955 9.629999999999998e-22 2.287e-21 9.693e-21 0.0 91.12 0.0
S092364 127.4466 45.8494 5.589e-21 9.904000000000001e-21 2.3140000000000002e-20 0.0 92.17 0.0
S092365 127.4243 45.915 3.579e-21 2.447e-21 8.214999999999999e-22 0.0 91.04 0.0
S092366 127.4349 45.8629 5.138e-22 1.155e-21 4.4280000000000004e-21 0.0 92.2 0.0
S092367 127.4285 45.8873 9.265e-23 2.191e-22 9.627e-22 0.0 91.87 0.0
S092368 127.4362 45.8906 4.741e-21 3.129e-21 9.997999999999999e-22 0.0 91.69 0.0
S092369 127.4427 45.891 2.5579999999999997e-22 7.235999999999999e-22 4.598e-21 0.0 91.82 0.0
S092370 127.428 45.8869 5.0099999999999997e-23 1.4009999999999998e-22 8.943e-22 0.0 92.09 0.0
S092371 127.424 45.9001 4.637e-20 7.463e-20 1.429e-19 0.0 91.4 0.0
S092372 127.4201 45.8781 1.5289999999999999e-24 5.707e-24 6.13e-23 0.0 92.12 0.0
S092373 127.4523 45.8555 5.693e-13 5.958e-13 4.462e-13 0.0 92.22 1.0
S092374 127.364 45.9933 7.856000000000001e-25 3.072e-24 3.698e-23 0.0 90.92 0.0
S092375 127.4452 45.9129 4.9959999999999995e-23 1.37e-22 8.1349999999999995e-22 0.0 91.51 0.0
S092376 127.4149 45.9118 2.0279999999999998e-22 5.431e-22 2.9750000000000002e-21 0.0 91.15 0.0
S092377 127.4294 45.8887 1.8100000000000002e-20 3.058e-20 6.714000000000001e-20 0.0 92.4 0.0
S092378 127.4216 45.8939 9.199e-23 2.3279999999999997e-22 1.166e-21 0.0 91.46 0.0
S092379 127.4066 45.8457 1.0379999999999999e-23 3.4009999999999997e-23 2.94e-22 0.0 91.79 0.0
S092380 127.3567 46.0458 3.208e-22 6.6189999999999995e-22 2.179e-21 0.0 90.95 0.0
S092381 127.4339 45.8376 1.2529999999999999e-23 3.588e-23 2.397e-22 0.0 92.08 0.0
S092382 127.4579 45.8554 1.572e-24 5.93e-24 6.988e-23 0.0 92.18 1.0
S092383 127.4167 45.9021 1.096e-12 7.8e-13 2.971e-13 0.0 91.14 0.0
S092384 127.4565 45.8362 7.171e-24 2.116e-23 1.447e-22 0.0 92.16 0.0
S092385 127.4777 45.854 3.221e-22 7.315999999999999e-22 2.84e-21 0.0 92.01 0.0
S092386 127.4463 45.9032 1.222e-19 1.704e-19 2.401e-19 0.0 91.56 0.0
S092387 127.4021 45.9871 1.5290000000000001e-21 3.239e-21 1.1290000000000001e-20 0.0 91.15 0.0
S092388 127.4353 45.9006 2.541e-18 2.727e-18 2.295e-18 0.0 91.27 0.0
S092389 127.4457 45.8849 1.583e-20 2.674e-20 5.695e-20 0.0 91.87 0.0
S092390 127.4313 45.889 6.579e-22 1.5500000000000001e-21 6.68e-21 0.0 91.69 0.0
S092391 127.3688 45.9673 1.074e-18 1.27e-18 1.263e-18 0.0 91.07 0.0
S092392 127.4167 45.8844 7.896999999999999e-23 2.0149999999999999e-22 1.036e-21 0.0 91.66 0.0
S092393 127.4397 45.8857 1.1740000000000001e-20 1.9070000000000002e-20 3.6760000000000003e-20 0.0 91.73 0.0
S092394 127.4202 45.9076 6.154e-20 9.141000000000001e-20 1.411e-19 0.0 91.07 0.0
S092395 127.3958 45.9593 2.852e-21 5.782e-21 1.7850000000000003e-20 0.0 90.97 0.0
S092396 127.4193 45.9129 2.0459999999999997e-22 4.172e-22 1.288e-21 0.0 91.05 0.0
S092397 127.4363 45.9022 2.729e-18 2.898e-18 2.376e-18 0.0 91.45 0.0
S092398 127.4338 45.875 2.273e-16 2.665e-16 2.66e-16 0.0 92.07 0.0
S092399 127.4921 45.8179 2.718e-20 4.4630000000000003e-20 9.048000000000001e-20 0.0 92.25 0.0
S092400 127.4149 45.9522 1.604e-22 3.9609999999999996e-22 1.898e-21 0.0 91.23 0.0
S092401 127.5024 45.753 1.245e-18 1.415e-18 1.359e-18 0.0 92.35 0.0
S092402 127.4349 45.882 2.17e-18 2.403e-18 2.04e-18 0.0 92.09 0.0
S092403 127.4065 45.906 9.527e-17 9.968e-17 8.083e-17 0.0 91.18 0.0
S092404 127.3556 45.9456 8.88e-24 2.6919999999999996e-23 1.9029999999999998e-22 0.0 91.19 0.0
S092405 127.4348 45.8835 3.349e-25 1.572e-24 2.81e-23 0.0 92.1 0.0
S092406 127.3993 45.9285 1.004e-22 2.5369999999999998e-22 1.271e-21 0.0 91.05 0.0
S092407 127.4373 45.8844 4.656999999999999e-22 1.013e-21 3.672e-21 0.0 91.86 0.0
S092408 127.5257 45.8461 2.2730000000000002e-20 3.79e-20 7.723e-20 0.0 91.86 0.0
S092409 127.4438 45.8583 3.4860000000000002e-25 1.633e-24 2.813e-23 0.0 92.1 0.0
S092410 127.4977 45.8178 1.4009999999999998e-22 3.5809999999999995e-22 1.848e-21 0.001 92.16 0.0
S092411 127.4368 45.8905 8.653000000000001e-20 1.219e-19 1.8e-19 0.0 92.17 0.0
S092412 127.4432 45.8816 2.6599999999999997e-23 7.306e-23 4.1479999999999997e-22 0.001 91.83 0.0
S092413 127.4288 45.9004 2.664e-22 6.266e-22 2.689e-21 0.0 91.24 0.0
S092414 127.3984 45.9281 3.7759999999999997e-22 8.920999999999998e-22 3.901e-21 0.0 90.96 0.0
S092415 127.4453 45.868 1.602e-18 1.84e-18 1.735e-18 0.0 92.15 0.0
S092416 127.4431 45.907 1.676e-21 3.439e-21 1.1390000000000002e-20 0.0 91.48 0.0
S092417 127.4183 45.8775 3.64e-18 3.818e-18 2.972e-18 0.0 91.73 0.0
S092418 127.4381 45.8925 3.269e-21 2.253e-21 7.760999999999999e-22 0.0 91.36 0.0
S092419 127.4412 45.847 3.614e-18 3.894e-18 3.185e-18 0.0 92.01 0.0
S092420 127.4379 45.8833 1.195e-22 3.0249999999999996e-22 1.46e-21 0.0 92.05 0.0
S092421 127.4318 45.8882 1.061e-20 1.9440000000000003e-20 5.0260000000000006e-20 0.0 91.66 0.0
S092422 127.3872 45.99 1.923e-22 5.2819999999999995e-22 3.128e-21 0.0 90.97 0.0
S092423 127.4359 45.8953 1.5650000000000002e-20 2.653e-20 5.636000000000001e-20 0.0 91.53 0.0
S092424 127.4143 45.9186 2.064e-16 1.719e-16 8.833e-17 0.0 91.03 0.0
S092425 127.4375 45.8943 3.422e-22 7.695999999999999e-22 3e-21 0.0 91.11 0.0
S092426 127.4161 45.9011 3.431e-20 5.579e-20 1.072e-19 0.0 91.2 0.0
S092427 127.4369 45.8684 8.824e-22 1.814e-21 5.818e-21 0.0 92.16 0.0
S092428 127.4356 45.8908 6.052e-25 2.647e-24 4.089e-23 0.0 91.73 0.0
S092429 127.4229 45.8962 1.5790000000000001e-25 7.6190000000000005e-25 1.478e-23 0.0 91.47 0.0
S092430 127.4313 45.906 7.224e-21 1.2620000000000001e-20 2.8460000000000005e-20 0.0 91.4 0.0
S092431 127.418 45.9528 7.369e-19 9.578e-19 1.177e-18 0.0 91.18 0.0
S092432 127.406 45.945 9.158e-17 1.129e-16 1.297e-16 0.0 90.94 0.0
S092433 127.4861 45.8537 6.029e-21 1.168e-20 3.2260000000000004e-20 0.0 91.97 0.0
S092434 127.4064 45.9494 3.182e-19 4.226e-19 5.765e-19 0.0 91.12 0.0
S092435 127.4246 45.8999 1.8680000000000003e-20 3.1240000000000003e-20 6.705000000000001e-20 0.0 91.18 0.0
S092436 127.457 45.877 8.980000000000001e-20 1.363e-19 2.296e-19 0.0 92.19 0.0
S092437 127.4141 45.9019 3.561e-24 1.196e-23 1.0479999999999999e-22 0.0 91.16 0.0
S092438 127.4105 45.8649 1.151e-22 2.79e-22 1.239e-21 0.0 92.16 0.0
S092439 127.4228 45.9079 2.872e-21 5.5700000000000004e-21 1.545e-20 0.0 91.08 0.0
S092440 127.458 45.9459 2.495e-19 3.266e-19 4.202e-19 0.0 90.94 0.0
S092441 127.4469 45.8718 3.628e-17 3.193e-17 1.765e-17 0.0 92.16 0.0
S092442 127.4491 45.8836 2.337e-23 6.105999999999999e-23 3.2929999999999996e-22 0.0 91.99 0.0
S092443 127.4956 45.8917 5.407e-13 3.745e-13 1.301e-13 0.0 91.9 0.0
S092444 127.3951 45.924 1.433e-25 7.233000000000001e-25 1.508e-23 0.0 91.11 0.0
S092445 127.4356 45.8911 6.476e-19 7.424e-19 7.191e-19 0.001 91.62 0.0
S092446 127.4603 45.8543 2.286e-16 1.759e-16 7.706e-17 0.0 92.2 0.0
S092447 127.4143 45.8929 1.689e-16 1.689e-16 1.257e-16 0.0 91.42 0.0
S092448 127.4259 45.9077 1.319e-18 1.47e-18 1.305e-18 0.0 91.28 0.0
S092449 127.4414 45.9225 5.677999999999999e-22 1.274e-21 4.882e-21 0.0 91.02 0.0
S092450 127.4008 45.9158 1.001e-21 2.1550000000000002e-21 7.569e-21 0.0 91.3 0.0
S092451 127.3811 45.9118 8.534e-19 1.036e-18 1.142e-18 0.0 91.07 0.0
S092452 127.415 45.9466 1.058e-18 1.135e-18 9.258e-19 0.0 90.96 0.0
S092453 127.471 45.887 6.496e-19 7.859e-19 8.568e-19 0.0 92.24 0.0
S092454 127.4425 45.9025 1.677e-20 2.9430000000000004e-20 6.765000000000001e-20 0.0 91.48 0.0
S092455 127.4668 45.8816 1.326e-23 4.339e-23 3.5869999999999994e-22 0.0 91.81 0.0
S092456 127.436 45.8511 5.814e-17 4.805e-17 2.432e-17 0.0 91.97 0.0
S092457 127.4157 45.8704 2.6239999999999996e-22 7.112e-22 4.049e-21 0.0 91.89 0.0
S092458 127.4703 45.8662 3.823e-16 3.129e-16 1.5e-16 0.0 92.24 0.0
S092459 127.3928 45.8855 3.014e-22 7.637999999999999e-22 3.671e-21 0.0 91.4 0.0
S092460 127.3875 45.8749 1.371e-17 1.31e-17 8.413e-18 0.001 91.85 0.0
S092461 127.4554 45.8829 5.075e-24 1.726e-23 1.5579999999999999e-22 0.0 91.98 0.0
S092462 127.4073 45.8929 1.024e-16 1.013e-16 7.24e-17 0.0 91.1 0.0
S092463 127.4026 45.9091 2.314e-16 2.438e-16 1.965e-16 0.0 91.19 0.0
S092464 127.4411 45.8667 6.914e-21 1.292e-20 3.291e-20 0.0 92.2 0.0
S092465 127.4689 45.8649 2.096e-18 2.355e-18 2.169e-18 0.0 92.24 0.0
S092466 127.4564 45.8828 9.143e-18 9.186e-18 6.596e-18 0.0 92.02 0.0
S092467 127.4099 45.8833 7.403e-24 2.247e-23 1.648e-22 0.0 91.58 0.0
S092468 127.4284 45.8569 1.011e-18 1.286e-18 1.516e-18 0.0 92.19 0.0
S092469 127.4508 45.8759 1.651e-17 1.586e-17 1.062e-17 0.0 91.9 0.0
S092470 127.4024 45.8757 1.272e-21 2.661e-21 8.7e-21 0.0 91.99 0.0
S092471 127.4115 45.9071 3.278e-16 3.414e-16 2.679e-16 0.0 91.1 0.0
S092472 127.4569 45.8725 3.142e-19 4.185e-19 5.4e-19 0.0 92.16 0.0
S092473 127.4619 45.9251 1.083e-21 2.35e-21 8.608e-21 0.0 91.08 0.0
S092474 127.4536 45.8912 9.348e-19 1.098e-18 1.112e-18 0.0 92.04 0.0
S092475 127.4077 45.9304 1.466e-16 1.649e-16 1.485e-16 0.0 91.04 0.0
S092476 127.4492 45.8862 1.221e-22 2.968e-22 1.361e-21 0.0 92.08 0.0
S092477 127.3905 45.9034 7.765e-13 6.11e-13 2.741e-13 0.0 91.08 1.0
S092478 127.4559 45.932 2.876e-18 3.081e-18 2.551e-18 0.0 90.98 0.0
S092479 127.4337 45.887 1.676e-17 1.542e-17 9.13e-18 0.0 91.69 0.0
S092480 127.4137 45.888 1.259e-16 1.331e-16 1.076e-16 0.0 91.56 0.0
S092481 127.4458 45.9037 2.6679999999999998e-24 1.006e-23 1.091e-22 0.0 91.48 0.0
S092482 127.4658 45.891 1.301e-17 1.283e-17 9.235e-18 0.0 92.08 0.0
S092483 127.4489 45.9062 3.8949999999999997e-23 1.1419999999999999e-22 7.739999999999999e-22 0.0 91.42 0.0
S092484 127.4266 45.9055 4.279e-20 6.682e-20 1.189e-19 0.0 91.37 0.0
S092485 127.4878 45.8592 5.616e-19 6.769e-19 7.29e-19 0.0 92.2 0.0
S092486 127.4278 45.8869 6.079e-24 1.909e-23 1.478e-22 0.0 91.7 0.0
S092487 127.4255 45.9163 9.097e-18 8.973e-18 6.276e-18 0.0 91.21 0.0
S092488 127.4106 45.8705 3.5729999999999995e-22 7.789999999999999e-22 2.914e-21 0.0 92.22 0.0
S092489 127.4362 45.8899 3.5250000000000004e-21 2.4340000000000002e-21 8.214999999999999e-22 0.0 91.66 0.0
S092490 127.422 45.9154 2.994e-21 2.068e-21 7.266999999999999e-22 0.0 91.06 0.0
S092491 127.4581 45.8906 2.753e-17 2.38e-17 1.358e-17 0.0 92.19 0.0
S092492 127.4211 45.8779 1.219e-16 1.35e-16 1.182e-16 0.0 91.97 0.0
S092493 127.4239 45.8694 4.167e-19 5.447e-19 6.722e-19 0.0 91.9 0.0
S092494 127.4499 45.898 2.778e-15 1.816e-15 5.707e-16 0.0 91.39 0.0
S092495 127.4685 45.882 1.459e-12 1.176e-12 5.612e-13 0.0 92.01 1.0
S092496 127.4072 45.915 2.323e-18 2.487e-18 2.086e-18 0.0 91.06 0.0
S092497 127.4585 45.8977 1.95e-17 1.868e-17 1.192e-17 0.0 92.1 0.0
S092498 127.3886 45.9144 3.6119999999999996e-22 8.653999999999999e-22 3.717e-21 0.0 91.03 0.0
S092499 127.4218 45.89 1.795e-19 2.501e-19 3.579e-19 0.0 91.18 0.0
S092500 127.4115 45.8717 3.735e-17 3.431e-17 2.127e-17 0.0 92.02 0.0
S092501 127.3958 45.9217 7.617e-17 6.357e-17 3.157e-17 0.0 91.12 0.0
S092502 127.397 45.8612 1.437e-22 3.459e-22 1.571e-21 0.0 92.23 0.0
S092503 127.467 45.8935 6.628999999999999e-22 1.462e-21 5.604e-21 0.0 92.2 0.0
S092504 127.3687 45.9038 7.452e-20 1.092e-19 1.731e-19 0.0 90.96 0.0
S092505 127.42 45.9081 8.465e-18 8.435e-18 6.036e-18 0.0 91.36 0.0
S092506 127.4278 45.8926 4.323e-13 2.946e-13 1.002e-13 0.0 91.49 0.0
S092507 127.3924 45.8659 1.173e-17 1.139e-17 7.645e-18 0.0 92.05 0.0
S092508 127.4541 45.8618 1.926e-17 1.725e-17 9.954e-18 0.0 92.24 0.0
S092509 127.4286 45.893 2.8380000000000002e-21 1.959e-21 7.076999999999999e-22 0.0 91.33 0.0
S092510 127.4102 45.876 2.985e-21 2.056e-21 7.161999999999999e-22 0.0 91.76 0.0
S092511 127.4125 45.8701 5.613e-20 8.476e-20 1.473e-19 0.0 92.2 0.0
S092512 127.4412 45.8848 5.2010000000000004e-20 8.701e-20 1.767e-19 0.0 91.86 0.0
S092513 127.4584 45.8902 2.468e-16 1.859e-16 7.542e-17 0.0 91.74 0.0
S092514 127.4452 45.8574 2.8500000000000002e-21 5.765e-21 1.739e-20 0.0 92.21 0.0
S092515 127.4372 45.9156 2.766e-25 1.309e-24 2.2949999999999998e-23 0.0 91.24 0.0
S092516 127.4376 45.8661 1.095e-19 1.565e-19 2.296e-19 0.0 92.05 0.0
S092517 127.4121 45.8775 2.277e-20 3.7350000000000006e-20 7.716e-20 0.0 91.74 0.0
S092518 127.4592 45.8761 6.782e-17 5.768e-17 2.999e-17 0.0 92.22 0.0
S092519 127.4682 45.866 3.693e-20 5.964e-20 1.151e-19 0.0 92.25 0.0
S092520 127.4651 45.8971 5.332e-23 1.3749999999999998e-22 6.979e-22 0.0 91.9 0.0
S092521 127.4478 45.8625 4.109e-21 2.8e-21 9.174e-22 0.0 92.18 0.0
S092522 127.3873 45.9056 7.452e-17 9.036e-17 9.492e-17 0.0 91.07 0.0
S092523 127.3896 45.9056 5.706e-21 1.068e-20 2.8340000000000003e-20 0.0 91.09 0.0
S092524 127.4697 45.8701 4.5519999999999996e-24 1.618e-23 1.6619999999999999e-22 0.0 92.09 0.0
S092525 127.4157 45.8777 2.611e-19 3.287e-19 3.865e-19 0.0 91.8 0.0
S092526 127.4535 45.9126 4.827e-17 4.761e-17 3.357e-17 0.0 91.28 0.0
S092527 127.4487 45.9044 4.724e-21 9.053e-21 2.584e-20 0.0 91.43 0.0
S092528 127.4084 45.9065 4.754e-21 8.944e-21 2.5140000000000002e-20 0.0 91.23 0.0
S092529 127.4235 45.8908 2.165e-21 4.477e-21 1.4440000000000002e-20 0.0 91.52 0.0
S092530 127.3802 45.9128 2.105e-17 1.949e-17 1.188e-17 0.0 91.04 0.0
S092531 127.4127 45.9101 3.4e-25 1.545e-24 2.5439999999999998e-23 0.0 91.25 0.0
S092532 127.4444 45.9134 8.216e-29 1.015e-27 1.396e-25 0.0 91.23 0.0
S092533 127.4193 45.908 8.5e-18 8.047e-18 5.385e-18 0.0 91.07 0.0
S092534 127.3513 45.8745 9.919e-19 1.153e-18 1.135e-18 0.0 91.32 0.0
S092535 127.4203 45.9149 1.631e-16 1.313e-16 6.106e-17 0.0 91.22 0.0
S092536 127.4655 45.8868 1.603e-17 1.495e-17 9.4e-18 0.0 92.18 0.0
S092537 127.4477 45.911 3.051e-19 4.005e-19 5.115e-19 0.0 91.25 0.0
S092538 127.3957 45.8904 1.639e-23 4.874e-23 3.3349999999999995e-22 0.0 91.36 0.0
S092539 127.4455 45.8874 4.506e-19 5.648e-19 6.337e-19 0.0 91.83 0.0
S092540 127.4256 45.8824 8.927e-28 8.357e-27 6.152e-25 0.0 91.76 0.0
S092541 127.3997 45.8893 8.198e-19 9.95e-19 1.079e-18 0.0 91.07 0.0
S092542 127.4534 45.908 9.769e-18 9.495e-18 6.351e-18 0.0 91.47 0.0
S092543 127.4196 45.8937 3.856e-17 3.313e-17 1.797e-17 0.0 91.18 0.0
S092544 127.4026 45.8913 2.592e-22 6.730999999999999e-22 3.562e-21 0.0 91.19 0.0
S092545 127.4276 45.8888 1.106e-16 1.185e-16 9.953e-17 0.0 91.62 0.0
S092546 127.4635 45.8973 2.003e-17 1.736e-17 9.924e-18 0.0 91.72 0.0
S092547 127.4229 45.8981 4.373e-17 6.204e-17 8.952e-17 0.0 91.29 0.0
S092548 127.4297 45.8706 9.051e-18 8.784e-18 6.069e-18 0.0 92.18 0.0
S092549 127.4506 45.854 2.884e-20 4.341e-20 7.402000000000001e-20 0.0 92.18 0.0
S092550 127.3858 45.8706 6.985e-23 1.8949999999999998e-22 1.086e-21 0.0 91.7 0.0
S092551 127.3937 45.8883 6.626e-19 7.894e-19 8.019e-19 0.0 91.4 0.0
S092552 127.462 45.8798 2.629e-21 5.037e-21 1.4e-20 0.0 92.09 0.0
S092553 127.4325 45.8661 2.885e-18 3.117e-18 2.694e-18 0.0 92.05 0.0
S092554 127.3854 45.891 4.452e-16 3.942e-16 2.291e-16 0.0 91.06 0.0
S092555 127.4332 45.892 4.2329999999999994e-22 9.324e-22 3.599e-21 0.0 91.6 0.0
S092556 127.4645 45.9013 5.572e-16 4.295e-16 1.869e-16 0.0 91.62 1.0
S092557 127.39 45.8947 4.26e-19 5.438e-19 6.219e-19 0.0 91.09 0.0
S092558 127.4153 45.8912 2.745e-16 2.179e-16 1.03e-16 0.0 91.48 0.0
S092559 127.4473 45.9077 1.055e-19 1.487e-19 2.178e-19 0.0 91.43 0.0
S092560 127.4772 45.8936 2.0109999999999999e-22 5.173999999999999e-22 2.774e-21 0.0 92.12 0.0
S092561 127.439 45.8901 6.31e-20 9.366000000000001e-20 1.511e-19 0.0 91.69 0.0
S092562 127.4171 45.933 2.9750000000000002e-21 2.061e-21 7.298999999999999e-22 0.0 90.98 0.0
S092563 127.3843 45.8796 8.081e-20 1.214e-19 2.103e-19 0.0 91.24 0.0
S092564 127.3782 45.9112 2.374e-17 2.084e-17 1.146e-17 0.0 91.16 0.0
S092565 127.4251 45.9493 1.272e-19 1.888e-19 3.089e-19 0.0 91.16 0.0
S092566 127.4168 45.8932 7.626e-19 9.094e-19 9.584e-19 0.0 91.34 0.0
S092567 127.4739 45.9119 1.869e-21 3.808e-21 1.2030000000000002e-20 0.0 91.44 0.0
S092568 127.4258 45.9012 1.575e-18 1.782e-18 1.573e-18 0.0 91.3 0.0
S092569 127.4107 45.9026 1.362e-18 1.558e-18 1.502e-18 0.0 91.11 0.0
S092570 127.4433 45.8639 4.266e-23 1.08e-22 5.51e-22 0.0 92.22 0.0
S092571 127.4277 45.9461 1.378e-23 4.088e-23 2.9719999999999995e-22 0.0 90.96 0.0
S092572 127.4262 45.8746 2.174e-17 1.988e-17 1.214e-17 0.0 92.08 0.0
S092573 127.4161 45.8958 4.357e-16 3.295e-16 1.388e-16 0.0 91.35 1.0
S092574 127.4112 45.8659 4.991e-21 9.199e-21 2.402e-20 0.0 92.0 0.0
S092575 127.4169 45.9235 1.3e-18 1.495e-18 1.462e-18 0.0 91.06 0.0
S092576 127.4297 45.9067 9.375e-19 1.041e-18 9.217e-19 0.0 91.15 0.0
S092577 127.4053 45.9002 9.574e-21 1.7160000000000003e-20 4.1990000000000005e-20 0.001 91.09 0.0
S092578 127.4235 45.9272 4.035e-18 4.21e-18 3.356e-18 0.0 91.0 0.0
S092579 127.4522 45.8914 2.776e-18 3.208e-18 3.039e-18 0.0 91.77 0.0
S092580 127.4678 45.8961 5.425000000000001e-20 8.026000000000001e-20 1.278e-19 0.0 91.72 0.0
S092581 127.435 45.8687 3.461e-21 2.335e-21 7.7929999999999995e-22 0.0 92.16 0.0
S092582 127.4251 45.899 6.5920000000000005e-28 6.404e-27 5.168e-25 0.0 91.23 0.0
S092583 127.3858 45.8947 5.1050000000000004e-20 7.955e-20 1.442e-19 0.001 91.19 0.0
S092584 127.4412 45.9104 3.154e-21 2.164e-21 7.557e-22 0.0 91.24 0.0
S092585 127.4238 45.9158 1.664e-16 1.307e-16 5.9e-17 0.0 91.13 1.0
S092586 127.4303 45.8736 1.049e-20 1.839e-20 4.134e-20 0.0 91.87 0.0
S092587 127.4357 45.9125 9.193e-24 2.882e-23 2.233e-22 0.0 91.06 0.0
S092588 127.4424 45.903 3.443e-19 4.406e-19 5.436e-19 0.0 91.4 0.0
S092589 127.438 45.8825 7.444e-17 9.435e-17 1.105e-16 0.0 91.85 0.0
S092590 127.4145 45.9066 1.695e-23 4.758e-23 3.028e-22 0.0 91.08 0.0
S092591 127.4261 45.8631 5.561000000000001e-20 8.234000000000001e-20 1.345e-19 0.0 92.21 0.0
S092592 127.3718 45.9043 1.373e-22 3.5889999999999996e-22 1.9050000000000002e-21 0.0 91.0 0.0
S092593 127.4092 45.8848 1.636e-16 1.269e-16 5.433e-17 0.0 91.59 0.0
S092594 127.3965 45.8933 4.364e-19 5.545e-19 6.553e-19 0.0 91.14 0.0
S092595 127.4811 45.8844 1.1159999999999999e-22 2.835e-22 1.405e-21 0.0 91.99 0.0
S092596 127.4454 45.9129 6.03e-19 7.195e-19 7.312e-19 0.0 91.29 0.0
S092597 127.4486 45.8866 8.081e-21 1.553e-20 4.4350000000000004e-20 0.0 92.08 0.0
S092598 127.4216 45.922 2.724e-19 3.437e-19 4.002e-19 0.0 91.11 0.0
S092599 127.4336 45.862 1.069e-12 8.378e-13 3.727e-13 0.0 92.0 1.0
S092600 127.4471 45.9113 1.312e-17 1.25e-17 7.914e-18 0.0 91.08 0.0
S092601 127.4461 45.8873 5.217999999999999e-22 1.233e-21 5.516e-21 0.0 91.77 0.0
S092602 127.4861 45.8744 2.253e-16 1.815e-16 8.566e-17 0.0 92.06 0.0
S092603 127.4274 45.903 8.276e-21 1.4170000000000002e-20 3.176e-20 0.0 91.27 0.0
S092604 127.4484 45.8906 4.777e-23 1.4119999999999998e-22 9.669999999999999e-22 0.0 91.81 1.0
S092605 127.3963 45.8985 2.3750000000000002e-21 4.564e-21 1.3240000000000001e-20 0.0 91.24 0.0
S092606 127.4465 45.9285 3.4300000000000004e-21 2.3690000000000002e-21 8.020999999999999e-22 0.0 91.07 0.0
S092607 127.4201 45.8841 2.567e-21 1.803e-21 6.599999999999999e-22 0.0 91.89 0.0
S092608 127.3729 45.9073 1.045e-21 2.272e-21 8.17e-21 0.0 90.99 0.0
S092609 127.4423 45.9175 3.93e-18 4.027e-18 3.173e-18 0.0 91.02 0.0
S092610 127.422 45.934 3.2370000000000002e-21 2.257e-21 7.854e-22 0.0 90.99 0.0
S092611 127.4537 45.8815 8.187e-18 7.961e-18 5.218e-18 0.0 91.91 0.0
S092612 127.434 45.9214 1.7619999999999998e-23 5.948e-23 5.225e-22 0.0 91.16 0.0
S092613 127.476 45.8677 2.309e-17 2.082e-17 1.223e-17 0.0 92.21 0.0
S092614 127.4571 45.887 1.167e-21 2.3510000000000002e-21 7.454000000000001e-21 0.0 91.98 0.0
S092615 127.4547 45.8579 7.652e-17 8.074e-17 6.726e-17 0.0 92.1 0.0
S092616 127.4033 45.8789 1.679e-16 1.767e-16 1.389e-16 0.0 91.71 0.0
S092617 127.469 45.8596 2.285e-16 1.795e-16 7.841e-17 0.0 92.27 1.0
S092618 127.4159 45.9154 8.757e-19 9.873e-19 9.176e-19 0.0 91.13 0.0
S092619 127.4358 45.892 1.4860000000000002e-20 2.564e-20 5.793e-20 0.0 91.62 0.0
S092620 127.4266 45.8952 6.676e-17 5.401e-17 2.564e-17 0.0 91.43 0.0
S092621 127.4416 45.8596 3.249e-18 3.527e-18 3.013e-18 0.0 92.11 0.0
S092622 127.4314 45.8898 8.168e-16 6.098e-16 2.455e-16 0.0 92.96 0.0
S092623 127.4314 45.8897 1.367e-16 1.53e-16 1.39e-16 0.0 93.13 0.0
S092624 127.4312 45.8898 6.801e-17 5.803e-17 2.955e-17 0.0 92.1 0.0
S092625 127.4314 45.8899 8.71e-17 7.119e-17 3.365e-17 0.0 92.58 0.0
S092626 127.4244 45.8963 1.918e-17 1.789e-17 1.081e-17 0.0 91.33 0.0
S092627 127.4385 45.8825 3.178e-16 2.543e-16 1.147e-16 0.0 91.95 1.0
S092628 127.4189 45.899 2.523e-18 2.608e-18 1.985e-18 0.001 91.25 0.0
S092629 127.4223 45.9018 6.056e-17 5.046e-17 2.535e-17 0.0 91.2 0.0
S092630 127.4201 45.9026 1.432e-16 1.166e-16 5.672e-17 0.0 91.17 0.0
S092631 127.4204 45.9061 2.74e-16 2.505e-16 1.5e-16 0.001 91.13 0.0
S092632 127.4423 45.8736 1.397e-15 9.812e-16 3.518e-16 0.0 92.15 0.0
S092633 127.4447 45.8727 7.03e-17 8.773e-17 1.032e-16 0.0 92.18 0.0
S092634 127.4434 45.8705 2.508e-16 1.998e-16 9.056e-17 0.0 92.19 1.0
S092635 127.4436 45.8685 3.593e-17 3.364e-17 2.072e-17 0.0 92.19 0.0
S092636 127.4459 45.8665 2.738e-16 2.119e-16 9.453e-17 0.0 92.21 1.0
S092637 127.4438 45.8671 6.595e-17 5.314e-17 2.44e-17 0.0 92.21 0.0
S092638 127.4458 45.8647 4.327e-18 4.572e-18 3.688e-18 0.0 92.22 0.0
S092639 127.4178 45.9159 1.967e-17 1.822e-17 1.131e-17 0.0 91.04 0.0
S092640 127.4155 45.9174 8.239e-17 6.998e-17 3.512e-17 0.0 91.04 0.0
S092641 127.4186 45.9189 8.454e-16 6.066e-16 2.318e-16 0.0 91.06 0.0
S092642 127.442 45.8631 5.775e-19 7.02e-19 7.538e-19 0.0 92.19 0.0
S092643 127.4188 45.9183 2.007e-18 2.258e-18 2.066e-18 0.0 91.1 0.0
S092644 127.4192 45.9177 1.153e-16 9.198e-17 4.251e-17 0.0 91.11 0.0
S092645 127.4404 45.8618 3.173e-16 2.516e-16 1.111e-16 0.0 92.12 1.0
S092646 127.4404 45.8653 4.229e-16 3.05e-16 1.186e-16 0.0 92.08 0.0
S092647 127.425 45.9151 1.953e-17 1.736e-17 9.999e-18 0.0 91.21 0.0
S092648 127.4277 45.913 5.001e-22 1.141e-21 4.538e-21 0.0 91.28 0.0
S092649 127.4342 45.8682 3.897e-15 2.633e-15 8.9e-16 0.0 91.97 0.0
S092650 127.4311 45.8704 5.24e-16 4.013e-16 1.77e-16 0.0 91.91 1.0
S092651 127.4301 45.8724 2.678e-13 3.416e-13 3.981e-13 0.0 91.87 0.0
S092652 127.4385 45.9071 5.512e-21 1.092e-20 3.1990000000000004e-20 0.0 91.44 0.0
S092653 127.4384 45.9023 8.281e-15 5.603e-15 1.828e-15 0.0 91.51 0.0
S092654 127.4385 45.8974 7.259e-16 5.308e-16 2.153e-16 0.0 91.56 0.0
S092655 127.4196 45.8856 4.71e-17 4.331e-17 2.619e-17 0.0 91.63 0.0
S092656 127.4157 45.8895 8.709e-15 5.641e-15 1.781e-15 0.0 91.57 0.0
S092657 127.4123 45.8921 1.788e-18 2.809e-18 5.057e-18 0.001 91.53 0.0
S092658 127.4522 45.8853 7.156e-16 5.261e-16 2.092e-16 0.0 91.76 0.0
S092659 127.4491 45.8787 6.272e-16 4.63e-16 1.796e-16 0.0 91.84 0.0
S092660 127.4049 45.9048 4.741e-16 3.658e-16 1.503e-16 0.0 91.36 1.0
S092661 127.4553 45.8696 3.592e-18 3.865e-18 3.218e-18 0.0 91.95 0.0
S092662 127.4026 45.9115 2.435e-15 1.671e-15 5.874e-16 0.0 91.28 0.0
S092663 127.4003 45.9184 1.976e-17 1.772e-17 1.07e-17 0.0 91.21 0.0
S092664 127.4673 45.8559 2.768e-13 1.938e-13 6.737e-14 0.0 92.1 0.0
S092665 127.4647 45.8567 1.754e-18 1.858e-18 1.512e-18 0.0 92.13 0.0
S092666 127.3934 45.9333 2.213e-17 2.075e-17 1.289e-17 0.0 91.07 0.0
S092667 127.4702 45.847 2.314e-16 1.814e-16 8.263e-17 0.0 92.21 1.0
S092668 127.3915 45.9389 5.191e-16 4.001e-16 1.735e-16 0.0 91.02 1.0
S092669 127.4705 45.839 1.416e-12 1.124e-12 4.937e-13 0.0 92.29 1.0
S092670 127.4739 45.8326 3.489e-18 9.099e-18 4.751e-17 0.0 92.3 0.0
S092671 127.3897 45.9451 4.872e-17 4.047e-17 2.006e-17 0.0 90.95 0.0
S092672 127.3878 45.9525 3.728e-16 2.707e-16 1.046e-16 0.0 90.94 0.0
S092673 127.3907 45.9512 6.675e-17 5.784e-17 3.217e-17 0.0 90.96 0.0
S092674 127.3918 45.9518 1.616e-17 1.474e-17 8.969e-18 0.0 90.95 0.0
S092675 127.3945 45.9561 5.908e-16 4.519e-16 1.885e-16 0.0 90.94 1.0
S092676 127.3904 45.9604 1.082e-15 7.711e-16 2.901e-16 0.0 90.94 0.0
S092677 127.4651 45.8286 2.967e-16 2.212e-16 8.741e-17 0.0 92.29 0.0
S092678 127.4612 45.8265 3.337e-16 2.466e-16 9.879e-17 0.0 92.27 0.0
S092679 127.4018 45.9557 1.147e-15 8.092e-16 2.915e-16 0.0 90.99 0.0
S092680 127.4591 45.8267 5.207e-17 5.308e-17 4.053e-17 0.0 92.21 0.0
S092681 127.4063 45.9551 3.294e-17 2.957e-17 1.715e-17 0.0 91.07 0.0
S092682 127.4532 45.8313 2.141e-15 1.564e-15 5.874e-16 0.0 92.17 0.0
S092683 127.4127 45.9456 6.109e-15 4.129e-15 1.369e-15 0.0 91.15 0.0
S092684 127.4454 45.8381 1.532e-16 1.748e-16 1.624e-16 0.0 92.1 0.0
S092685 127.4246 45.9433 4.157e-16 3.25e-16 1.513e-16 0.0 91.2 0.0
S092686 127.424 45.9327 1.155e-17 1.091e-17 6.674e-18 0.0 91.26 0.0
S092687 127.4313 45.8507 6.666e-15 4.57e-15 1.54e-15 0.0 91.93 0.0
S092688 127.4274 45.8575 5.403e-17 4.727e-17 2.528e-17 0.0 91.88 0.0
S092689 127.4412 45.9212 1.67e-12 1.241e-12 5.037e-13 0.0 91.44 0.0
S092690 127.4429 45.9122 1.071e-12 7.492e-13 2.703e-13 0.0 91.49 0.0
S092691 127.4114 45.8724 2.737e-13 1.871e-13 6.416e-14 0.0 91.71 0.0
S092692 127.406 45.8802 3.508e-15 2.446e-15 8.476e-16 0.0 91.63 0.0
S092693 127.4603 45.8927 1.677e-12 1.487e-12 8.293e-13 0.0 91.69 1.0
S092694 127.3985 45.8919 3.039e-15 2.145e-15 7.92e-16 0.0 91.54 0.0
S092695 127.3925 45.9009 9.543e-16 7.107e-16 2.734e-16 0.0 91.48 0.0
S092696 127.4726 45.8692 5.449e-16 4.036e-16 1.637e-16 0.0 91.86 0.0
S092697 127.4759 45.8625 1.766e-16 1.656e-16 1.002e-16 0.0 91.89 0.0
S092698 127.4833 45.8491 1.669e-15 1.22e-15 4.636e-16 0.0 92.01 0.0
S092699 127.4885 45.8422 9.336e-19 1.106e-18 1.123e-18 0.0 92.05 0.0
S092700 127.4893 45.8353 1.101e-15 8.202e-16 3.211e-16 0.0 92.1 0.0
S092701 127.4916 45.8312 2.86e-19 3.921e-19 5.354e-19 0.0 92.12 0.0
S092702 127.5019 45.8167 7.646e-16 5.874e-16 2.446e-16 0.0 92.17 1.0
S092703 127.3649 45.9653 1.728e-17 1.902e-17 1.682e-17 0.0 91.05 0.0
S092704 127.5004 45.8128 3.117e-16 2.309e-16 9.517e-17 0.0 92.24 0.0
S092705 127.3648 45.9725 1.652e-15 1.162e-15 4.121e-16 0.0 91.0 0.0
S092706 127.36 45.9826 6.318e-16 4.758e-16 2.016e-16 0.0 90.96 0.0
S092707 127.3607 45.9857 9.025e-16 7.091e-16 3.083e-16 0.0 90.93 0.0
S092708 127.3642 45.9862 3.687e-18 4.01e-18 3.319e-18 0.0 90.94 0.0
S092709 127.3628 45.9928 8.198e-16 6.006e-16 2.36e-16 0.0 90.91 0.0
S092710 127.5084 45.7771 1.522e-18 1.741e-18 1.678e-18 0.0 92.35 0.0
S092711 127.4959 45.7865 6.061e-19 7.786e-19 9.534e-19 0.0 92.37 0.0
S092712 127.3643 46.0 6.894e-13 4.879e-13 1.789e-13 0.0 90.92 0.0
S092713 127.4949 45.7787 3.102e-16 3.116e-16 2.23e-16 0.0 92.33 0.0
S092714 127.3722 45.9985 1.417e-15 1.012e-15 3.708e-16 0.0 90.93 0.0
S092715 127.4874 45.7784 1.389e-16 1.111e-16 5.399e-17 0.0 92.31 0.0
S092716 127.4759 45.7886 1.285e-14 8.888e-15 3.041e-15 0.0 92.28 0.0
S092717 127.4764 45.7905 9.275e-18 8.366e-18 4.993e-18 0.0 92.25 0.0
S092718 127.4642 45.7934 1.685e-15 1.218e-15 4.73e-16 0.0 92.19 0.0
S092719 127.4018 45.9796 2.056e-21 4.526e-21 1.595e-20 0.0 91.05 0.0
S092720 127.4052 45.98 1.4340000000000002e-20 2.5070000000000002e-20 5.593e-20 0.0 91.13 0.0
S092721 127.451 45.804 3.482e-14 2.25e-14 6.821e-15 0.0 92.1 0.0
S092722 127.4209 45.9658 3.346e-16 2.602e-16 1.142e-16 0.0 91.21 1.0
S092723 127.4381 45.8231 2.862e-16 2.207e-16 9.329e-17 0.0 91.98 1.0
S092724 127.4309 45.9523 1.074e-15 7.633e-16 2.733e-16 0.0 91.33 0.0
S092725 127.4401 45.9441 1.791e-17 1.673e-17 1.042e-17 0.001 91.38 0.0
S092726 127.418 45.8498 1.597e-12 1.303e-12 6.257e-13 0.0 91.81 1.0
S092727 127.4542 45.9213 8.575e-13 6.117e-13 2.263e-13 0.0 91.5 0.0
S092728 127.4577 45.9122 9.503e-19 1.136e-18 1.174e-18 0.0 91.57 0.0
S092729 127.3954 45.8767 6.627e-15 4.51e-15 1.588e-15 0.0 91.64 0.0
S092730 127.4722 45.8895 8.637e-13 8.895e-13 6.593e-13 0.0 91.7 1.0
S092731 127.3807 45.8985 3.744e-17 3.372e-17 1.989e-17 0.0 91.5 0.0
S092732 127.3799 45.9063 6.694e-18 6.954e-18 5.537e-18 0.0 91.47 0.0
S092733 127.495 45.855 9.951e-16 7.141e-16 2.661e-16 0.0 91.88 0.0
S092734 127.4991 45.8439 5.939e-17 5.189e-17 2.845e-17 0.0 91.95 0.0
S092735 127.5065 45.8367 2.96e-18 3.38e-18 3.248e-18 0.0 91.99 0.0
S092736 127.511 45.8272 7.526e-17 9.689e-17 1.196e-16 0.0 92.03 0.0
S092737 127.5094 45.8196 2.022e-18 2.213e-18 1.894e-18 0.0 92.07 0.0
S092738 127.5204 45.8027 3.652e-17 5.573e-17 9.433e-17 0.0 92.15 0.0
S092739 127.5197 45.7963 6.16e-16 4.779e-16 2.024e-16 0.0 92.18 1.0
S092740 127.5209 45.7914 2.438e-16 1.995e-16 9.397e-17 0.0 92.22 0.0
S092741 127.5257 45.7759 2.872e-16 2.212e-16 9.635e-17 0.0 92.25 1.0
S092742 127.3353 46.014 1.085e-16 1.156e-16 9.762e-17 0.0 90.97 0.0
S092743 127.3354 46.014 3.218e-16 2.534e-16 1.116e-16 0.0 90.96 1.0
S092744 127.3304 46.0294 1.499e-18 1.546e-18 1.199e-18 0.0 90.93 0.0
S092745 127.5291 45.7492 3.536e-18 3.844e-18 3.308e-18 0.0 92.34 0.0
S092746 127.5247 45.7455 1.117e-17 1.042e-17 6.579e-18 0.0 92.37 1.0
S092747 127.5248 45.7461 6.282e-15 4.259e-15 1.402e-15 0.0 92.36 0.0
S092748 127.5109 45.754 1.12e-16 9.028e-17 4.365e-17 0.0 92.37 0.0
S092749 127.3471 46.0388 1.239e-16 1.398e-16 1.289e-16 0.0 90.91 0.0
S092750 127.3461 46.0405 3.784e-15 2.547e-15 8.526e-16 0.0 90.92 0.0
S092751 127.5116 45.7387 4.156e-17 5.651e-17 7.765e-17 0.001 92.33 0.0
S092752 127.502 45.7423 4.553e-16 3.842e-16 2.044e-16 0.0 92.33 0.0
S092753 127.3647 46.0334 1.785e-15 1.289e-15 4.961e-16 0.0 90.95 0.0
S092754 127.3742 46.0219 6.532e-16 4.687e-16 1.693e-16 0.0 91.01 0.0
S092755 127.4836 45.7573 2.649e-16 2.111e-16 9.804e-17 0.0 92.24 0.0
S092756 127.4715 45.7632 1.283e-15 9.433e-16 3.616e-16 0.0 92.18 0.0
S092757 127.4611 45.7762 1.469e-16 1.153e-16 4.966e-17 0.0 92.11 0.0
S092758 127.4588 45.7787 5.248e-15 3.667e-15 1.35e-15 0.0 92.07 0.0
S092759 127.411 45.9954 1.002e-17 1.011e-17 7.455e-18 0.0 91.2 0.0
S092760 127.4231 45.9785 1.813e-15 1.273e-15 4.712e-16 0.0 91.26 0.0
S092761 127.433 45.8102 4.672e-18 5.051e-18 4.147e-18 0.0 91.94 0.0
S092762 127.4188 45.8219 5.211e-17 4.559e-17 2.464e-17 0.0 91.87 0.0
S092763 127.4085 45.8325 1.181e-16 1.02e-16 5.375e-17 0.0 91.81 0.0
S092764 127.4214 45.8974 3.141e-22 7.973e-22 3.891e-21 0.0 91.25 0.0
S092765 127.4388 45.8801 5.51e-17 4.758e-17 2.498e-17 0.0 92.02 0.0
S092766 127.4386 45.8812 6.664e-17 5.626e-17 2.851e-17 0.0 92.02 0.0
S092767 127.4403 45.878 1.75e-16 1.347e-16 5.496e-17 0.0 92.06 1.0
S092768 127.4211 45.9018 9.371e-18 9.114e-18 6.139e-18 0.0 91.18 0.0
S092769 127.4421 45.8759 2.466e-17 3.876e-17 7.308e-17 0.0 92.12 0.0
S092770 127.4194 45.9031 4.6110000000000007e-20 6.798000000000001e-20 1.102e-19 0.0 91.15 0.0
S092771 127.417 45.9072 7.698e-17 7.872e-17 6.055e-17 0.0 91.09 0.0
S092772 127.4188 45.9091 1.246e-16 1.219e-16 8.551e-17 0.0 91.07 0.0
S092773 127.4443 45.8721 3.314e-16 3.312e-16 2.316e-16 0.0 92.18 0.0
S092774 127.4418 45.8723 1.549e-12 1.369e-12 7.599e-13 0.0 92.17 1.0
S092775 127.4468 45.8679 1.191e-16 9.842e-17 4.791e-17 0.0 92.21 0.0
S092776 127.4469 45.8667 1.188e-15 8.44e-16 3.093e-16 0.0 92.22 0.0
S092777 127.4158 45.9131 5.532e-18 5.446e-18 3.671e-18 0.0 91.02 0.0
S092778 127.4129 45.9144 1.759e-17 1.628e-17 1.031e-17 0.0 91.03 0.0
S092779 127.443 45.8657 2.382e-18 2.516e-18 2.024e-18 0.0 92.22 0.0
S092780 127.4437 45.8661 1.2030000000000002e-20 2.139e-20 5.1720000000000005e-20 0.0 92.21 0.0
S092781 127.417 45.9168 4.01e-17 4.084e-17 3.038e-17 0.0 91.05 0.0
S092782 127.4456 45.8645 7.626000000000001e-20 1.068e-19 1.593e-19 0.0 92.18 0.0
S092783 127.4181 45.9168 4.362e-17 5.535e-17 6.511e-17 0.0 91.09 0.0
S092784 127.4259 45.9156 4.327e-20 6.414e-20 1.057e-19 0.0 91.15 0.0
S092785 127.4403 45.8638 7.244e-17 8.862e-17 9.528e-17 0.0 92.13 0.0
S092786 127.4399 45.8648 1.106e-16 8.871e-17 4.091e-17 0.0 92.1 0.0
S092787 127.4412 45.8674 3.321e-15 2.281e-15 7.829e-16 0.0 92.06 0.0
S092788 127.4222 45.9134 1.772e-17 1.672e-17 1.062e-17 0.0 91.2 0.0
S092789 127.4242 45.9104 8.005e-18 8.074e-18 5.968e-18 0.0 91.26 0.0
S092790 127.435 45.8676 2.693e-21 1.914e-21 6.939999999999999e-22 0.0 92.03 0.0
S092791 127.4289 45.8676 1.582e-16 1.315e-16 6.381e-17 0.0 91.96 0.0
S092792 127.4271 45.9081 3.185e-17 2.598e-17 1.265e-17 0.0 91.31 0.0
S092793 127.4313 45.9099 2.292e-16 1.747e-16 7.136e-17 0.0 91.35 1.0
S092794 127.4337 45.9073 9.248e-19 1.032e-18 9.481e-19 0.0 91.41 0.0
S092795 127.4303 45.9029 4.263e-21 2.818e-21 9.026e-22 0.0 91.43 0.0
S092796 127.4251 45.8751 6.545e-16 4.598e-16 1.666e-16 0.0 91.8 0.0
S092797 127.4378 45.901 1.206e-20 2.101e-20 4.7430000000000006e-20 0.001 91.5 0.0
S092798 127.4412 45.8994 2.067e-15 1.461e-15 5.438e-16 0.0 91.55 0.0
S092799 127.4203 45.8835 8.162e-16 5.896e-16 2.202e-16 0.0 91.67 0.0
S092800 127.4163 45.8858 3.9410000000000004e-21 7.441e-21 2.018e-20 0.0 91.62 0.0
S092801 127.4479 45.8921 8.079e-18 7.6e-18 4.724e-18 0.0 91.67 0.0
S092802 127.4189 45.8901 1.601e-17 1.477e-17 9.37e-18 0.0 91.59 0.0
S092803 127.4556 45.8887 2.517e-21 5.282e-21 1.8140000000000002e-20 0.0 91.74 0.0
S092804 127.4557 45.8802 1.353e-17 1.262e-17 8.049e-18 0.0 91.87 0.0
S092805 127.4561 45.8747 8.111e-19 9.28e-19 8.991e-19 0.0 91.89 0.0
S092806 127.451 45.8762 5.998000000000001e-20 8.792e-20 1.416e-19 0.0 91.87 0.0
S092807 127.405 45.9082 3.442e-17 5.078e-17 8.377e-17 0.0 91.32 0.0
S092808 127.4065 45.9104 3.171e-18 3.463e-18 3.063e-18 0.0 91.3 0.0
S092809 127.4596 45.8673 8.816e-17 1.474e-16 3.097e-16 0.0 92.01 0.0
S092810 127.4026 45.9154 8.674e-17 7.005e-17 3.344e-17 0.0 91.2 0.0
S092811 127.3955 45.9182 2.019e-20 3.353e-20 6.947e-20 0.0 91.2 0.0
S092812 127.4652 45.857 2.608e-15 1.841e-15 6.465e-16 0.0 92.12 0.0
S092813 127.4612 45.8521 4.822e-22 1.194e-21 5.675e-21 0.0 92.14 0.0
S092814 127.3906 45.9237 2.542e-16 1.96e-16 8.467e-17 0.0 91.1 1.0
S092815 127.3884 45.9399 1.891e-17 1.764e-17 1.12e-17 0.0 91.04 0.0
S092816 127.4665 45.8507 2.417e-17 3.154e-17 3.985e-17 0.0 92.21 0.0
S092817 127.3957 45.9377 4.362e-16 3.233e-16 1.249e-16 0.0 91.03 0.0
S092818 127.4694 45.8418 2.965e-21 5.295e-21 1.2100000000000001e-20 0.0 92.26 0.0
S092819 127.465 45.8427 9.468e-21 1.763e-20 4.4950000000000006e-20 0.0 92.26 0.0
S092820 127.394 45.9443 2.378e-16 2.123e-16 1.239e-16 0.0 90.96 0.0
S092821 127.3942 45.9516 4.87e-17 4.1e-17 2.143e-17 0.0 90.96 0.0
S092822 127.4734 45.83 1.455e-16 1.166e-16 5.47e-17 0.0 92.28 0.0
S092823 127.3823 45.952 2.702e-21 1.897e-21 6.849999999999999e-22 0.0 90.94 0.0
S092824 127.4798 45.8233 1.914e-21 3.915e-21 1.263e-20 0.0 92.33 0.0
S092825 127.3931 45.9501 1.256e-16 9.839e-17 4.534e-17 0.0 90.93 1.0
S092826 127.4746 45.8217 1.705e-17 1.573e-17 9.765e-18 0.0 92.33 0.0
S092827 127.4678 45.8227 1.123e-21 2.236e-21 6.831e-21 0.0 92.32 0.0
S092828 127.3968 45.9533 1.996e-16 1.588e-16 7.246e-17 0.0 90.96 0.0
S092829 127.3911 45.959 2.148e-17 1.991e-17 1.216e-17 0.0 90.94 0.0
S092830 127.3926 45.9572 6.47e-16 5.222e-16 2.411e-16 0.0 90.97 0.0
S092831 127.3955 45.958 4.38e-18 4.563e-18 3.676e-18 0.0 90.95 0.0
S092832 127.4635 45.8209 2.073e-18 2.332e-18 2.147e-18 0.0 92.25 0.0
S092833 127.3988 45.9561 1.217e-15 8.529e-16 3.198e-16 0.0 91.0 0.0
S092834 127.4063 45.9527 2.126e-24 7.573e-24 7.621e-23 0.0 91.03 0.0
S092835 127.4096 45.9461 3.319e-16 3.153e-16 2.135e-16 0.0 91.09 0.0
S092836 127.4083 45.9455 1.499e-16 1.223e-16 5.806e-17 0.0 91.13 0.0
S092837 127.4114 45.9491 1.602e-16 1.498e-16 9.517e-17 0.0 91.11 0.0
S092838 127.4179 45.9433 6.874999999999999e-27 4.907e-26 2.2e-24 0.0 91.16 0.0
S092839 127.4422 45.8415 4.1359999999999994e-22 9.381e-22 3.615e-21 0.0 92.11 0.0
S092840 127.4391 45.8402 5.931e-18 5.77e-18 3.943e-18 0.0 92.04 0.0
S092841 127.4339 45.8498 2.553e-17 2.265e-17 1.336e-17 0.0 91.98 0.0
S092842 127.4271 45.8455 9.313e-17 7.78e-17 3.952e-17 0.0 91.94 0.0
S092843 127.4343 45.9249 1.279e-21 2.6600000000000002e-21 8.502e-21 0.0 91.36 0.0
S092844 127.425 45.8574 8.468e-16 6.18e-16 2.366e-16 0.0 91.87 0.0
S092845 127.4334 45.914 2.811e-17 2.557e-17 1.523e-17 0.0 91.43 0.0
S092846 127.414 45.8641 2.429e-16 1.807e-16 7.083e-17 0.0 91.77 0.0
S092847 127.4551 45.9136 9.092e-17 1.058e-16 1.006e-16 0.001 91.53 0.0
S092848 127.4106 45.8781 3.505e-17 3.089e-17 1.693e-17 0.0 91.68 0.0
S092849 127.4056 45.8842 5.804e-16 4.318e-16 1.735e-16 0.0 91.6 0.0
S092850 127.4027 45.8907 1.447e-18 1.576e-18 1.397e-18 0.0 91.55 0.0
S092851 127.4598 45.891 1.794e-17 1.658e-17 1.048e-17 0.0 91.68 0.0
S092852 127.4615 45.8863 1.392e-17 1.249e-17 7.226e-18 0.0 91.73 0.0
S092853 127.389 45.9061 9.28e-17 8.057e-17 4.358e-17 0.0 91.45 0.0
S092854 127.3969 45.908 4.858e-17 7.004e-17 1.032e-16 0.0 91.43 0.0
S092855 127.4667 45.8688 2.09e-21 4.2140000000000004e-21 1.292e-20 0.0 91.85 0.0
S092856 127.4846 45.8525 8.289e-16 6.049e-16 2.356e-16 0.0 91.97 0.0
S092857 127.3786 45.9247 1.168e-16 9.422e-17 4.388e-17 0.0 91.3 0.0
S092858 127.3767 45.9298 6.509e-18 6.612e-18 4.915e-18 0.0 91.24 0.0
S092859 127.3771 45.9459 1.76e-17 1.642e-17 9.928e-18 0.0 91.17 0.0
S092860 127.3861 45.9254 1.406e-17 1.292e-17 8.159e-18 0.0 91.28 0.0
S092861 127.3722 45.948 4.266e-17 3.618e-17 1.889e-17 0.0 91.15 0.0
S092862 127.3687 45.9595 1.503e-16 1.624e-16 1.362e-16 0.0 91.09 0.0
S092863 127.3677 45.9589 2.015e-19 2.651e-19 3.472e-19 0.0 91.09 0.0
S092864 127.5027 45.8048 3.19e-18 3.284e-18 2.634e-18 0.0 92.24 0.0
S092865 127.4997 45.8061 1.736e-17 1.746e-17 1.308e-17 0.0 92.23 0.0
S092866 127.377 45.9579 6.592e-23 1.7199999999999998e-22 9.071999999999999e-22 0.0 91.04 0.0
S092867 127.5029 45.7991 1.985e-16 1.812e-16 1.101e-16 0.0 92.28 0.0
S092868 127.369 45.9737 9.519e-18 9.328e-18 6.527e-18 0.0 90.99 0.0
S092869 127.3571 45.9882 3.849e-17 4.352e-17 4.015e-17 0.0 90.93 0.0
S092870 127.4939 45.7963 1.288e-16 1.054e-16 5.151e-17 0.0 92.32 0.0
S092871 127.3679 45.9809 1.221e-21 2.591e-21 8.821000000000001e-21 0.0 90.9 0.0
S092872 127.4898 45.8011 5.003e-17 4.41e-17 2.455e-17 0.0 92.34 0.0
S092873 127.4941 45.7844 2.448e-18 2.622e-18 2.235e-18 0.0 92.35 0.0
S092874 127.4896 45.7938 1.333e-16 1.076e-16 5.106e-17 0.0 92.34 0.0
S092875 127.3672 45.9951 2.253e-20 3.7510000000000004e-20 7.761e-20 0.0 90.91 0.0
S092876 127.5016 45.7683 2.248e-15 1.598e-15 5.792e-16 0.0 92.37 0.0
S092877 127.4934 45.7842 6.576e-17 5.429e-17 2.61e-17 0.0 92.33 0.0
S092878 127.3671 46.0079 8.19e-17 6.917e-17 3.518e-17 0.0 90.93 0.0
S092879 127.4838 45.7849 9.511e-19 1.049e-18 9.371e-19 0.0 92.3 0.0
S092880 127.4836 45.7742 6.446e-19 7.688e-19 7.882e-19 0.0 92.32 0.0
S092881 127.3885 45.9884 2.478e-16 1.977e-16 9.01e-17 0.0 90.96 0.0
S092882 127.4791 45.7856 5.755e-17 4.551e-17 2.092e-17 0.0 92.27 0.0
S092883 127.4678 45.7942 4.927e-17 4.239e-17 2.276e-17 0.0 92.2 0.0
S092884 127.4672 45.7907 1.038e-16 8.284e-17 3.711e-17 0.0 92.21 0.0
S092885 127.3937 45.9878 1.361e-19 1.897e-19 2.711e-19 0.0 91.04 0.0
S092886 127.4035 45.9839 2.818e-17 2.546e-17 1.447e-17 0.0 91.09 0.0
S092887 127.401 45.9754 1.677e-16 1.286e-16 5.616e-17 0.0 91.1 0.0
S092888 127.4139 45.9754 5.098e-17 4.414e-17 2.513e-17 0.0 91.19 0.0
S092889 127.4218 45.9579 3.338e-16 2.488e-16 1.031e-16 0.0 91.24 1.0
S092890 127.4213 45.9628 1.335e-17 1.256e-17 8.155e-18 0.0 91.27 0.0
S092891 127.4368 45.8276 7.384999999999999e-22 1.552e-21 5.004e-21 0.0 91.97 0.0
S092892 127.4341 45.9515 8.035e-16 6.098e-16 2.575e-16 0.0 91.34 1.0
S092893 127.4198 45.8349 8.939e-19 1.029e-18 9.797e-19 0.0 91.89 0.0
S092894 127.4213 45.8499 3.139e-18 3.333e-18 2.689e-18 0.0 91.84 0.0
S092895 127.4506 45.9344 1.663e-16 1.332e-16 6.353e-17 0.0 91.47 0.0
S092896 127.4072 45.8602 6.149e-17 9.728e-17 1.741e-16 0.0 91.75 0.0
S092897 127.4532 45.9114 3.325e-16 2.595e-16 1.142e-16 0.0 91.56 1.0
S092898 127.4718 45.9141 1.439e-17 1.345e-17 8.56e-18 0.0 91.58 0.0
S092899 127.3919 45.8862 1.996e-18 2.173e-18 1.875e-18 0.0 91.58 0.0
S092900 127.469 45.8891 7.446e-19 8.731e-19 8.642e-19 0.0 91.69 0.0
S092901 127.4781 45.8823 1.805e-17 1.587e-17 9.282e-18 0.0 91.75 0.0
S092902 127.489 45.8633 1.017e-16 1.199e-16 1.174e-16 0.0 91.84 0.0
S092903 127.3683 45.9156 1.208e-19 1.744e-19 2.698e-19 0.0 91.41 0.0
S092904 127.3726 45.9145 1.428e-19 2.001e-19 2.928e-19 0.0 91.43 0.0
S092905 127.3581 45.9326 1.168e-16 1.391e-16 1.463e-16 0.0 91.34 0.0
S092906 127.37 45.9241 2.17e-16 1.74e-16 8.186e-17 0.0 91.37 0.0
S092907 127.5014 45.8254 7.044e-17 5.925e-17 2.961e-17 0.0 92.01 0.0
S092908 127.5105 45.8177 6.92e-16 5.239e-16 2.173e-16 0.0 92.07 1.0
S092909 127.3519 45.9555 2.73e-17 2.743e-17 1.925e-17 0.0 91.22 0.0
S092910 127.3539 45.9687 2.363e-16 1.809e-16 7.716e-17 0.0 91.12 1.0
S092911 127.3448 45.9812 1.264e-16 1.014e-16 4.714e-17 0.0 91.09 0.0
S092912 127.3345 45.9924 9.44e-18 9.187e-18 6.209e-18 0.0 91.06 0.0
S092913 127.5095 45.8067 4.8410000000000005e-20 7.388000000000001e-20 1.255e-19 0.0 92.2 0.0
S092914 127.5256 45.7843 3.022e-17 2.639e-17 1.462e-17 0.0 92.23 0.0
S092915 127.332 46.0125 5.977e-24 1.961e-23 1.6679999999999998e-22 0.0 90.96 0.0
S092916 127.5128 45.7844 3.159e-17 5.319e-17 1.093e-16 0.0 92.25 0.0
S092917 127.5309 45.7599 8.481e-18 8.199e-18 5.759e-18 0.0 92.31 0.0
S092918 127.3361 46.021 6.411999999999999e-23 1.6399999999999999e-22 8.483999999999999e-22 0.0 90.92 0.0
S092919 127.3345 46.0311 2.13e-13 1.422e-13 4.7e-14 0.0 90.91 0.0
S092920 127.3351 46.0266 1.163e-16 9.205e-17 4.194e-17 0.0 90.91 0.0
S092921 127.5314 45.7424 3.134e-17 4.015e-17 4.786e-17 0.0 92.35 0.0
S092922 127.3542 46.0194 9.179e-18 8.676e-18 5.659e-18 0.0 90.89 0.0
S092923 127.3354 46.0405 8.741e-17 7.261e-17 3.587e-17 0.0 90.88 0.0
S092924 127.5138 45.7542 4.3460000000000003e-20 7.044000000000001e-20 1.338e-19 0.0 92.37 0.0
S092925 127.5264 45.7407 4.35e-17 3.791e-17 2.124e-17 0.0 92.35 0.0
S092926 127.5128 45.752 2.207e-18 2.427e-18 2.027e-18 0.0 92.35 0.0
S092927 127.5163 45.7305 4.492e-21 8.587e-21 2.3890000000000003e-20 0.0 92.33 0.0
S092928 127.3589 46.0379 1.784e-16 1.38e-16 6.045e-17 0.001 90.95 1.0
S092929 127.5045 45.748 1.57e-17 1.434e-17 8.445e-18 0.0 92.32 0.0
S092930 127.4983 45.7439 5.464e-22 1.218e-21 4.5830000000000004e-21 0.0 92.3 1.0
S092931 127.3625 46.0383 3.667e-17 3.238e-17 1.872e-17 0.0 90.96 0.0
S092932 127.489 45.7521 6.139e-13 4.214e-13 1.401e-13 0.0 92.25 0.0
S092933 127.3724 46.0191 1.8790000000000002e-20 2.9970000000000005e-20 5.713000000000001e-20 0.0 91.04 0.0
S092934 127.3906 46.0061 3.724e-18 3.829e-18 3.034e-18 0.0 91.08 0.0
S092935 127.4608 45.7786 1.169e-16 9.614e-17 4.645e-17 0.0 92.11 0.0
S092936 127.4728 45.7566 3.408e-16 2.667e-16 1.196e-16 0.0 92.13 1.0
S092937 127.4557 45.7808 1.242e-17 1.942e-17 3.522e-17 0.0 92.08 0.0
S092938 127.4124 46.0105 2.8019999999999996e-22 6.699999999999999e-22 2.972e-21 0.0 91.22 1.0
S092939 127.4163 45.9929 9.837e-19 1.111e-18 1.051e-18 0.0 91.23 0.0
S092940 127.4356 45.7913 2.063e-18 2.32e-18 2.13e-18 0.0 92.0 0.0
S092941 127.4351 45.9746 1.504e-18 1.73e-18 1.677e-18 0.0 91.34 0.0
S092942 127.426 45.8217 3.113e-17 2.847e-17 1.697e-17 0.0 91.9 0.0
S092943 127.4166 45.8303 3.821e-18 4.027e-18 3.203e-18 0.0 91.85 0.0
S092944 127.4095 45.8361 8.03e-16 6.154e-16 2.515e-16 0.0 91.79 0.0
S092945 127.4577 45.9326 6.705e-21 1.1780000000000001e-20 2.6280000000000002e-20 0.0 91.47 0.0
S092946 127.3963 45.859 4.003e-17 3.569e-17 2.039e-17 0.0 91.71 0.0
S092947 127.3848 45.853 8.794e-16 6.474e-16 2.578e-16 0.001 91.7 0.0
