Name Equatorial Polar BlueF GreenF RedF Parallax RadialVelocity Variable?
S155367 187.1268 36.0605 1.557e-17 1.348e-17 7.077e-18 0.0 135.98 0.0
S155368 187.0658 36.083 7.249e-13 5.631e-13 2.564e-13 0.0 136.46 1.0
S155369 187.0795 36.0631 9.663000000000001e-20 1.272e-19 1.611e-19 0.0 136.81 0.0
S155370 187.0928 36.0548 5.688e-22 1.328e-21 5.411e-21 0.0 136.33 0.0
S155371 187.0657 36.0576 3.849e-18 3.834e-18 2.713e-18 0.0 135.67 0.0
S155372 187.0813 36.0817 1.5510000000000002e-20 2.4520000000000002e-20 4.666e-20 0.0 136.0 0.0
S155373 187.0979 36.0967 1.407e-23 3.672e-23 2.0099999999999998e-22 0.0 136.31 0.0
S155374 187.0681 36.0753 2.772e-17 2.372e-17 1.28e-17 0.0 136.48 0.0
S155375 187.1022 36.0304 1.357e-17 1.418e-17 1.126e-17 0.0 135.64 0.0
S155376 187.0906 36.0649 2.195e-17 2.049e-17 1.274e-17 0.0 136.24 0.0
S155377 187.1062 36.0379 3.73e-19 4.544e-19 4.926e-19 0.0 136.51 0.0
S155378 187.0861 36.0802 1.081e-16 1.114e-16 8.478e-17 0.0 136.34 0.0
S155379 187.1107 36.0546 2.114e-18 2.082e-18 1.523e-18 0.0 136.85 0.0
S155380 187.1049 36.073 4.5930000000000004e-26 2.572e-25 6.807e-24 0.0 136.16 0.0
S155381 187.0951 36.0702 9.749e-19 1.13e-18 1.094e-18 0.0 136.68 0.0
S155382 187.1023 36.0505 2.24e-18 2.307e-18 1.765e-18 0.0 136.07 0.0
S155383 187.0851 36.0426 1.169e-19 1.62e-19 2.22e-19 0.0 136.73 0.0
S155384 187.0914 36.0418 3.6109999999999996e-22 8.457999999999999e-22 3.502e-21 0.0 136.21 0.0
S155385 187.1041 36.0717 3.709e-24 1.138e-23 8.474e-23 0.0 136.08 0.0
S155386 187.0681 36.0695 7.206000000000001e-26 3.696e-25 8.143e-24 0.0 135.51 0.0
S155387 187.115 36.0715 1.967e-16 1.692e-16 9.106e-17 0.0 136.15 0.0
S155388 187.095 36.0489 1.728e-27 1.347e-26 7.129e-25 0.0 135.91 0.0
S155389 187.0993 36.0749 4.2039999999999995e-22 8.557e-22 2.751e-21 0.0 135.56 0.0
S155390 187.1204 36.074 1.3229999999999999e-23 3.8649999999999995e-23 2.607e-22 0.0 135.48 0.0
S155391 187.1299 36.079 3.586e-22 8.152e-22 3.27e-21 0.0 136.06 0.0
S155392 187.1208 36.0656 3.484e-20 5.2010000000000004e-20 8.897e-20 0.0 136.62 0.0
S155393 187.1154 36.0795 3.587e-17 3.023e-17 1.533e-17 0.0 135.41 0.0
S155394 187.1041 36.0684 1.061e-21 2.176e-21 7.233e-21 0.0 135.68 0.0
S155395 187.0807 36.0662 7.634e-19 9.021e-19 8.931e-19 0.0 135.94 0.0
S155396 187.0717 36.0598 1.7980000000000002e-21 1.254e-21 4.537999999999999e-22 0.0 136.23 0.0
S155397 187.0867 36.0815 2.999e-23 8.043999999999999e-23 4.615e-22 0.0 135.68 0.0
S155398 187.1301 36.0668 1.263e-20 2.181e-20 4.7770000000000007e-20 0.0 135.55 0.0
S155399 187.0758 36.0584 1.144e-25 5.610000000000001e-25 1.147e-23 0.0 136.45 0.0
S155400 187.1289 36.0726 3.295e-18 3.374e-18 2.51e-18 0.0 136.35 0.0
S155401 187.1226 36.0744 2.329e-16 1.761e-16 7.306e-17 0.0 135.77 1.0
S155402 187.0575 36.0591 2.688e-21 5.108e-21 1.428e-20 0.0 136.62 0.0
S155403 187.0742 36.0583 6.45e-17 7.703e-17 7.763e-17 0.0 135.57 0.0
S155404 187.0968 36.0575 6.461e-18 6.277e-18 4.332e-18 0.0 135.92 0.0
S155405 187.1139 36.0702 7.520999999999999e-22 1.613e-21 5.483e-21 0.0 135.85 0.0
S155406 187.0589 36.0713 5.096999999999999e-22 1.044e-21 3.371e-21 0.0 136.45 0.0
S155407 187.1215 36.0537 1.095e-16 1.131e-16 8.668e-17 0.0 135.72 0.0
S155408 187.0833 36.0763 2.212e-21 1.515e-21 5.161999999999999e-22 0.0 136.51 0.0
S155409 187.1152 36.0778 2.906e-27 2.261e-26 1.189e-24 0.0 136.25 0.0
S155410 187.0978 36.0696 2.356e-16 2.077e-16 1.195e-16 0.0 136.41 0.0
S155411 187.0721 36.0609 2.282e-21 1.5530000000000001e-21 5.3e-22 0.0 135.99 0.0
S155412 187.0768 36.0747 8.097e-19 8.88e-19 7.596e-19 0.0 136.33 0.0
S155413 187.1092 36.0592 2.878e-21 1.91e-21 5.939e-22 0.0 136.22 0.0
S155414 187.118 36.0767 1.492e-18 1.577e-18 1.312e-18 0.0 136.02 0.0
S155415 187.1124 36.0748 2.338e-22 6.072e-22 3.298e-21 0.0 136.76 0.0
S155416 187.078 36.0857 5.669e-19 6.956e-19 7.58e-19 0.0 135.94 0.0
S155417 187.0931 36.0445 3.679e-18 3.73e-18 2.883e-18 0.0 136.76 0.0
S155418 187.1355 36.0784 1.511e-17 1.261e-17 6.525e-18 0.0 136.78 0.0
S155419 187.1022 36.074 4.4160000000000006e-26 2.394e-25 5.804e-24 0.0 135.79 0.0
S155420 187.1189 36.0517 9.819e-13 7.039e-13 2.661e-13 0.0 135.56 0.0
S155421 187.105 36.0755 1.97e-18 2.126e-18 1.758e-18 0.0 136.46 0.0
S155422 187.1127 36.0702 9.057e-21 1.525e-20 3.18e-20 0.0 136.27 0.0
S155423 187.1326 36.0711 1.713e-17 1.528e-17 8.661e-18 0.0 136.85 0.0
S155424 187.0985 36.052 1.166e-17 1.048e-17 6.04e-18 0.0 136.77 0.0
S155425 187.0952 36.0629 4.7640000000000006e-20 6.990000000000001e-20 1.086e-19 0.0 136.44 0.0
S155426 187.1366 36.0747 5.0530000000000007e-20 7.917e-20 1.395e-19 0.0 136.2 0.0
S155427 187.0775 36.0692 1.208e-16 9.259e-17 3.797e-17 0.0 136.78 1.0
S155428 187.1022 36.0567 2.842e-19 3.569e-19 4.211e-19 0.0 136.65 0.0
S155429 187.1102 36.0612 8.303e-17 6.648e-17 3.056e-17 0.0 136.49 0.0
S155430 187.1159 36.0631 2.277e-18 2.345e-18 1.855e-18 0.0 136.04 0.0
S155431 187.0524 36.0724 6.322e-18 6.156e-18 4.147e-18 0.0 135.92 0.0
S155432 187.0447 36.0611 1.098e-24 4.055e-24 4.263e-23 0.0 135.52 0.0
S155433 187.103 36.0761 7.276999999999999e-27 4.9240000000000005e-26 1.855e-24 0.0 135.92 0.0
S155434 187.0873 36.0715 9.77e-22 1.984e-21 6.251e-21 0.0 136.66 0.0
S155435 187.0909 36.0689 3.984e-13 2.736e-13 9.554e-14 0.0 136.36 0.0
S155436 187.0675 36.0664 5.746e-13 4.024e-13 1.464e-13 0.0 136.79 0.0
S155437 187.0937 36.054 1.6420000000000001e-21 1.146e-21 4.2299999999999997e-22 0.0 135.78 0.0
S155438 187.1476 36.0693 1.0379999999999999e-22 2.532e-22 1.158e-21 0.0 136.18 0.0
S155439 187.1077 36.0477 1.979e-16 1.537e-16 6.554e-17 0.0 135.86 1.0
S155440 187.1134 36.0916 8.424000000000001e-20 1.279e-19 2.136e-19 0.0 135.85 0.0
S155441 187.0587 36.057 5.354e-17 4.387e-17 2.169e-17 0.0 136.02 0.0
S155442 187.0942 36.0599 6.029e-17 8.418e-17 1.22e-16 0.0 136.58 0.0
S155443 187.1214 36.0559 7.695e-13 5.902e-13 2.571e-13 0.0 136.03 1.0
S155444 187.1204 36.063 1.689e-21 1.191e-21 4.323e-22 0.0 136.17 1.0
S155445 187.1148 36.0304 1.949e-21 3.603e-21 9.497e-21 0.0 136.75 0.0
S155446 187.1106 36.051 2.22e-23 6.368999999999999e-23 4.254999999999999e-22 0.0 136.21 0.0
S155447 187.0725 36.0498 6.799e-21 1.149e-20 2.467e-20 0.0 136.13 0.0
S155448 187.1137 36.0932 8.677e-22 1.8e-21 6.015e-21 0.0 136.1 0.0
S155449 187.0695 36.0639 7.98e-17 6.594e-17 3.262e-17 0.0 135.92 0.0
S155450 187.0921 36.0572 1.4430000000000002e-26 8.783000000000001e-26 2.709e-24 0.0 135.9 0.0
S155451 187.0764 36.0581 3.781e-20 5.867000000000001e-20 1.064e-19 0.0 136.34 0.0
S155452 187.0865 36.079 9.046e-18 8.406e-18 5.444e-18 0.0 136.53 0.0
S155453 187.1093 36.0486 3.7e-21 6.903e-21 1.7960000000000002e-20 0.0 136.19 0.0
S155454 187.0905 36.0575 5.87e-18 5.599e-18 3.813e-18 0.0 135.52 0.0
S155455 187.0776 36.0778 2.149e-24 7.815e-24 7.976e-23 0.0 136.09 0.0
S155456 187.0788 36.0423 1.037e-18 1.17e-18 1.086e-18 0.0 136.36 0.0
S155457 187.1167 36.0429 1.652e-21 3.132e-21 8.437e-21 0.0 136.89 0.0
S155458 187.0935 36.0495 4.449e-21 8.294e-21 2.1860000000000002e-20 0.0 136.16 0.0
S155459 187.0541 36.0683 1.593e-17 1.448e-17 8.658e-18 0.0 135.96 0.0
S155460 187.1071 36.0772 2.194e-18 2.299e-18 1.807e-18 0.0 136.36 0.0
S155461 187.0635 36.0779 1.414e-18 1.51e-18 1.234e-18 0.0 136.01 0.0
S155462 187.0749 36.0734 4.704e-21 7.888e-21 1.6580000000000002e-20 0.0 136.52 0.0
S155463 187.0734 36.0766 1.3610000000000002e-20 2.205e-20 4.3320000000000003e-20 0.0 136.63 0.0
S155464 187.0903 36.0539 2.2620000000000002e-20 3.594e-20 6.607e-20 0.0 136.36 0.0
S155465 187.0737 36.0692 3.7980000000000004e-21 7.001e-21 1.7750000000000002e-20 0.0 135.51 0.0
S155466 187.0995 36.0619 4.914e-20 6.881e-20 1.016e-19 0.0 136.72 0.0
S155467 187.0763 36.0782 7.529e-17 8.413e-17 7.491e-17 0.0 136.81 0.0
S155468 187.0907 36.0489 1.348e-16 1.255e-16 7.836e-17 0.0 136.04 0.0
S155469 187.0993 36.0652 1.248e-17 1.184e-17 7.829e-18 0.0 136.01 0.0
S155470 187.0891 36.0697 1.764e-17 1.626e-17 9.505e-18 0.0 136.0 0.0
S155471 187.0571 36.0765 9.964e-17 8.223e-17 3.998e-17 0.0 135.66 0.0
S155472 187.0848 36.0762 3.399e-23 8.419e-23 4.1029999999999997e-22 0.001 135.74 0.0
S155473 187.0629 36.0683 5.443e-17 4.318e-17 2.002e-17 0.0 135.46 0.0
S155474 187.1254 36.0558 4.454e-17 6.077e-17 8.537e-17 0.0 135.73 0.0
S155475 187.112 36.0499 8.958e-23 2.2369999999999996e-22 1.112e-21 0.0 136.43 0.0
S155476 187.0985 36.0451 4.889e-19 6.107e-19 6.766e-19 0.0 135.96 0.0
S155477 187.089 36.065 5.47e-18 5.105e-18 3.171e-18 0.0 136.33 0.0
S155478 187.1083 36.068 3.04e-16 2.339e-16 9.9e-17 0.0 135.76 1.0
S155479 187.0859 36.0625 8.928999999999999e-23 2.071e-22 8.874e-22 0.0 136.66 0.0
S155480 187.0738 36.0528 5.6730000000000005e-25 2.651e-24 4.578e-23 0.0 136.29 0.0
S155481 187.1004 36.0489 7.058e-24 2.402e-23 2.243e-22 0.0 135.76 0.0
S155482 187.1082 36.0544 4.436e-17 7.476e-17 1.619e-16 0.0 135.75 0.0
S155483 187.0903 36.0702 5.147e-19 6.299e-19 6.903e-19 0.0 135.76 0.0
S155484 187.086 36.05 3.4759999999999995e-22 7.693e-22 2.8500000000000002e-21 0.0 135.59 0.0
S155485 187.0975 36.0525 1.155e-18 1.437e-18 1.569e-18 0.0 136.23 0.0
S155486 187.1311 36.0719 6.567e-17 5.388e-17 2.682e-17 0.0 136.37 0.0
S155487 187.0674 36.0739 1.412e-23 4.029e-23 2.5649999999999997e-22 0.0 136.53 0.0
S155488 187.076 36.0715 2.674e-20 3.976e-20 6.667000000000001e-20 0.0 135.69 0.0
S155489 187.0932 36.0686 3.7270000000000004e-21 6.903e-21 1.774e-20 0.0 135.73 0.0
S155490 187.0741 36.0811 7.092e-17 6.076e-17 3.219e-17 0.0 136.75 0.0
S155491 187.126 36.0621 9.013000000000001e-20 1.199e-19 1.56e-19 0.0 135.97 0.0
S155492 187.0818 36.0655 9.775e-18 1.412e-17 2.132e-17 0.0 135.94 0.0
S155493 187.098 36.059 2.3510000000000003e-20 3.6480000000000004e-20 6.522000000000001e-20 0.0 135.76 0.0
S155494 187.0828 36.0822 8.768e-21 1.501e-20 3.2190000000000005e-20 0.0 135.81 0.0
S155495 187.1016 36.0535 4.525e-17 4.085e-17 2.417e-17 0.0 136.02 0.0
S155496 187.0933 36.0681 2.862e-19 3.462e-19 3.564e-19 0.0 136.04 0.0
S155497 187.0627 36.0669 8.837e-21 1.474e-20 3.058e-20 0.0 136.9 0.0
S155498 187.1086 36.066 2.013e-21 1.398e-21 4.843e-22 0.0 136.25 0.0
S155499 187.0951 36.0636 2.8029999999999997e-22 5.634999999999999e-22 1.756e-21 0.0 135.55 0.0
S155500 187.0695 36.0552 2.88e-13 1.969e-13 6.566e-14 0.0 136.84 0.0
S155501 187.1134 36.0745 1.2189999999999998e-22 3.0779999999999997e-22 1.5260000000000001e-21 0.0 135.69 0.0
S155502 187.1131 36.0666 7.662999999999999e-23 1.9719999999999997e-22 1.023e-21 0.0 135.65 0.0
S155503 187.091 36.0561 8.187e-18 8.041e-18 5.502e-18 0.0 136.67 0.0
S155504 187.0943 36.0757 6.315999999999999e-22 1.378e-21 5.219e-21 0.0 136.31 0.0
S155505 187.0883 36.0589 6.953e-23 1.8419999999999997e-22 1.007e-21 0.0 135.64 0.0
S155506 187.0701 36.0612 1.1140000000000001e-20 2.026e-20 4.9460000000000004e-20 0.0 136.05 0.0
S155507 187.1153 36.0686 2.1699999999999996e-22 5.562999999999999e-22 2.819e-21 0.0 136.23 0.0
S155508 187.079 36.0674 2.3490000000000002e-20 3.72e-20 6.769e-20 0.0 136.72 0.0
S155509 187.116 36.0501 1.855e-19 2.407e-19 3.019e-19 0.0 136.49 0.0
S155510 187.0683 36.0719 2.05e-16 1.932e-16 1.217e-16 0.0 135.93 0.0
S155511 187.1391 36.0472 4.9300000000000006e-20 7.430000000000001e-20 1.262e-19 0.0 135.51 0.0
S155512 187.1276 36.06 1.221e-22 2.889e-22 1.202e-21 0.0 136.15 0.0
S155513 187.0887 36.052 5.412e-21 9.345000000000001e-21 2.1580000000000003e-20 0.0 136.41 0.0
S155514 187.1004 36.0755 2.468e-19 3.279e-19 4.167e-19 0.0 135.98 0.0
S155515 187.1089 36.0687 3.172e-17 2.686e-17 1.379e-17 0.0 135.76 0.0
S155516 187.0794 36.0431 9.603000000000001e-20 1.227e-19 1.511e-19 0.0 136.35 0.0
S155517 187.0809 36.0738 2.3970000000000002e-20 3.8730000000000006e-20 7.613e-20 0.0 136.65 0.0
S155518 187.1051 36.0957 4.547e-19 5.549e-19 5.913e-19 0.0 136.65 0.0
S155519 187.0778 36.0811 4.162e-20 6.221e-20 1.017e-19 0.0 136.67 0.0
S155520 187.0793 36.0667 6.204e-17 5.182e-17 2.625e-17 0.0 136.58 0.0
S155521 187.0594 36.0554 9.168999999999999e-24 2.6329999999999998e-23 1.6899999999999998e-22 0.0 136.64 0.0
S155522 187.1045 36.0811 5.503e-20 7.893000000000001e-20 1.172e-19 0.0 135.7 0.0
S155523 187.1042 36.0851 2.438e-18 2.614e-18 2.191e-18 0.0 136.27 0.0
S155524 187.0974 36.0755 1.504e-21 2.817e-21 7.778e-21 0.0 135.7 0.0
S155525 187.0897 36.0629 9.637e-23 2.7299999999999997e-22 1.766e-21 0.0 135.72 0.0
S155526 187.0825 36.0666 3.58e-18 3.704e-18 2.857e-18 0.0 135.97 0.0
S155527 187.1151 36.0618 3.5490000000000006e-20 5.2910000000000004e-20 8.323000000000001e-20 0.0 136.1 0.0
S155528 187.098 36.0478 1.517e-19 2.103e-19 2.88e-19 0.0 136.56 0.0
S155529 187.0894 36.0419 2.062e-21 1.412e-21 4.823e-22 0.0 136.79 0.0
S155530 187.1162 36.0472 7.219e-17 1.557e-16 5.621e-16 0.0 135.99 0.0
S155531 187.1088 36.0923 2.293e-13 1.53e-13 4.981e-14 0.0 135.89 0.0
S155532 187.1022 36.055 7.999e-18 7.903e-18 5.384e-18 0.0 135.52 0.0
S155533 187.0446 36.0649 2.762e-18 2.747e-18 1.987e-18 0.0 136.28 0.0
S155534 187.0775 36.0529 7.313000000000001e-20 9.990000000000001e-20 1.399e-19 0.0 136.01 0.0
S155535 187.0967 36.0583 1.914e-17 1.731e-17 1.009e-17 0.0 135.78 0.0
S155536 187.0892 36.0602 5.082e-18 5.053e-18 3.632e-18 0.0 136.28 0.0
S155537 187.0715 36.0629 2.568e-21 1.738e-21 5.828999999999999e-22 0.0 136.2 0.0
S155538 187.0694 36.0781 5.842e-19 6.774e-19 6.532e-19 0.0 136.33 0.0
S155539 187.0765 36.0676 1.953e-18 2.083e-18 1.691e-18 0.0 135.65 0.0
S155540 187.0672 36.0712 2.213e-21 4.031e-21 1.018e-20 0.0 136.06 0.0
S155541 187.0914 36.0528 2.237e-17 3.066e-17 4.278e-17 0.0 136.06 0.0
S155542 187.1338 36.059 2.111e-19 2.607e-19 2.817e-19 0.0 136.41 0.0
S155543 187.0825 36.0535 2.948e-19 3.778e-19 4.619e-19 0.0 136.37 0.0
S155544 187.0969 36.0818 2.009e-18 2.116e-18 1.709e-18 0.0 136.68 0.0
S155545 187.0784 36.0781 1.095e-19 1.518e-19 2.113e-19 0.0 136.07 0.0
S155546 187.1121 36.0706 5.911e-21 1.028e-20 2.4180000000000002e-20 0.0 136.44 0.0
S155547 187.0775 36.0513 1.169e-16 9.233e-17 4.263e-17 0.0 135.62 0.0
S155548 187.0913 36.0544 9.104e-19 1.066e-18 1.063e-18 0.0 135.68 0.0
S155549 187.1162 36.0558 1.662e-21 1.182e-21 4.1769999999999996e-22 0.0 135.63 0.0
S155550 187.1191 36.0689 3.494e-19 4.258e-19 4.399e-19 0.0 136.04 0.0
S155551 187.1397 36.0518 1.839e-18 2.107e-18 1.981e-18 0.0 135.78 0.0
S155552 187.0953 36.0654 2.131e-22 5.09e-22 2.2260000000000002e-21 0.0 135.58 0.0
S155553 187.101 36.0534 4.503e-18 4.285e-18 2.754e-18 0.0 136.11 0.0
S155554 187.1091 36.0582 1.47e-20 2.3210000000000002e-20 4.153e-20 0.0 135.55 0.0
S155555 187.0966 36.0638 1.121e-15 8.068e-16 3.072e-16 0.0 136.66 0.0
S155556 187.0966 36.0637 6.412e-13 4.55e-13 1.646e-13 0.0 137.14 0.0
S155557 187.0969 36.0638 1.668e-17 1.474e-17 8.431e-18 0.0 137.12 0.0
S155558 187.0966 36.0637 2.492e-16 1.853e-16 7.601e-17 0.0 136.03 1.0
S155559 187.0969 36.0638 1.481e-20 2.45e-20 4.9660000000000004e-20 0.0 136.94 0.0
S155560 186.9087 36.1146 3.54e-16 2.848e-16 1.314e-16 0.0 136.68 0.0
S155561 187.1925 36.064 1.2559999999999998e-22 3.2719999999999997e-22 1.716e-21 0.0 135.43 0.0
S155562 187.0171 36.1595 5.8320000000000005e-21 1.0910000000000001e-20 2.795e-20 0.0 136.78 0.0
S155563 187.2973 36.1331 6.255e-19 7.424e-19 7.329e-19 0.0 136.39 0.0
S155564 187.3062 36.1168 4.3369999999999997e-23 1.154e-22 6.224999999999999e-22 0.0 136.14 0.0
S155565 187.3209 36.0928 5.327e-19 6.129e-19 6.101e-19 0.0 135.55 0.0
S155566 187.122 35.9702 1.2889999999999998e-22 3.4059999999999997e-22 1.794e-21 0.0 136.99 0.0
S155567 186.913 35.9793 4.757e-23 1.214e-22 6.081999999999999e-22 0.0 135.62 0.0
S155568 186.9398 36.0209 1.191e-23 4.143e-23 3.8959999999999997e-22 0.0 136.49 0.0
S155569 187.1745 36.0346 2.681e-20 4.0760000000000004e-20 6.792e-20 0.0 135.65 0.0
S155570 187.1277 36.066 8.83e-19 9.787e-19 9.116e-19 0.0 136.65 0.0
S155571 187.0495 36.0732 1.705e-19 2.349e-19 3.162e-19 0.0 136.84 0.0
S155572 187.1325 35.9245 6.802999999999999e-22 1.408e-21 4.375e-21 0.0 135.21 0.0
S155573 187.13 36.0631 1.936e-21 3.732e-21 1.0500000000000001e-20 0.0 135.69 0.0
S155574 186.8982 35.9778 4.312e-19 5.036e-19 5.037e-19 0.0 135.92 0.0
S155575 187.1938 36.048 3.828e-19 4.945e-19 5.733e-19 0.0 136.51 0.0
S155576 187.1421 36.1612 2.0099999999999998e-22 4.795e-22 2.19e-21 0.0 137.07 0.0
S155577 186.8224 36.101 5.353999999999999e-22 1.071e-21 3.422e-21 0.0 135.66 0.0
S155578 187.1322 36.041 5.261e-19 6.145e-19 6.328e-19 0.0 135.26 0.0
S155579 187.2283 36.0166 7.409e-24 2.163e-23 1.441e-22 0.0 136.02 0.0
S155580 187.2264 36.009 2.065e-19 2.724e-19 3.513e-19 0.0 136.06 0.0
S155581 187.3133 36.0961 4.334e-22 1.075e-21 5.084e-21 0.0 135.94 0.0
S155582 186.7158 36.0496 8.483e-18 7.756e-18 4.763e-18 0.0 134.99 0.0
S155583 187.2166 36.1401 1.655e-22 4.0559999999999995e-22 1.851e-21 0.0 136.6 0.0
S155584 187.0358 35.949 5.547e-21 9.964e-21 2.4470000000000003e-20 0.0 135.06 0.0
S155585 187.0504 35.9164 1.111e-20 1.8310000000000002e-20 3.762e-20 0.0 135.98 0.0
S155586 187.0695 36.1441 3.9069999999999995e-22 9.38e-22 4.176e-21 0.0 135.6 0.0
S155587 187.038 36.0763 1.2580000000000002e-20 1.987e-20 3.7240000000000004e-20 0.0 136.07 0.0
S155588 187.0483 36.1136 3.666e-18 3.75e-18 2.772e-18 0.0 136.38 0.0
S155589 187.1705 36.0237 4.354e-24 1.303e-23 9.332e-23 0.0 135.48 0.0
S155590 187.0915 36.0641 8.037e-19 8.877e-19 8.124e-19 0.0 135.38 0.0
S155591 186.9252 36.1178 2.5590000000000002e-21 4.927e-21 1.384e-20 0.0 135.67 0.0
S155592 187.1779 36.0435 1.875e-22 3.8549999999999995e-22 1.233e-21 0.0 136.76 0.0
S155593 187.0538 36.2127 3.7370000000000004e-20 5.714e-20 9.879000000000001e-20 0.0 137.06 0.0
S155594 187.4087 36.0299 1.628e-17 1.448e-17 8.222e-18 0.0 136.06 0.0
S155595 187.0445 36.0547 2.926e-19 3.703e-19 4.272e-19 0.0 136.5 0.0
S155596 187.006 36.2543 1.762e-21 1.233e-21 4.385999999999999e-22 0.0 137.25 0.0
S155597 186.7295 36.1861 1.682e-21 3.393e-21 1.0270000000000001e-20 0.0 136.87 0.0
S155598 186.9415 36.0533 3.882e-18 3.886e-18 2.801e-18 0.0 135.42 0.0
S155599 187.2508 36.0826 1.986e-21 1.363e-21 4.773999999999999e-22 0.0 135.28 0.0
S155600 187.1073 35.9696 3.146e-21 6.27e-21 1.8380000000000002e-20 0.0 135.56 0.0
S155601 187.0056 35.9742 4.1509999999999994e-22 9.74e-22 4.139e-21 0.0 136.67 0.0
S155602 187.1123 35.9931 6.999e-24 2.1079999999999998e-23 1.4929999999999997e-22 0.001 136.52 0.0
S155603 186.9343 35.9948 7.565e-19 8.927e-19 9.302e-19 0.0 135.27 0.0
S155604 187.3582 36.0564 2.3060000000000003e-20 3.7160000000000005e-20 7.032000000000001e-20 0.0 136.36 0.0
S155605 187.2909 36.0485 1.806e-21 1.262e-21 4.411e-22 0.0 135.81 0.0
S155606 187.1387 35.9973 1.567e-21 3.251e-21 1.1100000000000001e-20 0.0 136.6 0.0
S155607 186.9429 35.9931 3.233e-19 3.84e-19 4.057e-19 0.0 137.11 0.0
S155608 187.2096 36.0465 3.1440000000000004e-20 5.0540000000000006e-20 9.750000000000001e-20 0.0 136.56 0.0
S155609 187.0568 36.0119 1.7489999999999998e-23 5.734e-23 4.848999999999999e-22 0.0 136.2 0.0
S155610 187.2465 36.0155 3.9239999999999996e-23 9.751e-23 4.557e-22 0.0 136.02 0.0
S155611 186.8972 36.1224 6.038e-18 5.847e-18 3.905e-18 0.0 137.1 0.0
S155612 187.1677 36.1603 4.348e-20 6.429000000000001e-20 1.04e-19 0.0 136.63 0.0
S155613 187.0003 36.1025 7.727e-13 6.457e-13 3.349e-13 0.0 135.8 1.0
S155614 186.8492 36.1044 6.783e-23 1.774e-22 9.354e-22 0.0 137.01 0.0
S155615 187.0883 36.0814 2.0480000000000002e-21 1.401e-21 4.826e-22 0.0 136.77 0.0
S155616 186.9944 36.1407 1.963e-21 3.767e-21 1.0240000000000001e-20 0.0 135.56 0.0
S155617 187.1562 35.9771 6.199e-19 7.014e-19 6.684e-19 0.0 136.5 0.0
S155618 186.8451 36.0727 8.269e-23 2.079e-22 1.0150000000000001e-21 0.0 136.71 0.0
S155619 186.8508 36.0923 1.952e-21 1.3480000000000001e-21 4.742999999999999e-22 0.0 136.17 0.0
S155620 186.9334 36.0076 4.118e-24 1.518e-23 1.6569999999999998e-22 0.0 136.18 0.0
S155621 186.9779 36.1124 5.885e-21 1.044e-20 2.4100000000000003e-20 0.0 136.36 0.0
S155622 187.0542 36.136 1.051e-19 1.394e-19 1.834e-19 0.0 136.5 0.0
S155623 187.0353 36.0946 6.2919999999999995e-22 1.282e-21 3.9e-21 0.0 136.01 0.0
S155624 186.8062 36.0436 1.4199999999999998e-22 3.4249999999999995e-22 1.484e-21 0.0 135.93 0.0
S155625 187.0935 36.1837 1.224e-18 1.313e-18 1.119e-18 0.0 136.84 0.0
S155626 186.9764 36.1231 1.97e-21 1.367e-21 4.857e-22 0.0 135.18 0.0
S155627 187.0866 36.1626 7.739e-17 9.636e-17 1.14e-16 0.0 135.26 0.0
S155628 187.139 36.0884 7.061e-23 1.8049999999999997e-22 9.2e-22 0.0 137.03 0.0
S155629 186.9814 35.9513 6.452e-24 2.112e-23 1.7689999999999998e-22 0.0 135.99 0.0
S155630 187.0936 36.0909 1.851e-21 3.669e-21 1.078e-20 0.0 136.2 0.0
S155631 186.9917 36.1315 3.364e-18 3.323e-18 2.267e-18 0.0 136.71 0.0
S155632 186.9888 36.0816 9.613e-31 1.862e-29 6.564e-27 0.0 135.61 0.0
S155633 187.1898 36.0014 1.679e-19 2.084e-19 2.374e-19 0.0 136.9 0.0
S155634 187.3219 35.9889 1.758e-21 1.247e-21 4.451e-22 0.0 136.54 0.0
S155635 187.0058 36.0913 1.5299999999999999e-24 5.69e-24 6.349e-23 0.0 135.85 0.0
S155636 186.7038 36.0338 7.339e-19 8.388e-19 7.615e-19 0.0 136.0 0.0
S155637 187.2067 36.0886 1.959e-19 2.464e-19 2.885e-19 0.0 135.59 0.0
S155638 187.0299 36.2002 1.5839999999999999e-22 4.0209999999999996e-22 2.0420000000000002e-21 0.0 135.73 0.0
S155639 186.9059 36.0613 1.0509999999999999e-22 2.731e-22 1.4520000000000001e-21 0.0 135.23 0.0
S155640 187.1522 36.0792 5.424e-24 1.87e-23 1.7679999999999998e-22 0.0 137.01 0.0
S155641 186.8503 36.0687 1.337e-22 3.347e-22 1.613e-21 0.0 135.66 0.0
S155642 187.0548 35.9338 3.839e-26 2.035e-25 4.836e-24 0.0 136.75 0.0
S155643 186.8235 36.0511 1.3610000000000002e-20 2.3860000000000002e-20 5.449e-20 0.0 136.42 0.0
S155644 186.8553 36.1552 8.615e-23 2.0309999999999997e-22 8.878e-22 0.0 135.91 0.0
S155645 186.9804 36.0406 3.9050000000000004e-21 7.277e-21 1.973e-20 0.0 135.23 0.0
S155646 187.2605 36.0787 3.566e-23 8.563e-23 3.7949999999999994e-22 0.0 136.46 0.0
S155647 187.2086 36.1238 8.377999999999999e-22 1.696e-21 5.43e-21 0.0 135.84 0.0
S155648 187.3875 36.1247 5.427e-20 8.182e-20 1.39e-19 0.0 135.77 0.0
S155649 187.2221 36.0403 1.041e-21 2.123e-21 6.756e-21 0.0 136.38 0.0
S155650 187.0535 35.8973 9.113e-24 2.4919999999999999e-23 1.496e-22 0.0 136.51 0.0
S155651 187.1398 36.1036 7.837e-19 9.15e-19 8.739e-19 0.0 136.93 0.0
S155652 186.8238 36.0173 8.384999999999999e-22 1.723e-21 5.559e-21 0.0 135.47 0.0
S155653 187.2258 35.9905 8.735e-21 1.4780000000000003e-20 3.258e-20 0.0 135.51 0.0
S155654 187.247 36.1151 3.5819999999999996e-22 7.245e-22 2.294e-21 0.0 136.66 0.0
S155655 187.1528 36.0486 2.53e-21 4.491e-21 1.097e-20 0.0 136.78 0.0
S155656 186.9782 36.0471 2.832e-18 2.853e-18 2.182e-18 0.0 135.22 0.0
S155657 187.3394 36.0447 7.881e-18 7.915e-18 5.63e-18 0.0 136.27 0.0
S155658 187.3108 36.0295 3.2579999999999997e-23 9.627e-23 6.257999999999999e-22 0.0 136.78 0.0
S155659 186.9531 36.0433 1.6019999999999998e-22 3.8799999999999997e-22 1.785e-21 0.0 137.12 0.0
S155660 187.1757 35.977 1.556e-18 1.675e-18 1.419e-18 0.0 137.12 0.0
S155661 187.0881 36.1675 5.294e-21 9.92e-21 2.536e-20 0.0 135.53 0.0
S155662 186.9264 35.9557 6.946e-21 1.211e-20 2.713e-20 0.0 136.06 0.0
S155663 187.2623 36.0344 1.617e-21 3.28e-21 9.961e-21 0.0 135.08 0.0
S155664 187.2207 35.9958 2.129e-21 1.491e-21 5.111999999999999e-22 0.0 136.4 0.0
S155665 187.1594 36.1086 4.754e-18 4.011e-18 2.038e-18 0.0 135.28 0.0
S155666 187.0276 36.1302 3.794e-20 5.4160000000000003e-20 8.244000000000001e-20 0.0 135.63 0.0
S155667 186.9868 36.0623 1.597e-19 2.058e-19 2.477e-19 0.0 136.85 0.0
S155668 187.1107 36.0432 6.297e-22 1.273e-21 3.931e-21 0.0 137.01 0.0
S155669 187.2622 36.081 3.112e-23 8.204e-23 4.432999999999999e-22 0.0 137.18 0.0
S155670 187.0289 36.0588 1.066e-14 7.038e-15 2.2e-15 0.0 137.09 0.0
S155671 187.3037 35.9147 5.216999999999999e-22 1.239e-21 5.4620000000000004e-21 0.0 135.7 0.0
S155672 187.1759 35.9378 2.428e-24 8.271e-24 7.855e-23 0.0 135.69 0.0
S155673 186.8825 36.0778 3.468e-23 1.0209999999999998e-22 6.972999999999999e-22 0.0 135.67 0.0
S155674 186.9199 36.0838 2.9209999999999996e-22 6.352e-22 2.281e-21 0.0 136.36 0.0
S155675 187.1437 36.0277 1.405e-19 1.914e-19 2.533e-19 0.0 135.58 0.0
S155676 187.0109 36.069 2.1190000000000002e-21 4.2740000000000004e-21 1.311e-20 0.0 135.93 0.0
S155677 186.9837 36.106 2.376e-17 2.091e-17 1.151e-17 0.0 135.89 0.0
S155678 187.2675 35.9842 4.581e-21 8.779e-21 2.4250000000000002e-20 0.0 136.18 0.0
S155679 186.9029 36.0992 1.697e-19 2.272e-19 2.946e-19 0.0 137.0 0.0
S155680 187.0469 36.0252 1.499e-21 3.0050000000000002e-21 9.139e-21 0.0 136.24 0.0
S155681 186.9719 36.0136 1.336e-19 1.837e-19 2.585e-19 0.0 135.25 0.0
S155682 186.9621 36.1178 3.738e-21 7.308e-21 2.1090000000000003e-20 0.0 135.33 0.0
S155683 187.315 36.031 4.0269999999999996e-22 7.8819999999999995e-22 2.3330000000000002e-21 0.0 135.97 0.0
S155684 186.9335 36.0213 2.752e-23 7.422999999999999e-23 4.217e-22 0.0 135.55 0.0
S155685 187.1206 35.9974 2.175e-22 5.046e-22 2.167e-21 0.0 136.8 0.0
S155686 187.1222 36.119 3.274e-21 6.1170000000000005e-21 1.5720000000000002e-20 0.0 135.99 0.0
S155687 186.9145 36.0738 5.680999999999999e-23 1.4859999999999998e-22 7.786999999999999e-22 0.0 136.19 0.0
S155688 187.2371 36.2102 1.243e-19 1.793e-19 2.689e-19 0.0 136.17 0.0
S155689 187.2331 36.0711 3.207e-17 4.935e-17 8.676e-17 0.0 137.16 0.0
S155690 187.0149 36.0264 5.229e-19 5.924e-19 5.731e-19 0.001 136.92 0.0
S155691 186.8684 36.0997 2.501e-22 5.537e-22 2.044e-21 0.0 136.54 0.0
S155692 187.4707 35.9692 1.146e-21 2.317e-21 7.373e-21 0.0 136.14 0.0
S155693 187.3266 36.069 4.6810000000000006e-20 6.774e-20 1.036e-19 0.0 136.8 0.0
S155694 187.2049 36.1169 1.182e-23 3.766e-23 3.021e-22 0.0 135.48 0.0
S155695 187.3325 36.1413 3.075e-21 5.551e-21 1.366e-20 0.0 136.53 0.0
S155696 187.261 36.0307 8.364e-19 9.342e-19 8.389e-19 0.0 135.57 0.0
S155697 186.9184 36.0431 1.689e-21 1.184e-21 4.327999999999999e-22 0.0 135.64 0.0
S155698 187.2002 36.0558 1.744e-21 3.5490000000000004e-21 1.1260000000000001e-20 0.0 137.01 0.0
S155699 186.9113 36.0215 3.4589999999999996e-23 9.698e-23 6.076999999999999e-22 0.0 137.02 0.0
S155700 186.9595 35.985 5.288e-19 6.582e-19 7.174e-19 0.0 137.18 0.0
S155701 186.9632 36.1314 5.078e-22 1.197e-21 4.9040000000000004e-21 0.0 136.35 0.0
S155702 187.0455 35.9356 2.127e-21 4.057e-21 1.1460000000000002e-20 0.0 136.62 0.0
S155703 187.1182 36.063 2.823e-23 8.309999999999999e-23 5.812999999999999e-22 0.0 136.28 0.0
S155704 187.0595 36.0978 8.935e-21 1.639e-20 4.1980000000000006e-20 0.0 136.17 0.0
S155705 187.15 36.0757 1.0460000000000001e-20 1.7240000000000002e-20 3.422e-20 0.0 135.29 0.0
S155706 187.1423 36.188 5.888999999999999e-23 1.4119999999999998e-22 6.446999999999999e-22 0.0 136.29 0.0
S155707 187.1484 36.0823 5.814e-17 6.797e-17 6.743e-17 0.0 136.27 0.0
S155708 187.2371 35.9944 1.194e-24 4.783e-24 6.18e-23 0.0 136.47 0.0
S155709 186.9586 35.9989 1.2850000000000001e-20 2.2410000000000002e-20 4.9040000000000004e-20 0.0 136.49 0.0
S155710 187.2431 36.0863 1.063e-21 2.248e-21 7.784e-21 0.0 135.63 0.0
S155711 187.1697 36.0489 1.239e-23 3.556e-23 2.3189999999999996e-22 0.0 136.03 0.0
S155712 187.1227 36.158 8.937e-22 1.955e-21 7.235e-21 0.0 135.79 0.0
S155713 187.141 35.9821 1.13e-17 1.355e-17 1.434e-17 0.0 136.47 0.0
S155714 187.1976 36.125 4.885e-17 5.455e-17 5.02e-17 0.0 135.19 0.0
S155715 187.3964 36.0537 7.606e-19 8.395e-19 7.38e-19 0.0 136.04 0.0
S155716 187.253 36.0553 8.49e-21 1.449e-20 3.201e-20 0.0 135.65 0.0
S155717 187.1244 36.1073 1.018e-18 1.16e-18 1.071e-18 0.0 136.9 0.0
S155718 187.1292 36.0136 7.3e-23 1.9179999999999998e-22 1.047e-21 0.0 136.92 0.0
S155719 186.8821 36.1118 6.255000000000001e-20 9.500000000000001e-20 1.614e-19 0.0 135.57 0.0
S155720 186.7892 36.1536 1.918e-21 1.316e-21 4.587e-22 0.0 135.03 0.0
S155721 187.2115 36.0639 1.062e-16 1.016e-16 6.983e-17 0.0 136.61 0.0
S155722 187.2098 36.0714 2.502e-19 3.173e-19 3.683e-19 0.0 136.06 0.0
S155723 187.0519 36.1059 1.781e-20 2.7580000000000003e-20 4.6960000000000005e-20 0.0 135.89 0.0
S155724 187.1591 36.0817 1.375e-21 9.949e-22 3.7399999999999997e-22 0.0 135.42 0.0
S155725 187.1985 36.0564 2.2639999999999998e-23 6.608999999999999e-23 4.263e-22 0.0 135.91 0.0
S155726 187.071 36.0314 1.271e-24 4.377e-24 4.15e-23 0.0 135.29 0.0
S155727 186.9731 36.1497 6.726e-19 7.86e-19 7.67e-19 0.0 135.9 0.0
S155728 187.061 36.067 3.297e-19 4.034e-19 4.561e-19 0.0 135.68 0.0
S155729 186.947 36.1718 2.108e-19 2.638e-19 3.107e-19 0.0 135.42 0.0
S155730 187.1151 36.0121 4.1649999999999997e-23 1.169e-22 7.262999999999999e-22 0.0 135.36 0.0
S155731 186.871 36.1569 4.788e-18 4.761e-18 3.434e-18 0.0 136.86 0.0
S155732 187.2147 36.0878 2.643e-22 6.121999999999999e-22 2.52e-21 0.0 136.2 0.0
S155733 187.0523 36.0904 5.859e-23 1.5719999999999998e-22 9.124999999999998e-22 0.0 135.76 0.0
S155734 187.0406 36.1407 1.808e-21 1.256e-21 4.490999999999999e-22 0.0 136.66 0.0
S155735 187.3238 36.099 1.8930000000000002e-20 3.044e-20 5.725000000000001e-20 0.0 135.82 0.0
S155736 187.068 35.9715 4.482e-22 9.548999999999999e-22 3.357e-21 0.0 136.96 0.0
S155737 187.0428 36.0137 1.84e-21 3.936e-21 1.425e-20 0.0 136.8 0.0
S155738 187.0348 36.0909 1.748e-21 1.2260000000000001e-21 4.327999999999999e-22 0.0 136.03 0.0
S155739 187.1013 36.0085 2.4199999999999998e-23 6.614e-23 3.9219999999999995e-22 0.0 135.93 0.0
S155740 186.822 36.0515 1.344e-21 9.692999999999998e-22 3.735e-22 0.0 136.81 0.0
S155741 187.2117 36.0168 3.215e-19 3.825e-19 4.127e-19 0.0 135.47 0.0
S155742 187.0777 36.1778 7.071e-21 1.2470000000000001e-20 2.859e-20 0.0 136.11 0.0
S155743 187.0278 36.0882 5.613e-23 1.3079999999999998e-22 5.481e-22 0.0 135.26 0.0
S155744 187.1644 36.0071 1.539e-18 1.592e-18 1.268e-18 0.0 136.4 0.0
S155745 186.9705 36.2349 2.384e-22 5.955e-22 2.84e-21 0.0 136.42 0.0
S155746 186.9999 36.1439 3.395e-21 5.943e-21 1.37e-20 0.0 135.95 0.0
S155747 186.9777 36.1411 4.143e-19 5.109e-19 5.779e-19 0.0 136.39 0.0
S155748 186.8583 36.0081 8.840999999999999e-29 1.004e-27 1.1730000000000001e-25 0.001 135.76 0.0
S155749 187.0098 36.0054 1.31e-22 3.682e-22 2.31e-21 0.0 136.39 0.0
S155750 186.9559 35.9878 3.66e-22 8.892999999999999e-22 3.975e-21 0.0 137.11 0.0
S155751 186.9785 36.0848 2.7829999999999996e-23 8.104e-23 5.377e-22 0.0 135.15 0.0
S155752 187.1689 36.1003 4.246e-22 9.713e-22 4.03e-21 0.0 137.21 0.0
S155753 187.0359 36.1421 2.0919999999999998e-23 6.052e-23 4.0129999999999996e-22 0.0 135.69 0.0
S155754 187.0882 36.1 1.888e-18 1.96e-18 1.539e-18 0.0 135.88 0.0
S155755 187.1219 36.1124 2.036e-18 2.213e-18 1.843e-18 0.0 135.54 0.0
S155756 187.1149 36.0521 9.262e-23 2.338e-22 1.198e-21 0.0 136.74 0.0
S155757 187.302 36.0775 2.2e-18 2.304e-18 1.82e-18 0.0 135.28 0.0
S155758 187.1122 36.0842 3.809e-23 9.991999999999999e-23 5.274e-22 0.0 135.73 0.0
S155759 187.0514 35.9969 2.539e-16 2.647e-16 2.092e-16 0.0 137.01 0.0
S155760 187.0801 35.9229 1.056e-19 1.451e-19 2.065e-19 0.0 135.91 0.0
S155761 187.1955 36.0747 6.614e-21 1.13e-20 2.5040000000000002e-20 0.0 136.21 0.0
S155762 186.9316 36.0669 2.108e-18 2.158e-18 1.674e-18 0.0 136.73 0.0
S155763 186.9487 36.174 1.265e-18 1.316e-18 1.041e-18 0.0 136.66 0.0
S155764 187.1989 36.0562 1.083e-23 3.286e-23 2.3949999999999997e-22 0.0 136.72 0.0
S155765 187.3795 36.1095 2.537e-21 4.944e-21 1.474e-20 0.0 136.41 0.0
S155766 187.1584 35.9388 6.312e-19 7.361e-19 7.396e-19 0.0 135.82 0.0
S155767 186.9181 35.95 4.587e-19 5.352e-19 5.275e-19 0.0 136.46 0.0
S155768 187.132 35.9674 1.418e-22 3.379e-22 1.503e-21 0.0 137.23 0.0
S155769 186.9522 36.1103 1.08e-17 1.032e-17 6.733e-18 0.0 136.36 0.0
S155770 187.397 36.1086 5.863e-25 2.307e-24 2.864e-23 0.0 135.84 0.0
S155771 187.0204 35.9961 1.3360000000000001e-21 9.735e-22 3.6859999999999996e-22 0.0 136.19 0.0
S155772 187.0835 36.0448 2.989e-21 5.476e-21 1.422e-20 0.0 136.62 0.0
S155773 187.0205 36.0965 5.996e-24 1.864e-23 1.4539999999999999e-22 0.0 136.31 0.0
S155774 186.9151 35.9885 4.673e-22 1.103e-21 4.7e-21 0.0 135.86 0.0
S155775 186.8203 36.1103 6.07e-21 1.094e-20 2.622e-20 0.0 136.26 0.0
S155776 187.1721 35.9794 6.328e-22 1.176e-21 3.085e-21 0.0 136.82 0.0
S155777 186.9335 35.9428 3.076e-24 1.0289999999999999e-23 9.071e-23 0.0 136.31 0.0
S155778 187.145 36.0184 7.731999999999999e-22 1.778e-21 7.227e-21 0.0 136.11 0.0
S155779 187.134 36.1374 2.254e-24 7.411e-24 6.332e-23 0.0 136.29 0.0
S155780 187.243 36.1398 1.165e-23 3.151e-23 1.7689999999999998e-22 0.0 135.81 0.0
S155781 187.2427 36.0975 1.8199999999999998e-22 4.416999999999999e-22 1.968e-21 0.0 135.87 0.0
S155782 187.069 36.0818 2.134e-21 4.0950000000000004e-21 1.113e-20 0.0 135.66 0.0
S155783 187.1635 36.1183 3.8340000000000004e-20 5.725000000000001e-20 9.707000000000001e-20 0.0 135.59 0.0
S155784 187.1857 35.9929 8.476e-23 1.96e-22 8.003e-22 0.0 135.75 0.0
S155785 187.0539 36.2324 8.356e-18 7.745e-18 4.671e-18 0.0 135.06 0.0
S155786 187.0921 35.9948 5.77e-23 1.644e-22 1.023e-21 0.0 136.95 0.0
S155787 186.8961 35.9943 1.251e-21 9.216999999999998e-22 3.6689999999999995e-22 0.0 135.62 0.0
S155788 187.2372 36.0587 1.591e-23 4.6619999999999997e-23 3.141e-22 0.0 136.99 0.0
S155789 187.0909 36.0486 9.532e-25 3.527e-24 3.7809999999999996e-23 0.0 135.86 0.0
S155790 186.9569 36.0768 3.451e-23 9.731999999999999e-23 5.962999999999999e-22 0.0 136.29 0.0
S155791 187.0008 36.0523 2.747e-23 8.04e-23 5.488999999999999e-22 0.0 135.24 0.0
S155792 187.0613 36.2205 3.2460000000000005e-20 4.880000000000001e-20 8.241000000000001e-20 0.0 136.91 0.0
S155793 186.9189 36.066 2.277e-21 3.931e-21 8.852e-21 0.0 135.87 0.0
S155794 186.9421 36.0383 9.661e-17 2.141e-16 7.716e-16 0.0 137.13 0.0
S155795 186.8124 36.0149 8.239e-19 9.247e-19 8.516e-19 0.0 136.81 0.0
S155796 186.9344 36.2361 1.204e-18 1.364e-18 1.237e-18 0.0 137.04 0.0
S155797 186.9452 36.0472 6.654e-23 1.667e-22 8.022999999999999e-22 0.0 136.43 0.0
S155798 187.1136 36.1455 1.472e-21 2.7910000000000002e-21 7.374e-21 0.0 136.91 0.0
S155799 186.9467 35.9501 1.9999999999999999e-22 4.1759999999999996e-22 1.395e-21 0.0 136.86 0.0
S155800 186.9827 36.0087 1.5270000000000002e-20 2.6930000000000003e-20 6.041e-20 0.001 135.48 0.0
S155801 187.0504 36.0441 9.09e-24 3.1469999999999996e-23 2.9589999999999997e-22 0.0 136.14 0.0
S155802 187.0765 36.1138 1.085e-19 1.583e-19 2.508e-19 0.0 135.6 0.0
S155803 186.9324 36.1918 4.435e-18 4.332e-18 2.996e-18 0.0 135.23 0.0
S155804 187.1294 36.1092 6.477e-21 1.185e-20 3.045e-20 0.0 136.61 0.0
S155805 187.3583 36.0712 7.867e-23 2.207e-22 1.356e-21 0.0 135.63 0.0
S155806 187.2741 36.1961 5.685e-24 1.872e-23 1.6059999999999998e-22 0.0 136.65 0.0
S155807 187.0944 36.0203 1.6499999999999998e-23 4.833e-23 3.2609999999999995e-22 0.0 136.03 0.0
S155808 186.9866 36.1879 2.663e-19 3.439e-19 4.193e-19 0.0 136.55 0.0
S155809 187.0892 36.2067 7.27e-24 2.3259999999999998e-23 1.8829999999999997e-22 0.0 136.22 0.0
S155810 187.115 36.0837 1.087e-21 2.2080000000000002e-21 7.202e-21 0.0 137.12 0.0
S155811 187.061 36.1871 8.087000000000001e-20 1.096e-19 1.519e-19 0.0 135.18 0.0
S155812 187.2551 36.0916 2.995e-13 2.064e-13 7.054e-14 0.0 135.86 0.0
S155813 187.1238 36.0401 2.227e-13 1.492e-13 5.023e-14 0.0 136.07 0.0
S155814 186.9919 36.1567 3.6539999999999995e-22 8.507999999999999e-22 3.72e-21 0.0 136.19 0.0
S155815 186.9653 36.0928 2.216e-21 4.161e-21 1.1080000000000002e-20 0.0 135.95 0.0
S155816 186.9763 36.1526 4.569e-23 1.136e-22 5.58e-22 0.0 135.69 0.0
S155817 187.2772 36.1299 9.475e-20 1.308e-19 1.81e-19 0.0 136.69 0.0
S155818 187.2367 36.1636 2.707e-18 2.753e-18 2.06e-18 0.0 136.88 0.0
S155819 187.1948 36.0169 5.279e-20 7.585e-20 1.182e-19 0.0 136.62 0.0
S155820 187.1813 35.9956 5.36e-22 1.199e-21 4.485e-21 0.0 136.87 0.0
S155821 187.0194 36.1769 3.474e-21 6.179e-21 1.4650000000000002e-20 0.0 135.76 0.0
S155822 187.0089 36.0465 5.002e-19 5.965e-19 6.216e-19 0.0 136.46 0.0
S155823 187.1823 36.1162 4.523e-25 2.075e-24 3.617e-23 0.0 137.01 0.0
S155824 186.9898 36.0937 4.871e-23 1.333e-22 7.931999999999999e-22 0.0 136.99 0.0
S155825 186.8462 35.9991 6.783e-19 7.552e-19 7.032e-19 0.0 136.33 0.0
S155826 186.943 36.1176 1.4609999999999999e-24 5.8439999999999996e-24 7.551e-23 0.0 136.26 0.0
S155827 187.1673 35.9293 3.1720000000000003e-20 4.99e-20 9.236000000000001e-20 0.0 136.38 0.0
S155828 187.029 36.0433 3.393e-22 7.363e-22 2.772e-21 0.0 136.72 0.0
S155829 187.3127 36.0656 1.231e-17 1.133e-17 6.785e-18 0.0 136.94 0.0
S155830 186.9796 35.9976 4.982e-13 4.553e-13 2.723e-13 0.0 135.41 1.0
S155831 187.2173 36.0144 2.166e-21 1.493e-21 5.232999999999999e-22 0.0 136.27 1.0
S155832 187.1926 35.9689 2.842e-22 6.918e-22 3.042e-21 0.0 135.61 0.0
S155833 187.0845 36.1549 4.517e-21 7.686e-21 1.687e-20 0.0 136.91 0.0
S155834 187.2184 36.2572 3.613e-19 4.431e-19 4.808e-19 0.0 137.12 0.0
S155835 187.106 36.1373 1.5170000000000002e-20 2.6110000000000002e-20 5.729000000000001e-20 0.0 136.2 0.0
S155836 187.0071 36.0775 1.178e-18 1.345e-18 1.3e-18 0.0 136.44 0.0
S155837 187.2309 35.9981 3.8189999999999996e-22 8.407999999999999e-22 3.007e-21 0.0 136.8 0.0
S155838 187.1006 36.0816 9.251999999999999e-22 1.94e-21 6.566e-21 0.0 135.22 0.0
S155839 187.0571 36.1102 2.3799999999999997e-22 4.879999999999999e-22 1.543e-21 0.0 136.75 0.0
S155840 187.017 35.9659 3.631e-20 5.3650000000000006e-20 8.816000000000001e-20 0.0 135.97 0.0
S155841 187.1675 35.9616 8.455e-21 1.366e-20 2.5960000000000003e-20 0.0 135.46 0.0
S155842 187.0658 36.0532 1.329e-24 5.223e-24 6.618e-23 0.0 135.63 0.0
S155843 186.9045 36.0956 5.687000000000001e-20 8.700000000000001e-20 1.534e-19 0.0 136.09 0.0
S155844 187.1689 35.9984 4.818e-13 3.453e-13 1.307e-13 0.0 136.51 0.0
S155845 187.2762 36.1286 7.685e-24 2.424e-23 1.9729999999999998e-22 0.0 137.12 0.0
S155846 187.0914 36.0721 2.334e-24 8.96e-24 1.1009999999999999e-22 0.0 135.59 0.0
S155847 187.0246 36.0103 3.0469999999999996e-22 7.592999999999999e-22 3.543e-21 0.0 135.67 0.0
S155848 187.2241 35.9993 5.679e-21 9.301e-21 1.925e-20 0.0 135.74 0.0
S155849 187.1568 35.9605 2.234e-22 5.21e-22 2.129e-21 0.0 136.12 0.0
S155850 186.8862 36.1387 1.051e-19 1.466e-19 2.075e-19 0.0 135.51 0.0
S155851 187.426 35.9677 8.358000000000001e-20 1.215e-19 1.824e-19 0.0 136.23 0.0
S155852 186.9795 35.9694 3.2639999999999996e-23 8.555999999999999e-23 4.569e-22 0.0 135.13 0.0
S155853 187.072 36.0329 3.558e-19 4.283e-19 4.612e-19 0.0 137.01 0.0
S155854 187.0715 36.0876 2.177e-22 4.893999999999999e-22 1.891e-21 0.0 135.53 0.0
S155855 187.0348 36.1529 1.141e-21 2.421e-21 8.066e-21 0.0 135.35 0.0
S155856 187.1534 36.1148 1.0849999999999998e-22 2.5729999999999997e-22 1.121e-21 0.0 135.49 0.0
S155857 186.976 36.0645 1.705e-19 2.244e-19 2.802e-19 0.0 136.06 0.0
S155858 187.202 36.1287 9.485999999999999e-22 2.116e-21 7.977e-21 0.0 136.77 1.0
S155859 187.0964 36.1214 2.465e-24 9.467e-24 1.1669999999999998e-22 0.0 135.79 0.0
S155860 186.9798 36.0757 5.518e-21 9.892e-21 2.439e-20 0.0 135.55 0.0
S155861 187.2594 35.9852 4.503e-22 9.442e-22 3.038e-21 0.0 136.1 0.0
S155862 187.0299 36.0573 3.56e-21 6.471e-21 1.5930000000000002e-20 0.0 136.23 0.0
S155863 187.3452 36.133 1.972e-17 1.708e-17 9.308e-18 0.0 137.26 0.0
S155864 187.0907 35.9428 5.834e-20 8.231e-20 1.188e-19 0.0 135.72 0.0
S155865 186.9843 36.1244 3.291e-19 4.22e-19 4.948e-19 0.0 136.28 0.0
S155867 187.1306 35.9956 1.626e-22 4.0359999999999997e-22 2.002e-21 0.0 135.54 0.0
S155868 187.1513 36.1187 9.317e-23 2.2689999999999997e-22 1.048e-21 0.0 136.07 0.0
S155869 187.4101 36.0592 3.75e-22 8.759e-22 3.669e-21 0.0 135.36 1.0
S155870 187.0362 36.0377 1.902e-21 1.3210000000000001e-21 4.726999999999999e-22 0.0 136.87 0.0
S155871 186.876 36.0886 9.098000000000001e-20 1.277e-19 1.869e-19 0.0 137.17 0.0
S155872 187.068 35.9863 1.6269999999999998e-22 3.7379999999999996e-22 1.519e-21 0.0 137.12 0.0
S155873 187.2599 36.0942 1.661e-19 2.211e-19 2.913e-19 0.0 136.19 0.0
S155874 187.1459 36.206 2.248e-22 5.604999999999999e-22 2.675e-21 0.0 135.68 0.0
S155875 186.9588 36.071 1.653e-17 1.476e-17 8.391e-18 0.0 136.25 0.0
S155876 187.2946 36.0354 8.015e-23 2.3129999999999997e-22 1.494e-21 0.0 136.52 0.0
S155877 186.799 35.9791 4.773e-18 4.741e-18 3.446e-18 0.0 136.79 0.0
S155878 187.1371 36.0118 8.182999999999999e-23 1.7699999999999999e-22 6.181999999999999e-22 0.0 136.21 0.0
S155879 187.1543 36.111 7.235e-21 1.292e-20 3.1170000000000003e-20 0.0 135.38 0.0
S155880 187.1794 36.0085 5.356000000000001e-20 8.03e-20 1.311e-19 0.0 135.88 0.0
S155881 187.0334 36.0202 3.116e-21 5.889e-21 1.5820000000000002e-20 0.0 136.54 0.0
S155882 187.4962 36.1106 1.229e-22 3.1159999999999997e-22 1.531e-21 0.0 136.73 0.0
S155883 187.1345 35.9356 2.3059999999999997e-22 5.2969999999999995e-22 2.1310000000000002e-21 0.0 136.32 0.0
S155884 187.0547 35.9894 2.203e-22 5.067999999999999e-22 2.019e-21 0.0 137.2 0.0
S155885 187.041 36.0761 5.882e-23 1.7379999999999997e-22 1.171e-21 0.0 136.79 0.0
S155886 186.9678 36.0291 1.462e-21 2.968e-21 9.305e-21 0.0 135.07 0.0
S155887 187.1687 35.9959 2.8319999999999996e-22 6.642999999999999e-22 2.757e-21 0.0 137.16 0.0
S155888 186.9072 36.0021 1.389e-16 1.405e-16 1.054e-16 0.0 136.7 0.0
S155889 187.0672 36.11 8.78e-20 1.194e-19 1.543e-19 0.0 137.03 0.0
S155890 187.1864 36.0309 7.446e-17 7.839e-17 6.299e-17 0.0 135.55 0.0
S155891 187.2346 36.0227 4.181e-17 3.47e-17 1.706e-17 0.0 136.13 0.0
S155892 187.0201 36.1629 1.009e-16 1.255e-16 1.448e-16 0.001 136.86 0.0
S155893 187.1704 36.0885 6.655e-18 6.218e-18 3.942e-18 0.0 135.5 0.0
S155894 186.8245 36.1226 6.753e-24 2.4e-23 2.458e-22 0.0 136.88 0.0
S155895 187.2229 35.9493 4.865e-21 8.735e-21 2.1410000000000002e-20 0.0 136.69 0.0
S155896 186.8233 36.0304 3.173e-18 3.175e-18 2.274e-18 0.0 135.17 0.0
S155897 187.2572 36.0133 1.061e-24 4.286e-24 5.672e-23 0.0 136.25 0.0
S155898 187.0215 36.2112 6.769e-23 1.8609999999999998e-22 1.156e-21 0.0 136.72 0.0
S155899 187.2357 36.0533 8.889e-24 3.009e-23 2.7789999999999996e-22 0.0 136.34 0.0
S155900 187.2359 36.0557 6.590000000000001e-25 2.541e-24 3.135e-23 0.0 135.8 0.0
S155901 187.0188 36.0239 5.428e-19 6.345e-19 6.392e-19 0.0 136.69 0.0
S155902 187.2035 36.0984 3.172e-21 5.563e-21 1.3260000000000001e-20 0.0 136.75 0.0
S155903 187.3093 36.0534 5.562999999999999e-22 1.166e-21 3.916e-21 0.0 136.63 0.0
S155904 186.8522 36.0956 4.055e-19 4.718e-19 4.684e-19 0.0 136.52 0.0
S155905 187.0692 36.0007 1.099e-22 2.8609999999999996e-22 1.478e-21 0.0 136.45 0.0
S155906 186.9793 36.0795 1.04e-19 1.462e-19 2.173e-19 0.0 135.2 0.0
S155907 186.9238 36.1765 5.3109999999999995e-22 1.093e-21 3.363e-21 0.0 135.9 0.0
S155908 187.0076 36.1024 6.524e-23 1.5539999999999998e-22 7.011999999999999e-22 0.0 135.34 0.0
S155909 187.1238 36.1965 4.423e-25 1.877e-24 2.768e-23 0.0 136.59 0.0
S155910 187.2695 36.217 5.265999999999999e-22 1.065e-21 3.339e-21 0.0 135.74 0.0
S155911 187.2444 36.0126 1.7440000000000002e-20 2.753e-20 5.065e-20 0.0 135.52 0.0
S155912 187.0703 35.9885 1.345e-18 1.506e-18 1.358e-18 0.0 137.03 0.0
S155913 186.956 36.0782 1.638e-24 5.636e-24 5.445e-23 0.0 136.94 0.0
S155914 187.3161 36.0967 4.1839999999999996e-23 1.172e-22 7.148999999999999e-22 0.0 135.09 0.0
S155915 187.1192 36.0017 6.177e-22 1.343e-21 4.911e-21 0.0 136.12 0.0
S155916 187.1095 36.0838 2.517e-22 5.692999999999999e-22 2.153e-21 0.0 137.05 0.0
S155917 187.0717 36.0489 1.317e-22 3.608e-22 2.068e-21 0.0 135.69 0.0
S155918 186.9049 36.1299 5.656e-20 8.167000000000001e-20 1.269e-19 0.0 135.71 0.0
S155919 186.9522 35.9999 1.025e-19 1.424e-19 2.017e-19 0.0 135.61 0.0
S155920 186.9868 35.9419 3.987e-21 7.432e-21 1.874e-20 0.0 135.33 0.0
S155921 187.1586 35.9212 1.684e-21 1.188e-21 4.1739999999999995e-22 0.0 137.1 0.0
S155922 187.0898 36.0302 2.949e-19 3.677e-19 4.248e-19 0.0 136.2 0.0
S155923 187.0169 36.1113 7.042999999999999e-22 1.598e-21 6.21e-21 0.0 135.58 0.0
S155924 186.9834 36.1066 3.038e-20 5.0020000000000003e-20 9.767000000000001e-20 0.0 136.05 0.0
S155925 187.022 36.1094 1.337e-20 2.2650000000000003e-20 4.6360000000000003e-20 0.0 135.98 0.0
S155926 187.342 36.1025 1.619e-21 3.309e-21 1.009e-20 0.0 135.05 0.0
S155927 187.1199 35.9482 8.341e-19 9.307e-19 8.5e-19 0.0 135.85 0.0
S155928 187.2785 36.1475 3.8680000000000005e-20 5.857e-20 1.001e-19 0.0 136.84 0.0
S155929 187.2118 36.1744 5.293e-19 6.386e-19 6.638e-19 0.0 135.87 0.0
S155930 186.8897 36.1531 1.2380000000000001e-21 2.578e-21 8.481e-21 0.0 136.1 0.0
S155931 187.1793 36.0566 1.182e-23 3.614e-23 2.6679999999999996e-22 0.0 136.65 0.0
S155932 187.185 35.9302 1.842e-21 1.301e-21 4.637999999999999e-22 0.0 135.93 0.0
S155933 187.21 36.1655 1.246e-19 1.593e-19 1.933e-19 0.0 136.06 0.0
S155934 187.043 36.2493 4.073e-19 5e-19 5.612e-19 0.0 135.92 0.0
S155935 187.0713 36.0248 5.642e-19 6.523e-19 6.345e-19 0.0 135.91 0.0
S155936 187.1429 35.9528 9.546999999999999e-22 2.251e-21 9.889e-21 0.0 136.88 0.0
S155937 186.9648 36.0471 2.0999999999999998e-22 4.683999999999999e-22 1.698e-21 0.0 135.65 0.0
S155938 186.8564 36.0684 1.492e-23 4.299e-23 2.882e-22 0.0 137.16 0.0
S155940 187.2509 36.0748 2.0199999999999997e-22 4.695999999999999e-22 1.894e-21 0.0 135.95 0.0
S155941 187.0881 36.0677 1.298e-21 2.639e-21 8.031e-21 0.0 136.91 0.0
S155942 187.1798 36.1233 1.9809999999999998e-22 4.528e-22 1.857e-21 0.0 135.74 0.0
S155943 187.0547 36.0568 2.9990000000000004e-20 4.7990000000000005e-20 8.762e-20 0.0 135.4 0.0
S155944 187.3827 36.0581 4.947e-19 5.67e-19 5.451e-19 0.0 136.43 0.0
S155945 186.8312 36.0901 2.134e-19 2.781e-19 3.468e-19 0.0 135.63 0.0
S155946 187.1886 36.012 1.997e-21 4.02e-21 1.2120000000000001e-20 0.0 135.83 0.0
S155947 187.081 36.0358 3.448e-23 1.0049999999999999e-22 6.638e-22 0.0 136.01 0.0
S155948 186.8985 35.9748 1.437e-22 3.2239999999999995e-22 1.2140000000000001e-21 0.0 135.46 0.0
S155949 186.9217 36.028 3.925e-23 1.068e-22 6.165999999999999e-22 0.0 136.41 0.0
S155950 187.041 35.9596 1.5440000000000001e-21 3.028e-21 8.963000000000001e-21 0.0 136.47 0.0
S155951 187.0132 36.0827 8.872e-23 2.14e-22 1.0120000000000001e-21 0.0 135.73 0.0
S155952 187.1885 36.0501 4.374e-23 1.2419999999999998e-22 7.707999999999999e-22 0.0 136.01 0.0
S155953 187.2567 36.0703 1.74e-18 1.84e-18 1.47e-18 0.0 135.51 0.0
S155954 187.0467 36.0176 1.92e-16 1.507e-16 6.861e-17 0.001 136.6 1.0
S155955 187.0969 35.9034 9.48e-22 2.0420000000000002e-21 7.515e-21 0.0 136.95 0.0
S155956 187.0517 35.9696 5.196e-20 7.384e-20 1.125e-19 0.0 136.41 0.0
S155957 187.0275 36.1115 1.206e-22 3.0479999999999997e-22 1.533e-21 0.0 136.83 0.0
S155958 187.3147 36.0456 5.247e-17 6.413e-17 7.014e-17 0.0 136.61 0.0
S155959 187.1681 36.0655 1.987e-21 1.367e-21 4.749e-22 0.0 135.43 0.0
S155960 186.9516 36.0565 6.374e-18 6.121e-18 3.891e-18 0.0 136.59 0.0
S155961 186.9157 36.0525 5.329e-22 1.234e-21 5.08e-21 0.0 135.23 0.0
S155962 187.075 35.98 8.799e-14 5.825e-14 1.778e-14 0.0 135.33 0.0
S155963 187.0418 36.033 3.2839999999999995e-22 8.008999999999999e-22 3.564e-21 0.0 135.23 0.0
S155964 187.1491 36.0751 7.193e-21 1.282e-20 3.1100000000000003e-20 0.0 135.66 0.0
S155965 186.7012 36.1608 6.868e-23 1.7499999999999998e-22 8.956999999999999e-22 0.0 136.73 0.0
S155966 186.9837 36.1192 7.087e-24 2.0869999999999998e-23 1.4499999999999998e-22 0.0 136.71 0.0
S155967 187.0776 36.1125 6.113e-19 7.186e-19 7.117e-19 0.0 135.49 0.0
S155968 187.145 36.1232 7.372e-20 1.051e-19 1.586e-19 0.001 135.37 0.0
S155969 186.8936 36.0401 1.647e-24 5.784e-24 5.857e-23 0.0 137.2 0.0
S155970 187.0922 36.087 1.7179999999999999e-22 4.1879999999999994e-22 1.919e-21 0.0 136.78 0.0
S155971 187.1602 35.9684 5.864e-17 6.253e-17 5.281e-17 0.0 136.52 0.0
S155972 187.0642 36.1022 5.817e-21 1.0480000000000001e-20 2.55e-20 0.0 136.23 0.0
S155973 187.2563 36.0524 3.076e-18 3.26e-18 2.63e-18 0.0 135.35 0.0
S155974 186.9838 35.9919 7.881e-21 1.349e-20 3.0410000000000003e-20 0.0 136.57 0.0
S155975 186.98 36.1494 4.525e-18 4.467e-18 3.088e-18 0.0 136.93 0.0
S155976 187.331 36.0368 1.164e-16 1.107e-16 7.142e-17 0.0 135.8 0.0
S155977 187.1197 36.0518 2.496e-21 4.925e-21 1.4470000000000002e-20 0.0 135.81 0.0
S155978 186.9327 36.1016 5.966e-13 4.268e-13 1.595e-13 0.0 135.31 0.0
S155979 186.8668 36.0523 4.767e-22 9.812999999999999e-22 3.116e-21 0.0 135.43 0.0
S155980 187.2432 36.0299 1.1679999999999999e-23 3.49e-23 2.347e-22 0.0 135.36 0.0
S155981 186.8782 36.045 3.9870000000000003e-20 6.096000000000001e-20 1.057e-19 0.0 135.93 0.0
S155982 187.1153 36.0356 4.065e-21 7.365e-21 1.8160000000000003e-20 0.0 137.11 0.0
S155983 186.7425 36.1497 7.197e-13 5.205e-13 1.97e-13 0.0 137.02 0.0
S155984 187.1071 35.9696 1.7820000000000002e-20 2.899e-20 5.643000000000001e-20 0.0 136.44 0.0
S155985 186.9996 36.1211 5.863e-24 2.0089999999999998e-23 1.7979999999999998e-22 0.0 136.93 0.0
S155986 187.0924 36.1518 7.904e-21 1.3530000000000002e-20 3.016e-20 0.0 136.85 0.0
S155987 187.1667 35.9036 2.756e-19 3.515e-19 4.127e-19 0.0 135.78 0.0
S155988 187.0301 36.0635 8.141e-23 2.064e-22 9.736e-22 0.0 136.4 0.0
S155989 186.8928 36.0377 4.185e-21 7.514e-21 1.86e-20 0.0 137.04 0.0
S155990 187.1388 35.9376 5.471e-20 7.932000000000001e-20 1.218e-19 0.0 137.21 0.0
S155991 186.9152 36.1313 3.1780000000000004e-20 4.8480000000000005e-20 8.498000000000001e-20 0.0 136.24 0.0
S155992 187.1167 36.0027 7.485e-23 1.9549999999999998e-22 1.053e-21 0.0 135.96 0.0
S155993 187.2565 36.0038 2.1649999999999998e-23 6.258e-23 4.1609999999999996e-22 0.0 135.98 0.0
S155994 187.075 36.1167 1.7090000000000002e-21 3.359e-21 9.625e-21 0.0 136.58 0.0
S155995 186.9896 35.985 1.205e-17 1.092e-17 6.576e-18 0.0 136.44 0.0
S155996 187.0753 36.023 2.076e-21 1.4460000000000001e-21 4.966999999999999e-22 0.0 136.64 0.0
S155997 187.0427 36.1141 2.351e-23 6.631999999999999e-23 4.1689999999999996e-22 0.0 136.27 0.0
S155998 187.1808 36.0062 2.76e-13 1.834e-13 5.956e-14 0.0 135.66 0.0
S155999 187.1574 36.0954 7.229000000000001e-21 1.2910000000000002e-20 3.0110000000000005e-20 0.0 136.97 0.0
S156000 187.1311 36.0445 5.43e-21 9.204e-21 1.9850000000000003e-20 0.0 135.69 0.0
S156001 187.0456 36.1442 2.221e-21 4.39e-21 1.3050000000000001e-20 0.0 137.15 0.0
S156002 187.2658 35.9727 3.438e-17 4.087e-17 4.227e-17 0.0 136.54 0.0
S156003 186.8435 36.0749 5.406e-23 1.473e-22 8.2679999999999995e-22 0.0 136.8 0.0
S156004 187.247 35.9645 2.924e-17 2.494e-17 1.305e-17 0.0 135.9 0.0
S156005 186.8809 36.0891 1.073e-18 1.199e-18 1.042e-18 0.0 135.79 0.0
S156006 187.097 36.059 2.554e-19 3.234e-19 3.798e-19 0.0 137.17 0.0
S156007 187.2462 36.0627 3.178e-19 3.858e-19 4.128e-19 0.0 136.9 0.0
S156008 187.1633 36.0665 3.9899999999999996e-22 8.013999999999999e-22 2.418e-21 0.0 135.75 0.0
S156009 187.281 36.0256 9.099e-21 1.5170000000000002e-20 3.1440000000000004e-20 0.0 136.94 0.0
S156010 187.1565 36.1261 3.336e-17 2.937e-17 1.664e-17 0.0 136.65 0.0
S156011 187.2276 36.015 1.2790000000000001e-20 2.1280000000000002e-20 4.381e-20 0.0 135.71 0.0
S156012 187.1493 36.0944 5.22e-19 6.12e-19 6.076e-19 0.0 136.56 0.0
S156013 187.0075 36.0518 2.34e-17 2.987e-17 3.525e-17 0.0 136.98 0.0
S156014 187.0402 35.9732 6.829e-21 1.182e-20 2.718e-20 0.0 135.92 0.0
S156015 187.3214 36.0233 3.722e-24 1.1629999999999999e-23 8.997e-23 0.0 136.04 0.0
S156016 187.1272 35.9965 1.537e-17 1.298e-17 6.793e-18 0.0 135.1 0.0
S156017 186.9914 36.0387 4.4810000000000006e-20 6.591e-20 1.078e-19 0.0 135.73 0.0
S156018 187.1873 36.115 2.037e-21 4.12e-21 1.2850000000000001e-20 0.0 136.96 0.0
S156019 187.0628 36.1467 3.861e-24 1.368e-23 1.351e-22 0.0 136.38 0.0
S156020 186.9916 35.9794 1.7589999999999998e-23 4.988e-23 3.2339999999999997e-22 0.0 137.06 0.0
S156021 187.3489 36.0381 1.995e-18 2.147e-18 1.774e-18 0.0 135.5 0.0
S156022 187.063 36.0351 7.464e-21 1.2550000000000001e-20 2.702e-20 0.0 136.51 0.0
S156023 187.064 36.1319 2.665e-17 2.351e-17 1.249e-17 0.0 136.98 0.0
S156024 187.0971 36.1642 1.42e-18 1.487e-18 1.188e-18 0.0 135.72 0.0
S156025 186.8358 36.0687 9.243e-22 1.771e-21 4.9870000000000004e-21 0.0 135.93 0.0
S156026 187.1033 36.1084 2.4690000000000002e-20 3.8250000000000006e-20 6.698000000000001e-20 0.0 135.59 0.0
S156027 187.0048 36.0872 2.469e-19 3.154e-19 3.83e-19 0.0 135.92 0.0
S156028 186.9749 35.9685 5.383e-20 7.779e-20 1.182e-19 0.0 135.33 0.0
S156029 187.314 36.1778 1.377e-18 1.607e-18 1.586e-18 0.0 137.27 0.0
S156030 187.226 36.0512 1.9590000000000002e-20 3.2800000000000006e-20 6.546000000000001e-20 0.0 135.21 0.0
S156031 187.1094 35.9703 2.8189999999999996e-23 8.1e-23 5.157999999999999e-22 0.0 135.79 0.0
S156032 187.0405 36.0287 2.6379999999999998e-23 7.427e-23 4.645e-22 0.0 135.69 0.0
S156033 187.2836 35.9427 7.954e-19 8.685e-19 7.583e-19 0.0 136.75 0.0
S156034 187.3137 36.0696 1.7019999999999998e-22 4.358999999999999e-22 2.2080000000000002e-21 0.0 135.76 0.0
S156035 186.989 35.9699 1.3210000000000001e-21 2.54e-21 7.302e-21 0.0 135.77 0.0
S156036 187.0938 35.9187 3.182e-23 8.702e-23 5.348999999999999e-22 0.0 136.81 0.0
S156037 186.8905 36.0207 1.31e-16 1.191e-16 7.215e-17 0.0 136.09 0.0
S156038 187.0618 35.9702 1.077e-21 2.227e-21 7.329e-21 0.0 136.63 0.0
S156039 186.9866 36.1117 3.3529999999999997e-22 7.953999999999999e-22 3.409e-21 0.0 136.21 0.0
S156040 187.0637 35.9511 5.116e-21 9.27e-21 2.3180000000000002e-20 0.0 135.59 0.0
S156041 187.1735 35.9682 1.094e-22 2.7639999999999996e-22 1.409e-21 0.0 136.34 0.0
S156042 187.1667 35.9395 2.042e-17 1.848e-17 1.092e-17 0.0 136.49 0.0
S156043 187.148 35.9532 1.003e-16 8.594e-17 4.356e-17 0.0 135.4 0.0
S156044 187.0374 36.077 9.036e-19 1.02e-18 9.582e-19 0.0 136.26 0.0
S156045 187.1946 36.0319 1.958e-21 3.681e-21 9.485e-21 0.0 136.04 0.0
S156046 187.0639 36.1405 2.294e-23 6.377e-23 3.9299999999999995e-22 0.0 135.47 0.0
S156047 187.0717 36.1859 3.529e-21 6.548e-21 1.6650000000000002e-20 0.0 136.78 0.0
S156048 187.1566 36.0323 2.409e-21 1.652e-21 5.512999999999999e-22 0.0 136.0 0.0
S156049 186.9317 36.0573 1.011e-21 2.189e-21 7.909e-21 0.0 135.9 0.0
S156050 187.0086 36.142 7.532e-18 7.489e-18 5.341e-18 0.0 135.59 0.0
S156051 187.0269 36.139 5.989e-19 7.095e-19 7.405e-19 0.0 136.28 0.0
S156052 186.8197 36.0311 2.77e-27 2.2140000000000002e-26 1.189e-24 0.0 136.86 0.0
S156053 186.9855 36.0427 6.186999999999999e-22 1.201e-21 3.523e-21 0.0 136.37 0.0
S156054 186.8881 36.1162 5.212e-22 1.145e-21 4.085e-21 0.0 135.41 0.0
S156055 187.0735 36.0139 1.502e-21 3.06e-21 9.432e-21 0.0 135.17 0.0
S156056 187.0376 36.015 1.029e-24 4.07e-24 5.176e-23 0.0 136.89 0.0
S156057 187.167 36.1125 3.066e-21 5.595e-21 1.377e-20 0.0 135.96 0.0
S156058 187.221 36.088 1.143e-19 1.639e-19 2.412e-19 0.0 136.63 0.0
S156059 187.0802 35.924 1.695e-25 7.628e-25 1.3179999999999999e-23 0.0 136.39 0.0
S156060 187.1028 36.1129 1.282e-19 1.725e-19 2.246e-19 0.0 136.84 0.0
S156061 186.9013 36.1821 3.105e-21 5.556e-21 1.369e-20 0.0 135.43 0.0
S156062 187.1967 36.1352 3.788e-23 9.315e-23 4.336e-22 0.0 136.84 0.0
S156063 187.2311 36.1201 1.052e-17 1.904e-17 4.574e-17 0.0 135.2 0.0
S156064 187.1568 35.9677 9.012e-25 3.712e-24 5.082e-23 0.0 136.38 0.0
S156065 187.0243 36.1529 7.702e-20 1.097e-19 1.607e-19 0.0 136.96 0.0
S156066 187.1794 36.0015 1.279e-21 2.584e-21 7.867e-21 0.0 136.87 0.0
S156067 187.0564 36.0135 3.234e-21 5.802e-21 1.362e-20 0.0 136.06 0.0
S156068 187.0569 36.0329 1.2840000000000002e-20 2.0720000000000002e-20 3.9490000000000006e-20 0.0 136.18 0.0
S156069 187.0792 36.0963 1.662e-21 3.352e-21 1.0360000000000001e-20 0.0 136.42 0.0
S156070 186.9468 36.08 1.634e-18 1.79e-18 1.532e-18 0.0 136.09 0.0
S156071 186.9378 36.0567 3.161e-18 3.219e-18 2.441e-18 0.0 135.7 0.0
S156072 187.1212 36.2024 2.63e-19 3.261e-19 3.797e-19 0.0 136.92 0.0
S156073 187.1306 36.0514 1.369e-19 1.849e-19 2.526e-19 0.0 136.87 0.0
S156074 187.1027 36.0655 2.3059999999999997e-22 5.927e-22 3.047e-21 0.0 135.7 0.0
S156075 186.9911 36.042 2.23e-19 2.991e-19 3.831e-19 0.0 136.84 0.0
S156076 186.9478 36.0348 2.318e-22 5.349999999999999e-22 2.193e-21 0.0 135.49 0.0
S156077 187.1143 36.1256 5.581e-19 6.163e-19 5.509e-19 0.0 136.28 0.0
S156078 186.8368 36.087 2.0689999999999998e-22 4.748e-22 1.934e-21 0.0 136.43 0.0
S156079 187.0422 36.1469 1.668e-21 1.183e-21 4.2329999999999994e-22 0.0 136.65 0.0
S156080 187.1683 36.0814 1.312e-24 5.05e-24 5.937e-23 0.0 136.68 0.0
S156081 186.9333 36.0389 7.067e-24 2.2429999999999998e-23 1.8499999999999998e-22 0.0 136.24 0.0
S156082 187.1964 36.0902 3.901e-21 7.14e-21 1.77e-20 0.0 137.02 0.0
S156083 186.8915 36.1391 1.103e-19 1.493e-19 1.977e-19 0.0 135.8 0.0
S156084 187.1402 35.9631 2.673e-18 2.742e-18 2.153e-18 0.0 135.33 0.0
S156085 187.3005 36.1029 6.059000000000001e-20 8.746000000000001e-20 1.319e-19 0.0 137.1 0.0
S156086 187.3189 36.0804 1.2570000000000001e-20 2.2540000000000003e-20 5.32e-20 0.0 137.0 0.0
S156087 186.9203 36.1168 4.076e-22 9.100999999999999e-22 3.352e-21 0.0 136.65 0.0
S156088 187.1398 36.1526 2.218e-19 2.872e-19 3.513e-19 0.0 136.15 0.0
S156089 187.0271 35.885 1.935e-24 6.785e-24 6.541e-23 0.0 135.55 0.0
S156090 187.3068 36.0135 3.749e-22 9.249999999999999e-22 4.259e-21 0.0 136.59 0.0
S156091 186.7888 36.0693 2.4520000000000002e-21 4.7140000000000004e-21 1.275e-20 0.0 136.59 0.0
S156092 187.1572 36.0524 2.456e-21 4.295e-21 9.495e-21 0.0 135.65 0.0
S156093 186.774 36.1212 2.885e-23 7.366e-23 3.6869999999999997e-22 0.0 135.6 0.0
S156094 187.0336 36.0427 2.214e-22 5.575999999999999e-22 2.713e-21 0.0 136.49 0.0
S156095 186.9575 35.9755 3.196e-18 3.112e-18 2.091e-18 0.0 136.34 0.0
S156096 187.396 36.0368 6.065e-18 6.035e-18 4.436e-18 0.0 135.01 0.0
S156097 187.2527 36.0252 1.742e-21 3.497e-21 1.0710000000000001e-20 0.0 135.17 0.0
S156098 187.2326 35.933 4.636e-24 1.536e-23 1.336e-22 0.0 136.17 0.0
S156099 187.1903 36.0227 1.934e-19 2.525e-19 3.142e-19 0.0 136.31 0.0
S156100 187.0211 35.9675 1.357e-17 1.229e-17 7.322e-18 0.0 136.47 0.0
S156101 186.9195 36.0816 2.033e-11 1.379e-11 4.711e-12 0.0 136.85 0.0
S156102 187.305 36.0107 1.258e-19 1.629e-19 1.999e-19 0.0 135.76 0.0
S156103 186.9081 36.1368 2.3349999999999997e-22 5.304e-22 2.127e-21 0.0 135.54 0.0
S156104 187.0197 36.0139 6.023e-20 8.487000000000001e-20 1.272e-19 0.0 137.12 0.0
S156105 187.0471 36.1066 2.202e-23 6.5e-23 4.5089999999999995e-22 0.001 135.33 0.0
S156106 187.1257 36.0456 3.014e-20 4.4820000000000005e-20 7.37e-20 0.0 136.67 0.0
S156107 187.0647 36.0642 2.436e-18 2.501e-18 1.9e-18 0.0 136.93 0.0
S156108 187.2037 36.093 4.708e-21 8.887e-21 2.4630000000000002e-20 0.0 136.48 0.0
S156109 186.7446 36.1152 6.477999999999999e-22 1.459e-21 5.794e-21 0.0 135.79 0.0
S156110 187.13 35.9626 8.635e-25 3.1879999999999998e-24 3.488e-23 0.0 135.93 0.0
S156111 187.1804 36.1294 5.488e-25 2.284e-24 3.2999999999999996e-23 0.0 136.57 0.0
S156112 187.1696 36.005 1.908e-23 6.102999999999999e-23 4.799999999999999e-22 0.001 136.89 0.0
S156113 187.1565 36.14 7.981e-25 3.042e-24 3.548e-23 0.0 136.92 0.0
S156114 187.0681 36.2313 2.413e-17 2.031e-17 1.058e-17 0.0 136.52 0.0
S156115 186.8619 36.036 1.507e-21 1.09e-21 4.0959999999999997e-22 0.0 136.65 0.0
S156116 187.1477 36.1401 2.9690000000000003e-26 1.715e-25 4.662e-24 0.0 136.62 0.0
S156117 187.326 36.0325 1.924e-21 3.778e-21 1.0840000000000001e-20 0.0 136.91 0.0
S156118 187.1007 36.1604 2.801e-18 3.007e-18 2.545e-18 0.0 137.0 0.0
S156119 186.8111 36.036 1.13e-17 1.066e-17 7.042e-18 0.0 135.77 0.0
S156120 187.2872 36.1228 1.21e-22 2.5039999999999996e-22 8.250999999999999e-22 0.0 136.42 0.0
S156121 186.9168 36.0799 6.125999999999999e-22 1.457e-21 6.071e-21 0.0 135.31 0.0
S156122 187.0479 35.9945 1.058e-21 1.943e-21 5.124e-21 0.0 137.12 0.0
S156123 187.0988 36.1223 6.806e-24 2.488e-23 2.7119999999999996e-22 0.0 135.58 0.0
S156124 187.1954 36.0951 1.202e-17 1.081e-17 6.377e-18 0.0 135.56 0.0
S156125 187.3336 36.0862 2.4149999999999996e-22 5.1929999999999995e-22 1.824e-21 0.0 135.94 0.0
S156126 187.1264 36.1519 3.772e-18 3.916e-18 3.156e-18 0.0 136.65 0.0
S156127 187.0414 36.1393 5.225e-19 6.042e-19 6.05e-19 0.0 136.54 0.0
S156128 187.1875 35.9589 1.65e-18 1.719e-18 1.384e-18 0.0 135.34 0.0
S156129 187.0523 36.0525 1.857e-24 7.470999999999999e-24 9.771e-23 0.0 136.21 0.0
S156130 186.9871 35.8867 2.0479999999999998e-22 4.752e-22 1.95e-21 0.0 135.09 0.0
S156131 187.1165 35.9987 7.17e-22 1.577e-21 5.785e-21 0.0 137.21 0.0
S156132 186.9121 36.1712 3.088e-23 7.42e-23 3.4729999999999998e-22 0.0 136.33 0.0
S156133 187.2165 35.8862 7.952e-20 1.114e-19 1.553e-19 0.0 136.57 0.0
S156134 187.189 36.1113 9.145e-24 2.546e-23 1.6019999999999998e-22 0.0 136.11 0.0
S156135 187.0895 36.1013 5.4e-19 6.276e-19 5.949e-19 0.0 136.66 0.0
S156136 187.182 36.0997 3.1430000000000005e-20 4.906e-20 8.867e-20 0.0 136.73 0.0
S156137 186.7177 36.0843 8.039e-21 1.3310000000000001e-20 2.6700000000000002e-20 0.0 135.69 0.0
S156138 187.0631 36.1391 9.729000000000001e-20 1.369e-19 2.001e-19 0.0 135.18 0.0
S156139 187.464 36.1169 8.506999999999999e-22 1.829e-21 6.396e-21 0.0 136.56 0.0
S156140 187.1466 36.0301 3.625e-17 3.047e-17 1.599e-17 0.0 136.61 0.0
S156141 186.9337 36.1889 8.855e-23 2.1349999999999997e-22 9.74e-22 0.0 134.99 0.0
S156142 186.805 36.1183 5.113e-24 1.708e-23 1.467e-22 0.0 137.24 0.0
S156143 187.0882 36.0642 2.417e-19 3.085e-19 3.645e-19 0.0 135.53 0.0
S156144 187.2472 36.1414 3.162e-22 6.533e-22 2.09e-21 0.0 137.18 0.0
S156145 186.9428 36.0165 1.306e-24 5.021e-24 5.998e-23 0.0 135.51 0.0
S156146 187.0648 36.179 2.784e-19 3.338e-19 3.572e-19 0.0 136.61 0.0
S156147 187.3027 36.0339 3.9050000000000004e-21 7.34e-21 1.8900000000000002e-20 0.0 136.39 0.0
S156148 187.1232 36.1644 7.778e-19 8.842e-19 8.744e-19 0.0 135.54 0.0
S156149 186.9354 36.0107 6.877e-19 7.723e-19 7.151e-19 0.0 136.49 0.0
S156150 187.0835 35.9461 6.639e-17 7.774e-17 7.874e-17 0.0 136.46 0.0
S156151 187.3069 35.948 1.351e-19 1.892e-19 2.716e-19 0.0 136.41 0.0
S156152 187.0467 36.0711 1.173e-22 3.0899999999999995e-22 1.65e-21 0.0 136.34 0.0
S156153 186.8042 36.1272 1.7979999999999998e-23 5.341e-23 3.6189999999999996e-22 0.0 136.96 0.0
S156154 186.9488 35.9204 8.106e-23 2.2009999999999997e-22 1.252e-21 0.0 136.89 0.0
S156155 187.0761 36.176 7.889e-20 1.126e-19 1.676e-19 0.0 135.94 0.0
S156156 187.0391 36.1001 1.311e-21 2.305e-21 5.479e-21 0.0 136.03 0.0
S156157 186.953 36.0875 1.594e-21 3.319e-21 1.073e-20 0.0 135.14 0.0
S156158 187.169 35.9801 1.437e-18 1.491e-18 1.156e-18 0.0 136.91 0.0
S156159 186.9216 36.0554 3.7649999999999997e-23 1.065e-22 6.702999999999999e-22 0.0 136.65 0.0
S156160 187.2267 36.0452 5.613e-22 1.379e-21 6.197e-21 0.0 135.62 0.0
S156161 187.2334 36.0165 2.1300000000000003e-20 3.396e-20 6.579e-20 0.0 135.23 0.0
S156162 187.232 36.0411 1.577e-21 3.226e-21 1.0640000000000001e-20 0.0 136.53 0.0
S156163 187.0577 36.1835 1.603e-22 4.329999999999999e-22 2.439e-21 0.0 137.13 0.0
S156164 186.7394 36.0475 3.863e-19 4.845e-19 5.533e-19 0.0 137.1 0.0
S156165 186.9473 36.0496 1.8440000000000002e-20 3.049e-20 5.99e-20 0.0 135.73 0.0
S156166 187.0959 36.0658 7.901e-24 2.843e-23 2.859e-22 0.0 135.57 0.0
S156167 187.1584 36.0117 1.964e-18 2.053e-18 1.651e-18 0.0 136.72 0.0
S156168 186.9065 36.014 6.303e-23 1.685e-22 9.635999999999999e-22 0.0 136.92 0.0
S156169 187.2416 36.2227 7.577e-21 1.2970000000000001e-20 2.7910000000000005e-20 0.0 135.15 0.0
S156170 187.2509 36.1474 1.1120000000000001e-20 1.9380000000000002e-20 4.4530000000000006e-20 0.0 135.28 0.0
S156171 187.2119 35.9779 4.977e-24 1.491e-23 1.0359999999999999e-22 0.0 136.43 0.0
S156172 187.1681 36.0339 1.117e-21 2.248e-21 6.894e-21 0.0 136.26 0.0
S156173 187.3345 35.988 5.432000000000001e-20 7.74e-20 1.17e-19 0.0 136.04 0.0
S156174 186.9262 36.0321 7.147e-23 1.7839999999999998e-22 8.498e-22 0.0 135.78 0.0
S156175 186.9593 36.1409 2.64e-13 1.811e-13 5.969e-14 0.0 135.36 0.0
S156176 187.207 36.1114 3.912e-22 8.618e-22 3.263e-21 0.0 135.84 0.0
S156177 187.0864 36.158 1.0790000000000001e-26 7.452e-26 3.032e-24 0.0 136.63 0.0
S156178 187.1649 36.0062 8.424000000000001e-20 1.206e-19 1.816e-19 0.0 136.08 0.0
S156179 187.183 36.0192 3.7449999999999996e-22 9.026e-22 4.0360000000000004e-21 0.0 137.17 0.0
S156180 187.4351 36.0499 1.791e-20 2.8040000000000005e-20 5.1730000000000004e-20 0.0 136.82 0.0
S156181 187.3385 36.0904 1.266e-19 1.709e-19 2.259e-19 0.0 136.96 0.0
S156182 187.0255 36.001 1.581e-19 2.046e-19 2.575e-19 0.0 135.69 0.0
S156183 187.1526 35.9952 7.015999999999999e-22 1.4400000000000001e-21 4.743e-21 0.0 136.76 0.0
S156184 187.0428 36.0695 7.495e-18 7.081e-18 4.464e-18 0.0 135.36 0.0
S156185 186.7655 36.1623 7.217999999999999e-23 1.7269999999999997e-22 7.542e-22 0.0 137.13 0.0
S156186 187.2723 36.2018 3.023e-24 9.558e-24 7.602e-23 0.0 136.88 0.0
S156187 186.9666 36.1649 1.829e-24 7.068e-24 8.615999999999999e-23 0.0 136.17 0.0
S156188 186.8704 35.9587 2.516e-25 1.046e-24 1.504e-23 0.0 135.82 0.0
S156189 187.0232 36.2371 1.7529999999999997e-22 3.9139999999999995e-22 1.464e-21 0.0 135.86 0.0
S156190 187.0538 35.9732 1.626e-22 4.135e-22 2.055e-21 0.0 135.81 0.0
S156191 187.1334 36.1237 3.416e-19 4.09e-19 4.276e-19 0.0 135.49 0.0
S156192 186.9889 36.0322 6.183e-19 7.013e-19 6.344e-19 0.0 136.83 0.0
S156193 187.0871 36.1378 5.0580000000000004e-21 8.675e-21 1.957e-20 0.0 136.57 0.0
S156194 187.2987 36.0639 7.132e-19 8.226e-19 7.619e-19 0.0 136.49 0.0
S156195 186.9463 36.1056 5.701e-24 1.7619999999999998e-23 1.3649999999999999e-22 0.0 135.1 0.0
S156196 187.2631 36.0303 1.202e-21 2.5470000000000002e-21 8.646e-21 0.0 137.11 0.0
S156197 187.1623 36.1336 4.831e-18 4.727e-18 3.246e-18 0.0 136.77 0.0
S156198 187.0374 36.0035 7.838e-22 1.64e-21 5.529e-21 0.0 136.2 0.0
S156199 186.9269 36.0427 1.44e-16 1.752e-16 1.861e-16 0.0 135.59 0.0
S156200 187.2957 35.9845 7.289e-22 1.655e-21 6.391e-21 0.0 136.32 0.0
S156201 187.1952 36.0792 3.306e-21 6.18e-21 1.652e-20 0.0 136.04 0.0
S156202 186.7396 36.0807 3.247e-23 8.604e-23 4.813e-22 0.0 136.17 0.0
S156203 187.1843 36.0066 2.075e-23 6.391999999999999e-23 4.644e-22 0.0 135.57 0.0
S156204 186.8787 36.162 5.089e-24 1.708e-23 1.5469999999999999e-22 0.0 136.63 0.0
S156205 186.8711 36.1054 7.222e-19 8.291e-19 8.187e-19 0.0 135.13 0.0
S156206 186.9453 36.1748 2.93e-21 5.6770000000000004e-21 1.5990000000000002e-20 0.0 136.2 0.0
S156207 187.0492 36.0696 3.183e-17 2.609e-17 1.306e-17 0.0 135.16 0.0
S156208 186.8844 36.1584 4.372e-21 8.155000000000001e-21 2.1240000000000002e-20 0.0 136.92 0.0
S156209 187.2433 36.0046 5.122e-23 1.25e-22 5.962999999999999e-22 0.0 136.57 0.0
S156210 186.8702 36.0251 2.461e-21 4.742e-21 1.357e-20 0.0 136.33 0.0
S156211 186.8806 36.0467 1.483e-21 1.052e-21 3.9009999999999996e-22 0.0 135.22 0.0
S156212 187.1666 35.9245 5.451e-22 1.167e-21 4.041e-21 0.0 136.05 0.0
S156213 187.0399 36.0178 4.0329999999999995e-22 9.742e-22 4.379e-21 0.0 136.97 0.0
S156214 187.1972 35.9863 2.3479999999999996e-22 5.499999999999999e-22 2.38e-21 0.0 136.81 0.0
S156215 187.1813 36.1843 4.996999999999999e-22 1.061e-21 3.692e-21 0.0 135.84 0.0
S156216 187.1947 36.0732 3.919e-18 4.086e-18 3.126e-18 0.0 136.07 0.0
S156217 187.0055 36.0636 1.5560000000000001e-21 2.832e-21 7.301e-21 0.0 135.48 0.0
S156218 187.0925 35.9382 1.0220000000000001e-20 1.676e-20 3.422e-20 0.0 136.73 0.0
S156219 187.066 36.1633 1.0090000000000001e-21 1.922e-21 5.469e-21 0.0 136.4 0.0
S156220 187.2532 36.0611 6.396e-17 7.052e-17 6.212e-17 0.0 135.46 0.0
S156221 187.1295 36.1431 8.39e-23 2.0679999999999997e-22 9.839999999999998e-22 0.0 136.17 0.0
S156222 187.037 36.0578 2.432e-19 2.998e-19 3.36e-19 0.0 136.54 0.0
S156223 187.1918 36.1795 2.235e-18 2.301e-18 1.836e-18 0.0 135.85 0.0
S156224 187.2427 36.007 1.4279999999999999e-22 3.319e-22 1.388e-21 0.0 137.23 0.0
S156225 187.0163 36.1931 2.1729999999999998e-23 5.619e-23 2.8829999999999996e-22 0.0 136.28 0.0
S156226 186.9843 35.9237 1.772e-17 1.759e-17 1.275e-17 0.0 136.34 0.0
S156227 186.9436 35.9435 1.1379999999999998e-22 2.6979999999999996e-22 1.188e-21 0.0 135.72 0.0
S156228 187.0026 35.9859 6.107e-21 1.0120000000000001e-20 2.0970000000000002e-20 0.0 136.83 0.0
S156229 187.0037 36.1566 2.89e-20 4.4870000000000007e-20 7.821e-20 0.0 136.26 0.0
S156230 186.8839 36.0443 4.93e-19 5.696e-19 5.262e-19 0.0 136.8 0.0
S156231 186.9759 36.111 4.443e-25 2.004e-24 3.249e-23 0.0 135.85 0.0
S156232 187.2967 35.9892 2.4029999999999997e-22 5.500999999999999e-22 2.182e-21 0.0 135.21 0.0
S156233 187.0103 36.1084 7.692000000000001e-20 1.025e-19 1.375e-19 0.0 136.6 0.0
S156234 187.2009 35.9956 2.303e-28 2.378e-27 2.1820000000000003e-25 0.0 136.22 0.0
S156235 187.1613 36.1878 8.076e-19 9.118e-19 8.733e-19 0.0 137.13 0.0
S156236 187.1408 36.2146 2.693e-17 3.784e-17 5.455e-17 0.0 135.98 0.0
S156237 186.9749 36.1624 8.887e-22 1.908e-21 7.017e-21 0.0 136.87 0.0
S156238 187.1596 36.1659 9.709e-20 1.266e-19 1.585e-19 0.0 136.68 0.0
S156239 187.1903 36.0527 1.7089999999999998e-22 4.536999999999999e-22 2.4820000000000002e-21 0.0 136.76 0.0
S156240 187.0034 36.0236 3.4849999999999996e-22 8.649e-22 4.126e-21 0.0 135.6 0.0
S156241 186.9875 36.0522 6.241e-19 7.308e-19 7.395e-19 0.0 135.53 0.0
S156242 187.0853 36.1407 2.535e-19 3.235e-19 3.878e-19 0.0 136.53 0.0
S156243 187.1763 36.0953 3.0339999999999997e-22 7.207999999999999e-22 3.148e-21 0.0 136.43 0.0
S156244 187.2046 36.0648 8.11e-18 7.528e-18 4.6e-18 0.0 135.3 0.0
S156245 186.8623 36.0571 1.2709999999999999e-23 3.902e-23 2.9299999999999997e-22 0.0 136.34 0.0
S156246 187.224 35.9679 1.964e-23 5.868999999999999e-23 4.1119999999999998e-22 0.0 136.1 0.0
S156247 187.0484 35.9949 2.374e-23 6.446e-23 3.7249999999999997e-22 0.0 135.48 0.0
S156248 186.9546 36.0399 3.625e-17 4.255e-17 4.298e-17 0.0 135.46 0.0
S156249 186.9051 36.1089 5.605e-17 4.647e-17 2.318e-17 0.0 136.7 0.0
S156250 187.2535 36.0026 6.297e-20 8.561000000000001e-20 1.179e-19 0.0 136.26 0.0
S156251 186.8951 35.9678 1.1190000000000001e-21 2.2380000000000002e-21 6.893e-21 0.0 135.93 0.0
S156252 187.0195 36.0705 1.708e-21 3.254e-21 9.015e-21 0.0 136.51 0.0
S156253 187.1957 36.079 1.958e-18 2.226e-18 2.007e-18 0.0 136.86 0.0
S156254 186.908 36.1906 2.27e-24 8.054e-24 7.928e-23 0.0 136.37 0.0
S156255 186.801 35.9921 1.436e-21 2.708e-21 7.516e-21 0.0 137.09 0.0
S156256 187.2331 36.0694 6.693e-24 2.164e-23 1.7379999999999997e-22 0.0 136.69 0.0
S156257 186.9949 36.0529 1.083e-18 1.137e-18 9.199e-19 0.0 136.06 0.0
S156258 186.9045 35.9952 2.5e-19 3.195e-19 3.889e-19 0.0 135.51 0.0
S156259 186.8544 36.0039 9.286e-24 2.653e-23 1.7099999999999998e-22 0.0 136.76 0.0
S156260 186.9727 36.0699 1.253e-18 1.333e-18 1.042e-18 0.0 136.16 0.0
S156261 187.3763 36.034 2.26e-21 4.1550000000000004e-21 1.0050000000000001e-20 0.0 135.35 0.0
S156262 187.3458 35.9997 6.746e-13 5.051e-13 2.106e-13 0.0 135.52 1.0
S156263 187.0512 35.9614 7.606e-20 1.051e-19 1.497e-19 0.0 135.75 0.0
S156264 187.1697 36.1821 5.894e-20 8.517000000000001e-20 1.314e-19 0.0 136.79 0.0
S156265 187.1597 36.1454 3.9499999999999996e-23 1.0329999999999999e-22 5.524e-22 0.0 136.06 0.0
S156266 187.3108 36.0304 9.295e-22 2.191e-21 9.271e-21 0.0 135.3 0.0
S156267 187.0582 36.0618 4.237e-21 7.715e-21 1.873e-20 0.0 136.4 0.0
S156268 187.1393 35.9533 1.8019999999999998e-22 4.1669999999999995e-22 1.765e-21 0.0 137.07 0.0
S156269 187.0477 36.0792 1.324e-18 1.401e-18 1.163e-18 0.0 137.03 0.0
S156270 187.1148 36.2602 2.644e-16 2.563e-16 1.724e-16 0.0 135.22 0.0
S156271 186.9808 36.0604 4.031e-21 7.092e-21 1.563e-20 0.0 136.99 0.0
S156272 186.9217 36.0887 1.2760000000000001e-20 1.9920000000000003e-20 3.685e-20 0.0 136.15 0.0
S156273 187.0595 36.0996 2.9819999999999997e-22 6.866999999999999e-22 2.895e-21 0.0 136.79 0.0
S156274 187.3549 36.1178 4.561e-22 1.1070000000000001e-21 4.981e-21 0.0 135.87 0.0
S156275 186.98 36.1036 1.184e-19 1.548e-19 1.921e-19 0.0 136.48 0.0
S156276 187.3426 36.0876 5.242e-22 1.08e-21 3.46e-21 0.0 136.72 0.0
S156277 187.0732 36.1975 9.127999999999998e-22 2.043e-21 7.878e-21 0.0 135.25 0.0
S156278 186.9632 36.0856 3.9059999999999996e-24 1.349e-23 1.3119999999999998e-22 0.0 136.26 0.0
S156279 186.9695 36.06 2.2069999999999998e-24 8.167e-24 8.953999999999999e-23 0.0 136.16 0.0
S156280 187.2578 36.0279 9.595e-23 2.376e-22 1.1070000000000001e-21 0.0 136.58 0.0
S156281 187.3044 36.1387 3.008e-20 4.5150000000000006e-20 7.726e-20 0.0 136.23 0.0
S156282 186.9823 36.081 1.4e-19 1.841e-19 2.267e-19 0.0 136.7 0.0
S156283 187.1479 35.973 9.522e-20 1.345e-19 1.958e-19 0.0 137.13 0.0
S156284 187.1562 36.0282 3.518e-19 4.538e-19 5.583e-19 0.0 136.95 0.0
S156285 186.9328 35.9837 1.714e-18 1.921e-18 1.778e-18 0.0 136.02 0.0
S156286 187.2152 36.1378 7.174e-13 6.643e-13 3.928e-13 0.0 136.77 1.0
S156287 187.2152 36.0241 8.123e-23 2.132e-22 1.147e-21 0.0 136.72 0.0
S156288 187.2441 36.0182 1.396e-23 3.64e-23 1.8869999999999998e-22 0.0 135.92 0.0
S156289 187.0366 36.0601 6.746999999999999e-23 1.537e-22 6.3659999999999995e-22 0.0 136.58 0.0
S156290 187.0122 36.0502 2.804e-24 9.801e-24 9.56e-23 0.001 136.51 0.0
S156291 186.7384 35.9434 4.876e-19 5.589e-19 5.205e-19 0.0 136.27 1.0
S156292 187.0845 35.9613 1.404e-21 2.677e-21 7.251000000000001e-21 0.0 135.45 0.0
S156293 186.9039 36.1195 1.313e-23 3.912e-23 2.6389999999999996e-22 0.0 136.71 0.0
S156294 187.0668 36.1014 1.128e-25 5.358e-25 9.522e-24 0.0 137.12 0.0
S156295 187.2635 36.1658 7.623e-18 7.066e-18 4.537e-18 0.0 136.63 0.0
S156296 187.2807 36.1111 6.191e-13 4.373e-13 1.588e-13 0.0 137.22 0.0
S156297 187.3278 36.1151 1.817e-21 1.261e-21 4.511e-22 0.0 137.25 0.0
S156298 187.0213 36.0704 4.0769999999999997e-23 1.1939999999999999e-22 8.040999999999999e-22 0.0 135.78 0.0
S156299 187.108 36.0416 5.894e-22 1.234e-21 4.166e-21 0.0 136.29 0.0
S156300 186.9826 36.1374 2.837e-24 9.428e-24 8.239e-23 0.0 135.2 0.0
S156301 187.2832 36.0421 1.309e-19 1.696e-19 2.155e-19 0.0 135.64 0.0
S156302 187.0445 35.9531 1.406e-21 2.807e-21 8.223e-21 0.0 136.87 0.0
S156303 186.9473 36.0577 7.203e-18 7.014e-18 4.665e-18 0.0 136.5 0.0
S156304 186.9546 35.9334 3.07e-23 8.97e-23 6.200999999999999e-22 0.0 136.14 0.0
S156305 186.9719 36.1009 1.236e-21 2.312e-21 6.2600000000000005e-21 0.0 135.52 0.0
S156306 187.0892 36.029 4.622e-21 7.305e-21 1.3480000000000002e-20 0.0 136.26 0.0
S156307 187.3137 36.0998 2.333e-17 2.12e-17 1.299e-17 0.0 136.36 0.0
S156308 187.3176 36.164 2.1079999999999999e-22 4.671999999999999e-22 1.768e-21 0.0 135.27 0.0
S156309 186.9989 36.1453 1.408e-18 1.529e-18 1.295e-18 0.0 136.19 0.0
S156310 186.7382 36.059 8.85e-18 8.24e-18 5.106e-18 0.0 137.13 0.0
S156311 187.3283 36.0116 6.946e-23 1.663e-22 7.017999999999999e-22 0.0 135.48 0.0
S156312 186.9485 36.0358 1.0029999999999999e-23 3.1019999999999997e-23 2.4229999999999996e-22 0.0 135.34 0.0
S156313 187.2218 36.085 1.664e-20 2.713e-20 5.355e-20 0.0 136.21 0.0
S156314 187.2045 36.1365 2.806e-24 9.454e-24 8.6e-23 0.0 135.07 0.0
S156315 187.1335 36.1731 1.965e-21 1.369e-21 4.785999999999999e-22 0.0 135.99 0.0
