Name Equatorial Polar BlueF GreenF RedF Parallax RadialVelocity Variable?
S231347 202.5277 95.7825 2.529e-17 2.742e-17 2.292e-17 0.0 33.59 0.0
S231348 202.3404 95.8456 1.768e-18 2.38e-18 3.3e-18 0.0 33.54 0.0
S231349 202.3501 95.8542 4.2359999999999996e-23 1.488e-22 1.482e-21 0.0 33.41 0.0
S231350 202.4353 95.6368 5.441e-18 6.813e-18 7.867e-18 0.0 33.59 1.0
S231351 202.3707 95.8365 1.757e-20 3.387e-20 9.532000000000001e-20 0.0 33.48 0.0
S231352 202.3747 95.8258 1.581e-11 1.205e-11 5.08e-12 0.0 33.5 1.0
S231353 202.2347 95.8728 5.145e-23 1.6979999999999998e-22 1.485e-21 0.0 33.24 0.0
S231354 202.3201 95.7638 1.538e-20 3.2130000000000004e-20 1.055e-19 0.001 33.49 0.0
S231355 202.2865 96.0526 4.4410000000000005e-20 8.194000000000001e-20 2.138e-19 0.0 33.17 0.0
S231356 202.4239 95.9536 1.369e-18 1.904e-18 2.684e-18 0.0 33.37 0.0
S231357 202.3493 95.9727 1.836e-20 1.3080000000000002e-20 4.908e-21 0.0 33.26 0.0
S231358 202.3522 95.8626 4.154e-21 9.9e-21 4.3510000000000005e-20 0.001 33.42 0.0
S231359 202.3408 95.8689 4.431e-19 6.679e-19 1.125e-18 0.0 33.33 0.0
S231360 202.2485 95.6855 2.36e-21 6.179e-21 3.1780000000000004e-20 0.0 33.42 0.0
S231361 202.5845 96.1427 2.087e-18 2.894e-18 4.058e-18 0.0 33.35 0.0
S231362 202.3385 95.9564 1.337e-17 1.535e-17 1.505e-17 0.0 33.3 0.0
S231363 202.2936 95.2752 6.105e-23 1.9979999999999997e-22 1.717e-21 0.0 33.55 0.0
S231364 202.3772 95.918 2.136e-21 5.176e-21 2.3730000000000002e-20 0.001 33.38 0.0
S231365 202.3359 95.8052 5.836e-16 6.384e-16 5.427e-16 0.0 33.54 0.0
S231366 201.9903 95.638 2.736e-21 6.626e-21 2.934e-20 0.0 33.31 0.0
S231367 202.5482 95.6004 8.734e-20 1.516e-19 3.491e-19 0.0 33.62 0.0
S231368 202.5748 96.1959 1.937e-16 1.733e-16 9.674e-17 0.0 33.37 1.0
S231369 202.1998 95.702 8.778999999999999e-22 2.347e-21 1.3640000000000003e-20 0.0 33.39 0.0
S231370 202.0948 95.9901 2.9750000000000002e-21 7.116e-21 3.183e-20 0.0 33.17 0.0
S231371 202.3278 95.7072 1.743e-18 2.354e-18 3.022e-18 0.0 33.56 0.0
S231372 201.8744 96.0859 7.142e-21 1.5790000000000002e-20 5.684e-20 0.0 33.17 0.0
S231373 202.2802 96.1257 2.401e-20 4.8830000000000004e-20 1.53e-19 0.0 33.25 0.0
S231374 202.4138 96.2002 2.4760000000000002e-21 6.3070000000000004e-21 3.159e-20 0.0 33.26 0.0
S231375 202.0836 95.7597 4.976e-21 1.125e-20 4.2400000000000005e-20 0.0 33.28 0.0
S231376 202.3758 95.8454 7.396999999999999e-22 1.8930000000000002e-21 9.924e-21 0.0 33.53 0.0
S231377 202.4882 95.4635 8.338e-18 9.656e-18 9.607e-18 0.0 33.63 0.0
S231378 202.3473 95.867 1.264e-16 1.202e-16 7.873e-17 0.0 33.42 0.0
S231379 202.3362 96.0299 4.027e-17 3.971e-17 2.791e-17 0.0 33.24 0.0
S231380 202.2712 95.8446 1.19e-17 1.283e-17 1.078e-17 0.0 33.31 0.0
S231381 202.2533 95.7173 1.289e-19 2.157e-19 4.638e-19 0.0 33.44 0.0
S231382 202.3324 95.863 4.513e-19 6.883e-19 1.177e-18 0.0 33.29 0.0
S231383 202.3457 95.4169 1.3340000000000002e-20 2.674e-20 8.412000000000001e-20 0.0 33.57 0.0
S231384 202.3645 95.7718 5.514e-21 1.18e-20 4.1930000000000004e-20 0.0 33.55 0.0
S231385 202.1473 95.5883 8.278e-21 1.8850000000000003e-20 7.405e-20 0.0 33.5 0.0
S231386 202.3372 95.879 1.54e-21 3.932e-21 2.032e-20 0.0 33.36 0.0
S231387 202.407 95.826 1.235e-20 2.5750000000000003e-20 8.432e-20 0.0 33.55 0.0
S231388 202.3028 95.8511 4.217e-21 8.755e-21 2.8320000000000005e-20 0.0 33.29 0.0
S231389 202.2972 96.0908 1.6330000000000001e-21 4.139e-21 1.991e-20 0.0 33.23 0.0
S231390 202.271 95.9283 5.651e-19 8.661e-19 1.487e-18 0.0 33.2 0.0
S231391 202.4119 95.511 2.6390000000000002e-20 1.839e-20 6.518e-21 0.0 33.6 0.0
S231392 202.3176 95.8495 9.901e-16 8.142e-16 3.995e-16 0.0 33.25 0.0
S231393 202.3907 95.9452 7.902e-16 9.045e-16 8.479e-16 0.0 33.37 0.0
S231394 202.3354 95.8379 1.37e-24 6.791e-24 1.3899999999999998e-22 0.0 33.49 0.0
S231395 202.2919 95.635 1.0740000000000001e-20 2.294e-20 8.056000000000001e-20 0.0 33.46 0.0
S231396 202.2771 95.8605 8.674e-16 7.163e-16 3.488e-16 0.0 33.26 0.0
S231397 202.3339 95.8377 1.413e-17 1.493e-17 1.216e-17 0.0 33.49 0.0
S231398 202.2183 95.8235 1.6619999999999999e-22 4.975e-22 3.451e-21 0.001 33.35 0.0
S231399 202.0916 96.3929 1.163e-18 1.614e-18 2.296e-18 0.0 33.1 0.0
S231400 202.0164 96.1686 1.125e-18 1.576e-18 2.328e-18 0.001 33.21 0.0
S231401 202.5483 95.8741 4.739e-21 1.0360000000000001e-20 3.726e-20 0.0 33.51 0.0
S231402 202.0944 96.2397 6.655e-21 1.366e-20 4.381e-20 0.0 33.16 0.0
S231403 202.2928 95.8217 1.273e-18 1.745e-18 2.391e-18 0.0 33.37 0.0
S231404 202.3707 96.5241 2.249e-18 2.779e-18 2.975e-18 0.0 33.24 0.0
S231405 202.3565 95.818 2.276e-18 2.938e-18 3.654e-18 0.0 33.58 0.0
S231406 202.5369 95.5961 2.248e-27 2.4110000000000002e-26 2.4689999999999998e-24 0.0 33.65 0.0
S231407 202.3451 95.868 8.731e-25 4.703e-24 1.181e-22 0.0 33.38 0.0
S231408 202.3421 95.8487 1.701e-18 2.205e-18 2.777e-18 0.0 33.52 0.0
S231409 202.3394 95.8554 2.4660000000000002e-20 1.714e-20 6.05e-21 0.0 33.4 0.0
S231410 202.3244 95.881 6.7e-23 1.9979999999999997e-22 1.376e-21 0.0 33.28 0.0
S231411 202.3395 95.7175 1.507e-21 3.9050000000000004e-21 2.0510000000000003e-20 0.0 33.54 0.0
S231412 203.1104 96.7362 4.4000000000000004e-20 8.687e-20 2.64e-19 0.0 33.38 0.0
S231413 202.1668 95.9627 2.302e-23 8.098999999999999e-23 7.905999999999999e-22 0.001 33.19 0.0
S231414 202.3454 95.8617 2.013e-15 1.774e-15 9.586e-16 0.0 33.4 0.0
S231415 202.5182 96.0501 2.1720000000000002e-20 1.535e-20 5.691e-21 0.0 33.38 0.0
S231416 202.3132 95.7558 4.6940000000000007e-20 8.842000000000001e-20 2.453e-19 0.0 33.48 0.0
S231417 202.1243 96.3578 3.406e-17 3.454e-17 2.561e-17 0.0 33.12 0.0
S231418 202.0166 96.2711 3.913e-21 9.112e-21 3.8490000000000003e-20 0.0 33.22 0.0
S231419 202.3289 95.8741 2.0300000000000002e-21 5.514e-21 3.175e-20 0.0 33.32 0.0
S231420 202.3469 95.8471 9.808e-19 1.363e-18 1.982e-18 0.0 33.51 0.0
S231421 202.2511 95.8376 7.777e-16 8.186e-16 6.436e-16 0.0 33.32 0.0
S231422 202.699 95.6886 1.211e-19 2.22e-19 5.586e-19 0.0 33.59 0.0
S231423 202.468 95.4432 1.987e-20 1.4060000000000002e-20 5.257e-21 0.0 33.64 0.0
S231424 202.3227 95.814 8.684e-19 1.251e-18 1.981e-18 0.001 33.44 0.0
S231425 202.3102 95.8701 5.1780000000000005e-21 1.2070000000000001e-20 5.21e-20 0.0 33.29 0.0
S231426 202.1279 95.6042 6.486e-16 5.318e-16 2.614e-16 0.0 33.45 0.0
S231427 202.7498 95.6848 4.703e-21 1.0480000000000001e-20 4.1e-20 0.0 33.59 0.0
S231428 202.3358 95.8495 2.767e-20 1.873e-20 6.487e-21 0.0 33.51 0.0
S231429 202.3555 95.9417 1.099e-17 1.219e-17 1.117e-17 0.0 33.29 0.0
S231430 202.5745 95.956 1.911e-18 2.552e-18 3.408e-18 0.0 33.45 0.0
S231431 202.3268 95.8462 5.0890000000000005e-20 9.826e-20 2.663e-19 0.0 33.29 0.0
S231432 202.2374 95.8111 1.308e-16 1.192e-16 7.15e-17 0.0 33.37 0.0
S231433 202.3234 95.849 1.192e-17 1.384e-17 1.358e-17 0.0 33.31 0.0
S231434 202.2248 95.9849 2.653e-19 4.451e-19 9.258e-19 0.0 33.18 0.0
S231435 202.3373 95.8817 1.7139999999999999e-22 4.928e-22 3.34e-21 0.0 33.3 0.0
S231436 202.2862 95.8065 7.385e-21 1.6160000000000003e-20 5.856000000000001e-20 0.0 33.39 0.0
S231437 202.3399 95.8473 1.054e-21 2.273e-21 8.116e-21 0.0 33.55 0.0
S231438 202.3093 95.8031 2.358e-28 3.19e-27 5.128e-25 0.0 33.43 0.0
S231439 202.2808 95.7271 5.704e-21 1.2460000000000002e-20 4.52e-20 0.0 33.5 0.0
S231440 202.2175 95.883 1.859e-21 4.747e-21 2.3580000000000003e-20 0.0 33.22 0.0
S231441 202.384 95.7493 1.267e-18 1.777e-18 2.613e-18 0.0 33.57 0.0
S231442 202.2173 95.8832 7.773e-18 9.054e-18 9.332e-18 0.0 33.18 0.0
S231443 202.2524 95.9216 5.412999999999999e-22 1.546e-21 1.0140000000000001e-20 0.0 33.25 0.0
S231444 202.2029 95.8054 5.049e-21 1.125e-20 4.4150000000000003e-20 0.0 33.27 0.0
S231445 202.3084 95.7348 2.067e-15 1.811e-15 9.905e-16 0.0 33.5 0.0
S231446 202.5527 96.2121 3.4e-19 5.542e-19 1.074e-18 0.0 33.28 0.0
S231447 202.2321 95.7925 1.456e-18 1.952e-18 2.494e-18 0.0 33.31 0.0
S231448 202.0787 95.8103 5.05e-21 1.2000000000000001e-20 5.1470000000000003e-20 0.0 33.27 0.0
S231449 202.3257 95.7641 1.092e-21 2.495e-21 9.888e-21 0.0 33.5 0.0
S231450 201.6507 96.1882 8.61e-16 8.93e-16 6.935e-16 0.0 33.12 0.0
S231451 202.3325 95.8494 2.4690000000000002e-20 1.714e-20 5.888e-21 0.0 33.26 0.0
S231452 202.3384 95.8534 2.712e-20 1.8750000000000003e-20 6.392e-21 0.0 33.45 0.0
S231453 202.3594 95.8387 2.279e-22 6.612999999999999e-22 4.306e-21 0.0 33.53 0.0
S231454 202.4683 95.6803 2.665e-19 4.303e-19 8.528e-19 0.0 33.57 0.0
S231455 202.4428 95.8344 3.97e-19 6.17e-19 1.07e-18 0.0 33.52 0.0
S231456 202.2018 95.8473 2.062e-15 1.933e-15 1.226e-15 0.0 33.26 0.0
S231457 202.3604 95.8899 7.66e-24 3.021e-23 3.8849999999999995e-22 0.0 33.41 0.0
S231458 202.1023 95.815 1.373e-17 1.566e-17 1.512e-17 0.001 33.22 0.0
S231459 202.3362 95.9625 1.453e-11 1.124e-11 4.764e-12 0.0 33.27 1.0
S231460 202.447 95.8913 4.423e-18 5.639e-18 6.722e-18 0.0 33.48 0.0
S231461 202.3261 95.8434 2.663e-17 2.762e-17 2.223e-17 0.0 33.39 0.0
S231462 202.4558 95.9841 1.6720000000000002e-20 3.3980000000000005e-20 1.04e-19 0.0 33.34 0.0
S231463 202.2549 95.7894 4.807e-18 5.997e-18 6.942e-18 0.0 33.41 0.0
S231464 202.3321 95.8328 4.7030000000000005e-20 8.812000000000001e-20 2.35e-19 0.0 33.52 0.0
S231465 202.089 95.7504 4.710999999999999e-22 1.228e-21 6.558e-21 0.0 33.28 0.0
S231466 202.3969 96.3032 1.515e-20 3.148e-20 1.057e-19 0.0 33.25 0.0
S231467 202.3997 95.8446 3.086e-19 4.72e-19 7.901e-19 0.0 33.54 0.0
S231468 202.22 96.2574 9.73e-19 1.368e-18 2.043e-18 0.0 33.13 0.0
S231469 202.3371 95.9258 9.189e-18 1.019e-17 8.956e-18 0.0 33.22 0.0
S231470 202.3704 95.8403 5.8169999999999995e-22 1.712e-21 1.1530000000000001e-20 0.0 33.49 0.0
S231471 202.3758 95.7607 1.6540000000000003e-20 3.5770000000000005e-20 1.301e-19 0.0 33.57 0.0
S231472 202.3367 95.9592 7.774e-18 8.665e-18 7.785e-18 0.0 33.24 0.0
S231473 202.3854 95.209 1.7000000000000002e-20 3.34e-20 9.494e-20 0.0 33.56 0.0
S231474 202.6164 95.6817 2.149e-17 2.363e-17 2.005e-17 0.0 33.66 0.0
S231475 201.5793 95.7788 3.61e-18 4.629e-18 5.761e-18 0.0 33.26 0.0
S231476 202.2616 95.9258 1.701e-19 3e-19 6.853e-19 0.0 33.21 0.0
S231477 202.2332 95.7068 2.215e-19 3.545e-19 6.814e-19 0.001 33.46 0.0
S231478 202.4944 95.8491 7.573e-23 2.569e-22 2.396e-21 0.0 33.54 0.0
S231479 202.4543 95.7183 6.704e-16 6.208e-16 3.928e-16 0.001 33.62 0.0
S231480 202.0565 95.9465 1.825e-17 2.074e-17 1.951e-17 0.0 33.07 0.0
S231481 202.3054 95.8872 3.413e-12 2.306e-12 7.523e-13 0.0 33.18 0.0
S231482 202.3358 95.8473 1.343e-15 1.546e-15 1.491e-15 0.0 33.53 0.0
S231483 201.8273 95.9577 3.421e-18 4.236e-18 4.739e-18 0.0 33.2 0.0
S231484 202.3239 95.6499 3.505e-22 1.0000000000000001e-21 6.135e-21 0.0 33.49 0.0
S231485 202.7523 95.7848 1.454e-18 1.849e-18 2.256e-18 0.001 33.62 0.0
S231486 202.4054 95.8822 2.089e-18 2.737e-18 3.427e-18 0.0 33.49 0.0
S231487 202.2199 96.2604 5.262e-21 1.2310000000000001e-20 5.2710000000000003e-20 0.0 33.19 0.0
S231488 202.278 95.8599 1.675e-21 4.017e-21 1.8170000000000002e-20 0.0 33.24 0.0
S231489 202.3559 95.8142 5.525e-21 1.1840000000000002e-20 4.0550000000000004e-20 0.0 33.52 0.0
S231490 202.1705 95.8657 3.456e-17 3.571e-17 2.837e-17 0.0 33.27 0.0
S231491 202.1094 95.7608 5.331e-22 1.391e-21 7.527e-21 0.0 33.34 0.0
S231492 202.1266 95.8656 3.3579999999999995e-22 1.014e-21 7.018e-21 0.0 33.23 0.0
S231493 202.7629 95.4305 7.75e-18 8.882e-18 8.262e-18 0.0 33.67 0.0
S231494 202.4156 95.7948 1.293e-21 2.857e-21 1.094e-20 0.0 33.56 0.0
S231495 202.3926 96.0005 4.44e-17 4.589e-17 3.607e-17 0.0 33.26 0.0
S231496 202.413 95.9642 1.004e-21 2.484e-21 1.1900000000000001e-20 0.0 33.37 0.0
S231497 202.568 95.6123 2.122e-21 5.412e-21 2.6590000000000002e-20 0.0 33.62 0.0
S231498 202.3096 95.8527 2.6890000000000003e-20 4.9920000000000006e-20 1.251e-19 0.0 33.3 0.0
S231499 202.2616 95.8495 4.348e-23 1.3759999999999999e-22 1.06e-21 0.0 33.36 0.0
S231500 202.3419 95.8537 5.865000000000001e-20 1.098e-19 3.036e-19 0.0 33.45 0.0
S231501 202.3161 95.7891 3.566e-20 6.594e-20 1.731e-19 0.0 33.44 0.0
S231502 202.3261 95.841 1.048e-21 2.817e-21 1.5610000000000002e-20 0.0 33.44 0.0
S231503 202.4471 95.8104 1.97e-16 1.746e-16 1.03e-16 0.0 33.52 0.0
S231504 202.4156 95.9293 5.3800000000000005e-21 1.2140000000000001e-20 4.8330000000000006e-20 0.0 33.43 0.0
S231505 202.3362 95.8463 4.957e-19 7.52e-19 1.28e-18 0.001 33.59 0.0
S231506 202.3361 95.8469 2.405e-17 2.49e-17 1.867e-17 0.0 33.51 0.0
S231507 202.2781 96.1721 8.78e-12 7.057e-12 3.315e-12 0.0 33.18 1.0
S231508 202.2132 95.9728 2.672e-19 4.243e-19 7.914e-19 0.0 33.22 1.0
S231509 202.4935 95.9334 1.011e-18 1.382e-18 1.867e-18 0.0 33.47 0.0
S231510 202.1866 95.9483 2.616e-17 2.834e-17 2.424e-17 0.0 33.16 0.0
S231511 202.1705 95.8862 2.108e-21 4.438e-21 1.512e-20 0.0 33.16 0.0
S231512 202.3129 95.723 1.2120000000000001e-20 2.481e-20 7.868e-20 0.0 33.55 0.0
S231513 202.3918 95.8581 1.767e-21 4.446e-21 2.115e-20 0.0 33.49 0.0
S231514 202.6701 95.8345 2.982e-20 2.0270000000000002e-20 6.898e-21 0.0 33.52 0.0
S231515 202.256 96.2536 4.621e-18 5.759e-18 6.417e-18 0.0 33.18 0.0
S231516 202.1875 96.0581 1.006e-18 1.406e-18 2.049e-18 0.0 33.17 0.0
S231517 202.35 95.8507 1.7330000000000003e-20 3.251e-20 8.655000000000001e-20 0.0 33.51 0.0
S231518 202.4313 95.7283 6.819000000000001e-20 1.262e-19 3.212e-19 0.0 33.56 0.0
S231519 202.4921 94.9636 1.656e-21 3.233e-21 9.47e-21 0.0 33.55 0.0
S231520 202.5208 96.1909 2.9300000000000004e-20 5.2190000000000006e-20 1.277e-19 0.0 33.38 0.0
S231521 202.2796 95.8559 6.102e-20 1.217e-19 3.679e-19 0.0 33.3 0.0
S231522 202.4034 95.9704 9.528000000000001e-20 1.638e-19 3.61e-19 0.0 33.34 0.0
S231523 202.3464 95.8552 3.5610000000000004e-21 8.202e-21 3.4140000000000003e-20 0.0 33.43 0.0
S231524 202.4713 96.0499 3.798e-19 6.023e-19 1.105e-18 0.0 33.36 0.0
S231525 202.1537 95.3053 2.0620000000000002e-20 4.2690000000000004e-20 1.363e-19 0.0 33.51 0.0
S231526 202.3509 95.8435 6.942e-21 1.4300000000000002e-20 4.6320000000000007e-20 0.0 33.51 0.0
S231527 202.4921 95.5852 1.336e-18 1.845e-18 2.632e-18 0.0 33.69 0.0
S231528 202.3804 95.9782 2.6350000000000002e-20 1.8310000000000002e-20 6.38e-21 0.0 33.28 0.0
S231529 202.3397 95.8541 3.8809999999999997e-22 1.068e-21 6.166e-21 0.0 33.52 0.0
S231530 202.3493 95.6992 3.912e-21 8.958e-21 3.684e-20 0.0 33.5 0.0
S231531 202.3448 95.824 1.833e-21 4.356e-21 1.915e-20 0.0 33.47 0.0
S231532 202.3347 95.8456 1.166e-20 2.546e-20 9.159e-20 0.0 33.47 0.0
S231533 202.4283 96.1279 1.201e-18 1.63e-18 2.265e-18 0.0 33.3 0.0
S231534 202.317 95.8914 5.691e-20 1.023e-19 2.448e-19 0.0 33.27 0.0
S231535 202.7132 95.4624 3.455e-19 5.205e-19 8.823e-19 0.0 33.66 0.0
S231536 202.3276 95.7647 5.009e-21 1.1930000000000001e-20 5.4190000000000007e-20 0.0 33.51 0.0
S231537 202.2965 95.849 7.542e-22 2.326e-21 1.701e-20 0.0 33.3 1.0
S231538 202.3532 95.8519 3.01e-19 4.921e-19 9.414e-19 0.0 33.51 0.0
S231539 202.6577 95.1454 9.454999999999998e-22 2.637e-21 1.5480000000000002e-20 0.0 33.59 0.0
S231540 202.3739 96.0448 3.127e-20 2.1140000000000002e-20 7.18e-21 0.0 33.29 0.0
S231541 202.0691 95.9871 2.256e-20 4.8550000000000005e-20 1.649e-19 0.0 33.16 0.0
S231542 202.3334 95.845 2.0289999999999998e-22 5.809999999999999e-22 3.829e-21 0.0 33.51 0.0
S231543 202.3199 95.8687 5.818e-21 1.3030000000000002e-20 4.9240000000000005e-20 0.0 33.26 0.0
S231544 202.4315 95.8344 2.2920000000000003e-20 1.6330000000000003e-20 5.71e-21 0.0 33.55 0.0
S231545 202.3561 95.8248 3.589e-17 3.615e-17 2.67e-17 0.0 33.54 0.0
S231546 202.2703 95.802 1.051e-20 2.0580000000000003e-20 6.02e-20 0.0 33.33 0.0
S231547 202.2463 96.0055 2.3629999999999996e-22 7.092999999999999e-22 4.973e-21 0.0 33.21 0.0
S231548 202.9785 95.8307 2.821e-23 1.121e-22 1.424e-21 0.0 33.6 0.0
S231549 202.5065 95.655 1.788e-18 2.333e-18 2.918e-18 0.0 33.62 0.0
S231550 202.4773 96.3433 2.284e-20 4.4460000000000006e-20 1.272e-19 0.001 33.35 0.0
S231551 202.1836 95.8714 8.486e-20 1.558e-19 3.807e-19 0.001 33.19 0.0
S231552 202.3113 95.8681 2.82e-21 6.301e-21 2.4540000000000003e-20 0.0 33.27 0.0
S231553 202.3483 95.8521 2.785e-18 3.598e-18 4.269e-18 0.0 33.52 0.0
S231554 202.3386 95.8681 1.211e-20 2.4720000000000003e-20 8.037e-20 0.0 33.35 0.0
S231555 202.3887 95.6654 8.465999999999999e-22 2.1310000000000002e-21 1.042e-20 0.0 33.54 0.0
S231556 202.2422 95.7503 1.5710000000000003e-20 3.195e-20 1.052e-19 0.0 33.46 0.0
S231557 202.4047 95.6179 4.6420000000000004e-20 8.526000000000001e-20 2.147e-19 0.0 33.57 0.0
S231558 202.3127 95.8719 1.783e-18 2.404e-18 3.288e-18 0.0 33.28 0.0
S231559 202.3626 95.8168 2.104e-21 5.3550000000000004e-21 2.6990000000000003e-20 0.0 33.53 0.0
S231560 202.5063 95.8195 4.11e-21 8.706e-21 2.994e-20 0.0 33.61 0.0
S231561 202.3108 95.7403 3.266e-19 4.998e-19 8.855e-19 0.0 33.48 0.0
S231562 202.5273 95.8986 4.722e-24 2.142e-23 3.668e-22 0.0 33.45 0.0
S231563 202.1066 95.8776 1.05e-21 2.359e-21 9.02e-21 0.0 33.25 0.0
S231564 202.3808 95.8211 3.006e-22 8.523e-22 5.603e-21 0.0 33.56 0.0
S231565 202.3229 95.9285 2.7e-19 4.559e-19 9.374e-19 0.0 33.27 0.0
S231566 202.3846 95.7904 3.872e-21 8.257e-21 2.924e-20 0.0 33.55 0.0
S231567 202.3092 95.795 3.6909999999999994e-22 1.057e-21 6.66e-21 0.0 33.49 0.0
S231568 202.4024 95.9074 1.3290000000000002e-20 2.725e-20 9.047e-20 0.001 33.42 0.0
S231569 202.3129 95.8592 1.195e-21 3.235e-21 1.894e-20 0.0 33.26 0.0
S231570 202.333 95.8496 2.389e-21 5.9030000000000005e-21 2.83e-20 0.001 33.39 0.0
S231571 202.3555 96.0916 1.051e-20 2.2310000000000002e-20 7.609e-20 0.0 33.23 0.0
S231572 202.2183 95.9736 1.3820000000000002e-20 2.7630000000000005e-20 8.309000000000001e-20 0.0 33.2 0.0
S231573 202.3447 95.887 4.481e-17 5.491e-17 5.849e-17 0.0 33.33 0.0
S231574 202.3641 95.7086 3.099e-20 5.884000000000001e-20 1.571e-19 0.0 33.52 0.0
S231575 202.3342 95.8106 1.023e-18 1.445e-18 2.189e-18 0.0 33.52 0.0
S231576 202.5626 95.9691 1.254e-17 1.386e-17 1.196e-17 0.0 33.46 0.0
S231577 202.6903 96.093 4.9579999999999997e-23 1.6729999999999999e-22 1.5290000000000001e-21 0.0 33.45 0.0
S231578 202.3102 95.7598 2.412e-20 5.163000000000001e-20 1.829e-19 0.0 33.47 0.0
S231579 202.329 95.8322 2.03e-18 2.696e-18 3.435e-18 0.0 33.48 0.0
S231580 202.5781 96.4138 1.025e-17 1.195e-17 1.197e-17 0.0 33.27 0.0
S231581 202.3316 95.8296 5.183e-23 1.771e-22 1.705e-21 0.0 33.48 0.0
S231582 202.3941 95.8168 5.581e-20 1.001e-19 2.479e-19 0.0 33.51 0.0
S231583 202.3308 95.8446 2.2990000000000003e-20 1.6160000000000003e-20 5.9260000000000004e-21 0.0 33.44 0.0
S231584 202.5595 95.4305 1.681e-22 4.559e-22 2.633e-21 0.0 33.62 0.0
S231585 202.4992 95.6321 1.6820000000000002e-20 3.5640000000000005e-20 1.221e-19 0.0 33.58 0.0
S231586 202.3669 96.0407 4.491e-23 1.407e-22 1.097e-21 0.0 33.25 0.0
S231587 202.1355 96.0771 5.9e-19 9.121e-19 1.6e-18 0.0 33.19 0.0
S231588 202.346 95.7824 8.118e-16 6.774e-16 3.403e-16 0.0 33.5 0.0
S231589 202.3563 95.7924 6.182e-23 2.131e-22 1.995e-21 0.001 33.52 0.0
S231590 201.9768 95.8845 5.461e-23 2.0179999999999998e-22 2.259e-21 0.0 33.23 0.0
S231591 202.4908 95.8223 1.292e-21 3.512e-21 2.087e-20 0.0 33.6 0.0
S231592 202.1527 95.9877 4.129e-12 3.169e-12 1.325e-12 0.001 33.13 1.0
S231593 202.2629 95.8478 1.808e-15 1.625e-15 9.275e-16 0.0 33.29 0.0
S231594 202.2248 95.7255 6.44e-19 1.009e-18 1.858e-18 0.0 33.38 0.0
S231595 202.4803 95.8752 4.77e-16 4.102e-16 2.119e-16 0.0 33.5 0.0
S231596 202.3233 95.8453 5.756e-16 4.739e-16 2.41e-16 0.0 33.36 0.0
S231597 202.2367 95.7917 3.586e-19 5.567e-19 9.926e-19 0.001 33.35 0.0
S231598 202.3024 95.9223 3.432e-19 5.328e-19 9.691e-19 0.0 33.23 0.0
S231599 202.3382 95.7565 1.097e-11 7.918e-12 3.002e-12 0.0 33.52 0.0
S231600 202.44 95.7746 1.6540000000000001e-21 4.103e-21 1.884e-20 0.0 33.59 0.0
S231601 202.308 95.8758 8.232e-15 6.651e-15 3.078e-15 0.0 33.28 0.0
S231602 202.3285 95.8124 2.1710000000000003e-20 1.5230000000000002e-20 5.4990000000000005e-21 0.001 33.51 0.0
S231603 202.2637 95.9002 9.164e-18 1.072e-17 1.082e-17 0.0 33.2 0.0
S231604 202.3702 95.8358 2.872e-15 2.52e-15 1.405e-15 0.0 33.54 0.0
S231605 202.3811 95.8732 3.316e-21 8.459e-21 4.237e-20 0.001 33.45 0.0
S231606 202.2757 95.8767 1.756e-16 1.675e-16 1.113e-16 0.0 33.23 0.0
S231607 202.3014 95.7689 2.906e-21 6.267e-21 2.2830000000000002e-20 0.0 33.52 0.0
S231608 202.1841 95.9109 8.641e-23 3.014e-22 2.876e-21 0.0 33.24 0.0
S231609 202.3809 95.8479 2.562e-16 2.637e-16 2.046e-16 0.0 33.48 0.0
S231610 202.3128 95.884 5.39e-16 4.495e-16 2.205e-16 0.0 33.23 0.0
S231611 202.3459 95.8633 1.32e-15 1.394e-15 1.168e-15 0.0 33.38 0.0
S231612 202.25 95.7905 3.21e-16 3.467e-16 2.979e-16 0.0 33.37 0.0
S231613 202.2782 95.9473 1.447e-18 1.982e-18 2.677e-18 0.0 33.21 0.0
S231614 202.3777 95.8864 1.261e-11 9.414e-12 3.73e-12 0.0 33.32 0.0
S231615 202.3764 95.7945 2.561e-19 4.251e-19 8.705e-19 0.0 33.58 0.0
S231616 202.2799 95.9872 6.125000000000001e-20 1.109e-19 2.724e-19 0.0 33.15 0.0
S231617 202.4456 95.8463 6.368e-18 7.989e-18 8.77e-18 0.0 33.52 0.0
S231618 202.4191 95.9617 2.3150000000000002e-21 5.654e-21 2.5200000000000003e-20 0.0 33.3 0.0
S231619 202.4401 95.9105 2.922e-21 6.895000000000001e-21 2.8250000000000005e-20 0.0 33.45 0.0
S231620 202.3303 95.9052 1.335e-18 1.854e-18 2.625e-18 0.0 33.32 0.0
S231621 202.4109 95.7229 1.037e-16 1.194e-16 1.173e-16 0.0 33.6 0.0
S231622 202.4498 95.787 3.252e-15 2.614e-15 1.229e-15 0.0 33.6 0.0
S231623 202.3714 95.9414 2.251e-17 2.506e-17 2.228e-17 0.0 33.25 0.0
S231624 202.3442 95.8584 5.368e-16 4.635e-16 2.517e-16 0.0 33.42 0.0
S231625 202.3659 95.873 2.56e-16 2.246e-16 1.282e-16 0.001 33.41 0.0
S231626 202.2774 95.7318 1.067e-19 1.762e-19 3.733e-19 0.0 33.45 0.0
S231627 202.4077 95.7023 4.832999999999999e-22 1.2320000000000001e-21 6.2480000000000005e-21 0.001 33.6 0.0
S231628 202.4277 95.7989 1.658e-21 4.276e-21 2.1140000000000002e-20 0.0 33.56 0.0
S231629 202.3443 95.8644 1.501e-11 1.173e-11 5.34e-12 0.0 33.38 1.0
S231630 202.2917 95.8173 5.202e-16 4.258e-16 2.08e-16 0.0 33.4 0.0
S231631 202.377 95.8808 1.078e-11 8.78e-12 4.145e-12 0.0 33.4 1.0
S231632 202.4029 95.8992 3.005e-12 1.938e-12 5.752e-13 0.0 33.44 0.0
S231633 202.2473 95.9404 7.474e-19 1.084e-18 1.687e-18 0.0 33.17 0.0
S231634 202.339 95.8497 1.035e-17 1.2e-17 1.174e-17 0.0 33.44 0.0
S231635 202.3106 95.8754 1.791e-16 1.687e-16 1.026e-16 0.0 33.23 0.0
S231636 202.2974 95.8359 1.897e-15 1.939e-15 1.412e-15 0.0 33.28 0.0
S231637 202.4779 95.6904 2.5760000000000002e-20 1.788e-20 6.4e-21 0.0 33.61 0.0
S231638 202.3975 95.863 3.719e-22 1.152e-21 8.864e-21 0.0 33.52 0.0
S231639 202.3529 95.8321 1.326e-19 2.256e-19 4.951e-19 0.001 33.52 0.0
S231640 202.428 95.9906 1.054e-16 1.006e-16 6.467e-17 0.0 33.35 0.0
S231641 202.3591 95.9294 3.438e-21 9.036e-21 4.617e-20 0.0 33.29 0.0
S231642 202.2887 96.011 2.98e-19 4.573e-19 7.975e-19 0.0 33.23 0.0
S231643 202.3795 95.9075 2.057e-17 2.232e-17 1.948e-17 0.0 33.39 0.0
S231644 202.2482 95.9315 6.061e-17 6.309e-17 5.201e-17 0.0 33.24 0.0
S231645 202.4243 95.9212 8.636e-12 6.109e-12 2.203e-12 0.0 33.42 0.0
S231646 202.3071 95.6979 1.247e-17 1.321e-17 1.119e-17 0.0 33.53 0.0
S231647 202.4283 95.8807 6.226e-18 7.461e-18 7.708e-18 0.0 33.49 0.0
S231648 202.4614 95.7992 1.04e-15 8.378e-16 3.753e-16 0.0 33.57 0.0
S231649 202.1966 95.8779 6.754e-21 1.6410000000000002e-20 7.587e-20 0.0 33.2 0.0
S231650 202.264 95.9073 2.71e-18 3.257e-18 3.493e-18 0.0 33.14 0.0
S231651 202.3364 95.7703 1.214e-22 3.6709999999999996e-22 2.6720000000000002e-21 0.0 33.51 0.0
S231652 202.2879 95.8754 2.307e-18 3.051e-18 3.943e-18 0.0 33.25 0.0
S231653 202.4084 95.8113 2.7980000000000004e-20 1.9240000000000002e-20 6.752e-21 0.001 33.57 0.0
S231654 202.3104 95.8719 2.239e-20 1.574e-20 5.806e-21 0.0 33.25 0.0
S231655 202.2553 95.8115 9.543e-17 8.93e-17 5.582e-17 0.0 33.31 0.0
S231656 202.2688 95.9627 1.164e-16 1.08e-16 6.714e-17 0.0 33.2 0.0
S231657 202.2058 95.8536 1.271e-18 1.752e-18 2.522e-18 0.0 33.21 0.0
S231658 202.3994 95.8634 1.3920000000000002e-20 2.8950000000000004e-20 9.874000000000001e-20 0.0 33.5 0.0
S231659 202.4937 95.7893 5.777e-16 8.712e-16 1.406e-15 0.0 33.59 0.0
S231660 202.3341 95.8437 3.013e-21 6.694e-21 2.6170000000000003e-20 0.0 33.52 0.0
S231661 202.2923 95.9291 1.357e-17 1.558e-17 1.457e-17 0.0 33.2 0.0
S231662 202.3679 95.9087 3.489e-16 3.016e-16 1.593e-16 0.001 33.35 0.0
S231663 202.3328 95.7274 1.418e-15 1.181e-15 5.608e-16 0.0 33.56 0.0
S231664 202.4124 95.8253 1.22e-19 2.008e-19 3.974e-19 0.0 33.55 0.0
S231665 202.2689 95.847 3.753e-15 3.018e-15 1.414e-15 0.0 33.27 0.0
S231666 202.2736 95.8323 3.804e-17 3.777e-17 2.726e-17 0.0 33.35 0.0
S231667 202.1834 95.8501 1.265e-18 1.804e-18 2.752e-18 0.001 33.28 0.0
S231668 202.3601 95.9343 1.271e-15 1.305e-15 1.043e-15 0.0 33.29 0.0
S231669 202.1541 95.8345 2.1200000000000003e-20 1.484e-20 5.514e-21 0.001 33.28 0.0
S231670 202.3323 95.9837 4.25e-16 3.789e-16 2.184e-16 0.0 33.22 0.0
S231671 202.4107 95.9319 8.38e-20 1.533e-19 3.766e-19 0.0 33.38 0.0
S231672 202.2643 95.8279 2.2090000000000003e-20 1.552e-20 5.5690000000000004e-21 0.0 33.24 1.0
S231673 202.4353 95.8554 2.044e-12 1.328e-12 4.119e-13 0.0 33.46 0.0
S231674 202.328 96.0086 3.851e-20 6.881e-20 1.616e-19 0.0 33.2 0.0
S231675 202.39 95.9131 5.053e-16 4.416e-16 2.36e-16 0.0 33.38 0.0
S231676 202.3107 95.7335 2.308e-16 1.989e-16 1.069e-16 0.0 33.56 0.0
S231677 202.2596 95.8681 2.5130000000000003e-20 1.7340000000000002e-20 6.068e-21 0.0 33.27 0.0
S231678 202.3045 95.8169 7.288e-18 9.147e-18 1.06e-17 0.0 33.53 0.0
S231679 202.2842 95.8677 7.318e-12 5.137e-12 1.819e-12 0.001 33.21 0.0
S231680 202.4249 95.7875 3.978e-12 4.543e-12 4.206e-12 0.0 33.59 0.0
S231681 202.3763 95.8107 1.752e-20 1.2890000000000002e-20 5.026e-21 0.0 33.52 0.0
S231682 202.2173 95.822 8.350999999999999e-22 1.916e-21 7.589e-21 0.0 33.3 0.0
S231683 202.2331 95.757 9.954e-16 7.701e-16 3.252e-16 0.0 33.41 0.0
S231684 202.2504 95.8368 3.306e-20 6.237000000000001e-20 1.654e-19 0.0 33.31 0.0
S231685 202.4147 95.8345 7.858999999999999e-22 1.783e-21 6.851e-21 0.0 33.46 0.0
S231686 202.3866 95.7698 3.23e-21 8.107000000000001e-21 4.024e-20 0.0 33.57 0.0
S231687 202.411 95.921 1.8529999999999997e-22 5.274e-22 3.341e-21 0.0 33.4 0.0
S231688 202.3447 95.6787 1.942e-17 2.17e-17 1.97e-17 0.0 33.51 0.0
S231689 202.3081 95.8678 1.733e-18 2.284e-18 2.818e-18 0.0 33.32 0.0
S231690 202.2983 95.9176 1.37e-19 2.344e-19 5.164e-19 0.0 33.25 0.0
S231691 202.4192 95.8044 3.626e-16 5.463e-16 8.984e-16 0.0 33.57 0.0
S231692 202.2438 95.9092 9.034e-12 6.425e-12 2.34e-12 0.0 33.23 0.0
S231693 202.4018 95.8857 2.3280000000000002e-20 1.625e-20 5.7950000000000004e-21 0.0 33.43 0.0
S231694 202.2821 95.9228 2.7850000000000004e-20 1.8990000000000003e-20 6.441e-21 0.0 33.26 0.0
S231695 202.4105 95.9299 1.92e-16 1.774e-16 1.142e-16 0.001 33.35 0.0
S231696 202.2255 95.8816 6.264999999999999e-23 1.9799999999999998e-22 1.579e-21 0.0 33.24 0.0
S231697 202.2755 96.0285 5.831e-16 6.066e-16 4.828e-16 0.0 33.2 0.0
S231698 202.3579 95.9006 4.581e-19 7.208e-19 1.29e-18 0.0 33.31 0.0
S231699 202.4063 95.7893 1.0140000000000001e-20 2.108e-20 6.783e-20 0.0 33.55 0.0
S231700 202.4349 95.9064 2.3380000000000002e-20 1.6650000000000002e-20 5.936e-21 0.0 33.44 0.0
S231701 202.3471 95.9876 5.182e-21 1.051e-20 3.23e-20 0.0 33.28 0.0
S231702 202.333 95.8036 3.856e-21 9.696e-21 4.6350000000000004e-20 0.0 33.49 0.0
S231703 202.2764 95.8032 1.0719999999999999e-23 4.0339999999999995e-23 4.6429999999999995e-22 0.0 33.37 0.0
S231704 202.3815 95.9044 2.3750000000000003e-20 4.65e-20 1.39e-19 0.0 33.27 0.0
S231705 202.4579 95.9562 8.385e-17 8.154e-17 5.333e-17 0.0 33.44 0.0
S231706 202.4768 95.8844 1.126e-21 2.978e-21 1.6650000000000002e-20 0.0 33.5 0.0
S231707 202.4263 95.794 4.295e-21 1.035e-20 4.5230000000000005e-20 0.0 33.54 0.0
S231708 202.275 95.7606 2.2909999999999997e-22 6.1139999999999995e-22 3.3790000000000002e-21 0.001 33.44 0.0
S231709 202.299 95.839 9.673e-19 1.371e-18 1.968e-18 0.0 33.3 1.0
S231710 202.3262 95.8357 2.094e-16 1.682e-16 7.977e-17 0.0 33.38 0.0
S231711 202.4221 95.8357 2.506e-15 2.466e-15 1.736e-15 0.0 33.51 0.0
S231712 202.2459 95.9923 6.359e-16 8.146e-16 9.448e-16 0.0 33.13 0.0
S231713 202.2579 95.8918 8.939e-16 7.461e-16 3.852e-16 0.0 33.24 0.0
S231714 202.3061 95.8906 5.81e-16 4.999e-16 2.632e-16 0.0 33.24 0.0
S231715 202.4203 95.844 4.29e-18 5.071e-18 5.359e-18 0.0 33.55 0.0
S231716 202.2985 95.7385 6.05e-12 4.265e-12 1.532e-12 0.0 33.49 0.0
S231717 202.221 95.8283 2.868e-18 3.735e-18 4.486e-18 0.0 33.26 0.0
S231718 202.397 95.7712 2.346e-18 3.113e-18 4.067e-18 0.0 33.55 0.0
S231719 202.2532 95.8687 4.101e-19 6.04e-19 9.471e-19 0.0 33.27 0.0
S231720 202.2925 95.7966 6.553999999999999e-23 2.227e-22 2.052e-21 0.0 33.38 0.0
S231721 202.3538 95.7707 3.9050000000000004e-21 9.659e-21 4.6420000000000004e-20 0.0 33.56 0.0
S231722 202.2382 96.0032 2.325e-16 2.05e-16 1.136e-16 0.0 33.15 0.0
S231723 202.2648 95.8573 4.307e-19 6.554e-19 1.163e-18 0.0 33.27 0.0
S231724 202.2667 95.8641 2.8709999999999997e-22 8.487e-22 6.02e-21 0.0 33.28 0.0
S231725 202.2943 95.9256 1.192e-22 3.4019999999999995e-22 2.264e-21 0.0 33.19 0.0
S231726 202.3645 95.8684 5.535000000000001e-20 1.021e-19 2.594e-19 0.0 33.51 0.0
S231727 202.2904 95.8872 2.129e-20 1.505e-20 5.388e-21 0.0 33.17 0.0
S231728 202.2989 95.7969 6.204000000000001e-20 1.064e-19 2.363e-19 0.001 33.44 0.0
S231729 202.2422 95.7796 3.41e-20 6.412000000000001e-20 1.664e-19 0.0 33.34 0.0
S231730 202.4181 95.8135 7.286e-12 5.18e-12 1.846e-12 0.001 33.54 0.0
S231731 202.4715 95.8957 7.872e-16 1.058e-15 1.405e-15 0.0 33.44 0.0
S231732 202.2294 95.7949 6.304e-16 6.872e-16 5.853e-16 0.0 33.29 0.0
S231733 202.4625 95.7971 5.995e-19 8.818e-19 1.376e-18 0.0 33.59 0.0
S231734 202.4019 95.7682 2.64e-15 2.713e-15 2.126e-15 0.001 33.57 0.0
S231735 202.2145 95.9312 1.038e-16 1.025e-16 7.222e-17 0.0 33.2 0.0
S231736 202.4078 95.8685 1.507e-17 1.648e-17 1.441e-17 0.0 33.5 0.0
S231737 202.4169 95.8495 6.726e-18 7.875e-18 7.808e-18 0.0 33.49 0.0
S231738 202.2614 95.8333 1.643e-16 1.547e-16 1.01e-16 0.0 33.27 0.0
S231739 202.1991 95.8827 3.358e-16 2.931e-16 1.595e-16 0.0 33.26 0.0
S231740 202.4201 95.806 3.886e-21 8.394e-21 3.029e-20 0.001 33.6 0.0
S231741 202.2487 95.8402 2.615e-20 1.8170000000000002e-20 6.3420000000000004e-21 0.0 33.29 0.0
S231742 202.189 95.9255 5.17e-12 3.59e-12 1.245e-12 0.0 33.16 0.0
S231743 202.2933 95.8616 1.201e-17 1.368e-17 1.285e-17 0.0 33.29 0.0
S231744 202.2773 95.885 2.371e-16 2.332e-16 1.7e-16 0.0 33.23 0.0
S231745 202.253 95.8252 1.614e-16 1.439e-16 8.184e-17 0.0 33.32 0.0
S231746 202.2592 95.8759 9.118e-23 2.9519999999999997e-22 2.45e-21 0.0 33.22 0.0
S231747 202.267 95.9034 3.985e-16 3.446e-16 1.883e-16 0.0 33.28 0.0
S231748 202.2184 95.8896 1.3390000000000002e-20 2.726e-20 8.697000000000001e-20 0.0 33.23 0.0
S231749 202.2062 95.8918 7.825e-16 7.791e-16 5.364e-16 0.0 33.2 0.0
S231750 202.4173 95.8298 2.53e-21 5.752e-21 2.3410000000000003e-20 0.0 33.54 0.0
S231751 202.2723 95.9023 9.992e-18 1.191e-17 1.21e-17 0.0 33.2 0.0
S231752 202.2167 95.8922 8.179e-18 9.488e-18 9.458e-18 0.0 33.32 0.0
S231753 202.2477 95.8699 8.421999999999999e-22 2.429e-21 1.59e-20 0.0 33.22 0.0
S231754 202.2749 95.8879 6.417e-16 8.189e-16 1.007e-15 0.0 33.25 0.0
S231755 202.4015 95.8172 7.669e-19 1.107e-18 1.702e-18 0.0 33.59 0.0
S231756 202.4198 95.8197 7.244e-18 8.535e-18 8.626e-18 0.0 33.55 0.0
S231757 202.2558 95.8666 2.969e-16 3.832e-16 4.8e-16 0.0 33.24 0.0
S231758 202.2305 95.8921 5.1159999999999995e-23 1.6419999999999998e-22 1.37e-21 0.0 33.23 0.0
S231759 202.4583 95.8366 1.742e-20 3.4740000000000005e-20 1.053e-19 0.0 33.57 0.0
S231760 202.2612 95.8935 2.7920000000000004e-20 1.9090000000000003e-20 6.54e-21 0.0 33.24 0.0
S231761 202.2203 95.8875 8.931e-18 1.024e-17 1e-17 0.0 33.2 0.0
S231762 202.4815 95.7859 3.564e-16 6.258e-16 1.391e-15 0.0 33.54 0.0
S231763 202.4612 95.7909 1.806e-16 1.58e-16 8.697e-17 0.0 33.52 0.0
S231764 202.2573 95.8693 8.671e-17 1.163e-16 1.524e-16 0.0 33.28 0.0
S231765 202.416 95.8603 1.859e-11 1.385e-11 5.483e-12 0.0 33.51 0.0
S231766 202.2759 95.8463 1.532e-15 3.11e-15 9.624e-15 0.0 33.32 0.0
S231767 202.2917 95.8555 2.221e-21 4.712e-21 1.6920000000000003e-20 0.0 33.28 0.0
S231768 202.4181 95.8063 1.176e-15 9.053e-16 3.899e-16 0.0 33.55 0.0
S231769 202.2234 95.8868 1.271e-21 3.168e-21 1.549e-20 0.0 33.2 0.0
S231770 202.3902 95.8451 2.674e-21 6.526e-21 3.016e-20 0.0 33.51 0.0
S231771 202.2741 95.8951 3.708e-18 4.561e-18 4.995e-18 0.0 33.21 0.0
S231772 202.195 95.8926 8.295e-16 1.098e-15 1.44e-15 0.0 33.24 0.0
S231773 202.3715 95.8091 2.1170000000000002e-20 4.0830000000000004e-20 1.179e-19 0.0 33.56 0.0
S231774 202.4591 95.8273 3.266e-17 3.478e-17 2.765e-17 0.0 33.53 0.0
S231775 202.4676 95.8266 3.1349999999999995e-22 8.308999999999999e-22 4.521e-21 0.0 33.58 0.0
S231776 202.4566 95.8132 5.733e-18 7.344e-18 8.672e-18 0.0 33.57 0.0
S231777 202.2152 95.8683 1.598e-15 1.332e-15 6.689e-16 0.0 33.22 0.0
S231778 202.4985 95.7763 4.134e-16 3.592e-16 2.025e-16 0.0 33.57 0.0
S231779 202.4794 95.8222 9.103e-12 8.679e-12 5.742e-12 0.0 33.54 1.0
S231780 202.4707 95.8149 1.523e-17 1.712e-17 1.594e-17 0.0 33.54 0.0
S231781 202.4638 95.8162 2.713e-20 5.568000000000001e-20 1.767e-19 0.0 33.55 0.0
S231782 202.4013 95.8053 1.032e-16 9.758e-17 6.46e-17 0.0 33.52 0.0
S231783 202.1991 95.9227 8.546e-16 7.228e-16 3.692e-16 0.001 33.25 0.0
S231784 202.2651 95.8311 4.47e-22 1.168e-21 6.387e-21 0.0 33.35 0.0
S231785 202.1795 95.8947 9.854e-21 1.9920000000000003e-20 6.499000000000001e-20 0.0 33.18 0.0
S231786 202.4111 95.8063 2.703e-17 2.915e-17 2.402e-17 0.0 33.58 0.0
S231787 202.4374 95.7816 1.052e-21 2.498e-21 1.0880000000000001e-20 0.0 33.54 0.0
S231788 202.2751 95.8702 4.565e-13 3.021e-13 9.415e-14 0.0 33.26 0.0
S231789 202.4701 95.8231 1.9109999999999999e-22 5.907e-22 4.466e-21 0.0 33.56 0.0
S231790 202.1644 95.9369 1.495e-18 2.051e-18 2.777e-18 0.0 33.19 0.0
S231791 202.2417 95.865 3.033e-16 5.469e-16 1.353e-15 0.0 33.27 0.0
S231792 202.4237 95.8296 8.534999999999999e-22 2.381e-21 1.4340000000000002e-20 0.0 33.59 0.0
S231793 202.4395 95.7874 2.9770000000000005e-20 2.0510000000000003e-20 7.091e-21 0.0 33.65 0.0
S231794 202.4524 95.814 1.5e-20 3.183e-20 1.09e-19 0.0 33.61 0.0
S231795 202.2321 95.855 8.022000000000001e-20 1.476e-19 3.906e-19 0.0 33.26 0.0
S231796 202.3828 95.8344 3.298e-23 1.124e-22 1.025e-21 0.0 33.5 0.0
S231797 202.1569 95.8965 9.814e-17 9.535e-17 6.376e-17 0.0 33.2 0.0
S231798 202.1802 95.8723 2.255e-21 5.207e-21 2.2060000000000003e-20 0.0 33.18 0.0
S231799 202.1622 95.8769 4.6490000000000004e-20 9.034000000000001e-20 2.545e-19 0.0 33.27 0.0
S231800 202.4756 95.773 1.054e-21 2.7370000000000002e-21 1.414e-20 0.0 33.6 0.0
S231801 202.189 95.8775 1.734e-17 1.876e-17 1.612e-17 0.0 33.23 0.0
S231802 202.4597 95.8017 7.869e-21 1.701e-20 6.343e-20 0.0 33.63 0.0
S231803 202.2169 95.888 1.059e-22 3.585e-22 3.3e-21 0.0 33.27 0.0
S231804 202.433 95.7977 5.359e-17 5.351e-17 3.916e-17 0.0 33.56 0.0
S231805 202.1863 95.9267 1.112e-23 4.169e-23 4.697999999999999e-22 0.0 33.19 0.0
S231806 202.2147 95.905 2.2710000000000003e-20 1.584e-20 5.749e-21 0.0 33.15 0.0
S231807 202.2138 95.8697 2.185e-16 1.8e-16 8.573e-17 0.001 33.26 0.0
S231808 202.5327 95.8194 3.464e-20 2.336e-20 7.58e-21 0.001 33.52 0.0
S231809 202.4715 95.7966 2.223e-28 3.162e-27 6.087e-25 0.0 33.54 0.0
S231810 202.213 95.9094 1.769e-17 1.914e-17 1.675e-17 0.0 33.15 0.0
S231811 202.4338 95.8436 1.139e-21 2.819e-21 1.3430000000000001e-20 0.0 33.51 0.0
S231812 202.2181 95.9216 3.436e-15 3.173e-15 1.939e-15 0.0 33.21 1.0
S231813 202.2612 95.8619 3.3170000000000003e-20 6.387e-20 1.75e-19 0.0 33.25 0.0
S231814 202.4265 95.7509 9.123e-24 3.8749999999999996e-23 5.843999999999999e-22 0.0 33.61 0.0
S231815 202.2334 95.9052 5.605e-17 6.147e-17 5.263e-17 0.0 33.26 0.0
S231816 202.4574 95.8027 2.677e-21 5.539e-21 1.853e-20 0.0 33.6 0.0
S231817 202.49 95.8122 7.288e-16 6.214e-16 3.235e-16 0.001 33.59 0.0
S231818 202.4886 95.7952 8.79e-19 1.264e-18 1.922e-18 0.0 33.54 0.0
S231819 202.2116 95.9116 1.611e-21 4.016e-21 1.928e-20 0.0 33.24 0.0
S231820 202.4613 95.8126 3.519e-18 4.519e-18 5.208e-18 0.0 33.54 0.0
S231821 202.1734 95.8759 2.3e-17 2.445e-17 2.017e-17 0.0 33.24 0.0
S231822 202.4582 95.7908 4.85e-16 4.285e-16 2.373e-16 0.0 33.54 0.0
S231823 202.1915 95.9307 9.263e-17 8.995e-17 6.061e-17 0.0 33.21 0.0
S231824 202.1985 95.901 4.441e-16 3.68e-16 1.839e-16 0.0 33.25 0.0
S231825 202.5189 95.7924 2.154e-17 2.306e-17 1.98e-17 0.0 33.61 0.0
S231826 202.4685 95.806 1.748e-16 1.6e-16 9.768e-17 0.0 33.58 0.0
S231827 202.5415 95.7922 4.599e-18 5.629e-18 6.332e-18 0.0 33.58 0.0
S231828 202.4785 95.7944 5.586e-15 4.276e-15 1.772e-15 0.0 33.59 1.0
S231829 202.4466 95.8066 1.838e-16 2.427e-16 3.082e-16 0.0 33.62 0.0
S231830 202.2017 95.8985 2.7080000000000002e-20 5.211e-20 1.44e-19 0.0 33.25 0.0
S231831 202.4852 95.8259 2.1860000000000002e-20 1.532e-20 5.559e-21 0.0 33.6 0.0
S231832 202.5405 95.7564 1.241e-16 1.169e-16 7.599e-17 0.0 33.66 0.0
S231833 202.1408 95.9168 2.18e-19 3.493e-19 6.758e-19 0.0 33.1 0.0
S231834 202.5339 95.847 6.474e-18 7.513e-18 7.486e-18 0.0 33.59 0.0
S231835 202.165 95.9112 3.501e-25 1.98e-24 5.225e-23 0.0 33.15 0.0
S231836 202.5061 95.7775 5.0640000000000003e-20 9.558000000000001e-20 2.709e-19 0.0 33.54 0.0
S231837 202.1725 95.9288 2.544e-18 3.311e-18 4.112e-18 0.0 33.18 0.0
S231838 202.1584 95.9276 5.55e-16 4.97e-16 2.834e-16 0.0 33.19 0.0
S231839 202.1701 95.9109 2.075e-16 1.883e-16 1.076e-16 0.0 33.23 0.0
S231840 202.2144 95.9603 3.915e-17 4.017e-17 3.13e-17 0.0 33.15 0.0
S231841 202.5052 95.8061 6.08e-16 5.103e-16 2.656e-16 0.0 33.57 0.0
S231842 202.4947 95.8295 2.472e-21 5.518e-21 2.1470000000000003e-20 0.0 33.52 0.0
S231843 202.1806 95.9572 3.524e-17 3.628e-17 2.86e-17 0.0 33.21 0.0
S231844 202.4287 95.7636 2.6740000000000002e-25 1.702e-24 5.966999999999999e-23 0.0 33.56 0.0
S231845 202.1978 95.8649 2.153e-15 1.573e-15 6.155e-16 0.0 33.23 0.0
S231846 202.4835 95.8314 1.056e-17 1.216e-17 1.155e-17 0.0 33.56 0.0
S231847 202.1485 95.8816 9.814e-17 9.565e-17 6.845e-17 0.0 33.24 0.0
S231848 202.5162 95.8026 5.507e-19 8.544e-19 1.582e-18 0.001 33.54 0.0
S231849 202.4415 95.8135 1.1339999999999998e-22 3.401e-22 2.4640000000000002e-21 0.0 33.57 0.0
S231850 202.1842 95.9205 2.119e-16 1.779e-16 9.454e-17 0.0 33.23 0.0
S231851 202.5282 95.8227 2.182e-21 5.354e-21 2.4470000000000003e-20 0.0 33.56 0.0
S231852 202.5114 95.8149 7.368e-20 1.259e-19 2.778e-19 0.0 33.6 0.0
S231853 202.1659 95.9126 1.068e-15 8.349e-16 3.785e-16 0.0 33.17 0.0
S231854 202.4875 95.7919 1.141e-16 1.133e-16 8.19e-17 0.0 33.55 0.0
S231855 202.5344 95.8156 4.826e-18 5.845e-18 6.353e-18 0.001 33.63 0.0
S231856 202.1742 95.9007 1.805e-16 1.616e-16 9.155e-17 0.0 33.26 0.0
S231857 202.1683 95.9034 1.598e-21 3.702e-21 1.542e-20 0.0 33.27 0.0
S231858 202.1576 95.8816 8.047e-17 8.377e-17 6.392e-17 0.0 33.12 0.0
S231859 202.1422 95.915 1.208e-19 2.164e-19 5.258e-19 0.0 33.23 0.0
S231860 202.116 95.9252 1.587e-11 1.262e-11 5.784e-12 0.0 33.12 1.0
S231861 202.2102 95.937 8.989e-18 1.033e-17 1.026e-17 0.0 33.16 0.0
S231862 202.4428 95.7916 3.835e-19 5.971e-19 1.091e-18 0.0 33.6 0.0
S231863 202.1564 95.9058 4.949e-16 4.056e-16 2.003e-16 0.0 33.29 0.0
S231864 202.4992 95.8393 3.256e-20 6.425e-20 1.901e-19 0.0 33.5 1.0
S231865 202.5338 95.7831 1.83e-15 4.398e-15 1.899e-14 0.0 33.58 0.0
S231866 202.1814 95.9339 5.736999999999999e-22 1.46e-21 7.519e-21 0.0 33.2 0.0
S231867 202.4799 95.841 5.477e-16 4.526e-16 2.236e-16 0.0 33.59 0.0
S231868 202.486 95.7644 1.2020000000000001e-20 2.218e-20 5.429e-20 0.0 33.59 0.0
S231869 202.1721 95.9093 3.024e-17 3.19e-17 2.507e-17 0.0 33.14 0.0
S231870 202.1139 95.8811 1.052e-15 1.182e-15 1.114e-15 0.0 33.26 0.0
S231871 202.4678 95.7847 9.545e-16 1.137e-15 1.156e-15 0.0 33.58 0.0
S231872 202.5003 95.8348 2.118e-16 1.915e-16 1.088e-16 0.0 33.49 0.0
S231873 202.1483 95.9341 5.643e-16 4.806e-16 2.534e-16 0.0 33.18 0.0
S231874 202.5172 95.7902 4.668e-18 5.75e-18 6.137e-18 0.0 33.61 0.0
S231875 202.5051 95.8281 1.452e-23 5.202e-23 5.305999999999999e-22 0.0 33.54 0.0
S231876 202.1644 95.8985 1.8239999999999998e-22 4.922999999999999e-22 2.813e-21 0.0 33.16 0.0
S231877 202.1377 95.9014 5.273e-20 1.009e-19 2.779e-19 0.0 33.19 0.0
S231878 202.152 95.8919 2.776e-20 1.895e-20 6.553e-21 0.0 33.19 0.0
S231879 202.5102 95.7824 9.536e-19 1.349e-18 2.03e-18 0.0 33.62 0.0
S231880 202.4818 95.7792 5.138e-12 3.582e-12 1.263e-12 0.0 33.56 0.0
S231881 202.1602 95.9049 2.251e-17 2.461e-17 2.109e-17 0.0 33.19 0.0
S231882 202.524 95.7949 3.084e-20 2.118e-20 7.23e-21 0.0 33.58 0.0
S231883 202.4895 95.7671 7.405e-18 8.74e-18 8.932e-18 0.0 33.6 0.0
S231884 202.4786 95.7995 8.652e-19 1.195e-18 1.695e-18 0.0 33.54 0.0
S231885 202.5497 95.7977 5.992e-17 6.256e-17 4.947e-17 0.0 33.56 0.0
S231886 202.5054 95.8015 8.56e-22 2.3750000000000002e-21 1.4100000000000002e-20 0.0 33.59 0.0
S231887 202.1225 95.9157 2.361e-12 3.032e-12 3.667e-12 0.0 33.27 0.0
S231888 202.5273 95.792 1.911e-15 1.778e-15 1.095e-15 0.0 33.63 0.0
S231889 202.1705 95.865 5.321e-17 5.405e-17 3.953e-17 0.0 33.2 0.0
S231890 202.1399 95.9006 7.665e-16 8.373e-16 7.221e-16 0.0 33.23 0.0
S231891 202.4802 95.8117 3e-16 5.546e-16 1.432e-15 0.0 33.49 0.0
S231892 202.0728 95.943 2.916e-19 5.012e-19 1.116e-18 0.0 33.18 0.0
S231893 202.1476 95.9134 1.105e-17 1.351e-17 1.49e-17 0.0 33.15 0.0
S231894 202.1856 95.9031 4.148e-21 1.0310000000000001e-20 5.175e-20 0.0 33.2 0.0
S231895 202.5198 95.7697 1.183e-18 1.665e-18 2.358e-18 0.0 33.68 0.0
S231896 202.5415 95.8117 2.349e-16 2.061e-16 1.143e-16 0.0 33.63 0.0
S231897 202.5102 95.8075 6.718e-17 6.568e-17 4.422e-17 0.0 33.55 0.0
S231898 202.1609 95.9288 3.268e-16 2.856e-16 1.566e-16 0.0 33.25 0.0
S231899 202.1202 95.9014 2.8330000000000004e-20 5.826e-20 1.825e-19 0.0 33.2 0.0
S231900 202.1225 95.9023 1.379e-16 1.203e-16 6.76e-17 0.0 33.21 0.0
S231901 202.4942 95.8106 5.632e-21 1.2830000000000001e-20 4.9980000000000007e-20 0.0 33.59 0.0
S231902 202.1752 95.9252 5.526e-17 5.436e-17 3.817e-17 0.001 33.25 0.0
S231903 202.5992 95.7963 2.736e-21 6.2590000000000004e-21 2.5240000000000003e-20 0.0 33.6 1.0
S231904 202.5438 95.7736 9.924e-16 1.173e-15 1.216e-15 0.0 33.57 0.0
S231905 202.0962 95.91 5.782999999999999e-22 1.6540000000000001e-21 1.047e-20 0.0 33.18 0.0
S231906 202.567 95.7881 9.465e-22 2.288e-21 1.0640000000000001e-20 0.0 33.58 0.0
S231907 202.0965 95.9133 3.039e-18 3.931e-18 4.799e-18 0.0 33.26 0.0
S231908 202.1419 95.9333 2.363e-18 3.14e-18 3.947e-18 0.0 33.26 0.0
S231909 202.1465 95.9456 1.488e-20 3.1700000000000005e-20 1.12e-19 0.0 33.18 0.0
S231910 202.5231 95.7901 3.986e-16 3.399e-16 1.796e-16 0.0 33.57 0.0
S231911 202.5702 95.7914 1.535e-15 1.466e-15 9.802e-16 0.0 33.61 0.0
S231912 202.1341 95.903 1.69e-21 4.7140000000000004e-21 2.821e-20 0.0 33.3 0.0
S231913 202.0829 95.9343 3.043e-21 8.056e-21 4.45e-20 0.0 33.14 0.0
S231914 202.5636 95.7892 1.546e-17 1.739e-17 1.57e-17 0.0 33.57 0.0
S231915 202.1079 95.9153 1.7890000000000002e-20 3.7850000000000005e-20 1.28e-19 0.0 33.22 1.0
S231916 202.5721 95.7812 3.059e-22 7.855e-22 3.911e-21 0.0 33.64 0.0
S231917 202.5695 95.7884 3.216e-16 2.821e-16 1.567e-16 0.0 33.63 0.0
S231918 202.5093 95.786 1.497e-17 1.575e-17 1.325e-17 0.0 33.56 0.0
S231919 202.5258 95.7652 3.313e-18 4.371e-18 5.615e-18 0.0 33.61 0.0
S231920 202.1094 95.9021 5.447e-21 1.225e-20 4.837e-20 0.0 33.25 0.0
S231921 202.5724 95.7496 2.62e-15 2.053e-15 9.16e-16 0.0 33.59 1.0
S231922 202.5493 95.7666 1.6310000000000002e-20 3.429e-20 1.131e-19 0.0 33.61 0.0
S231923 202.1526 95.9015 8.84e-16 7.141e-16 3.401e-16 0.0 33.17 0.0
S231924 202.5628 95.7709 3.3599999999999997e-22 9.372999999999999e-22 5.609e-21 0.0 33.64 0.0
S231925 202.0829 95.9416 1.071e-15 8.249e-16 3.471e-16 0.0 33.24 0.0
S231926 202.0997 95.9204 1.2e-21 3.151e-21 1.691e-20 0.0 33.21 0.0
S231927 202.5536 95.7542 2.308e-17 2.52e-17 2.175e-17 0.0 33.58 0.0
S231928 202.5587 95.8005 5.491e-16 4.576e-16 2.33e-16 0.0 33.6 0.0
S231929 202.5794 95.7598 4.603e-15 3.982e-15 2.158e-15 0.0 33.58 0.0
S231930 202.5922 95.7581 5.348e-17 5.199e-17 3.589e-17 0.0 33.57 0.0
S231931 202.1237 95.9173 2.696e-19 4.12e-19 7.283e-19 0.0 33.18 0.0
S231932 202.5297 95.781 1.774e-17 1.894e-17 1.555e-17 0.0 33.57 0.0
S231933 202.5872 95.7841 1.186e-11 8.759e-12 3.406e-12 0.0 33.6 0.0
S231934 202.0887 95.9102 2.8390000000000005e-20 1.984e-20 6.845e-21 0.001 33.21 0.0
S231935 202.1308 95.9041 1.5960000000000002e-20 3.3990000000000004e-20 1.187e-19 0.0 33.19 0.0
S231936 202.6063 95.7844 1.759e-18 2.352e-18 3.031e-18 0.0 33.6 0.0
S231937 202.5945 95.7941 2.656e-23 9.953999999999999e-23 1.1220000000000001e-21 0.0 33.59 0.0
S231938 202.1052 95.9084 7.253e-18 9.114e-18 1.049e-17 0.0 33.18 0.0
S231939 202.0331 95.9471 6.929e-18 8.127e-18 7.84e-18 0.0 33.15 0.0
S231940 202.5557 95.7538 4.769e-17 4.919e-17 3.853e-17 0.001 33.56 0.0
S231941 202.0552 95.9329 3.031e-15 2.483e-15 1.162e-15 0.0 33.27 0.0
S231942 202.11 95.918 6.273999999999999e-22 1.751e-21 1.044e-20 0.0 33.19 0.0
S231943 202.5625 95.779 1.453e-18 1.941e-18 2.614e-18 0.0 33.55 0.0
S231944 202.578 95.7665 1.589e-16 1.47e-16 8.95e-17 0.0 33.54 0.0
S231945 202.6308 95.7485 3.369e-16 3.902e-16 3.902e-16 0.0 33.59 0.0
S231946 202.6611 95.7453 1.6600000000000001e-21 4.593e-21 2.7920000000000004e-20 0.001 33.61 0.0
S231947 202.5977 95.7894 2.26e-15 1.903e-15 9.463e-16 0.0 33.61 0.0
S231948 202.0394 95.9592 3.38e-15 3.086e-15 1.825e-15 0.0 33.15 0.0
S231949 202.0494 95.9542 7.981e-17 7.875e-17 5.277e-17 0.0 33.27 0.0
S231950 202.612 95.7698 2.8330000000000004e-20 1.95e-20 6.694e-21 0.0 33.6 0.0
S231951 202.6277 95.7648 5.576e-19 8.594e-19 1.499e-18 0.0 33.54 0.0
S231952 202.5987 95.7819 4.582e-16 3.932e-16 2.075e-16 0.0 33.57 0.0
S231953 202.0912 95.9544 1.022e-17 1.127e-17 1.01e-17 0.0 33.15 0.0
S231954 202.588 95.764 6.67e-16 5.283e-16 2.471e-16 0.0 33.58 0.0
S231955 202.6088 95.8017 7.334e-17 6.974e-17 4.462e-17 0.0 33.59 0.0
S231956 202.0214 95.9223 2.109e-18 2.883e-18 3.889e-18 0.0 33.14 0.0
S231957 202.558 95.7647 2.368e-17 2.693e-17 2.473e-17 0.0 33.56 0.0
S231958 202.0295 95.9814 1.435e-19 2.44e-19 5.21e-19 0.0 33.22 0.0
S231959 202.0721 95.9036 5.0950000000000006e-20 9.194e-20 2.211e-19 0.0 33.24 0.0
S231960 202.0289 95.9102 9.914e-18 1.156e-17 1.131e-17 0.0 33.19 0.0
S231961 202.626 95.7469 1.062e-16 1.067e-16 7.738e-17 0.0 33.59 0.0
S231962 202.058 95.958 3.846e-16 3.331e-16 1.821e-16 0.0 33.21 0.0
S231963 202.0076 95.9671 1.71e-16 1.538e-16 9.106e-17 0.0 33.26 0.0
S231964 202.6478 95.7524 6.887e-22 2.029e-21 1.3890000000000002e-20 0.0 33.59 0.0
S231965 202.6001 95.7652 4.136e-16 3.583e-16 1.972e-16 0.0 33.66 0.0
S231966 202.6362 95.7714 8.4469999999999995e-22 2.17e-21 1.1210000000000001e-20 0.0 33.62 0.0
S231967 202.5914 95.769 1.06e-16 1.311e-16 1.476e-16 0.0 33.56 0.0
S231968 202.5916 95.7738 5.188e-17 5.147e-17 3.62e-17 0.0 33.57 0.0
S231969 202.0274 95.9502 1.339e-17 1.507e-17 1.412e-17 0.0 33.15 0.0
S231970 202.0289 95.9493 9.283e-12 8.467e-12 5.275e-12 0.0 33.22 1.0
S231971 202.0646 95.9546 6.33e-19 9.77e-19 1.72e-18 0.0 33.17 0.0
S231972 202.0081 95.9417 4.782e-18 5.679e-18 5.577e-18 0.0 33.23 0.0
S231973 202.6313 95.7293 1.666e-15 1.286e-15 5.472e-16 0.0 33.62 1.0
S231974 202.0188 95.9314 2.9990000000000002e-21 7.676e-21 3.967e-20 0.0 33.18 0.0
S231975 202.6133 95.7625 8.017e-21 1.749e-20 6.306e-20 0.0 33.58 0.0
S231976 202.0096 95.9443 1.154e-20 2.3620000000000002e-20 7.827000000000001e-20 0.0 33.29 0.0
S231977 202.0231 95.9679 2.362e-19 4.002e-19 8.321e-19 0.0 33.23 0.0
S231978 201.9995 95.9524 3.126e-20 6.304e-20 1.983e-19 0.0 33.26 0.0
S231979 202.6133 95.7781 1.055e-17 1.245e-17 1.272e-17 0.0 33.61 0.0
S231980 202.0374 95.9147 1.096e-19 1.892e-19 4.28e-19 0.0 33.17 0.0
S231981 202.0699 95.956 3.492e-16 3.118e-16 1.782e-16 0.0 33.2 0.0
S231982 202.079 95.9538 1.01e-15 8.285e-16 4.071e-16 0.0 33.17 0.0
S231983 202.0424 95.9588 4.478e-14 2.942e-14 9.065e-15 0.0 33.22 0.0
S231984 202.0277 95.9612 4.402e-14 3.083e-14 1.058e-14 0.0 33.22 0.0
S231985 202.6294 95.7497 2.271e-15 1.789e-15 7.89e-16 0.0 33.64 1.0
S231986 202.0307 95.9473 1.304e-15 1.465e-15 1.326e-15 0.0 33.2 0.0
S231987 202.6397 95.7558 2.698e-14 1.922e-14 7.031e-15 0.0 33.61 0.0
S231988 202.6276 95.7679 4.391e-16 5.737e-16 7.101e-16 0.0 33.56 0.0
S231989 202.0368 95.9298 1.399e-15 1.159e-15 5.891e-16 0.0 33.26 0.0
S231990 202.6353 95.7753 3.606e-14 2.488e-14 8.606e-15 0.0 33.56 0.0
S231991 202.6258 95.7877 7.265e-15 5.598e-15 2.361e-15 0.0 33.6 0.0
S231992 202.6584 95.7752 2.312e-17 2.617e-17 2.466e-17 0.0 33.6 0.0
S231993 202.0109 95.9124 7.67e-12 7.188e-12 4.409e-12 0.0 33.25 1.0
S231994 202.6625 95.7852 1.25e-15 9.873e-16 4.559e-16 0.0 33.6 0.0
S231995 202.6552 95.7895 5.584e-15 4.198e-15 1.679e-15 0.0 33.55 0.0
S231996 202.6682 95.799 3.723e-16 3.176e-16 1.605e-16 0.0 33.61 0.0
S231997 202.0012 95.8998 4.084e-15 3.093e-15 1.285e-15 0.0 33.23 1.0
S231998 202.6495 95.8108 4.86e-14 3.281e-14 1.075e-14 0.0 33.56 0.0
S231999 202.0015 95.879 3.441e-15 2.539e-15 1.015e-15 0.0 33.21 0.0
S232000 202.666 95.8198 9.703e-15 7.143e-15 2.866e-15 0.0 33.6 0.0
S232001 202.6797 95.824 1.379e-14 9.721e-15 3.54e-15 0.0 33.56 0.0
S232002 201.9818 95.881 2.571e-12 1.758e-12 5.865e-13 0.0 33.17 0.0
S232003 202.6544 95.8476 9.925e-12 7.49e-12 3.019e-12 0.0 33.51 0.0
S232004 202.6756 95.8436 2.453e-15 1.919e-15 8.874e-16 0.0 33.57 1.0
S232005 201.9824 95.8453 9.259e-15 6.459e-15 2.264e-15 0.0 33.2 0.0
S232006 201.9896 95.8436 4.907e-16 3.978e-16 1.914e-16 0.0 33.27 0.0
S232007 202.6603 95.8671 4.08e-15 3.364e-15 1.625e-15 0.001 33.53 0.0
S232008 201.9917 95.8223 1.017e-16 9.625e-17 6.286e-17 0.0 33.22 0.0
S232009 201.9911 95.8167 3.2e-15 2.425e-15 9.765e-16 0.0 33.29 0.0
S232010 201.9793 95.8221 7.137e-16 6.023e-16 3.185e-16 0.001 33.22 0.0
S232011 202.6739 95.8943 1.344e-15 1.287e-15 8.68e-16 0.0 33.56 0.0
S232012 201.9983 95.8014 3.047e-15 2.313e-15 9.576e-16 0.0 33.25 1.0
S232013 202.6791 95.9146 1.572e-15 1.695e-15 1.454e-15 0.0 33.47 0.0
S232014 202.6791 95.921 1.474e-15 1.218e-15 6.05e-16 0.0 33.46 0.0
S232015 202.6783 95.9297 2.831e-16 2.445e-16 1.296e-16 0.0 33.55 0.0
S232016 202.6848 95.941 1.825e-14 1.293e-14 4.667e-15 0.0 33.5 0.0
S232017 202.6925 95.9373 8.195e-18 9.809e-18 9.917e-18 0.0 33.58 0.0
S232018 201.9839 95.7495 1.134e-16 1.657e-16 2.619e-16 0.0 33.25 0.0
S232019 201.978 95.7406 4.9e-16 4.113e-16 2.082e-16 0.0 33.36 0.0
S232020 201.9686 95.7458 9.39e-16 7.421e-16 3.336e-16 0.0 33.26 0.0
S232021 202.6634 95.9697 4.782e-16 4.296e-16 2.416e-16 0.0 33.42 0.0
S232022 202.6811 95.9695 3.442e-18 4.243e-18 4.785e-18 0.0 33.49 0.0
S232023 201.9784 95.7151 2.225e-15 1.672e-15 7.03e-16 0.0 33.37 1.0
S232024 201.9952 95.7144 1.375e-15 1.08e-15 4.735e-16 0.0 33.33 0.0
S232025 202.001 95.6973 1.385e-15 1.133e-15 5.344e-16 0.0 33.3 0.0
S232026 202.6636 96.0117 2.425e-15 1.895e-15 8.443e-16 0.0 33.46 1.0
S232027 201.9966 95.6722 1.219e-14 8.55e-15 2.985e-15 0.0 33.3 0.0
S232028 202.636 96.036 8.169e-15 6.11e-15 2.428e-15 0.0 33.39 0.0
S232029 202.0008 95.6727 9.832e-16 8.449e-16 4.616e-16 0.0 33.35 0.0
S232030 202.0024 95.651 3.253e-14 2.177e-14 7.035e-15 0.0 33.3 0.0
S232031 202.6601 96.0375 1.129e-15 1.246e-15 1.113e-15 0.0 33.44 0.0
S232032 202.6512 96.0592 5.871e-16 6.755e-16 6.614e-16 0.0 33.48 0.0
S232033 202.0074 95.6178 1.553e-15 1.178e-15 4.927e-16 0.0 33.36 0.0
S232034 202.0354 95.6092 1.262e-15 1.061e-15 5.296e-16 0.0 33.4 0.0
S232035 202.0016 95.5991 1.214e-16 1.145e-16 7.328e-17 0.001 33.44 0.0
S232036 202.625 96.0967 1.998e-15 1.535e-15 6.79e-16 0.0 33.42 1.0
S232037 202.6323 96.1025 8.311e-12 7.333e-12 4.186e-12 0.0 33.38 1.0
S232038 202.6185 96.1081 4.521e-15 3.346e-15 1.339e-15 0.001 33.37 0.0
S232039 202.0569 95.5994 1.292e-14 9.111e-15 3.265e-15 0.0 33.36 0.0
S232040 202.0522 95.5604 2.473e-15 1.935e-15 8.359e-16 0.0 33.37 1.0
S232041 202.5923 96.1509 4.649e-16 3.929e-16 2.044e-16 0.0 33.31 0.0
S232042 202.0756 95.5488 4.264e-17 4.449e-17 3.488e-17 0.0 33.38 0.0
S232043 202.5961 96.1595 6.17e-16 5.137e-16 2.641e-16 0.0 33.48 0.0
S232044 202.5805 96.1657 1.579e-15 1.245e-15 5.724e-16 0.0 33.4 1.0
S232045 202.0943 95.5146 1.551e-13 1.06e-13 3.441e-14 0.0 33.5 0.0
S232046 202.1158 95.5142 3.441e-15 2.604e-15 1.056e-15 0.0 33.46 1.0
S232047 202.5547 96.2047 3.785e-16 3.208e-16 1.666e-16 0.0 33.42 0.0
S232048 202.5404 96.2023 9.513e-15 6.793e-15 2.559e-15 0.0 33.34 0.0
S232049 202.5359 96.2322 5.037e-16 4.724e-16 2.969e-16 0.0 33.36 0.0
S232050 202.1356 95.4606 7.893e-16 6.611e-16 3.36e-16 0.0 33.53 0.0
S232051 202.1452 95.4688 5.3e-16 4.458e-16 2.275e-16 0.0 33.46 0.0
S232052 202.1739 95.456 7.315e-15 5.334e-15 2.082e-15 0.0 33.46 0.0
S232053 202.1738 95.4377 8.763e-16 1.614e-15 3.998e-15 0.0 33.48 0.0
S232054 202.1953 95.4727 6.558e-15 5.058e-15 2.114e-15 0.0 33.45 0.0
S232055 202.4634 96.2502 7.354e-16 6.34e-16 3.319e-16 0.0 33.25 0.0
S232056 202.2111 95.4421 3.864e-15 2.897e-15 1.17e-15 0.0 33.5 0.0
S232057 202.2217 95.4214 1.472e-15 1.131e-15 4.882e-16 0.0 33.54 1.0
S232058 202.2362 95.4002 2.384e-14 1.691e-14 6.121e-15 0.0 33.47 0.0
S232059 202.2597 95.4331 6.51e-16 5.473e-16 2.849e-16 0.0 33.53 0.0
S232060 202.4182 96.3196 7.026e-14 4.709e-14 1.495e-14 0.0 33.19 0.0
S232061 202.3888 96.3016 3.273e-15 2.54e-15 1.131e-15 0.0 33.26 1.0
S232062 202.2929 95.4134 3.109e-16 2.862e-16 1.714e-16 0.0 33.59 0.0
S232063 202.3118 95.4085 2.936e-15 2.206e-15 9.365e-16 0.0 33.57 1.0
S232064 202.3207 95.4038 4.566e-17 4.75e-17 3.673e-17 0.0 33.57 0.0
S232065 202.346 95.4043 1.258e-15 1.009e-15 4.782e-16 0.0 33.54 0.0
S232066 202.359 95.4064 1.628e-14 1.048e-14 3.222e-15 0.0 33.57 0.0
S232067 202.3553 95.3682 1.12e-11 8.755e-12 3.845e-12 0.0 33.58 1.0
S232068 202.394 95.3799 3.565e-15 2.838e-15 1.237e-15 0.0 33.6 1.0
S232069 202.2715 96.3051 9.622e-21 7.494e-21 3.329e-21 0.0 33.21 0.0
S232070 202.4365 95.3775 1.072e-14 8.242e-15 3.418e-15 0.0 33.56 0.0
S232071 202.4437 95.3954 1.011e-17 1.179e-17 1.143e-17 0.0 33.6 0.0
S232072 202.4681 95.3753 4.104e-15 3.733e-15 2.25e-15 0.0 33.62 0.0
S232073 202.2097 96.3109 1.081e-15 8.988e-16 4.283e-16 0.001 33.16 0.0
S232074 202.1644 96.3112 4.357e-16 3.663e-16 1.907e-16 0.0 33.14 0.0
S232075 202.151 96.2964 4.434e-14 2.989e-14 9.93e-15 0.0 33.18 1.0
S232076 202.1199 96.3187 1.87e-15 1.413e-15 5.888e-16 0.0 33.2 1.0
S232077 202.5426 95.3855 7.716e-16 6.592e-16 3.358e-16 0.0 33.59 0.0
S232078 202.0751 96.297 2.364e-12 1.635e-12 5.38e-13 0.0 33.12 0.0
S232079 202.0834 96.2977 1.329e-15 1.053e-15 4.97e-16 0.0 33.14 0.0
S232080 202.5952 95.4229 1.431e-14 1.005e-14 3.718e-15 0.0 33.63 0.0
S232081 202.0325 96.2841 1.224e-15 1.211e-15 8.491e-16 0.0 33.08 0.0
S232082 202.6523 95.4262 1.02e-14 7.497e-15 2.921e-15 0.0 33.67 0.0
S232083 202.653 95.4691 1.188e-16 1.112e-16 7.056e-17 0.0 33.67 0.0
S232084 202.0074 96.2373 3.811e-15 3.037e-15 1.351e-15 0.0 33.15 1.0
S232085 201.9542 96.2588 8.996e-15 6.464e-15 2.448e-15 0.0 33.12 0.0
S232086 201.9845 96.1958 5.062e-16 6.191e-16 6.879e-16 0.001 33.15 0.0
S232087 201.9515 96.1935 8.374e-17 8.74e-17 7.075e-17 0.0 33.14 0.0
S232088 201.9529 96.1619 2.628e-15 2.03e-15 8.563e-16 0.0 33.16 1.0
S232089 201.9006 96.1672 6.086e-13 4.004e-13 1.238e-13 0.0 33.15 0.0
S232090 201.908 96.1513 2.357e-16 2.207e-16 1.386e-16 0.0 33.12 0.0
S232091 201.9091 96.1236 1.529e-17 1.743e-17 1.649e-17 0.0 33.2 0.0
S232092 201.8669 96.1284 3.065e-15 2.642e-15 1.422e-15 0.0 33.18 0.0
S232093 202.8009 95.6006 3.531e-15 2.704e-15 1.135e-15 0.0 33.69 1.0
S232094 201.87 96.0771 8.536e-15 6.145e-15 2.293e-15 0.001 33.15 1.0
S232095 201.8658 96.0486 1.149e-14 8.403e-15 3.215e-15 0.0 33.12 0.0
S232096 202.8171 95.6694 5.307e-15 3.874e-15 1.488e-15 0.0 33.65 0.0
S232097 202.8476 95.6824 1.049e-14 7.574e-15 2.733e-15 0.0 33.66 0.0
S232098 202.8373 95.7074 4.913e-17 5.092e-17 3.897e-17 0.0 33.64 0.0
S232099 201.7858 95.9745 1.854e-15 2.328e-15 2.628e-15 0.0 33.16 0.0
S232100 202.8743 95.7549 1.267e-14 9.08e-15 3.259e-15 0.0 33.62 0.0
S232101 201.8057 95.9035 3.44e-16 3.101e-16 1.836e-16 0.0 33.22 0.0
S232102 202.9187 95.8012 2.36e-20 1.649e-20 5.871e-21 0.0 33.6 0.0
S232103 202.9028 95.8366 1.546e-15 1.225e-15 5.584e-16 0.0 33.54 0.0
S232104 202.912 95.8567 4.678e-16 4.051e-16 2.214e-16 0.0 33.52 0.0
S232105 201.7759 95.8191 2.038e-15 1.609e-15 7.104e-16 0.0 33.2 1.0
S232106 201.7687 95.7873 3.58e-14 2.464e-14 8.49e-15 0.0 33.24 0.0
S232107 202.8993 95.9583 1.518e-12 9.816e-13 3.026e-13 0.0 33.5 0.0
S232108 201.7801 95.7114 1.107e-14 8.272e-15 3.438e-15 0.0 33.31 0.0
S232109 201.7861 95.6922 1.173e-16 1.1e-16 6.924e-17 0.0 33.25 0.0
S232110 201.7717 95.6797 2.544e-14 1.899e-14 7.525e-15 0.0 33.29 0.0
S232111 201.8119 95.6237 1.613e-14 1.147e-14 4.137e-15 0.0 33.28 0.0
S232112 202.8961 96.0939 3.573e-12 2.434e-12 8.101e-13 0.0 33.47 0.0
S232113 201.826 95.5358 8.372e-18 1.047e-17 1.154e-17 0.0 33.35 0.0
S232114 202.8104 96.125 3.156e-15 2.401e-15 9.966e-16 0.0 33.41 1.0
S232115 201.8642 95.5037 9.217e-15 6.698e-15 2.584e-15 0.0 33.28 0.0
S232116 202.7719 96.2035 5.737e-12 4.319e-12 1.741e-12 0.0 33.4 0.0
S232117 201.9021 95.4838 1.664e-17 1.902e-17 1.809e-17 0.0 33.37 0.0
S232118 202.7681 96.2773 4.537e-15 3.333e-15 1.286e-15 0.0 33.45 0.0
S232119 202.7209 96.2861 2.456e-14 1.739e-14 6.426e-15 0.0 33.36 0.0
S232120 201.9702 95.3607 7.85e-15 5.732e-15 2.241e-15 0.0 33.47 0.0
S232121 201.994 95.3172 5.113e-12 3.481e-12 1.174e-12 0.0 33.53 0.0
S232122 202.6488 96.3872 3.232e-14 2.194e-14 7.264e-15 0.0 33.36 0.0
S232123 202.0458 95.2931 1.071e-16 1.033e-16 7.154e-17 0.0 33.49 0.0
S232124 202.0909 95.2939 7.015e-15 5.046e-15 1.881e-15 0.0 33.47 0.0
S232125 202.5431 96.4275 1.202e-15 9.745e-16 4.503e-16 0.001 33.23 0.0
S232126 202.5076 96.4387 4.352e-16 3.832e-16 2.129e-16 0.0 33.29 0.0
S232127 202.0623 95.8981 1.6690000000000002e-20 3.093e-20 8.012000000000001e-20 0.0 33.17 0.0
S232128 202.0291 95.9119 3.491e-21 8.105e-21 3.4190000000000005e-20 0.0 33.25 0.0
S232129 202.6234 95.8026 7.858e-16 6.705e-16 3.471e-16 0.0 33.55 0.0
S232130 202.0505 95.8969 2.053e-22 5.924e-22 3.913e-21 0.0 33.17 0.0
S232131 202.639 95.8036 5.773e-18 6.767e-18 6.905e-18 0.0 33.55 0.0
S232132 202.656 95.799 4.61e-15 4.013e-15 2.188e-15 0.0 33.51 0.0
S232133 202.6241 95.8173 1.313e-15 1.069e-15 5.002e-16 0.0 33.55 0.0
S232134 202.6489 95.8041 7.985e-16 6.869e-16 3.604e-16 0.0 33.58 0.0
S232135 202.6253 95.8418 5.832e-16 4.882e-16 2.523e-16 0.0 33.59 0.0
S232136 202.6328 95.8256 1.434e-16 1.4e-16 9.759e-17 0.0 33.58 0.0
S232137 202.014 95.882 1.092e-15 1.064e-15 7.356e-16 0.0 33.21 0.0
S232138 201.9996 95.8657 1.451e-15 1.164e-15 5.276e-16 0.0 33.27 1.0
S232139 202.621 95.8361 1.51e-18 1.87e-18 2.169e-18 0.0 33.52 0.0
S232140 201.9313 95.9051 3.139e-20 2.1040000000000002e-20 7.018e-21 0.0 33.19 0.0
S232141 202.6433 95.8493 2.474e-15 1.927e-15 8.08e-16 0.0 33.58 1.0
S232142 202.0103 95.8511 1.509e-15 1.538e-15 1.201e-15 0.0 33.31 0.0
S232143 201.9854 95.8696 1.954e-15 1.762e-15 1.003e-15 0.001 33.21 0.0
S232144 202.6189 95.8588 1.173e-17 1.448e-17 1.566e-17 0.0 33.58 0.0
S232145 202.6697 95.8529 2.069e-19 3.428e-19 6.989e-19 0.0 33.54 0.0
S232146 202.6332 95.8721 3.866e-17 4.122e-17 3.279e-17 0.0 33.54 0.0
S232147 202.6777 95.857 4.014e-16 3.37e-16 1.643e-16 0.0 33.58 0.0
S232148 202.6677 95.8679 1.255e-17 1.341e-17 1.132e-17 0.0 33.52 0.0
S232149 202.0219 95.8266 6.799e-16 5.482e-16 2.571e-16 0.0 33.23 0.0
S232150 201.9982 95.8255 7.408e-15 5.551e-15 2.23e-15 0.0 33.22 0.0
S232151 202.6844 95.8822 1.2840000000000002e-20 2.7490000000000005e-20 9.939000000000001e-20 0.001 33.59 0.0
S232152 202.6432 95.908 1.798e-15 1.394e-15 5.925e-16 0.0 33.52 1.0
S232153 202.0033 95.8087 9.251e-16 7.687e-16 3.766e-16 0.0 33.31 0.0
S232154 202.6451 95.8934 1.218e-18 1.627e-18 2.231e-18 0.0 33.61 0.0
S232155 202.6696 95.8907 3.768e-16 4.295e-16 4.046e-16 0.0 33.51 0.0
S232156 202.6501 95.8932 5.299e-16 4.461e-16 2.246e-16 0.0 33.5 0.0
S232157 202.6545 95.9066 5.224e-21 1.182e-20 4.499e-20 0.0 33.53 0.0
S232158 202.6704 95.8982 5.913e-14 4.041e-14 1.38e-14 0.0 33.54 0.0
S232159 202.6915 95.9053 1.055e-18 1.532e-18 2.445e-18 0.0 33.48 0.0
S232160 202.6748 95.926 2.8440000000000002e-21 6.789e-21 2.938e-20 0.0 33.61 0.0
S232161 201.9914 95.7642 7.721e-16 6.513e-16 3.447e-16 0.0 33.25 0.0
S232162 202.003 95.7789 4.414e-22 1.374e-21 1.1080000000000002e-20 0.0 33.29 0.0
S232163 202.0152 95.7927 5.33e-16 4.488e-16 2.325e-16 0.0 33.27 0.0
S232164 202.6561 95.9836 6.587e-16 5.556e-16 2.731e-16 0.0 33.49 0.0
S232165 201.9954 95.7993 3.665e-20 7.021e-20 2.036e-19 0.0 33.2 0.0
S232166 201.9955 95.7581 4.413e-16 3.864e-16 2.236e-16 0.0 33.36 0.0
S232167 202.0339 95.7259 7.661e-16 1.073e-15 1.591e-15 0.0 33.33 0.0
S232168 202.706 95.9724 3.8890000000000004e-20 6.999000000000001e-20 1.704e-19 0.001 33.49 0.0
S232169 202.02 95.7107 6.856e-16 6.032e-16 3.486e-16 0.0 33.32 0.0
S232170 202.6407 95.9827 7.628e-16 6.485e-16 3.374e-16 0.0 33.52 0.0
S232171 201.9813 95.7001 2.997e-16 2.602e-16 1.436e-16 0.0 33.25 0.0
S232172 202.6373 95.9946 5.925e-21 1.2890000000000002e-20 4.7720000000000005e-20 0.0 33.44 0.0
S232173 201.9767 95.6981 9.059e-16 1.578e-15 3.584e-15 0.0 33.32 0.0
S232174 202.6388 95.9943 1.575e-12 1.05e-12 3.412e-13 0.0 33.44 0.0
S232175 201.9994 95.6746 6.902e-18 8.128e-18 8.029e-18 0.001 33.35 0.0
S232176 202.6459 96.0029 1.421e-15 1.105e-15 4.917e-16 0.0 33.43 1.0
S232177 202.0192 95.7264 3.457e-17 3.666e-17 3.021e-17 0.0 33.31 0.0
S232178 202.6692 96.0321 1.665e-15 1.869e-15 1.672e-15 0.001 33.45 0.0
S232179 202.6426 96.0565 1.161e-20 2.488e-20 8.677e-20 0.0 33.3 0.0
S232180 202.6206 96.0098 1.7610000000000003e-20 3.5010000000000005e-20 1.06e-19 0.0 33.47 0.0
S232181 202.6823 96.0206 7.015e-19 1.009e-18 1.575e-18 0.0 33.51 0.0
S232182 202.6756 96.0579 8.114e-16 6.671e-16 3.123e-16 0.0 33.49 0.0
S232183 202.0398 95.6184 7.442e-16 8.381e-16 7.411e-16 0.0 33.39 0.0
S232184 202.6411 96.0916 1.418e-17 1.585e-17 1.458e-17 0.0 33.46 0.0
S232185 202.0373 95.6254 1.1119999999999998e-22 3.5149999999999996e-22 2.707e-21 0.0 33.38 0.0
S232186 202.0486 95.5997 2.221e-19 3.605e-19 6.839e-19 0.0 33.39 0.0
S232187 202.6513 96.0747 1.233e-16 1.115e-16 6.553e-17 0.0 33.43 0.0
S232188 202.6599 96.1005 3.558e-18 4.453e-18 5.208e-18 0.001 33.4 0.0
S232189 202.625 96.1043 1.507e-15 1.17e-15 5.059e-16 0.0 33.38 1.0
S232190 202.5886 96.0986 2.046e-16 1.822e-16 1.057e-16 0.0 33.39 0.0
S232191 202.6453 96.1203 1.074e-15 8.46e-16 3.887e-16 0.0 33.41 0.0
S232192 202.6037 96.1302 6.536999999999999e-22 1.675e-21 8.37e-21 0.0 33.33 0.0
S232193 202.6469 96.1587 4.704e-16 3.833e-16 1.881e-16 0.0 33.37 0.0
S232194 202.6216 96.1283 3.457e-20 7.009000000000001e-20 2.215e-19 0.0 33.47 0.0
S232195 202.5866 96.1469 9.549e-16 7.712e-16 3.774e-16 0.0 33.38 0.0
S232196 202.5982 96.0954 1.794e-14 1.207e-14 3.909e-15 0.0 33.36 0.0
S232197 202.0711 95.5515 1.2059999999999999e-23 4.625e-23 5.380999999999999e-22 0.0 33.41 0.0
S232198 202.5903 96.1744 6.451e-19 9.889e-19 1.701e-18 0.001 33.38 0.0
S232199 202.5795 96.1216 3.684e-15 2.743e-15 1.133e-15 0.0 33.35 1.0
S232200 202.5692 96.1492 2.429e-15 1.906e-15 8.19e-16 0.0 33.37 1.0
S232201 202.1006 95.5538 7.873e-12 6.841e-12 3.762e-12 0.0 33.42 1.0
S232202 202.089 95.4723 1.013e-16 9.404e-17 5.865e-17 0.0 33.46 0.0
S232203 202.5634 96.2071 3.6119999999999996e-23 1.4559999999999998e-22 1.87e-21 0.001 33.33 0.0
S232204 202.1004 95.5097 2.065e-15 1.611e-15 6.967e-16 0.001 33.43 1.0
S232205 202.5409 96.1923 5.3440000000000006e-20 9.967000000000001e-20 2.696e-19 0.0 33.32 0.0
S232206 202.5519 96.2074 8.016e-17 8.361e-17 6.39e-17 0.0 33.29 0.0
S232207 202.5437 96.2219 2.593e-18 3.59e-18 5e-18 0.001 33.31 0.0
S232208 202.5274 96.1673 1.097e-16 1.137e-16 8.576e-17 0.001 33.37 0.0
S232209 202.1542 95.5229 4.081e-15 4.121e-15 2.915e-15 0.0 33.56 0.0
S232210 202.1585 95.4682 1.554e-17 1.674e-17 1.383e-17 0.0 33.46 0.0
S232211 202.1587 95.4938 2.087e-15 1.658e-15 7.46e-16 0.0 33.4 1.0
S232212 202.5069 96.2254 2.874e-15 2.262e-15 9.804e-16 0.0 33.33 1.0
S232213 202.488 96.1862 2.159e-17 2.23e-17 1.736e-17 0.0 33.25 0.0
S232214 202.1706 95.4253 3.044e-17 3.213e-17 2.573e-17 0.001 33.46 0.0
S232215 202.1958 95.5008 3.295e-15 3.038e-15 1.827e-15 0.0 33.45 0.0
S232216 202.1863 95.4438 1.735e-16 1.519e-16 8.742e-17 0.0 33.45 0.0
S232217 202.4587 96.2514 1.529e-15 1.226e-15 5.599e-16 0.0 33.23 0.0
S232218 202.4523 96.2575 2.5000000000000002e-20 1.763e-20 6.133e-21 0.0 33.33 0.0
S232219 202.2256 95.4373 1.276e-15 1.007e-15 4.617e-16 0.0 33.5 1.0
S232220 202.4408 96.267 1.206e-17 1.322e-17 1.122e-17 0.0 33.28 0.0
S232221 202.2403 95.448 2.697e-17 2.828e-17 2.226e-17 0.0 33.57 0.0
S232222 202.4534 96.3498 3.286e-15 2.612e-15 1.178e-15 0.0 33.27 1.0
S232223 202.4116 96.264 1.26e-18 1.782e-18 2.634e-18 0.001 33.28 0.0
S232224 202.3994 96.2685 3.5469999999999997e-22 9.838999999999998e-22 5.93e-21 0.0 33.26 0.0
S232225 202.4024 96.2476 1.132e-17 1.245e-17 1.085e-17 0.0 33.22 0.0
S232226 202.2889 95.38 2.207e-17 2.456e-17 2.252e-17 0.0 33.56 0.0
S232227 202.3671 96.2812 3.559e-17 3.727e-17 2.996e-17 0.0 33.3 0.0
S232228 202.3496 96.2766 4.393e-22 1.268e-21 8.486e-21 0.0 33.22 0.0
S232229 202.3496 96.2981 1.9380000000000002e-20 1.4020000000000003e-20 5.404e-21 0.0 33.3 0.0
S232230 202.3553 96.3912 9.668e-16 1.29e-15 1.722e-15 0.0 33.2 0.0
S232231 202.3468 96.3347 9.895e-17 9.331e-17 5.847e-17 0.0 33.21 0.0
S232232 202.3405 95.3956 6.532e-16 7.648e-16 7.286e-16 0.0 33.63 0.0
S232233 202.3848 95.4082 1.565e-18 2.268e-18 3.534e-18 0.0 33.7 0.0
S232234 202.3933 95.4388 1.226e-17 1.39e-17 1.346e-17 0.0 33.62 0.0
S232235 202.3693 95.4429 1.182e-15 9.3e-16 4.121e-16 0.0 33.61 0.0
S232236 202.2738 96.3237 1.176e-17 1.274e-17 1.106e-17 0.0 33.19 0.0
S232237 202.2431 96.2964 1.644e-15 1.297e-15 5.848e-16 0.0 33.1 0.0
S232238 202.3951 95.3962 6.477e-12 6.788e-12 5.407e-12 0.0 33.63 1.0
S232239 202.2417 96.3464 2.236e-12 1.498e-12 4.842e-13 0.0 33.13 0.0
S232240 202.2028 96.3198 7.166e-15 5.343e-15 2.146e-15 0.0 33.09 0.0
S232241 202.2172 96.2744 5.273e-15 3.818e-15 1.454e-15 0.0 33.17 0.0
S232242 202.4717 95.4287 8.788e-17 9.284e-17 7.292e-17 0.001 33.61 0.0
S232243 202.5128 95.4226 1.09e-14 7.98e-15 3.066e-15 0.0 33.61 0.0
S232244 202.489 95.4254 9.96e-17 1.008e-16 7.667e-17 0.0 33.62 0.0
S232245 202.2284 96.295 8.546e-15 6.252e-15 2.368e-15 0.0 33.19 0.0
S232246 202.5285 95.4176 1.283e-15 1.096e-15 5.876e-16 0.0 33.66 0.0
S232247 202.2063 96.2649 2.049e-18 2.937e-18 4.44e-18 0.0 33.17 0.0
S232248 202.1792 96.3474 1.139e-16 1.546e-16 2.129e-16 0.0 33.16 0.0
S232249 202.5863 95.421 1.5069999999999998e-23 5.487e-23 5.823999999999999e-22 0.0 33.67 0.0
S232250 202.5091 95.3786 4.574e-19 7.095e-19 1.284e-18 0.0 33.63 0.0
S232251 202.5577 95.4701 7.29e-16 6.12e-16 3.087e-16 0.001 33.63 0.0
S232252 202.1144 96.2905 1.907e-14 1.303e-14 4.554e-15 0.0 33.13 0.0
S232253 202.5909 95.4442 1.266e-18 1.747e-18 2.494e-18 0.0 33.62 0.0
S232254 202.6553 95.4158 1.685e-15 1.386e-15 6.697e-16 0.0 33.64 0.0
S232255 202.5872 95.4455 2.35e-16 3.499e-16 5.608e-16 0.0 33.56 0.0
S232256 201.9964 96.2236 1.861e-16 1.647e-16 9.312e-17 0.0 33.15 0.0
S232257 202.6626 95.418 7.764e-16 6.475e-16 3.163e-16 0.0 33.64 0.0
S232258 201.975 96.2173 1.477e-16 1.422e-16 9.233e-17 0.0 33.08 0.0
S232259 202.663 95.4361 5.383e-16 4.664e-16 2.651e-16 0.0 33.61 0.0
S232260 202.6347 95.4981 1.845e-16 1.608e-16 9.068e-17 0.0 33.64 0.0
S232261 201.9407 96.2411 4.1390000000000003e-20 7.84e-20 2.143e-19 0.0 33.16 0.0
S232262 201.9721 96.2049 5.764e-16 4.916e-16 2.599e-16 0.0 33.14 0.0
S232263 201.9594 96.1842 1.223e-17 1.407e-17 1.298e-17 0.0 33.18 0.0
S232264 202.7297 95.5185 6.443e-16 5.639e-16 2.967e-16 0.0 33.63 0.0
S232265 201.9068 96.1803 1.286e-16 1.224e-16 7.776e-17 0.0 33.18 0.0
S232266 201.9277 96.1622 1.432e-18 2.069e-18 3.108e-18 0.0 33.2 0.0
S232267 201.9523 96.1162 2.167e-17 2.484e-17 2.306e-17 0.0 33.08 0.0
S232268 201.9214 96.0992 7.692e-16 6.716e-16 3.573e-16 0.0 33.16 0.0
S232269 202.7974 95.5832 1.254e-20 2.7630000000000005e-20 1.042e-19 0.0 33.73 0.0
S232270 202.778 95.595 3.375e-19 5.199e-19 9.051e-19 0.0 33.62 0.0
S232271 201.8699 96.0911 1.073e-11 8.589e-12 4.151e-12 0.0 33.1 1.0
S232272 201.8064 96.0867 3.814e-16 3.369e-16 1.888e-16 0.0 33.19 0.0
S232273 202.8871 95.6142 4.228e-16 3.752e-16 2.157e-16 0.0 33.64 0.0
S232274 202.8392 95.6404 2.931e-16 2.596e-16 1.487e-16 0.0 33.62 0.0
S232275 201.7787 96.0515 1.288e-19 2.288e-19 5.315e-19 0.0 33.16 0.0
S232276 202.8296 95.6877 2.541e-14 1.725e-14 5.854e-15 0.0 33.57 0.0
S232277 201.8039 96.0107 3.844e-15 2.81e-15 1.11e-15 0.0 33.18 1.0
S232278 201.7409 96.0066 4.737e-16 6.424e-16 8.972e-16 0.0 33.16 0.0
S232279 202.8871 95.7145 1.466e-14 1.064e-14 4.06e-15 0.001 33.64 0.0
S232280 201.7651 95.9659 3.244e-15 2.403e-15 9.427e-16 0.0 33.2 0.0
S232281 201.7767 95.9518 2.006e-15 1.504e-15 6.249e-16 0.0 33.14 0.0
S232282 201.825 95.8967 6.698e-17 6.472e-17 4.316e-17 0.001 33.18 0.0
S232283 202.8641 95.8004 1.669e-17 1.815e-17 1.562e-17 0.0 33.54 1.0
S232284 201.8053 95.8813 2.245e-19 3.662e-19 7.28e-19 0.0 33.18 0.0
S232285 202.904 95.8409 1.435e-19 2.375e-19 4.856e-19 0.0 33.55 0.0
S232286 201.7766 95.8335 3.102e-15 3.065e-15 2.164e-15 0.0 33.19 0.0
S232287 202.8955 95.9008 3.066e-16 2.635e-16 1.378e-16 0.0 33.57 0.0
S232288 201.7111 95.8074 4.977e-15 3.748e-15 1.569e-15 0.0 33.23 1.0
S232289 201.8157 95.79 1.362e-24 6.597e-24 1.2829999999999999e-22 0.0 33.29 0.0
S232290 202.8491 95.9947 1.267e-15 1.035e-15 4.873e-16 0.0 33.55 0.0
S232291 201.7741 95.73 2.246e-16 3.2e-16 4.715e-16 0.0 33.29 0.0
S232292 201.8008 95.7352 1.489e-15 1.555e-15 1.206e-15 0.0 33.25 0.0
S232293 201.8455 95.7277 4.035e-15 2.991e-15 1.202e-15 0.0 33.27 0.0
S232294 201.7672 95.6433 4.12e-20 7.804000000000001e-20 2.161e-19 0.0 33.3 0.0
S232295 201.8493 95.6753 3.889e-16 3.318e-16 1.763e-16 0.0 33.3 0.0
S232296 202.8227 96.0931 2.885e-15 2.944e-15 2.162e-15 0.0 33.48 0.0
S232297 201.833 95.6475 1.252e-15 1e-15 4.574e-16 0.0 33.26 0.0
S232298 201.8278 95.5676 2.612e-20 1.828e-20 6.459e-21 0.0 33.38 0.0
S232299 202.8523 96.091 1.079e-15 1.244e-15 1.196e-15 0.0 33.47 0.0
S232300 202.8093 96.1747 2.221e-16 2.018e-16 1.172e-16 0.0 33.45 0.0
S232301 202.7954 96.1212 2.382e-15 1.833e-15 8.05e-16 0.0 33.44 1.0
S232302 201.821 95.5407 4.391e-18 5.49e-18 6.131e-18 0.0 33.38 0.0
S232303 201.8875 95.4808 3.953e-18 5.022e-18 5.726e-18 0.0 33.42 0.0
S232304 201.9121 95.5024 1.356e-15 2.034e-15 3.429e-15 0.0 33.39 0.0
S232305 201.9167 95.5271 3.332e-15 2.524e-15 1.07e-15 0.0 33.3 1.0
S232306 202.7327 96.2619 2.109e-15 1.74e-15 8.44e-16 0.0 33.38 0.0
S232307 202.6893 96.2871 3.949e-18 4.75e-18 5.06e-18 0.0 33.35 0.0
S232308 202.6635 96.3184 1.555e-16 1.445e-16 8.957e-17 0.0 33.4 0.0
S232309 201.9939 95.3338 3.706e-16 3.152e-16 1.644e-16 0.0 33.53 0.0
S232310 202.6686 96.355 2.175e-16 1.929e-16 1.07e-16 0.0 33.33 0.0
S232311 202.0192 95.2899 5.149e-17 5.236e-17 3.893e-17 0.0 33.56 0.0
S232312 202.5974 96.3067 6.226e-16 9.416e-16 1.508e-15 0.0 33.29 0.0
S232313 202.0601 95.2699 1.824e-16 1.615e-16 9.229e-17 0.0 33.47 0.0
S232314 202.0662 95.2193 2.186e-16 2.024e-16 1.232e-16 0.0 33.49 0.0
S232315 202.1069 95.2299 5.076e-17 5.24e-17 4.049e-17 0.0 33.47 0.0
S232316 202.541 96.4999 1.909e-16 1.734e-16 1.041e-16 0.0 33.28 0.0
S232317 202.4767 96.4068 5.054e-16 4.249e-16 2.173e-16 0.0 33.19 0.0
S232318 202.2318 95.322 5.55e-21 1.2810000000000001e-20 5.1500000000000006e-20 0.0 33.48 0.0
S232319 202.4504 96.4832 5.686e-17 5.659e-17 4.151e-17 0.0 33.31 0.0
S232320 202.2884 95.256 1.937e-15 1.775e-15 1.127e-15 0.0 33.64 0.0
S232321 202.3731 96.4047 1.284e-17 1.396e-17 1.194e-17 0.0 33.28 0.0
