Name Equatorial Polar BlueF GreenF RedF Parallax RadialVelocity Variable?
S288111 242.3983 88.7353 1.2929999999999998e-22 3.394e-22 1.755e-21 0.0 113.14 0.0
S288112 242.4146 88.673 3.318e-13 2.768e-13 1.385e-13 0.0 112.61 0.0
S288113 242.3899 88.7419 1.484e-22 3.5989999999999997e-22 1.646e-21 0.0 113.26 0.0
S288114 242.3746 88.721 2.301e-21 1.612e-21 5.755999999999999e-22 0.0 113.76 0.0
S288115 242.3812 88.7213 5.85e-24 2.088e-23 2.13e-22 0.0 112.95 0.0
S288116 242.365 88.7833 2.366e-21 1.65e-21 5.701e-22 0.0 113.59 0.0
S288117 242.3742 88.712 9.752e-25 3.812e-24 4.7979999999999996e-23 0.0 112.76 0.0
S288118 242.4065 88.7151 2.215e-20 3.3790000000000004e-20 5.731e-20 0.0 112.85 0.0
S288119 242.2814 88.808 2.6969999999999995e-22 6.86e-22 3.491e-21 0.0 113.77 0.0
S288120 242.3872 88.7293 9.298000000000001e-25 4.236e-24 7.024999999999999e-23 0.0 113.15 0.0
S288121 242.3837 88.7166 8.904e-22 1.939e-21 7.075e-21 0.0 112.97 0.0
S288122 242.3537 88.7401 3.54e-24 1.188e-23 1.0859999999999998e-22 0.0 113.65 0.0
S288123 242.4357 88.6339 9.56e-24 2.7279999999999996e-23 1.7829999999999998e-22 0.001 112.62 0.0
S288124 242.3902 88.7295 2.538e-23 6.725e-23 3.6569999999999996e-22 0.0 113.15 0.0
S288125 242.3767 88.7134 2.772e-21 6.026e-21 2.188e-20 0.0 112.74 0.0
S288126 242.3864 88.7282 1.6379999999999998e-22 3.868e-22 1.6970000000000002e-21 0.0 113.16 0.0
S288127 242.3534 88.6934 2.226e-20 3.553e-20 6.823e-20 0.0 113.08 0.0
S288128 242.3469 88.7639 1.129e-21 2.128e-21 5.687e-21 0.001 113.71 0.0
S288129 242.3785 88.7318 9.709e-24 3.036e-23 2.34e-22 0.0 113.44 0.0
S288130 242.3504 88.7422 2.575e-21 1.761e-21 5.9059999999999995e-22 0.0 113.63 0.0
S288131 242.3632 88.7214 1.1039999999999998e-22 2.724e-22 1.253e-21 0.0 113.45 0.0
S288132 242.3653 88.7517 1.775e-17 1.599e-17 8.991e-18 0.0 113.64 0.0
S288133 242.3336 88.7197 9.606e-20 1.437e-19 2.423e-19 0.0 113.43 0.0
S288134 242.3797 88.7231 3.9100000000000004e-20 5.979e-20 9.991000000000001e-20 0.0 113.12 0.0
S288135 242.3469 88.7758 3.369e-24 1.174e-23 1.1899999999999998e-22 0.0 113.75 0.0
S288136 242.3802 88.7365 2.347e-22 5.190999999999999e-22 1.98e-21 0.0 113.39 0.0
S288137 242.3987 88.6795 1.629e-17 2.544e-17 4.744e-17 0.0 112.66 0.0
S288138 242.3692 88.7118 1.5229999999999998e-22 4.187e-22 2.477e-21 0.001 113.14 0.0
S288139 242.3139 88.761 1.8659999999999998e-22 4.766e-22 2.4280000000000002e-21 0.0 113.68 0.0
S288140 242.4115 88.764 5.466e-22 1.258e-21 5.151e-21 0.0 113.26 0.0
S288141 242.3829 88.7472 4.169e-19 5.153e-19 5.893e-19 0.0 113.41 0.0
S288142 242.3434 88.8128 7.523e-19 8.603e-19 7.882e-19 0.0 113.71 0.0
S288143 242.4136 88.595 6.151999999999999e-22 1.325e-21 4.601e-21 0.0 112.69 0.0
S288144 242.3406 88.7408 5.254e-22 1.118e-21 3.928e-21 0.001 113.62 0.0
S288145 242.3814 88.7168 5.423000000000001e-26 3.208e-25 9.332e-24 0.0 112.86 0.0
S288146 242.3722 88.7141 1.644e-22 4.403999999999999e-22 2.392e-21 0.0 113.07 0.0
S288147 242.3728 88.7199 8.736e-21 1.428e-20 2.831e-20 0.0 113.93 0.0
S288148 242.3732 88.7256 2.5419999999999996e-22 6.121999999999999e-22 2.816e-21 0.0 113.46 0.0
S288149 242.363 88.7325 3.383e-21 6.444e-21 1.708e-20 0.0 113.59 0.0
S288150 242.4011 88.7043 2.506e-21 1.699e-21 5.665999999999999e-22 0.0 112.74 0.0
S288151 242.3412 88.6642 2.941e-18 3.009e-18 2.245e-18 0.001 113.04 0.0
S288152 242.3782 88.721 8.981999999999999e-22 1.897e-21 6.338e-21 0.0 113.12 0.0
S288153 242.3705 88.7196 2.2529999999999998e-23 6.798e-23 5.027999999999999e-22 0.0 113.68 0.0
S288154 242.3687 88.7188 6.1880000000000004e-21 1.1020000000000001e-20 2.688e-20 0.0 113.6 0.0
S288155 242.4215 88.6951 2.216e-18 2.268e-18 1.701e-18 0.0 112.74 0.0
S288156 242.3506 88.7074 9.494e-19 1.085e-18 1.059e-18 0.0 113.28 0.0
S288157 242.3952 88.7325 1.0529999999999999e-22 2.649e-22 1.281e-21 0.0 113.12 0.0
S288158 242.3936 88.72 2.005e-21 3.987e-21 1.137e-20 0.0 112.94 0.0
S288159 242.3744 88.7203 4.142e-24 1.388e-23 1.2459999999999999e-22 0.0 113.23 0.0
S288160 242.3754 88.7062 1.206e-21 2.324e-21 6.387e-21 0.0 112.8 0.0
S288161 242.3844 88.7231 2.028e-21 4.184e-21 1.3100000000000002e-20 0.0 113.1 0.0
S288162 242.3544 88.7527 5.686e-13 3.951e-13 1.38e-13 0.0 113.7 0.0
S288163 242.3937 88.6852 6.231e-20 9.376000000000001e-20 1.551e-19 0.0 112.75 0.0
S288164 242.4025 88.7472 1.338e-19 1.769e-19 2.27e-19 0.0 113.25 0.0
S288165 242.3074 88.722 1.752e-23 5.0509999999999995e-23 3.2109999999999996e-22 0.001 113.51 0.0
S288166 242.4229 88.744 9.286e-18 9.406e-18 6.928e-18 0.0 113.13 0.0
S288167 242.3941 88.6569 1.429e-18 1.524e-18 1.242e-18 0.0 112.74 0.0
S288168 242.3841 88.6938 8.706e-22 1.97e-21 7.485e-21 0.0 112.77 0.0
S288169 242.3911 88.7046 6.307e-26 3.189e-25 6.746e-24 0.0 112.73 0.0
S288170 242.3809 88.7211 7.225e-19 8.134e-19 7.237e-19 0.0 112.98 0.0
S288171 242.3615 88.7477 3.14e-20 4.8430000000000003e-20 8.648000000000001e-20 0.0 113.62 0.0
S288172 242.3733 88.7001 2.117e-19 2.839e-19 3.641e-19 0.0 112.91 0.0
S288173 242.3741 88.7502 5.965e-16 4.854e-16 2.351e-16 0.0 113.53 0.0
S288174 242.3852 88.7273 6.921e-24 2.086e-23 1.4749999999999998e-22 0.0 113.18 0.0
S288175 242.3724 88.6814 2.456e-13 1.667e-13 5.457e-14 0.0 112.82 0.0
S288176 242.4082 88.706 2.15e-20 3.587e-20 7.381000000000001e-20 0.0 112.77 0.0
S288177 242.4318 88.7092 3.887e-19 4.746e-19 5.057e-19 0.0 112.87 0.0
S288178 242.3405 88.8494 3.952e-19 5.078e-19 5.982e-19 0.0 113.66 0.0
S288179 242.3736 88.7184 8.307e-21 1.49e-20 3.5650000000000004e-20 0.0 112.89 0.0
S288180 242.3719 88.7195 1.362e-22 3.5749999999999996e-22 1.944e-21 0.0 113.64 0.0
S288181 242.348 88.7038 2.2069999999999998e-24 8.274e-24 9.26e-23 0.0 113.17 0.0
S288182 242.3786 88.723 6.132e-18 5.974e-18 4.107e-18 0.0 113.32 0.0
S288183 242.3444 88.7179 1.9960000000000002e-20 3.1770000000000005e-20 6.211000000000001e-20 0.0 113.38 0.0
S288184 242.4569 88.7492 3.339e-19 4.174e-19 4.724e-19 0.0 113.08 0.0
S288185 242.363 88.749 6.9e-20 9.957e-20 1.519e-19 0.0 113.67 0.0
S288186 242.3816 88.7032 7.619e-18 7.03e-18 4.489e-18 0.0 112.8 0.0
S288187 242.3932 88.7133 4.3e-21 7.434e-21 1.683e-20 0.0 112.88 0.0
S288188 242.366 88.7278 2.896e-21 5.761e-21 1.68e-20 0.0 113.57 0.0
S288189 242.3801 88.7167 3.359e-21 5.97e-21 1.4680000000000002e-20 0.0 112.77 0.0
S288190 242.3983 88.7231 3.209e-21 2.14e-21 6.847e-22 0.0 113.02 0.0
S288191 242.3726 88.6905 3.705e-19 4.693e-19 5.423e-19 0.0 112.87 0.0
S288192 242.356 88.7312 5.084e-19 6.06e-19 6.394e-19 0.0 113.53 0.0
S288193 242.4109 88.7203 1.773e-21 3.319e-21 8.516e-21 0.0 112.94 0.0
S288194 242.4886 88.6793 2.7139999999999997e-22 6.887e-22 3.582e-21 0.0 112.71 0.0
S288195 242.3833 88.7167 4.03e-23 1.0629999999999998e-22 5.884999999999999e-22 0.0 112.75 0.0
S288196 242.4302 88.7387 2.0470000000000003e-20 3.245e-20 6.025e-20 0.0 113.06 0.0
S288197 242.3716 88.7157 2.914e-25 1.309e-24 2.1359999999999998e-23 0.0 112.73 0.0
S288198 242.3884 88.728 2.743e-23 8.067e-23 5.277999999999999e-22 0.0 113.17 0.0
S288199 242.3739 88.7191 1.018e-16 8.34e-17 4.043e-17 0.0 114.06 0.0
S288200 242.3633 88.731 1.476e-19 2.129e-19 3.159e-19 0.0 113.57 0.0
S288201 242.397 88.6212 1.683e-24 6.066e-24 6.278999999999999e-23 0.0 112.69 0.0
S288202 242.4011 88.7315 9.086e-24 2.869e-23 2.264e-22 0.0 113.12 0.0
S288203 242.3844 88.6564 1.06e-21 2.171e-21 7.087e-21 0.0 112.74 0.0
S288204 242.3852 88.72 2.59e-23 6.858e-23 3.815e-22 0.0 112.99 0.0
S288205 242.3802 88.719 3e-21 5.871e-21 1.6480000000000002e-20 0.0 112.92 0.0
S288206 242.3706 88.721 1.491e-18 1.521e-18 1.165e-18 0.0 113.65 0.0
S288207 242.3546 88.7182 2.078e-21 1.433e-21 5.136e-22 0.0 113.37 0.0
S288208 242.3307 88.6961 5.143e-21 9.586e-21 2.4060000000000003e-20 0.0 113.26 0.0
S288209 242.3839 88.7155 1.9109999999999999e-22 4.323e-22 1.752e-21 0.0 112.94 0.0
S288210 242.3594 88.7194 1.018e-20 1.6790000000000002e-20 3.423e-20 0.0 113.41 0.0
S288211 242.3619 88.7493 2.7150000000000005e-20 4.2070000000000004e-20 7.341000000000001e-20 0.0 113.63 1.0
S288212 242.2689 88.6882 1.088e-21 2.21e-21 7.075e-21 0.0 113.35 0.0
S288213 242.4952 88.7141 4.047e-25 1.647e-24 2.133e-23 0.0 112.88 0.0
S288214 242.3607 88.7716 1.639e-20 2.782e-20 5.851000000000001e-20 0.0 113.66 0.0
S288215 242.3904 88.7087 3.666e-21 2.396e-21 7.526e-22 0.0 112.85 0.0
S288216 242.3016 88.7798 1.2810000000000001e-20 2.201e-20 4.816e-20 0.0 113.75 0.0
S288217 242.3761 88.7199 1.4339999999999998e-22 3.5739999999999996e-22 1.724e-21 0.0 113.1 0.0
S288218 242.3958 88.7569 1.859e-21 4.042e-21 1.4960000000000002e-20 0.0 113.33 0.0
S288219 242.379 88.7381 4.845e-23 1.296e-22 7.247e-22 0.0 113.38 0.0
S288220 242.3819 88.7285 7.074999999999999e-22 1.629e-21 6.657e-21 0.0 113.23 0.0
S288221 242.3635 88.7258 8.607e-20 1.198e-19 1.652e-19 0.0 113.52 0.0
S288222 242.3647 88.7292 8.083e-24 2.2949999999999998e-23 1.4709999999999998e-22 0.0 113.52 0.0
S288223 242.3897 88.7138 2.169e-22 4.557e-22 1.576e-21 0.0 112.83 0.0
S288224 242.3743 88.7163 3.1869999999999995e-22 7.678999999999999e-22 3.397e-21 0.0 112.65 0.0
S288225 242.4118 88.7173 1.282e-24 4.756e-24 5.183e-23 0.0 112.86 0.0
S288226 242.4039 88.7708 1.155e-18 1.298e-18 1.229e-18 0.0 113.32 0.0
S288227 242.3828 88.6963 5.272e-17 4.428e-17 2.238e-17 0.0 112.78 0.0
S288228 242.4216 88.6622 1.769e-23 4.521e-23 2.3429999999999997e-22 0.0 112.63 0.0
S288229 242.2482 88.8322 8.094e-17 1.002e-16 1.128e-16 0.0 113.76 0.0
S288230 242.3737 88.7716 5.599e-22 1.181e-21 4.042e-21 0.0 113.57 0.0
S288231 242.3535 88.7289 6.937000000000001e-25 2.976e-24 4.426e-23 0.0 113.6 0.0
S288232 242.2786 88.8703 3.2e-22 7.507999999999999e-22 3.1590000000000002e-21 0.0 113.76 0.0
S288233 242.3415 88.7407 2.579e-21 1.755e-21 5.993999999999999e-22 0.0 113.65 0.0
S288234 242.2691 88.7381 1.5669999999999998e-23 4.409e-23 2.791e-22 0.0 113.54 0.0
S288235 242.4154 88.7158 1.8059999999999998e-23 5.877999999999999e-23 4.922999999999999e-22 0.0 112.93 0.0
S288236 242.4076 88.736 6.233e-19 7.307e-19 7.299e-19 0.0 113.07 0.0
S288237 242.3709 88.7135 5.1459999999999996e-23 1.2299999999999998e-22 5.427999999999999e-22 0.0 113.08 0.0
S288238 242.3455 88.6659 3.6119999999999996e-22 7.190999999999999e-22 2.2e-21 0.0 113.07 0.0
S288239 242.3698 88.7287 2.503e-13 1.684e-13 5.684e-14 0.0 113.53 0.0
S288240 242.4047 88.7362 3.445e-20 5.369e-20 9.925000000000001e-20 0.0 113.13 0.0
S288241 242.3721 88.7179 1.589e-16 1.792e-16 1.676e-16 0.0 113.59 0.0
S288242 242.3819 88.7216 5.203e-18 5.489e-18 4.301e-18 0.0 113.04 0.0
S288243 242.3846 88.7073 9.785e-25 4.117e-24 5.964e-23 0.0 112.79 0.0
S288244 242.292 88.6736 3.6879999999999997e-22 8.161999999999999e-22 3.132e-21 0.0 113.26 0.0
S288245 242.39 88.7426 3.0239999999999997e-23 8.531e-23 5.131999999999999e-22 0.0 113.33 0.0
S288246 242.3721 88.72 7.448999999999999e-23 1.8649999999999998e-22 8.844e-22 0.0 113.44 0.0
S288247 242.3703 88.7216 9.663e-13 6.809e-13 2.456e-13 0.0 113.6 0.0
S288248 242.3799 88.7149 1.529e-23 4.1379999999999995e-23 2.39e-22 0.0 112.72 0.0
S288249 242.378 88.7311 2.6630000000000002e-20 4.1100000000000004e-20 7.344e-20 0.0 113.4 0.0
S288250 242.3268 88.7387 1.198e-24 4.536e-24 5.1169999999999997e-23 0.0 113.6 0.0
S288251 242.4135 88.6966 1.346e-21 2.557e-21 6.88e-21 0.0 112.7 0.0
S288252 242.3648 88.7235 1.094e-19 1.577e-19 2.401e-19 0.0 113.42 1.0
S288253 242.3679 88.7836 2.205e-22 5.522e-22 2.741e-21 0.0 113.55 0.0
S288254 242.3263 88.7149 1.8189999999999998e-23 6.186999999999999e-23 5.764999999999999e-22 0.0 113.4 0.0
S288255 242.3686 88.7321 1.574e-21 3.252e-21 1.028e-20 0.0 113.55 0.0
S288256 242.3859 88.7018 2.318e-21 1.612e-21 5.541e-22 0.0 112.71 0.0
S288257 242.3201 88.7027 2.41e-18 4.385e-18 1.124e-17 0.0 113.34 0.0
S288258 242.3783 88.7215 8.287e-24 2.497e-23 1.826e-22 0.0 112.9 0.0
S288259 242.3939 88.7124 1.369e-22 3.1149999999999997e-22 1.2320000000000001e-21 0.0 112.81 0.0
S288260 242.5296 88.6693 1.077e-22 2.576e-22 1.1190000000000001e-21 0.0 112.72 0.0
S288261 242.4889 88.7202 2.757e-21 5.485e-21 1.6480000000000002e-20 0.0 112.86 0.0
S288262 242.3482 88.7242 2.002e-23 6.062e-23 4.399e-22 0.0 113.49 0.0
S288263 242.369 88.7148 2.199e-22 4.9699999999999995e-22 1.906e-21 0.0 113.16 0.0
S288264 242.3912 88.7249 2.2410000000000002e-20 3.657e-20 7.23e-20 0.0 113.07 0.0
S288265 242.3722 88.7186 2.2219999999999996e-22 5.037999999999999e-22 2.013e-21 0.0 113.72 0.0
S288266 242.3676 88.7582 1.974e-18 2.192e-18 1.949e-18 0.0 113.57 0.0
S288267 242.3612 88.7037 6.738e-19 7.755e-19 7.587e-19 0.001 113.15 0.0
S288268 242.3607 88.7256 3.945e-19 4.95e-19 5.466e-19 0.0 113.57 0.0
S288269 242.4017 88.7006 1.8699999999999999e-22 4.549999999999999e-22 2.032e-21 0.0 112.69 0.0
S288270 242.4167 88.6678 2.515e-21 4.966e-21 1.4920000000000002e-20 0.0 112.66 0.0
S288271 242.361 88.731 6.064999999999999e-22 1.177e-21 3.439e-21 0.0 113.59 0.0
S288272 242.3568 88.7178 1.06e-19 1.526e-19 2.303e-19 0.0 113.38 0.0
S288273 242.4607 88.6182 2.28e-21 4.495e-21 1.3390000000000002e-20 0.0 112.56 0.0
S288274 242.327 88.8133 2.6320000000000002e-20 4.307e-20 8.347000000000001e-20 0.0 113.77 0.0
S288275 242.3192 88.6706 1.587e-20 2.5340000000000003e-20 4.8060000000000005e-20 0.0 113.17 0.0
S288276 242.3683 88.7215 5.416e-23 1.373e-22 6.819999999999999e-22 0.0 113.6 0.0
S288277 242.3893 88.6962 3.0339999999999997e-22 6.623e-22 2.498e-21 0.0 112.74 0.0
S288278 242.3625 88.7067 1.921e-27 1.498e-26 8.124e-25 0.0 113.12 0.0
S288279 242.3769 88.7156 1.328e-22 3.163e-22 1.399e-21 0.0 112.73 0.0
S288280 242.3834 88.7109 1.878e-23 4.9899999999999996e-23 2.778e-22 0.0 112.79 0.0
S288281 242.3893 88.7169 2.503e-24 8.282e-24 7.274e-23 0.0 112.97 0.0
S288282 242.4026 88.7109 1.411e-21 3.003e-21 1.0410000000000001e-20 0.0 112.78 0.0
S288283 242.3848 88.7086 3.442e-19 4.176e-19 4.367e-19 0.0 112.78 0.0
S288284 242.4257 88.7306 1.019e-23 2.765e-23 1.5969999999999997e-22 0.0 112.95 0.0
S288285 242.4176 88.6011 1.5729999999999999e-22 3.4699999999999996e-22 1.296e-21 0.0 112.63 0.0
S288286 242.3755 88.7196 6.645e-19 7.723e-19 7.504e-19 0.0 112.98 1.0
S288287 242.3473 88.7248 1.811e-21 3.777e-21 1.2760000000000001e-20 0.0 113.49 0.0
S288288 242.3707 88.7369 1.6200000000000002e-20 2.6930000000000003e-20 5.4000000000000005e-20 0.0 113.56 0.0
S288289 242.3757 88.7201 4.436e-22 1.007e-21 4.047e-21 0.0 112.84 0.0
S288290 242.4202 88.6455 5.219e-21 9.563e-21 2.3750000000000003e-20 0.0 112.64 0.0
S288291 242.3668 88.7316 9.292e-22 1.997e-21 6.768e-21 0.0 113.55 0.0
S288292 242.3718 88.7153 6.550999999999999e-23 1.8849999999999999e-22 1.253e-21 0.0 113.1 0.0
S288293 242.4589 88.7005 9.008e-21 1.595e-20 3.7370000000000004e-20 0.0 112.82 0.0
S288294 242.3289 88.7097 3.1669999999999997e-23 9.069999999999999e-23 5.942999999999999e-22 0.0 113.42 0.0
S288295 242.4621 88.776 9.722e-25 4.51e-24 8.158e-23 0.0 113.11 0.0
S288296 242.4302 88.708 2.012e-18 2.104e-18 1.694e-18 0.0 112.82 0.0
S288297 242.3721 88.7169 1.0789999999999999e-22 2.3789999999999996e-22 8.612e-22 0.0 113.0 0.0
S288298 242.4651 88.7413 1.232e-19 1.639e-19 2.14e-19 0.0 113.05 0.0
S288299 242.4231 88.7 1.01e-19 1.46e-19 2.293e-19 0.0 112.78 0.0
S288300 242.4116 88.7253 2.062e-23 5.992999999999999e-23 4.031e-22 0.0 113.02 0.0
S288301 242.3677 88.7171 2.282e-17 1.946e-17 1.043e-17 0.0 113.31 0.0
S288302 242.3912 88.7465 1.008e-21 2.182e-21 7.797e-21 0.0 113.29 0.0
S288303 242.3226 88.8183 2.661e-21 5.276e-21 1.546e-20 0.0 113.71 0.0
S288304 242.3259 88.7105 2.4e-23 7.021e-23 4.639999999999999e-22 0.0 113.4 0.0
S288305 242.3718 88.7191 1.877e-16 1.677e-16 9.797e-17 0.0 113.35 0.0
S288306 242.4377 88.7116 9.795e-19 1.165e-18 1.169e-18 0.0 112.88 0.0
S288307 242.338 88.7382 2.368e-18 2.478e-18 1.951e-18 0.0 113.63 0.0
S288308 242.3791 88.7088 1.5009999999999998e-22 3.557e-22 1.504e-21 0.0 112.76 0.0
S288309 242.3824 88.7508 1.0790000000000001e-20 1.8930000000000002e-20 4.2620000000000004e-20 0.0 113.41 0.0
S288310 242.3812 88.7182 3.17e-18 3.403e-18 2.892e-18 0.0 112.96 0.0
S288311 242.3856 88.7477 2.2739999999999998e-23 6.235999999999999e-23 3.6619999999999995e-22 0.0 113.39 0.0
S288312 242.3693 88.7219 3.113e-18 3.009e-18 2.07e-18 0.0 113.55 0.0
S288313 242.3592 88.6748 1.525e-19 2.091e-19 2.864e-19 0.0 112.96 0.0
S288314 242.3248 88.7691 2.69e-19 3.325e-19 3.805e-19 0.0 113.68 0.0
S288315 242.358 88.6983 1.274e-17 1.154e-17 6.537e-18 0.0 113.09 0.0
S288316 242.3452 88.7369 2.677e-21 5.271e-21 1.5e-20 0.0 113.64 0.0
S288317 242.376 88.7203 3.6870000000000006e-20 5.659000000000001e-20 9.888000000000001e-20 0.0 113.09 0.0
S288318 242.3742 88.7061 1.3480000000000001e-21 2.669e-21 7.814e-21 0.0 112.95 0.0
S288319 242.3381 88.8304 2.062e-21 4.0000000000000004e-21 1.1760000000000001e-20 0.0 113.74 0.0
S288320 242.3608 88.6352 6.599000000000001e-20 9.193000000000001e-20 1.332e-19 0.0 112.89 0.0
S288321 242.4686 88.6737 7.863e-24 2.6459999999999998e-23 2.2979999999999997e-22 0.0 112.67 0.0
S288322 242.3424 88.7553 2.213e-21 4.294e-21 1.2090000000000001e-20 0.0 113.69 0.0
S288323 242.3808 88.7227 2.0309999999999997e-22 5.0889999999999995e-22 2.412e-21 0.0 112.83 0.0
S288324 242.2918 88.8099 1.717e-21 3.3020000000000002e-21 9.322e-21 0.0 113.76 0.0
S288325 242.4663 88.6884 2.831e-17 4.386e-17 7.639e-17 0.0 112.76 0.0
S288326 242.3523 88.7192 8.421e-23 2.1849999999999996e-22 1.153e-21 0.0 113.45 0.0
S288327 242.3695 88.6984 8.014e-19 9.095e-19 8.199e-19 0.0 112.94 0.0
S288328 242.374 88.6792 1.7139999999999999e-22 4.1759999999999996e-22 1.904e-21 0.0 112.87 0.0
S288329 242.3121 88.7525 2.2679999999999997e-22 5.45e-22 2.335e-21 0.0 113.58 0.0
S288330 242.4114 88.75 8.736e-20 1.177e-19 1.575e-19 0.0 113.18 0.0
S288331 242.3843 88.8097 2.72e-19 3.653e-19 4.987e-19 0.0 113.53 0.0
S288332 242.414 88.6985 1.634e-21 3.468e-21 1.1600000000000001e-20 0.0 112.75 0.0
S288333 242.4183 88.6401 2.174e-21 4.101e-21 1.097e-20 0.0 112.63 0.0
S288334 242.3791 88.7168 3.873e-23 1.1639999999999998e-22 8.125999999999999e-22 0.0 112.72 0.0
S288335 242.4116 88.7067 2.6610000000000003e-20 4.196e-20 7.583e-20 0.0 112.78 0.0
S288336 242.3503 88.7425 4.342999999999999e-22 9.958999999999998e-22 4.022e-21 0.0 113.66 0.0
S288337 242.3187 88.7203 6.085000000000001e-20 9.084000000000001e-20 1.476e-19 0.0 113.46 1.0
S288338 242.3769 88.7299 1.0329999999999999e-22 2.68e-22 1.367e-21 0.0 113.33 0.0
S288339 242.414 88.6947 7.439e-23 1.8459999999999998e-22 8.660999999999999e-22 0.0 112.71 0.0
S288340 242.4144 88.7034 8.904999999999999e-23 2.0939999999999997e-22 9.193999999999999e-22 0.0 112.78 0.0
S288341 242.3814 88.7515 3.395e-20 5.376e-20 1.005e-19 0.0 113.46 0.0
S288342 242.3534 88.7248 7.532999999999999e-22 1.662e-21 6.312e-21 0.0 113.49 0.0
S288343 242.446 88.6625 2.932e-21 5.826e-21 1.797e-20 0.0 112.6 0.0
S288344 242.3745 88.7178 9.652e-23 2.733e-22 1.674e-21 0.0 112.91 0.0
S288345 242.3486 88.7097 3.075e-21 5.768e-21 1.484e-20 0.0 113.32 0.0
S288346 242.3354 88.7112 1.605e-13 1.069e-13 3.438e-14 0.0 113.37 0.0
S288347 242.3694 88.7312 2.056e-21 3.945e-21 1.099e-20 0.0 113.54 0.0
S288348 242.348 88.7567 5.4749999999999995e-22 1.283e-21 5.328e-21 0.0 113.72 0.0
S288349 242.4032 88.6922 3.556e-17 3.035e-17 1.615e-17 0.0 112.69 0.0
S288350 242.2202 88.8405 7.404999999999999e-22 1.548e-21 4.992e-21 0.0 113.75 0.0
S288351 242.3638 88.7134 2.1900000000000002e-20 3.3420000000000006e-20 5.872000000000001e-20 0.0 113.25 0.0
S288352 242.3384 88.7353 6.873e-23 1.7919999999999999e-22 9.522999999999999e-22 0.0 113.59 0.0
S288353 242.3783 88.707 2.363e-16 2.246e-16 1.451e-16 0.0 112.82 0.0
S288354 242.3764 88.6999 2.318e-22 5.938e-22 3.033e-21 0.0 112.82 0.0
S288355 242.4206 88.7148 1.379e-19 1.796e-19 2.295e-19 0.0 112.87 0.0
S288356 242.3629 88.6969 1.4619999999999999e-24 5.063e-24 4.833e-23 0.0 113.03 0.0
S288357 242.4005 88.6908 7.122e-19 8.534e-19 9.242e-19 0.0 112.66 0.0
S288358 242.379 88.7179 6.008999999999999e-22 1.254e-21 4.193e-21 0.0 112.72 0.0
S288359 242.3414 88.6122 8.35e-23 1.9869999999999997e-22 8.642e-22 0.0 112.92 0.0
S288360 242.3175 88.715 3.177e-18 3.26e-18 2.528e-18 0.0 113.4 0.0
S288361 242.3624 88.7992 2.394e-18 2.55e-18 2.082e-18 0.0 113.59 0.0
S288362 242.3218 88.7579 2.165e-24 9.098e-24 1.27e-22 0.0 113.68 0.0
S288363 242.3784 88.7205 1.035e-24 3.737e-24 3.946e-23 0.0 112.95 0.0
S288364 242.4142 88.7284 1.12e-22 2.472e-22 9.296e-22 0.0 113.06 0.0
S288365 242.3843 88.683 9.126e-21 1.4860000000000002e-20 2.876e-20 0.0 112.74 0.0
S288366 242.3289 88.7112 4.2030000000000004e-21 7.683e-21 1.9160000000000003e-20 0.0 113.37 0.0
S288367 242.3329 88.7379 1.286e-21 2.5650000000000002e-21 7.853e-21 0.0 113.63 0.0
S288368 242.3717 88.7885 3.1710000000000002e-21 2.138e-21 6.845e-22 0.0 113.54 0.0
S288369 242.4081 88.7185 8.326e-19 9.42e-19 9.079e-19 0.0 112.96 0.0
S288370 242.369 88.7217 6.083e-19 7.274e-19 7.718e-19 0.0 113.66 0.0
S288371 242.369 88.7223 8.35e-25 3.347e-24 4.3719999999999995e-23 0.0 113.46 0.0
S288372 242.3681 88.7395 5.56e-21 1.0430000000000001e-20 2.6870000000000002e-20 0.0 113.6 0.0
S288373 242.3971 88.6491 4.76e-23 1.4339999999999998e-22 1.026e-21 0.0 112.68 0.0
S288374 242.3976 88.6854 5.512e-23 1.3e-22 5.750999999999999e-22 0.0 112.7 0.0
S288375 242.3084 88.6874 3.045e-17 2.583e-17 1.387e-17 0.0 113.26 0.0
S288376 242.3872 88.706 1.0100000000000001e-20 1.715e-20 3.698e-20 0.0 112.79 0.0
S288377 242.3789 88.7089 1.464e-23 4.296e-23 2.9289999999999996e-22 0.0 112.87 0.0
S288378 242.3777 88.7042 2.59e-23 8.150999999999999e-23 6.227999999999999e-22 0.0 112.92 0.0
S288379 242.3839 88.709 3.683e-18 3.693e-18 2.679e-18 0.0 112.79 0.0
S288380 242.4095 88.6793 3.812e-21 6.948e-21 1.7850000000000003e-20 0.0 112.66 0.0
S288381 242.37 88.729 3.277e-18 3.411e-18 2.572e-18 0.0 113.54 0.0
S288382 242.4355 88.6786 3.22e-21 5.7240000000000004e-21 1.397e-20 0.0 112.68 0.0
S288383 242.3792 88.7219 5.169e-25 2.099e-24 2.788e-23 0.0 112.95 0.0
S288384 242.3771 88.7391 7.72e-23 2.174e-22 1.328e-21 0.0 113.41 0.0
S288385 242.387 88.7278 5.423e-23 1.474e-22 8.555e-22 0.0 113.18 0.0
S288386 242.3671 88.7293 1.622e-21 3.062e-21 8.174e-21 0.0 113.59 0.0
S288387 242.3628 88.7297 2.763e-19 3.402e-19 3.83e-19 0.0 113.59 0.0
S288388 242.406 88.7136 4.705e-22 1.112e-21 4.6190000000000004e-21 0.0 112.89 1.0
S288389 242.3991 88.6751 8.354e-21 1.5920000000000002e-20 4.4000000000000004e-20 0.0 112.7 0.0
S288390 242.3738 88.7133 1.9239999999999998e-22 4.962e-22 2.561e-21 0.0 112.87 0.0
S288391 242.3888 88.7154 1.03e-21 2.1370000000000002e-21 6.931e-21 0.0 112.88 1.0
S288392 242.3561 88.7328 1.335e-12 1.037e-12 4.721e-13 0.0 113.62 1.0
S288393 242.3292 88.7663 9.102000000000001e-20 1.332e-19 2.126e-19 0.0 113.72 0.0
S288394 242.3242 88.7107 3.818e-24 1.2e-23 9.263999999999999e-23 0.0 113.35 0.0
S288395 242.3716 88.7212 1.458e-18 1.596e-18 1.393e-18 0.0 113.53 0.0
S288396 242.37 88.711 2.45e-22 5.812999999999999e-22 2.4820000000000002e-21 0.0 112.98 0.0
S288397 242.3958 88.7843 9.164e-17 7.021e-17 3.077e-17 0.0 113.41 0.0
S288398 242.4654 88.6217 1.634e-21 3.1060000000000002e-21 8.293e-21 0.0 112.58 0.0
S288399 242.3866 88.7378 3.9039999999999995e-23 1.159e-22 8.21e-22 0.0 113.29 0.0
S288400 242.3638 88.7215 1.742e-18 1.869e-18 1.559e-18 0.0 113.43 0.0
S288401 242.3795 88.7207 1.778e-19 2.453e-19 3.355e-19 0.0 113.15 0.0
S288402 242.3869 88.7135 1.476e-24 5.301e-24 5.347e-23 0.0 112.84 0.0
S288403 242.3644 88.7345 3.515e-13 2.408e-13 8.141e-14 0.0 113.61 0.0
S288404 242.3736 88.7278 1.205e-28 1.2619999999999999e-27 1.276e-25 0.0 113.6 0.0
S288405 242.2576 88.6846 9.401e-23 2.6469999999999997e-22 1.623e-21 0.0 113.4 0.0
S288406 242.369 88.7339 2.1760000000000003e-25 1.027e-24 1.886e-23 0.0 113.56 0.0
S288407 242.4067 88.6798 1.644e-22 4.299999999999999e-22 2.3150000000000002e-21 0.0 112.66 0.0
S288408 242.4169 88.6617 7.988e-23 1.941e-22 8.957999999999999e-22 0.0 112.63 0.0
S288409 242.3989 88.7155 3.297e-20 5.2350000000000005e-20 9.532000000000001e-20 0.0 112.92 0.0
S288410 242.3608 88.7204 1.161e-22 3.474e-22 2.382e-21 0.0 113.38 0.0
S288411 242.3554 88.7054 1.1130000000000001e-21 2.337e-21 7.769e-21 0.0 113.2 0.0
S288412 242.3783 88.6854 4.859e-23 1.3189999999999998e-22 7.5849999999999995e-22 0.0 112.8 0.0
S288413 242.2776 88.7479 7.042e-24 2.262e-23 1.793e-22 0.0 113.57 0.0
S288414 242.3836 88.6999 6.472e-24 1.9669999999999998e-23 1.4009999999999998e-22 0.0 112.77 0.0
S288415 242.3951 88.7306 1.244e-21 2.774e-21 1.0530000000000001e-20 0.0 113.11 0.0
S288416 242.3804 88.7219 1.665e-23 4.965e-23 3.6239999999999994e-22 0.0 113.07 0.0
S288417 242.3836 88.7161 2.131e-17 1.953e-17 1.19e-17 0.0 112.91 0.0
S288418 242.3821 88.7478 1.75e-17 1.595e-17 9.418e-18 0.0 113.44 0.0
S288419 242.3557 88.732 9.863e-19 1.136e-18 1.131e-18 0.0 113.59 0.0
S288420 242.4063 88.7518 7.901e-21 1.332e-20 2.8680000000000004e-20 0.0 113.24 0.0
S288421 242.3754 88.7002 3.553e-21 6.744e-21 1.8030000000000002e-20 0.0 112.78 0.0
S288422 242.3827 88.6901 9.914e-18 9.525e-18 6.517e-18 0.0 112.76 0.0
S288423 242.3954 88.717 1.488e-17 1.349e-17 7.769e-18 0.0 112.98 0.0
S288424 242.3535 88.7153 2.197e-18 2.367e-18 2.054e-18 0.0 113.42 0.0
S288425 242.3773 88.7173 3.2839999999999997e-23 8.049999999999999e-23 3.6489999999999996e-22 0.0 113.0 0.0
S288426 242.3741 88.7047 4.25e-18 4.388e-18 3.358e-18 0.001 112.99 0.0
S288427 242.4087 88.7144 2.453e-17 4.498e-17 1.11e-16 0.0 112.66 0.0
S288428 242.3472 88.6917 6.404e-23 1.5899999999999998e-22 7.522999999999999e-22 0.0 113.14 0.0
S288429 242.3682 88.6871 1.5939999999999999e-24 5.782e-24 6.189e-23 0.0 112.82 0.0
S288430 242.3926 88.7244 9.861e-24 3.046e-23 2.266e-22 0.0 113.07 0.0
S288431 242.3374 88.7272 4.56e-13 3.105e-13 1.029e-13 0.0 113.53 0.0
S288432 242.3391 88.716 8.651999999999998e-22 1.91e-21 7.179e-21 0.0 113.71 0.0
S288433 242.3544 88.7046 1.499e-16 1.428e-16 9.261e-17 0.0 113.19 0.0
S288434 242.3673 88.7012 3.924e-24 1.239e-23 9.959e-23 0.0 112.99 0.0
S288435 242.3992 88.7328 1.626e-22 3.8889999999999998e-22 1.805e-21 0.0 113.15 0.0
S288436 242.3806 88.7342 2.795e-23 8.13e-23 5.436e-22 0.0 113.36 0.0
S288437 242.3693 88.7307 3.0050000000000002e-21 5.816e-21 1.619e-20 0.0 113.39 0.0
S288438 242.3708 88.7392 9.533e-23 2.547e-22 1.365e-21 0.0 113.62 0.0
S288439 242.4192 88.7584 2.127e-16 1.966e-16 1.174e-16 0.0 113.2 0.0
S288440 242.3796 88.7117 6.466000000000001e-20 9.423000000000001e-20 1.522e-19 0.0 112.91 0.0
S288441 242.3757 88.7265 1.516e-17 1.354e-17 7.601e-18 0.0 113.29 0.0
S288442 242.3949 88.6874 1.917e-17 1.742e-17 1.05e-17 0.0 112.71 0.0
S288443 242.3693 88.734 4.437e-17 8.041e-17 1.97e-16 0.0 113.36 0.0
S288444 242.367 88.7372 1.608e-17 1.391e-17 7.317e-18 0.0 113.57 0.0
S288445 242.3584 88.773 7.112e-18 8.926e-18 1.017e-17 0.0 113.67 0.0
S288446 242.3723 88.7367 2.503e-21 1.725e-21 5.9949999999999995e-22 0.0 113.51 0.0
S288447 242.3728 88.7211 7.96e-22 1.646e-21 5.551e-21 0.0 113.25 0.0
S288448 242.3849 88.7625 1.238e-17 1.014e-17 5.016e-18 0.0 113.52 0.0
S288449 242.3652 88.7212 4.583e-19 5.387e-19 5.478e-19 0.0 113.41 0.0
S288450 242.3677 88.7323 2.405e-18 2.602e-18 2.237e-18 0.0 113.59 0.0
S288451 242.3527 88.7298 2.863e-23 7.177999999999999e-23 3.6539999999999995e-22 0.0 113.67 0.0
S288452 242.3687 88.7512 2.158e-19 2.709e-19 3.15e-19 0.0 113.52 0.0
S288453 242.366 88.7388 1.3379999999999998e-22 3.5309999999999997e-22 1.919e-21 0.0 113.56 0.0
S288454 242.3799 88.6961 1.006e-18 1.166e-18 1.132e-18 0.0 112.73 0.0
S288455 242.3623 88.7484 5.346e-19 6.479e-19 7.133e-19 0.0 113.58 0.0
S288456 242.3428 88.743 8.953e-24 2.494e-23 1.5309999999999998e-22 0.0 113.67 0.0
S288457 242.3615 88.7422 3.2390000000000005e-20 4.8280000000000004e-20 8.174000000000001e-20 0.0 113.65 0.0
S288458 242.4211 88.6936 5.686e-20 8.841e-20 1.57e-19 0.0 112.6 0.0
S288459 242.3749 88.7375 1.621e-17 1.411e-17 7.945e-18 0.0 113.3 0.0
S288460 242.3894 88.707 8.23e-17 6.795e-17 3.246e-17 0.0 112.79 0.0
S288461 242.358 88.7127 6.4559999999999995e-22 1.262e-21 3.616e-21 0.0 113.29 0.0
S288462 242.3555 88.7262 2.888e-21 5.411e-21 1.421e-20 0.0 113.47 0.0
S288463 242.3957 88.7221 2.3559999999999996e-22 6.403999999999999e-22 3.5960000000000004e-21 0.0 113.03 0.0
S288464 242.3753 88.721 9.93e-19 1.191e-18 1.219e-18 0.0 113.18 0.0
S288465 242.3767 88.7029 7.733e-20 1.089e-19 1.627e-19 0.0 112.79 0.0
S288466 242.391 88.7349 1.6660000000000001e-21 3.31e-21 9.903e-21 0.0 113.22 0.0
S288467 242.4013 88.7237 1.8369999999999998e-23 5.809e-23 4.407e-22 0.0 112.89 0.0
S288468 242.3806 88.7118 9.077e-13 7.031e-13 2.983e-13 0.0 112.94 1.0
S288469 242.36 88.6885 1.821e-18 1.914e-18 1.497e-18 0.0 112.91 0.0
S288470 242.3964 88.7295 1.321e-16 9.996e-17 4.039e-17 0.0 112.85 0.0
S288471 242.3423 88.7253 9.1e-18 8.488e-18 5.191e-18 0.0 113.66 0.0
S288472 242.3876 88.7116 4.92e-18 5.037e-18 3.686e-18 0.0 112.79 0.0
S288473 242.3497 88.695 2.931e-21 5.233e-21 1.2450000000000001e-20 0.0 113.06 0.0
S288474 242.3782 88.707 2.1049999999999998e-23 6.069e-23 3.9399999999999997e-22 0.0 112.95 0.0
S288475 242.3881 88.6898 1.901e-19 2.587e-19 3.541e-19 0.0 112.72 0.0
S288476 242.3635 88.7058 1.987e-21 1.385e-21 4.949999999999999e-22 0.0 113.15 0.0
S288477 242.354 88.7047 2.91e-18 2.985e-18 2.287e-18 0.0 113.21 0.0
S288478 242.3688 88.7216 3.519e-22 8.59e-22 3.79e-21 0.0 113.34 0.0
S288479 242.3799 88.7432 4.25e-17 3.691e-17 2.049e-17 0.0 113.59 0.0
S288480 242.4038 88.7046 1.4499999999999998e-23 4.263e-23 3.008e-22 0.0 112.76 0.0
S288481 242.395 88.7093 9.806e-17 8.035e-17 3.922e-17 0.0 112.72 0.0
S288482 242.4163 88.7129 8.797e-20 1.283e-19 2.064e-19 0.0 112.78 0.0
S288483 242.3657 88.7544 5.496e-18 5.374e-18 3.719e-18 0.0 113.6 0.0
S288484 242.4009 88.6913 8.993e-19 1.067e-18 1.056e-18 0.0 112.7 0.0
S288485 242.3622 88.7365 1.715e-25 8.377000000000001e-25 1.5979999999999998e-23 0.0 113.59 0.0
S288486 242.3868 88.7315 2.764e-16 2.758e-16 1.944e-16 0.0 113.22 0.0
S288487 242.3881 88.7055 7.157000000000001e-21 1.2460000000000002e-20 2.801e-20 0.0 112.77 0.0
S288488 242.3837 88.7073 4.479e-19 5.249e-19 5.434e-19 0.0 112.87 0.0
S288489 242.3645 88.7282 1.31e-21 2.822e-21 1.023e-20 0.0 113.54 0.0
S288490 242.4016 88.7133 8.011e-17 9.813e-17 1.066e-16 0.0 112.78 0.0
S288491 242.3942 88.6957 1.857e-17 1.692e-17 1.04e-17 0.0 112.73 0.0
S288492 242.3879 88.724 2.671e-18 2.676e-18 1.893e-18 0.0 112.83 0.0
S288493 242.3996 88.7058 4.831e-24 1.4549999999999998e-23 1.069e-22 0.0 112.73 0.0
S288494 242.3612 88.7109 7.443000000000001e-21 1.2970000000000001e-20 3.036e-20 0.0 113.22 0.0
S288495 242.3483 88.6841 3.712e-19 4.334e-19 4.387e-19 0.0 112.98 0.0
S288496 242.3785 88.7233 2.336e-17 2.109e-17 1.256e-17 0.0 113.26 0.0
S288497 242.3918 88.7393 2.031e-18 2.204e-18 1.892e-18 0.0 113.44 0.0
S288498 242.3819 88.7175 1.081e-16 8.484e-17 3.878e-17 0.0 113.01 1.0
S288499 242.3856 88.7327 2.3270000000000003e-20 3.81e-20 7.519000000000001e-20 0.0 113.18 0.0
S288500 242.3851 88.7542 1.075e-23 3.346e-23 2.5939999999999996e-22 0.0 113.63 0.0
S288501 242.3797 88.6809 8.025e-20 1.225e-19 2.087e-19 0.0 112.82 0.0
S288502 242.3773 88.743 2.192e-22 4.947e-22 1.98e-21 0.0 113.47 0.0
S288503 242.3906 88.715 4.754e-19 5.983e-19 6.786e-19 0.0 112.89 0.0
S288504 242.368 88.7329 3.277e-19 4.311e-19 5.527e-19 0.0 113.46 0.0
S288505 242.3771 88.7359 2.053e-21 1.4370000000000001e-21 5.119e-22 0.0 113.62 0.0
S288506 242.3592 88.7326 1.025e-18 1.147e-18 1.06e-18 0.0 113.54 0.0
S288507 242.3643 88.732 8.75e-18 7.987e-18 4.865e-18 0.0 113.52 0.0
S288508 242.3856 88.7436 1.3e-24 5.382e-24 7.402999999999999e-23 0.0 113.34 0.0
S288509 242.367 88.7119 1.133e-18 1.248e-18 1.113e-18 0.0 112.89 0.0
S288510 242.382 88.7316 1.089e-17 9.954e-18 6.056e-18 0.0 113.31 0.0
S288511 242.3886 88.7148 3.17e-21 5.4630000000000004e-21 1.2200000000000002e-20 0.0 112.77 0.0
S288512 242.3847 88.7049 3.624e-21 7.14e-21 2.033e-20 0.0 112.81 0.0
S288513 242.349 88.7254 8.726e-17 7.13e-17 3.37e-17 0.0 113.54 0.0
S288514 242.3939 88.7077 9.031e-18 8.553e-18 5.377e-18 0.0 112.73 0.0
S288515 242.3691 88.7241 1.752e-21 3.275e-21 8.469e-21 0.0 113.29 0.0
S288516 242.3921 88.7268 5.621e-16 3.961e-16 1.491e-16 0.0 113.11 0.0
S288517 242.3658 88.6924 1.198e-21 8.922999999999999e-22 3.6489999999999996e-22 0.0 112.97 0.0
S288518 242.4092 88.7216 1.564e-20 2.5750000000000003e-20 5.252e-20 0.0 112.93 0.0
S288519 242.4112 88.6811 8.07e-17 9.537e-17 9.716e-17 0.0 112.69 0.0
S288520 242.4024 88.7251 1.276e-22 3.2119999999999997e-22 1.583e-21 0.0 112.66 0.0
S288521 242.3647 88.6995 1.311e-22 3.103e-22 1.276e-21 0.0 112.92 0.0
S288522 242.3941 88.7327 1.088e-16 1.195e-16 1.045e-16 0.0 113.15 0.0
S288523 242.3691 88.7017 1.669e-18 1.7e-18 1.255e-18 0.0 112.89 0.0
S288524 242.4098 88.7475 9.819e-17 9.611e-17 6.745e-17 0.0 113.13 0.0
S288525 242.4019 88.7466 1.0980000000000001e-20 1.7300000000000003e-20 3.1910000000000005e-20 0.0 113.26 0.0
S288526 242.3902 88.7221 6.485e-18 6.368e-18 4.363e-18 0.0 113.04 0.0
S288527 242.3929 88.7011 6.069e-23 1.5969999999999997e-22 8.501e-22 0.0 112.78 0.0
S288528 242.3949 88.7052 8.689999999999999e-22 2.0120000000000002e-21 8.628e-21 0.0 112.83 1.0
S288529 242.3782 88.7274 7.797e-19 8.582e-19 7.727e-19 0.0 113.27 0.0
S288530 242.3626 88.7322 3.596e-20 5.1100000000000005e-20 7.789e-20 0.0 113.59 0.0
S288531 242.3809 88.7256 4.793e-17 3.863e-17 1.789e-17 0.0 113.23 0.0
S288532 242.3731 88.7427 5.167e-18 5.222e-18 3.696e-18 0.0 113.54 0.0
S288533 242.3578 88.7109 3.404e-19 4.507e-19 5.78e-19 0.0 113.35 0.0
S288534 242.3721 88.72 3.492e-16 2.847e-16 1.35e-16 0.0 113.21 0.0
S288535 242.3828 88.7032 3.229e-16 2.964e-16 1.783e-16 0.0 112.85 0.0
S288536 242.3514 88.7353 1.673e-17 1.781e-17 1.448e-17 0.0 113.63 0.0
S288537 242.4004 88.7133 9.554e-17 7.482e-17 3.259e-17 0.0 112.87 0.0
S288538 242.3572 88.7384 2.4169999999999997e-22 5.498999999999999e-22 2.1070000000000002e-21 0.0 113.64 0.0
S288539 242.3751 88.7409 1.153e-18 1.297e-18 1.178e-18 0.0 113.63 0.0
S288540 242.3795 88.7496 1.4269999999999998e-22 3.4209999999999998e-22 1.497e-21 0.0 113.45 0.0
S288541 242.3768 88.7148 3.307e-17 2.964e-17 1.693e-17 0.0 113.06 0.0
S288542 242.3916 88.6955 2.24e-21 1.576e-21 5.452999999999999e-22 0.0 112.75 0.0
S288543 242.3424 88.7307 1.145e-16 8.83e-17 3.902e-17 0.0 113.68 0.0
S288544 242.4017 88.7192 9.282e-19 1.046e-18 9.34e-19 0.0 112.95 0.0
S288545 242.3997 88.7007 2.857e-20 4.7870000000000004e-20 9.820000000000001e-20 0.0 112.7 0.0
S288546 242.3564 88.7209 1.289e-19 1.706e-19 2.252e-19 0.0 113.49 0.0
S288547 242.3869 88.7216 6.372e-17 7.284e-17 6.77e-17 0.0 113.07 0.0
S288548 242.391 88.7601 2.616e-21 5.514e-21 1.866e-20 0.0 113.49 0.0
S288549 242.3967 88.7278 5.1259999999999995e-23 1.455e-22 9.025e-22 0.001 113.06 0.0
S288550 242.3629 88.72 5.171e-16 3.799e-16 1.504e-16 0.0 113.57 0.0
S288551 242.3645 88.6819 2.187e-21 1.537e-21 5.5639999999999995e-22 0.0 112.78 0.0
S288552 242.3851 88.7084 1.343e-15 9.213e-16 3.044e-16 0.0 112.83 0.0
S288553 242.3798 88.7757 2.1850000000000003e-20 3.594e-20 7.213e-20 0.0 113.62 0.0
S288554 242.3912 88.7421 3.655e-21 2.382e-21 7.364e-22 0.0 113.34 0.0
S288555 242.3286 88.7112 7.105e-23 1.9619999999999998e-22 1.193e-21 0.0 113.47 0.0
S288556 242.3694 88.6959 1.637e-18 1.65e-18 1.233e-18 0.0 112.81 0.0
S288557 242.3767 88.7253 1.017e-16 8.339e-17 4.183e-17 0.0 113.34 0.0
S288558 242.3712 88.721 4.775e-18 4.684e-18 3.315e-18 0.0 113.34 0.0
S288559 242.3486 88.6953 1.829e-18 1.985e-18 1.737e-18 0.0 113.16 0.0
S288560 242.3881 88.7247 1.944e-24 7.823e-24 1.019e-22 0.0 112.95 0.0
S288561 242.3774 88.7127 1.849e-17 1.64e-17 9.154e-18 0.0 113.03 0.0
S288562 242.398 88.7541 1.334e-16 1.066e-16 5.015e-17 0.0 113.39 0.0
S288563 242.3679 88.7032 2.7610000000000002e-21 1.853e-21 6.115e-22 0.0 113.0 0.0
S288564 242.3667 88.7067 1.069e-24 4.36e-24 5.783e-23 0.0 113.09 0.0
S288565 242.3554 88.6959 1.832e-18 2.031e-18 1.766e-18 0.0 113.07 0.0
S288566 242.3515 88.7027 5.675000000000001e-20 8.417000000000001e-20 1.382e-19 0.0 113.24 0.0
S288567 242.3688 88.6989 9.245e-18 9.027e-18 6.274e-18 0.0 112.86 0.0
S288568 242.3772 88.7199 1.835e-23 5.819e-23 4.800999999999999e-22 0.0 113.17 0.0
S288569 242.3958 88.7138 6.754e-19 8.274e-19 8.793e-19 0.0 112.8 0.0
S288570 242.3711 88.7392 2.5040000000000002e-20 3.7490000000000006e-20 6.172e-20 0.0 113.64 0.0
S288571 242.3596 88.7041 1.419e-13 9.444e-14 3.1e-14 0.0 113.14 0.0
S288572 242.3595 88.7135 7.187e-20 1.033e-19 1.615e-19 0.0 113.43 0.0
S288573 242.3779 88.7368 3.8859999999999996e-22 8.707e-22 3.54e-21 0.0 113.54 0.0
S288574 242.3387 88.7097 2.716e-21 5.63e-21 1.843e-20 0.0 113.71 0.0
S288575 242.4073 88.704 4.753e-22 1.093e-21 4.362e-21 0.0 112.78 0.0
S288576 242.3451 88.7407 5.0489999999999997e-23 1.4799999999999999e-22 1.02e-21 0.0 113.67 0.0
S288577 242.3562 88.7313 1.351e-18 1.548e-18 1.556e-18 0.0 113.59 0.0
S288578 242.3636 88.6922 1.225e-21 2.709e-21 1.0330000000000001e-20 0.0 112.7 0.0
S288579 242.3753 88.7056 1.034e-12 1.011e-12 6.632e-13 0.0 112.8 1.0
S288580 242.3778 88.7179 2.015e-21 1.403e-21 5.052999999999999e-22 0.0 112.9 0.0
S288581 242.3852 88.7164 2.591e-16 2.526e-16 1.705e-16 0.0 112.92 0.0
S288582 242.364 88.7129 1.637e-18 1.812e-18 1.586e-18 0.0 113.19 0.0
S288583 242.3518 88.7377 3.345e-21 2.195e-21 7.129e-22 0.0 113.63 0.0
S288584 242.3736 88.7179 9.453e-18 8.686e-18 5.404e-18 0.0 113.03 0.0
S288585 242.3334 88.7277 1.735e-16 1.863e-16 1.585e-16 0.0 113.52 0.0
S288586 242.4005 88.6665 2.096e-21 1.478e-21 5.164e-22 0.0 112.66 0.0
S288587 242.386 88.6983 2.538e-21 4.581e-21 1.1020000000000001e-20 0.0 112.74 0.0
S288588 242.3826 88.7047 5.162e-21 9.627e-21 2.5320000000000002e-20 0.0 112.91 0.0
S288589 242.3996 88.7037 5.079e-19 5.927e-19 5.972e-19 0.0 112.71 0.0
S288590 242.3592 88.7059 2.36e-22 5.941e-22 2.864e-21 0.0 113.12 0.0
S288591 242.3623 88.7303 9.528e-19 1.053e-18 9.364e-19 0.0 113.48 0.0
S288592 242.3958 88.6947 3.094e-17 4.262e-17 5.861e-17 0.0 112.78 0.0
S288593 242.3567 88.7319 8.307e-21 1.422e-20 3.071e-20 0.0 113.58 0.0
S288594 242.3608 88.7176 6.104e-22 1.364e-21 5.202e-21 0.0 113.36 0.0
S288595 242.3881 88.6955 6.632e-18 6.599e-18 4.83e-18 0.0 112.72 0.0
S288596 242.3558 88.7229 4.106e-17 4.004e-17 2.732e-17 0.0 113.44 0.0
S288597 242.3918 88.7198 7.912e-21 1.384e-20 3.057e-20 0.0 112.85 0.0
S288598 242.3611 88.7202 8.713e-25 3.397e-24 4.163e-23 0.0 113.4 0.0
S288599 242.3966 88.7203 3.03e-21 6.114e-21 1.8580000000000002e-20 0.0 112.93 0.0
S288600 242.3592 88.7162 2.6900000000000002e-20 4.202e-20 7.697e-20 0.0 113.34 0.0
S288601 242.3537 88.7259 1.581e-17 1.453e-17 8.72e-18 0.0 113.49 0.0
S288602 242.4027 88.718 8.743e-23 1.9359999999999998e-22 7.29e-22 0.0 112.9 0.0
S288603 242.3891 88.7197 9.815000000000001e-20 1.503e-19 2.627e-19 0.0 112.98 0.0
S288604 242.3627 88.7249 1.966e-19 2.544e-19 3.076e-19 0.0 113.44 0.0
S288605 242.3901 88.7163 4.793e-21 9.085e-21 2.3860000000000002e-20 0.0 112.96 0.0
S288606 242.3897 88.7136 1.413e-23 4.601e-23 3.8339999999999996e-22 0.0 112.9 0.0
S288607 242.3528 88.7248 3.1100000000000003e-20 4.6880000000000006e-20 8.043000000000001e-20 0.0 113.53 0.0
S288608 242.3547 88.7203 4.245e-19 4.987e-19 5.104e-19 0.0 113.42 0.0
S288609 242.3628 88.7272 4.103e-17 3.002e-17 1.191e-17 0.0 113.47 0.0
S288610 242.3986 88.7084 1.92e-25 8.564e-25 1.4369999999999998e-23 0.0 112.8 0.0
S288611 242.3908 88.7123 3.361e-18 3.445e-18 2.614e-18 0.0 112.85 0.0
S288612 242.352 88.7351 2.006e-13 1.67e-13 8.026e-14 0.0 113.62 0.0
S288613 242.403 88.7126 2.171e-21 1.512e-21 5.189999999999999e-22 0.0 112.91 0.0
S288614 242.3936 88.7168 2.515e-18 2.528e-18 1.88e-18 0.0 112.98 0.0
S288615 242.3589 88.7228 3.2169999999999995e-22 7.426999999999999e-22 3.019e-21 0.0 113.52 0.0
S288616 242.4005 88.7125 2.247e-18 2.382e-18 1.943e-18 0.0 112.84 0.0
S288617 242.3627 88.7224 1.4559999999999998e-22 3.527e-22 1.616e-21 0.0 113.45 0.0
S288618 242.3399 88.7327 5.789e-17 4.793e-17 2.419e-17 0.0 113.63 0.0
S288619 242.3891 88.7166 8.661999999999999e-22 1.844e-21 6.4740000000000005e-21 0.0 112.88 0.0
S288620 242.364 88.7241 4.052e-16 3.298e-16 1.588e-16 0.0 113.47 0.0
S288621 242.3952 88.7109 8.886e-17 9.038e-17 6.814e-17 0.0 112.84 0.0
S288622 242.3547 88.7272 3.3259999999999996e-23 9.702999999999999e-23 6.6189999999999995e-22 0.0 113.54 0.0
S288623 242.3987 88.715 4.45e-17 3.768e-17 2.01e-17 0.0 112.86 0.0
S288624 242.3878 88.709 6.498e-18 6.351e-18 4.386e-18 0.0 112.86 0.0
S288625 242.3951 88.7168 1.129e-17 1.033e-17 6.257e-18 0.0 112.97 0.0
S288626 242.3422 88.7287 3.513e-17 4.489e-17 5.285e-17 0.0 113.6 0.0
S288627 242.3983 88.7119 1.4990000000000002e-20 2.47e-20 4.7870000000000004e-20 0.0 112.82 0.0
S288628 242.3547 88.7199 5.149e-15 3.349e-15 1.061e-15 0.0 113.42 0.0
S288629 242.3489 88.7355 1.285e-18 1.466e-18 1.408e-18 0.0 113.63 0.0
S288630 242.4076 88.7124 3.696e-19 4.545e-19 4.999e-19 0.0 112.88 0.0
S288631 242.3939 88.7141 8.314e-19 9.594e-19 9.084e-19 0.0 112.83 0.0
S288632 242.3575 88.7212 7.645e-19 9.114e-19 9.966e-19 0.0 113.53 0.0
S288633 242.3557 88.7304 8.762e-19 9.814e-19 9.147e-19 0.0 113.54 0.0
S288634 242.3936 88.7185 9.607e-13 6.755e-13 2.464e-13 0.0 112.97 0.0
S288635 242.3602 88.7269 4.944e-24 1.605e-23 1.344e-22 0.0 113.52 0.0
S288636 242.3682 88.7181 1.81e-18 2.01e-18 1.755e-18 0.0 113.35 0.0
S288637 242.3538 88.7227 5.324e-19 6.307e-19 6.364e-19 0.0 113.45 0.0
S288638 242.3925 88.7216 6.938e-19 7.835e-19 7.458e-19 0.0 112.99 0.0
S288639 242.3425 88.7352 1.168e-17 1.189e-17 8.923e-18 0.0 113.65 0.0
S288640 242.3959 88.7132 4.286e-17 3.625e-17 1.906e-17 0.0 112.87 0.0
S288641 242.3964 88.7098 5.832e-18 5.751e-18 4.045e-18 0.0 112.79 0.0
S288642 242.3867 88.7099 4.778e-22 1.092e-21 4.33e-21 0.0 112.88 0.0
S288643 242.341 88.7178 5.803e-17 4.706e-17 2.244e-17 0.0 113.41 0.0
S288644 242.3559 88.7224 1.591e-23 4.5279999999999995e-23 2.8769999999999996e-22 0.0 113.45 0.0
S288645 242.3528 88.7289 4.033e-17 3.451e-17 1.83e-17 0.0 113.52 0.0
S288646 242.341 88.7196 1.87e-24 6.398e-24 6.114e-23 0.0 113.43 0.0
S288647 242.3948 88.7149 4.656e-19 5.862e-19 6.836e-19 0.0 112.87 0.0
S288648 242.399 88.712 2.352e-22 5.372e-22 2.167e-21 0.0 112.86 0.0
S288649 242.4019 88.7187 4.52e-19 5.242e-19 5.235e-19 0.001 112.88 0.0
S288650 242.3505 88.7262 7.639e-17 6.386e-17 3.173e-17 0.0 113.5 0.0
S288651 242.3509 88.7297 3.637e-17 3.14e-17 1.64e-17 0.0 113.56 0.0
S288652 242.4111 88.7079 6.102e-22 1.224e-21 3.686e-21 0.0 112.8 0.0
S288653 242.4022 88.7071 7.526000000000001e-21 1.2720000000000002e-20 2.657e-20 0.0 112.78 0.0
S288654 242.355 88.7287 9.587e-17 7.751e-17 3.678e-17 0.0 113.49 0.0
S288655 242.3471 88.7268 8.343e-19 9.646e-19 9.34e-19 0.0 113.54 0.0
S288656 242.4059 88.7153 1.094e-20 1.9160000000000003e-20 4.3310000000000004e-20 0.0 112.84 0.0
S288657 242.3562 88.719 2.688e-18 2.841e-18 2.326e-18 0.0 113.4 0.0
S288658 242.401 88.7135 2.414e-18 2.56e-18 2.048e-18 0.0 112.82 0.0
S288659 242.3541 88.7291 6.058e-17 4.89e-17 2.289e-17 0.0 113.59 0.0
S288660 242.3881 88.7123 1.2340000000000002e-20 2.0060000000000003e-20 4.1e-20 0.0 112.9 0.0
S288661 242.3996 88.7244 6.879e-17 7.825e-17 7.117e-17 0.0 113.04 0.0
S288662 242.3451 88.7215 3.319e-17 2.827e-17 1.461e-17 0.0 113.43 0.0
S288663 242.4113 88.7043 9.958e-19 1.123e-18 1.03e-18 0.0 112.76 0.0
S288664 242.3559 88.7213 2.594e-21 1.769e-21 5.939e-22 0.0 113.38 0.0
S288665 242.3477 88.7356 1.191e-18 1.4e-18 1.358e-18 0.0 113.59 0.0
S288666 242.3953 88.7187 1.036e-16 1.247e-16 1.329e-16 0.0 112.91 0.0
S288667 242.3432 88.7247 3.9579999999999994e-22 8.032e-22 2.603e-21 0.0 113.53 0.0
S288668 242.3929 88.7163 1.083e-17 1.03e-17 6.938e-18 0.0 112.94 0.0
S288669 242.3422 88.7239 1.793e-16 1.627e-16 9.92e-17 0.0 113.53 0.0
S288670 242.4061 88.7096 3.919e-20 6.273e-20 1.205e-19 0.0 112.8 0.0
S288671 242.3492 88.7275 5.105e-24 1.61e-23 1.198e-22 0.0 113.51 0.0
S288672 242.4042 88.7092 8.907e-18 8.176e-18 4.823e-18 0.0 112.84 0.0
S288673 242.3507 88.7231 1.299e-21 2.703e-21 8.97e-21 0.0 113.47 0.0
S288674 242.3381 88.7263 1.032e-12 8.819e-13 4.772e-13 0.0 113.48 1.0
S288675 242.4046 88.7053 2.722e-19 3.341e-19 3.841e-19 0.0 112.8 0.0
S288676 242.351 88.7244 5.903e-13 4.223e-13 1.553e-13 0.0 113.46 0.0
S288677 242.4056 88.7139 3.93e-16 3.043e-16 1.284e-16 0.0 112.86 1.0
S288678 242.3537 88.7241 6.359e-23 1.7049999999999998e-22 9.601999999999998e-22 0.0 113.48 0.0
S288679 242.3362 88.7189 1.332e-19 1.814e-19 2.535e-19 0.0 113.47 0.0
S288680 242.3878 88.7144 1.123e-19 1.574e-19 2.202e-19 0.0 112.95 0.0
S288681 242.3512 88.7246 5.028e-18 4.794e-18 3.221e-18 0.0 113.49 0.0
S288682 242.348 88.7229 3.851e-19 4.613e-19 4.722e-19 0.0 113.45 0.0
S288683 242.4027 88.7125 1.336e-13 8.634e-14 2.64e-14 0.0 112.83 0.0
S288684 242.4064 88.708 1.411e-17 1.328e-17 8.318e-18 0.0 112.81 0.0
S288685 242.3489 88.7338 3.554e-18 3.579e-18 2.656e-18 0.0 113.57 0.0
S288686 242.4012 88.7111 4.869e-17 4.026e-17 1.988e-17 0.0 112.84 0.0
S288687 242.3495 88.7255 2.758e-21 5.407e-21 1.556e-20 0.0 113.48 0.0
S288688 242.3425 88.7287 7.326e-18 7.133e-18 4.925e-18 0.0 113.55 0.0
S288689 242.3514 88.7374 2.933e-18 4.322e-18 6.946e-18 0.0 113.63 0.0
S288690 242.3455 88.7228 1.165e-12 9.367e-13 4.352e-13 0.0 113.47 1.0
S288691 242.4014 88.7207 2.45e-21 1.682e-21 5.715e-22 0.0 112.89 0.0
S288692 242.345 88.7257 3.18e-18 3.445e-18 2.887e-18 0.0 113.57 0.0
S288693 242.3548 88.7285 4.563e-23 1.118e-22 5.1779999999999995e-22 0.0 113.54 0.0
S288694 242.3954 88.7152 7.064e-21 1.3190000000000001e-20 3.438e-20 0.0 112.96 0.0
S288695 242.3376 88.7373 8.914e-22 1.7090000000000002e-21 4.794e-21 0.0 113.64 0.0
S288696 242.3925 88.7138 5.504e-18 5.594e-18 4.226e-18 0.0 112.94 0.0
S288697 242.4047 88.7185 9.443e-17 7.404e-17 3.222e-17 0.0 112.91 0.0
S288698 242.3383 88.7317 2.424e-21 4.8570000000000005e-21 1.428e-20 0.0 113.61 0.0
S288699 242.4056 88.7142 1.371e-17 1.18e-17 6.309e-18 0.0 112.88 0.0
S288700 242.4141 88.7089 3.409e-21 6.471e-21 1.76e-20 0.0 112.84 0.0
S288701 242.4183 88.7037 3.76e-19 4.633e-19 5.065e-19 0.0 112.79 0.0
S288702 242.4122 88.7043 3.395e-18 3.593e-18 2.794e-18 0.0 112.81 0.0
S288703 242.4024 88.716 2.158e-17 1.89e-17 1.075e-17 0.0 112.87 0.0
S288704 242.3554 88.7268 1.322e-19 1.878e-19 2.791e-19 0.0 113.51 0.0
S288705 242.3368 88.7269 1.196e-18 1.41e-18 1.371e-18 0.0 113.53 0.0
S288706 242.3485 88.7288 4.345e-23 1.1519999999999998e-22 6.361999999999999e-22 0.0 113.51 0.0
S288707 242.3521 88.7257 5.986e-20 8.871000000000001e-20 1.426e-19 0.0 113.47 0.0
S288708 242.4068 88.709 1.7239999999999998e-22 4.1249999999999996e-22 1.799e-21 0.0 112.83 0.0
S288709 242.3998 88.7101 2.7979999999999998e-24 9.889e-24 9.627e-23 0.0 112.81 0.0
S288710 242.4055 88.7016 2.7150000000000005e-20 4.2460000000000006e-20 7.721e-20 0.0 112.76 0.0
S288711 242.4053 88.7073 3.556e-17 3.881e-17 3.267e-17 0.0 112.78 0.0
S288712 242.4185 88.7066 9.711e-17 7.285e-17 3.087e-17 0.0 112.8 1.0
S288713 242.3553 88.7281 8.960000000000001e-20 1.219e-19 1.666e-19 0.0 113.49 0.0
S288714 242.4179 88.7018 5.1629999999999995e-22 1.04e-21 3.1890000000000002e-21 0.0 112.78 0.0
S288715 242.3391 88.7215 1.112e-17 1.71e-17 3.006e-17 0.0 113.53 0.0
S288716 242.3398 88.7364 4.884e-17 3.888e-17 1.756e-17 0.0 113.56 0.0
S288717 242.3469 88.7271 1.629e-20 2.671e-20 5.3590000000000005e-20 0.0 113.53 0.0
S288718 242.4192 88.7008 5.539e-20 8.203e-20 1.289e-19 0.0 112.76 0.0
S288719 242.3362 88.7296 2.289e-16 1.682e-16 6.627e-17 0.0 113.55 0.0
S288720 242.417 88.7143 3.812e-13 3.85e-13 2.917e-13 0.0 112.87 1.0
S288721 242.3405 88.7316 2.173e-18 2.305e-18 1.872e-18 0.0 113.6 0.0
S288722 242.3346 88.7311 5.64e-17 7.256e-17 8.754e-17 0.0 113.61 0.0
S288723 242.3359 88.7358 1.347e-16 1.097e-16 5.228e-17 0.0 113.56 0.0
S288724 242.3386 88.7366 2.463e-17 2.113e-17 1.162e-17 0.0 113.53 0.0
S288725 242.3348 88.7339 3.863e-16 2.936e-16 1.246e-16 0.0 113.57 1.0
S288726 242.4132 88.7089 2.754e-21 5.328e-21 1.515e-20 0.0 112.87 0.0
S288727 242.329 88.7304 1.704e-18 1.869e-18 1.608e-18 0.0 113.5 0.0
S288728 242.3593 88.7244 4.272e-18 4.327e-18 3.286e-18 0.0 113.44 0.0
S288729 242.405 88.7094 5.327e-22 1.174e-21 4.254e-21 0.0 112.8 0.0
S288730 242.4133 88.7099 1.4160000000000002e-20 2.4090000000000003e-20 5.3030000000000005e-20 0.0 112.87 0.0
S288731 242.337 88.7377 2.303e-16 2.157e-16 1.369e-16 0.0 113.66 0.0
S288732 242.3424 88.7321 8.113e-21 1.431e-20 3.387e-20 0.0 113.61 0.0
S288733 242.3988 88.7176 1.588e-21 3.3730000000000002e-21 1.137e-20 0.0 112.96 0.0
S288734 242.34 88.7263 8.74e-23 2.5879999999999997e-22 1.83e-21 0.0 113.52 0.0
S288735 242.4134 88.7159 2.3850000000000003e-20 3.7580000000000004e-20 6.922000000000001e-20 0.0 112.94 0.0
S288736 242.3428 88.7213 5.455e-20 8.494000000000001e-20 1.51e-19 0.0 113.43 0.0
S288737 242.4038 88.7099 1.0690000000000001e-20 1.757e-20 3.6610000000000004e-20 0.0 112.84 0.0
S288738 242.4128 88.702 9.275999999999998e-22 2.027e-21 7.698e-21 0.0 112.76 0.0
S288739 242.4075 88.7047 9.098e-24 2.6039999999999998e-23 1.6729999999999999e-22 0.0 112.81 0.0
S288740 242.409 88.7102 7.586e-21 1.3310000000000001e-20 2.953e-20 0.0 112.85 0.0
S288741 242.3451 88.7299 4.39e-26 2.439e-25 6.44e-24 0.0 113.55 0.0
S288742 242.3419 88.7224 5.232e-17 4.339e-17 2.114e-17 0.0 113.52 0.0
S288743 242.4154 88.7065 1.736e-17 1.622e-17 1.045e-17 0.001 112.8 0.0
S288744 242.3383 88.7322 2.612e-21 1.7860000000000002e-21 5.903999999999999e-22 0.0 113.58 0.0
S288745 242.3367 88.7232 1.614e-24 5.901e-24 6.176e-23 0.0 113.5 0.0
S288746 242.3456 88.7261 7.190999999999999e-22 1.655e-21 6.899e-21 0.0 113.54 0.0
S288747 242.4128 88.7086 1.516e-17 1.422e-17 8.726e-18 0.0 112.88 0.0
S288748 242.3353 88.7357 2.463e-23 7e-23 4.536999999999999e-22 0.0 113.61 0.0
S288749 242.4222 88.7028 1.725e-21 3.4890000000000004e-21 1.0980000000000001e-20 0.0 112.76 0.0
S288750 242.3372 88.7283 4.06e-18 4.241e-18 3.306e-18 0.0 113.52 0.0
S288751 242.3344 88.7377 2.2440000000000002e-21 1.549e-21 5.477e-22 0.0 113.6 0.0
S288752 242.3334 88.7432 4.355e-19 5.348e-19 5.874e-19 0.0 113.61 0.0
S288753 242.3371 88.7291 2.164e-18 2.311e-18 1.925e-18 0.0 113.52 0.0
S288754 242.3414 88.7324 1.392e-12 1.071e-12 4.481e-13 0.0 113.55 1.0
S288755 242.4195 88.7064 7.021e-13 4.875e-13 1.689e-13 0.0 112.84 0.0
S288756 242.3351 88.73 5.601e-18 5.592e-18 4.04e-18 0.0 113.54 0.0
S288757 242.424 88.7075 4.9260000000000003e-20 7.492e-20 1.3e-19 0.0 112.88 0.0
S288758 242.416 88.7083 1.922e-21 3.531e-21 9.141e-21 0.0 112.85 0.0
S288759 242.4148 88.6965 1.321e-16 1.192e-16 6.882e-17 0.0 112.73 0.0
S288760 242.3264 88.7342 4.788999999999999e-22 1.1070000000000001e-21 4.707e-21 0.001 113.54 0.0
S288761 242.3431 88.7254 1.544e-19 2.03e-19 2.612e-19 0.0 113.51 0.0
S288762 242.4246 88.7133 5.276e-13 4.282e-13 2.051e-13 0.0 112.86 1.0
S288763 242.4113 88.7045 1.7270000000000002e-20 3.128e-20 7.435e-20 0.0 112.81 0.0
S288764 242.4165 88.7154 2.809e-18 2.895e-18 2.237e-18 0.0 112.91 0.0
S288765 242.4016 88.7048 1.464e-23 3.896e-23 2.242e-22 0.0 112.81 0.0
S288766 242.4205 88.7014 3.65e-19 4.451e-19 4.822e-19 0.0 112.81 0.0
S288767 242.3284 88.7298 1.674e-20 2.823e-20 6.023e-20 0.0 113.51 0.0
S288768 242.3329 88.7242 2.656e-19 3.405e-19 4.031e-19 0.0 113.55 0.0
S288769 242.3284 88.7287 2.323e-22 5.922e-22 2.897e-21 0.0 113.56 0.0
S288770 242.3356 88.7284 3.719e-17 3.078e-17 1.52e-17 0.0 113.55 0.0
S288771 242.3222 88.745 1.405e-19 1.974e-19 2.868e-19 0.0 113.63 0.0
S288772 242.424 88.6992 1.442e-17 1.314e-17 7.975e-18 0.0 112.77 0.0
S288773 242.4206 88.6954 6.479e-25 2.523e-24 3.2509999999999996e-23 0.0 112.77 0.0
S288774 242.424 88.7121 1.29e-17 2.103e-17 4.267e-17 0.0 112.89 0.0
S288775 242.4183 88.7099 3.996e-23 1.1079999999999998e-22 6.760999999999999e-22 0.0 112.84 0.0
S288776 242.3389 88.7358 1.011e-21 2.219e-21 8.338e-21 0.0 113.56 0.0
S288777 242.4274 88.7148 1.175e-18 1.31e-18 1.205e-18 0.0 112.88 0.0
S288778 242.3372 88.7269 2.817e-18 3.017e-18 2.419e-18 0.0 113.52 0.0
S288779 242.3433 88.7173 2.93e-21 5.373e-21 1.3140000000000001e-20 0.0 113.44 0.0
S288780 242.3369 88.7379 1.839e-21 3.553e-21 1.032e-20 0.0 113.61 0.0
S288781 242.4206 88.7181 1.127e-19 1.618e-19 2.419e-19 0.0 112.95 0.0
S288782 242.331 88.733 1.0720000000000001e-20 1.908e-20 4.6220000000000003e-20 0.001 113.55 0.0
S288783 242.3253 88.7407 2.525e-17 2.423e-17 1.637e-17 0.0 113.58 0.0
S288784 242.4132 88.7064 7.564e-20 1.089e-19 1.637e-19 0.0 112.84 0.0
S288785 242.3233 88.7387 8.344e-18 7.644e-18 4.758e-18 0.0 113.62 0.0
S288786 242.4144 88.7141 1.0960000000000002e-20 1.926e-20 4.534e-20 0.0 112.92 0.0
S288787 242.4185 88.7126 2.542e-21 1.742e-21 5.942999999999999e-22 0.0 112.84 0.0
S288788 242.3385 88.7271 5.152e-19 6.005e-19 6.025e-19 0.0 113.45 0.0
S288789 242.4255 88.7002 2.662e-21 5.174e-21 1.4790000000000002e-20 0.0 112.79 0.0
S288790 242.3285 88.7263 2.574e-19 3.323e-19 3.903e-19 0.0 113.49 0.0
S288791 242.323 88.733 1.27e-16 1.026e-16 4.713e-17 0.0 113.57 0.0
S288792 242.4241 88.7025 1.0799999999999999e-23 3.2119999999999996e-23 2.2679999999999997e-22 0.0 112.77 0.0
S288793 242.4234 88.6983 3.282e-18 3.443e-18 2.745e-18 0.0 112.78 0.0
S288794 242.3262 88.73 1.097e-17 1.039e-17 6.818e-18 0.0 113.58 0.0
S288795 242.3206 88.7359 2.915e-24 9.417e-24 7.859e-23 0.0 113.61 0.0
S288796 242.4195 88.6999 3.948e-17 3.345e-17 1.674e-17 0.0 112.78 0.0
S288797 242.4133 88.7102 2.524e-21 5.101e-21 1.618e-20 0.0 112.85 0.0
S288798 242.3193 88.7392 4.8680000000000004e-21 8.94e-21 2.25e-20 0.0 113.58 0.0
S288799 242.3292 88.7313 6.046e-18 5.763e-18 3.662e-18 0.0 113.53 0.0
S288800 242.3269 88.7349 2.0650000000000002e-26 1.2430000000000002e-25 3.748e-24 0.0 113.55 0.0
S288801 242.4232 88.7064 4.0649999999999996e-22 8.720999999999999e-22 3.043e-21 0.0 112.8 0.0
S288802 242.4231 88.7049 8.463e-17 9.505e-17 8.376e-17 0.0 112.8 0.0
S288803 242.3234 88.7385 3.329e-25 1.467e-24 2.262e-23 0.0 113.57 0.0
S288804 242.3373 88.7316 9.36e-22 2.033e-21 7.337e-21 0.0 113.55 0.0
S288805 242.42 88.7039 1.622e-16 1.696e-16 1.382e-16 0.0 112.84 0.0
S288806 242.3246 88.7386 7.226e-21 1.261e-20 2.9030000000000003e-20 0.0 113.62 0.0
S288807 242.4293 88.7044 6.678e-17 5.355e-17 2.525e-17 0.0 112.85 0.0
S288808 242.4305 88.6867 8.227000000000001e-25 3.442e-24 5.0089999999999995e-23 0.0 112.75 0.0
S288809 242.4097 88.7068 3.683e-18 3.582e-18 2.518e-18 0.0 112.88 0.0
S288810 242.4253 88.7011 8.893e-17 7.063e-17 3.269e-17 0.0 112.76 0.0
S288811 242.3296 88.7309 1.892e-21 3.3440000000000002e-21 8.000000000000001e-21 0.0 113.56 0.0
S288812 242.3249 88.7298 2.973e-21 2.021e-21 6.65e-22 0.0 113.5 0.0
S288813 242.3184 88.749 1.662e-19 2.294e-19 3.16e-19 0.0 113.6 0.0
S288814 242.4224 88.7152 8.773e-13 6.224e-13 2.344e-13 0.0 112.9 0.0
S288815 242.4218 88.7071 4.465e-18 4.662e-18 3.644e-18 0.0 112.8 0.0
S288816 242.4194 88.7031 8.23e-19 8.923e-19 7.957e-19 0.0 112.8 0.0
S288817 242.4341 88.7037 4.148e-13 2.981e-13 1.112e-13 0.0 112.78 0.0
S288818 242.3183 88.7472 4.67e-17 3.78e-17 1.795e-17 0.0 113.61 0.0
S288819 242.4196 88.7066 3.457e-21 5.858e-21 1.261e-20 0.0 112.83 0.0
S288820 242.3124 88.7409 5.612e-24 1.891e-23 1.7309999999999998e-22 0.0 113.54 0.0
S288821 242.4328 88.7092 2.394e-21 1.6510000000000001e-21 5.654e-22 0.0 112.85 0.0
S288822 242.3245 88.7366 9.692e-19 1.174e-18 1.255e-18 0.0 113.5 0.0
S288823 242.3211 88.733 1.68e-20 2.768e-20 5.526000000000001e-20 0.0 113.57 0.0
S288824 242.4196 88.7143 4.001e-17 4.152e-17 3.25e-17 0.0 112.86 0.0
S288825 242.4207 88.7183 1.068e-17 1.082e-17 8.089e-18 0.0 112.92 0.0
S288826 242.4288 88.6987 2.463e-17 2.124e-17 1.139e-17 0.0 112.77 0.0
S288827 242.3228 88.7408 2.612e-21 1.791e-21 6.151999999999999e-22 0.0 113.6 0.0
S288828 242.3349 88.74 7.22e-19 8.625e-19 8.75e-19 0.0 113.63 0.0
S288829 242.3177 88.7514 4.1240000000000003e-25 1.729e-24 2.538e-23 0.0 113.62 0.0
S288830 242.3359 88.7267 1.218e-22 3.0769999999999996e-22 1.573e-21 0.0 113.46 0.0
S288831 242.4256 88.7109 2.463e-21 1.683e-21 5.704e-22 0.0 112.85 0.0
S288832 242.3239 88.7322 2.0209999999999998e-22 4.585e-22 1.842e-21 0.0 113.57 0.0
S288833 242.3244 88.7375 1.368e-16 1.524e-16 1.36e-16 0.0 113.58 0.0
S288834 242.4175 88.7033 3.59e-17 3.229e-17 1.922e-17 0.0 112.76 0.0
S288835 242.4263 88.7054 2.181e-21 1.511e-21 5.329e-22 0.0 112.81 0.0
S288836 242.3131 88.7419 9.3e-18 8.913e-18 5.805e-18 0.0 113.6 0.0
S288837 242.3252 88.7344 2.265e-16 1.775e-16 7.741e-17 0.0 113.59 1.0
S288838 242.3164 88.7351 1.006e-16 7.973e-17 3.556e-17 0.0 113.55 0.0
S288839 242.4368 88.6967 3.3979999999999997e-22 8.302999999999999e-22 3.849e-21 0.0 112.74 0.0
S288840 242.3148 88.7274 8.892999999999999e-24 2.666e-23 1.8479999999999999e-22 0.0 113.51 0.0
S288841 242.4353 88.7033 3.208e-21 6.382e-21 1.9400000000000003e-20 0.0 112.84 0.0
S288842 242.4308 88.7042 8.980999999999999e-23 2.038e-22 8.246999999999999e-22 0.0 112.84 1.0
S288843 242.3118 88.7262 1.682e-23 5.0839999999999996e-23 3.6649999999999997e-22 0.0 113.49 0.0
S288844 242.426 88.6985 2.299e-13 2.758e-13 2.908e-13 0.0 112.8 0.0
S288845 242.3288 88.7349 5.705e-23 1.5449999999999997e-22 9.007999999999998e-22 0.0 113.55 0.0
S288846 242.4267 88.7113 9.766e-18 9.395e-18 6.133e-18 0.0 112.84 0.0
S288847 242.4224 88.7053 2.363e-18 2.523e-18 2.12e-18 0.0 112.79 1.0
S288848 242.4326 88.7014 9.217000000000001e-20 1.318e-19 2.048e-19 0.0 112.81 0.0
S288849 242.4292 88.6956 3.303e-22 7.999999999999999e-22 3.773e-21 0.0 112.77 0.0
S288850 242.4339 88.7071 1.9159999999999997e-22 4.382e-22 1.797e-21 0.0 112.86 0.0
S288851 242.4093 88.7068 7.759e-18 7.301e-18 4.616e-18 0.0 112.76 0.0
S288852 242.4225 88.7029 1.792e-17 1.576e-17 9.093e-18 0.0 112.83 0.0
S288853 242.4139 88.7103 2.209e-16 2.337e-16 1.836e-16 0.0 112.87 0.0
S288854 242.4331 88.7085 1.413e-19 1.872e-19 2.403e-19 0.0 112.83 0.0
S288855 242.4214 88.7053 1.306e-24 4.728e-24 4.9639999999999996e-23 0.0 112.82 0.0
S288856 242.4438 88.7042 1.378e-22 3.6129999999999997e-22 1.987e-21 0.0 112.83 0.0
S288857 242.3103 88.738 1.148e-17 1.06e-17 6.657e-18 0.0 113.55 0.0
S288858 242.3066 88.7272 3.796e-21 6.7340000000000004e-21 1.542e-20 0.0 113.49 0.0
S288859 242.4242 88.7042 4.449e-18 4.418e-18 3.178e-18 0.0 112.81 0.0
S288860 242.422 88.6987 6.015e-24 1.831e-23 1.3859999999999998e-22 0.0 112.79 0.0
S288861 242.3163 88.7281 2.927e-23 8.106e-23 4.949999999999999e-22 0.0 113.53 0.0
S288862 242.4361 88.7006 6.571999999999999e-22 1.435e-21 5.409e-21 0.0 112.79 0.0
S288863 242.4196 88.6946 2.473e-19 3.069e-19 3.403e-19 0.0 112.74 0.0
S288864 242.3181 88.7292 1.527e-16 1.442e-16 9.417e-17 0.0 113.53 0.0
S288865 242.4352 88.6982 2.074e-21 1.4340000000000001e-21 5.0139999999999995e-22 0.0 112.76 0.0
S288866 242.4378 88.7009 1.065e-21 2.282e-21 8.114e-21 0.0 112.78 0.0
S288867 242.3074 88.7431 2.032e-21 1.423e-21 4.982999999999999e-22 0.0 113.6 0.0
S288868 242.438 88.6954 7.664e-19 8.701e-19 8.209e-19 0.0 112.76 0.0
S288869 242.3175 88.7288 1.636e-19 2.289e-19 3.226e-19 0.0 113.5 0.0
S288870 242.4349 88.701 4.202e-22 1.06e-21 5.152e-21 0.0 112.79 0.0
S288871 242.4363 88.705 2.757e-18 3.021e-18 2.655e-18 0.0 112.84 0.0
S288872 242.3109 88.7404 3.075e-18 3.087e-18 2.152e-18 0.0 113.6 0.0
S288873 242.4374 88.7008 1.594e-19 2.135e-19 2.69e-19 0.0 112.81 0.0
S288874 242.308 88.7404 7.351e-21 9.374e-21 1.1120000000000001e-20 0.0 113.61 0.0
S288875 242.3133 88.7407 6.216e-16 5.186e-16 2.566e-16 0.0 113.62 0.0
S288876 242.3211 88.7384 3.411e-19 4.2e-19 4.477e-19 0.0 113.61 0.0
S288877 242.3071 88.7363 1.69e-21 1.181e-21 4.310999999999999e-22 0.0 113.49 0.0
S288878 242.4419 88.6967 4.26e-23 1.124e-22 6.032999999999999e-22 0.0 112.76 0.0
S288879 242.4377 88.6995 4.029e-18 4.006e-18 2.798e-18 0.0 112.79 0.0
S288880 242.441 88.7004 4.845999999999999e-22 1.078e-21 4.0120000000000004e-21 0.0 112.76 0.0
S288881 242.3087 88.7402 4.867e-22 1.078e-21 4.112e-21 0.0 113.59 0.0
S288882 242.3106 88.7429 5.954e-21 1.051e-20 2.5000000000000002e-20 0.0 113.64 0.0
S288883 242.3121 88.7463 1.127e-21 2.2620000000000002e-21 6.78e-21 0.0 113.61 0.0
S288884 242.4392 88.7035 8.248e-19 9.989e-19 1.078e-18 0.0 112.8 0.0
S288885 242.4407 88.7071 4.8139999999999995e-23 1.3389999999999999e-22 8.170999999999999e-22 0.0 112.78 0.0
S288886 242.4361 88.6955 2.3479999999999996e-22 5.656e-22 2.505e-21 0.0 112.75 0.0
S288887 242.2957 88.7426 3.512e-22 8.152e-22 3.446e-21 0.0 113.64 0.0
S288888 242.4331 88.7086 3.906e-18 4.032e-18 3.053e-18 0.0 112.85 0.0
S288889 242.4518 88.6899 1.267e-16 1.051e-16 5.267e-17 0.0 112.77 0.0
S288890 242.3025 88.7354 7.52e-21 1.2850000000000001e-20 2.8940000000000005e-20 0.0 113.56 0.0
S288891 242.4447 88.6911 1.202e-18 1.421e-18 1.491e-18 0.0 112.72 0.0
S288892 242.3145 88.7412 2.6590000000000002e-20 4.1220000000000006e-20 7.167e-20 0.0 113.53 0.0
S288893 242.4446 88.6998 1.101e-18 1.205e-18 1.05e-18 0.0 112.79 0.0
S288894 242.4361 88.6971 1.062e-17 1.042e-17 7.073e-18 0.0 112.81 0.0
S288895 242.4441 88.6997 2.103e-17 1.855e-17 1.046e-17 0.0 112.76 0.0
S288896 242.443 88.6868 3.341e-24 1.2109999999999999e-23 1.311e-22 0.0 112.77 0.0
S288897 242.3007 88.7334 6.024e-24 1.833e-23 1.299e-22 0.0 113.52 0.0
S288898 242.3048 88.7438 6.728e-17 7.968e-17 8.01e-17 0.0 113.61 0.0
S288899 242.3743 88.7194 3.262e-13 2.204e-13 7.363e-14 0.0 113.7 0.0
S288900 242.3743 88.7193 1.024e-16 8.01e-17 3.459e-17 0.0 113.44 0.0
S288901 242.3741 88.719 1.793e-16 1.555e-16 8.749e-17 0.0 112.55 0.0
S288902 242.3742 88.7191 1.011e-15 7.124e-16 2.638e-16 0.0 111.05 0.0
S288903 242.3742 88.7192 7.175e-17 6.02e-17 3.008e-17 0.0 115.19 0.0
S288904 242.3742 88.7191 2.242e-21 1.564e-21 5.441999999999999e-22 0.0 111.09 0.0
S288905 242.4442 88.6944 6.271e-16 4.624e-16 1.862e-16 0.0 112.8 0.0
S288906 242.4402 88.6956 2.678e-15 1.864e-15 6.531e-16 0.0 112.79 0.0
S288907 242.3126 88.74 4.052e-16 3.029e-16 1.249e-16 0.0 113.63 0.0
S288908 242.3045 88.7418 3.806e-16 2.663e-16 9.817e-17 0.0 113.59 0.0
S288909 242.4459 88.6958 3.288e-17 2.84e-17 1.524e-17 0.0 112.77 0.0
S288910 242.439 88.7004 3.201e-13 2.201e-13 7.689e-14 0.0 112.82 0.0
S288911 242.3071 88.7385 3.523e-16 2.678e-16 1.133e-16 0.0 113.58 1.0
S288912 242.4408 88.6991 4.004e-18 4.024e-18 2.884e-18 0.0 112.76 0.0
S288913 242.4348 88.7032 3.658e-16 2.669e-16 1.016e-16 0.0 112.81 0.0
S288914 242.4379 88.7025 9.309e-16 6.589e-16 2.422e-16 0.0 112.76 0.0
S288915 242.4421 88.7018 4.919e-17 5.365e-17 4.603e-17 0.0 112.83 0.0
S288916 242.4373 88.7028 1.843e-18 1.982e-18 1.639e-18 0.0 112.82 0.0
S288917 242.4412 88.7048 3.722e-15 2.628e-15 9.419e-16 0.0 112.82 0.0
S288918 242.3063 88.7331 3.479e-17 4.825e-17 7.039e-17 0.0 113.59 0.0
S288919 242.3105 88.731 1.798e-13 1.207e-13 3.927e-14 0.0 113.5 0.0
S288920 242.4433 88.7068 1.296e-15 9.198e-16 3.366e-16 0.0 112.8 0.0
S288921 242.4399 88.7098 3.402e-16 2.589e-16 1.076e-16 0.0 112.84 1.0
S288922 242.305 88.7301 1.845e-15 1.301e-15 4.79e-16 0.0 113.54 0.0
S288923 242.3049 88.7284 9.738e-16 7.192e-16 2.839e-16 0.0 113.54 0.0
S288924 242.311 88.7281 6.946e-16 5.044e-16 1.92e-16 0.0 113.53 0.0
S288925 242.3075 88.7255 9.246e-18 8.824e-18 6.02e-18 0.0 113.51 0.0
S288926 242.4423 88.7141 2.491e-16 2.517e-16 1.819e-16 0.0 112.87 0.0
S288927 242.3088 88.7227 2.232e-17 1.92e-17 1.057e-17 0.0 113.42 0.0
S288928 242.4384 88.7166 3.807e-16 2.81e-16 1.108e-16 0.0 112.87 0.0
S288929 242.4403 88.7158 7.639e-16 5.652e-16 2.258e-16 0.0 112.89 0.0
S288930 242.441 88.7174 2.464e-17 2.232e-17 1.346e-17 0.0 112.89 0.0
S288931 242.3072 88.7176 1.612e-15 1.157e-15 4.258e-16 0.0 113.47 0.0
S288932 242.4443 88.7189 5.477e-18 5.397e-18 3.764e-18 0.0 112.93 0.0
S288933 242.3098 88.7186 9.054e-16 6.727e-16 2.69e-16 0.0 113.47 0.0
S288934 242.3096 88.7167 5.763e-16 4.194e-16 1.58e-16 0.0 113.41 0.0
S288935 242.4347 88.7252 1.346e-15 9.821e-16 3.715e-16 0.0 112.97 0.0
S288936 242.4411 88.7252 6.849e-16 4.919e-16 1.868e-16 0.0 112.96 0.0
S288937 242.3073 88.712 1.173e-16 9.73e-17 4.771e-17 0.0 113.43 0.0
S288938 242.3059 88.7107 1.562e-16 1.161e-16 4.716e-17 0.0 113.46 0.0
S288939 242.4391 88.7296 1.313e-15 9.614e-16 3.74e-16 0.0 113.0 0.0
S288940 242.4438 88.7298 5.865e-16 4.227e-16 1.598e-16 0.0 112.96 0.0
S288941 242.4361 88.7315 1.285e-16 1.405e-16 1.243e-16 0.0 113.0 0.0
S288942 242.4398 88.7341 1.326e-15 9.229e-16 3.216e-16 0.0 113.0 0.0
S288943 242.438 88.7361 8.222e-13 6.962e-13 3.687e-13 0.0 113.0 1.0
S288944 242.4412 88.7351 2.731e-16 2.391e-16 1.328e-16 0.0 113.01 0.0
S288945 242.3071 88.7034 7.08e-17 5.82e-17 2.761e-17 0.0 113.36 0.0
S288946 242.4353 88.7367 7.658e-17 7.222e-17 4.594e-17 0.0 113.08 0.0
S288947 242.3072 88.7015 8.7e-17 6.518e-17 2.693e-17 0.0 113.34 1.0
S288948 242.3116 88.6972 3.797e-16 2.905e-16 1.198e-16 0.001 113.34 0.0
S288949 242.436 88.7408 1.076e-16 8.438e-17 3.705e-17 0.0 113.1 0.0
S288950 242.4333 88.7478 1.134e-17 1.003e-17 5.647e-18 0.0 113.06 0.0
S288951 242.4311 88.7471 9.534e-17 7.802e-17 3.713e-17 0.0 113.06 0.0
S288952 242.431 88.7452 3.382e-16 2.46e-16 9.344e-17 0.0 113.06 0.0
S288953 242.3183 88.6882 7.368e-16 5.442e-16 2.122e-16 0.0 113.29 0.0
S288954 242.3199 88.692 1.988e-17 1.881e-17 1.213e-17 0.0 113.25 0.0
S288955 242.3178 88.6858 2.621e-15 1.845e-15 6.545e-16 0.0 113.24 0.0
S288956 242.4328 88.7522 1.744e-17 1.575e-17 9.472e-18 0.0 113.16 0.0
S288957 242.427 88.7529 3.192e-17 2.771e-17 1.472e-17 0.0 113.12 0.0
S288958 242.3193 88.683 1.703e-17 1.945e-17 1.893e-17 0.0 113.25 0.0
S288959 242.4322 88.757 9.491e-17 7.332e-17 3.175e-17 0.0 113.15 0.0
S288960 242.3212 88.683 2.612e-17 2.36e-17 1.332e-17 0.0 113.23 0.0
S288961 242.4262 88.7598 9.874e-17 8.064e-17 3.757e-17 0.0 113.18 0.0
S288962 242.326 88.6765 1.5e-16 1.165e-16 5.181e-17 0.0 113.14 1.0
S288963 242.4226 88.7644 1.382e-15 9.969e-16 3.825e-16 0.0 113.15 0.0
S288964 242.424 88.7668 4.639e-18 4.685e-18 3.429e-18 0.0 113.21 0.0
S288965 242.3249 88.6705 8.318e-16 6.177e-16 2.398e-16 0.0 113.15 0.0
S288966 242.3238 88.675 8.244e-13 6.986e-13 3.588e-13 0.0 113.16 1.0
S288967 242.4213 88.7721 1.07e-14 7.167e-15 2.348e-15 0.0 113.26 0.0
S288968 242.4221 88.7726 8.715e-16 6.211e-16 2.328e-16 0.0 113.23 0.0
S288969 242.3314 88.6669 5.449e-13 3.814e-13 1.331e-13 0.0 113.12 0.0
S288970 242.4163 88.7751 1.343e-16 1.038e-16 4.561e-17 0.0 113.31 0.0
S288971 242.3305 88.6646 3.736e-17 4.623e-17 5.144e-17 0.0 113.12 0.0
S288972 242.4164 88.7769 1.321e-14 8.911e-15 2.982e-15 0.0 113.27 0.0
S288973 242.341 88.653 9.598e-18 9.437e-18 6.619e-18 0.0 112.97 0.0
S288974 242.3374 88.6586 8.921e-18 8.558e-18 5.574e-18 0.0 113.05 0.0
S288975 242.3418 88.6505 1.736e-16 1.381e-16 6.165e-17 0.0 113.01 1.0
S288976 242.3374 88.6567 6.836e-16 4.859e-16 1.763e-16 0.0 113.07 0.0
S288977 242.3429 88.6454 7.064e-21 1.313e-20 3.4660000000000006e-20 0.0 113.03 0.0
S288978 242.3436 88.6469 1.272e-16 1.061e-16 5.48e-17 0.0 113.0 0.0
S288979 242.3464 88.6454 3.484e-14 2.322e-14 7.292e-15 0.0 112.95 0.0
S288980 242.4034 88.7864 4.951e-16 3.671e-16 1.443e-16 0.0 113.39 0.0
S288981 242.401 88.7886 9.495e-13 6.987e-13 2.771e-13 0.0 113.46 0.0
S288982 242.3521 88.6421 8.972e-19 1.019e-18 9.38e-19 0.0 112.95 0.0
S288983 242.3965 88.7967 4.172e-15 2.924e-15 1.026e-15 0.0 113.41 0.0
S288984 242.394 88.8006 9.958e-15 6.799e-15 2.33e-15 0.0 113.52 0.0
S288985 242.3927 88.8072 6.388e-15 4.185e-15 1.34e-15 0.0 113.45 0.0
S288986 242.3557 88.6334 1.567e-19 2.079e-19 2.659e-19 0.0 112.92 0.0
S288987 242.3873 88.8033 6.623e-16 4.801e-16 1.83e-16 0.0 113.47 0.0
S288988 242.3621 88.6313 2.603e-17 2.222e-17 1.182e-17 0.0 112.93 0.0
S288989 242.3645 88.6311 9.311e-18 9.105e-18 6.527e-18 0.0 112.83 0.0
S288990 242.3841 88.8069 1.488e-16 1.105e-16 4.349e-17 0.0 113.5 0.0
S288991 242.3806 88.8031 2.679e-17 2.347e-17 1.252e-17 0.0 113.49 0.0
S288992 242.3682 88.6301 1.503e-15 1.078e-15 4.037e-16 0.0 112.79 0.0
S288993 242.3708 88.6302 1.316e-12 9.993e-13 4.205e-13 0.0 112.86 1.0
S288994 242.3728 88.6227 7.298e-18 7.057e-18 4.843e-18 0.0 112.82 0.0
S288995 242.3733 88.8079 5.944e-16 4.498e-16 1.953e-16 0.0 113.56 0.0
S288996 242.3719 88.81 1.818e-16 1.366e-16 5.734e-17 0.0 113.57 1.0
S288997 242.3681 88.8135 3.326e-16 2.505e-16 1.032e-16 0.0 113.54 0.0
S288998 242.3838 88.618 3.603e-16 2.768e-16 1.192e-16 0.0 112.8 1.0
S288999 242.3846 88.6244 3.483e-16 2.733e-16 1.212e-16 0.0 112.74 1.0
S289000 242.3876 88.6219 4.074e-17 3.329e-17 1.578e-17 0.0 112.75 0.0
S289001 242.39 88.6179 2.105e-22 5.302e-22 2.58e-21 0.0 112.77 0.0
S289002 242.3567 88.8218 9.915e-16 6.954e-16 2.494e-16 0.0 113.67 0.0
S289003 242.3954 88.6129 5.054e-16 3.745e-16 1.557e-16 0.0 112.71 0.0
S289004 242.3964 88.6146 7.453e-13 5.33e-13 1.991e-13 0.0 112.7 0.0
S289005 242.4001 88.6139 3.25e-16 2.48e-16 9.956e-17 0.0 112.7 0.0
S289006 242.402 88.6141 6.822e-17 5.658e-17 2.747e-17 0.0 112.69 0.0
S289007 242.4056 88.6135 7.987e-13 5.816e-13 2.278e-13 0.0 112.64 0.0
S289008 242.4089 88.6101 1.236e-12 1.018e-12 5.04e-13 0.0 112.71 1.0
S289009 242.338 88.8198 6.418e-21 1.1270000000000002e-20 2.6790000000000003e-20 0.0 113.73 0.0
S289010 242.337 88.8259 5.777e-16 4.138e-16 1.532e-16 0.0 113.7 0.0
S289011 242.3336 88.8283 1.029e-12 7.36e-13 2.808e-13 0.0 113.7 0.0
S289012 242.4182 88.6074 9.467e-16 6.89e-16 2.539e-16 0.001 112.56 0.0
S289013 242.3265 88.8308 2.848e-16 2.258e-16 1.025e-16 0.0 113.77 1.0
S289014 242.4253 88.6134 3.041e-16 2.462e-16 1.142e-16 0.0 112.61 0.0
S289015 242.427 88.611 1.384e-17 1.262e-17 7.804e-18 0.0 112.6 0.0
S289016 242.3244 88.8242 1.932e-15 1.378e-15 4.913e-16 0.0 113.74 0.0
S289017 242.4318 88.62 3.645e-16 2.868e-16 1.253e-16 0.0 112.59 1.0
S289018 242.4352 88.6058 4.575e-13 5.075e-13 4.596e-13 0.001 112.54 0.0
S289019 242.3118 88.8233 8.507e-13 6.11e-13 2.254e-13 0.0 113.77 0.0
S289020 242.4407 88.6129 1.189e-18 1.308e-18 1.182e-18 0.0 112.58 0.0
S289021 242.4445 88.615 1.658e-16 1.33e-16 6.27e-17 0.0 112.58 0.0
S289022 242.3013 88.8253 1.108e-16 1.309e-16 1.302e-16 0.0 113.79 0.0
S289023 242.446 88.6176 2.187e-16 1.662e-16 7.108e-17 0.0 112.58 1.0
S289024 242.4479 88.6136 3.44e-16 2.639e-16 1.08e-16 0.0 112.57 1.0
S289025 242.2999 88.82 4.199e-16 3.139e-16 1.31e-16 0.0 113.76 0.0
S289026 242.2935 88.8177 6.322e-16 4.692e-16 1.812e-16 0.0 113.78 0.0
S289027 242.4551 88.6221 1.886e-16 1.437e-16 6.173e-17 0.0 112.57 1.0
S289028 242.2935 88.8146 2.628e-16 2.019e-16 8.563e-17 0.0 113.7 1.0
S289029 242.4598 88.6266 8.511e-13 7.454e-13 4.256e-13 0.0 112.55 1.0
S289030 242.4637 88.6251 2.626e-18 2.828e-18 2.303e-18 0.0 112.63 0.0
S289031 242.468 88.6296 3.521e-18 3.593e-18 2.705e-18 0.0 112.6 0.0
S289032 242.2762 88.8134 4.174e-17 3.569e-17 1.877e-17 0.0 113.8 0.0
S289033 242.2745 88.8084 4.175e-16 3.151e-16 1.283e-16 0.0 113.84 0.0
S289034 242.2764 88.8096 5.03e-17 4.3e-17 2.242e-17 0.0 113.76 0.0
S289035 242.4732 88.6375 8.521e-18 7.944e-18 4.846e-18 0.0 112.58 0.0
S289036 242.2682 88.8003 6.218e-18 6.128e-18 4.238e-18 0.0 113.78 0.0
S289037 242.2728 88.7961 5.71e-16 4.106e-16 1.591e-16 0.0 113.74 0.0
S289038 242.2726 88.7945 7.341e-17 5.769e-17 2.686e-17 0.0 113.76 0.0
S289039 242.2648 88.7926 1.036e-17 1.591e-17 2.752e-17 0.0 113.73 0.0
S289040 242.2631 88.7902 1.397e-16 1.062e-16 4.482e-17 0.0 113.69 0.0
S289041 242.4806 88.6533 2.967e-16 2.282e-16 9.858e-17 0.0 112.64 1.0
S289042 242.2658 88.7829 6.377e-17 5.244e-17 2.559e-17 0.0 113.7 0.0
S289043 242.258 88.7798 1.554e-15 1.104e-15 3.962e-16 0.0 113.7 0.0
S289044 242.2659 88.7738 1.055e-15 7.59e-16 2.846e-16 0.0 113.74 0.0
S289045 242.4935 88.6651 1.826e-16 1.458e-16 6.641e-17 0.0 112.69 0.0
S289046 242.2634 88.7682 1.267e-17 1.289e-17 9.399e-18 0.0 113.71 0.0
S289047 242.2591 88.7649 1.761e-21 3.546e-21 1.106e-20 0.0 113.66 0.0
S289048 242.261 88.7603 7.432e-17 5.955e-17 2.808e-17 0.0 113.62 0.0
S289049 242.4873 88.6829 4.965e-17 5.736e-17 5.445e-17 0.0 112.74 0.0
S289050 242.4865 88.6892 3.573e-16 2.572e-16 9.984e-17 0.0 112.77 0.0
S289051 242.2688 88.7442 1.432e-16 1.187e-16 5.692e-17 0.0 113.54 0.0
S289052 242.4886 88.695 4.569e-17 3.848e-17 2.04e-17 0.0 112.78 0.0
S289053 242.4904 88.6989 1.41e-14 9.289e-15 2.899e-15 0.0 112.82 0.0
S289054 242.258 88.7342 3.194e-15 2.212e-15 7.876e-16 0.0 113.51 0.0
S289055 242.2642 88.7267 6.049e-16 4.463e-16 1.717e-16 0.0 113.5 0.0
S289056 242.4762 88.7177 1.668e-15 1.181e-15 4.283e-16 0.0 112.89 0.0
S289057 242.4846 88.7198 5.042e-17 4.221e-17 2.149e-17 0.0 112.88 1.0
S289058 242.4801 88.7266 1.184e-18 1.333e-18 1.226e-18 0.0 112.95 0.0
S289059 242.4761 88.732 3.411e-16 2.618e-16 1.13e-16 0.0 112.95 1.0
S289060 242.2719 88.6976 8.224e-16 6.171e-16 2.479e-16 0.0 113.4 0.0
S289061 242.4781 88.7393 1.453e-21 1.054e-21 4.1359999999999994e-22 0.0 113.0 0.0
S289062 242.27 88.6958 5.832e-16 4.281e-16 1.709e-16 0.0 113.39 0.0
S289063 242.4667 88.7543 2.454e-19 3.396e-19 4.841e-19 0.0 113.06 0.0
S289064 242.4708 88.7584 1.542e-17 1.398e-17 8.424e-18 0.0 113.03 1.0
S289065 242.4638 88.7628 2.401e-21 1.677e-21 5.693999999999999e-22 0.0 113.08 0.0
S289066 242.462 88.7687 9.357e-13 7.185e-13 2.928e-13 0.0 113.1 1.0
S289067 242.2931 88.6648 2.651e-16 2.408e-16 1.433e-16 0.0 113.23 0.0
S289068 242.2929 88.6612 1.691e-20 2.816e-20 5.577000000000001e-20 0.0 113.19 0.0
S289069 242.3002 88.6525 3.287e-16 2.541e-16 1.123e-16 0.0 113.16 1.0
S289070 242.2963 88.6449 5.669e-16 4.196e-16 1.632e-16 0.0 113.13 0.0
S289071 242.4453 88.7994 4.663e-16 3.965e-16 2.108e-16 0.0 113.25 0.0
S289072 242.3096 88.6325 1.054e-15 7.489e-16 2.672e-16 0.0 113.07 0.0
S289073 242.4385 88.8095 6.623e-15 4.583e-15 1.564e-15 0.0 113.27 0.0
S289074 242.3178 88.6298 4.091e-15 2.872e-15 1.028e-15 0.0 113.04 0.0
S289075 242.4294 88.8138 1.233e-16 9.916e-17 4.719e-17 0.0 113.32 0.0
S289076 242.326 88.6216 3.737e-17 6.054e-17 1.162e-16 0.0 112.98 0.0
S289077 242.329 88.6264 1.002e-16 8.115e-17 3.816e-17 0.0 113.01 0.0
S289078 242.3374 88.6048 1.369e-12 1.134e-12 5.677e-13 0.0 112.93 1.0
S289079 242.3437 88.5974 5.666e-16 4.374e-16 1.847e-16 0.0 112.92 0.0
S289080 242.3533 88.6025 1.118e-19 1.545e-19 2.258e-19 0.0 112.93 0.0
S289081 242.3921 88.8476 3.021e-16 2.304e-16 9.894e-17 0.0 113.49 1.0
S289082 242.3624 88.5944 7.336e-13 6.946e-13 4.529e-13 0.0 112.79 1.0
S289083 242.38 88.8464 4.509e-15 3.014e-15 9.433e-16 0.0 113.51 0.0
S289084 242.3737 88.8521 1.403e-16 1.082e-16 4.754e-17 0.0 113.56 1.0
S289085 242.3653 88.8598 2.09e-16 1.564e-16 6.373e-17 0.0 113.65 0.0
S289086 242.3893 88.5856 1.757e-16 1.342e-16 5.785e-17 0.0 112.78 1.0
S289087 242.4355 88.7069 3.986e-16 3.482e-16 1.929e-16 0.0 112.88 0.0
S289088 242.4344 88.7121 2.251e-21 4.26e-21 1.1620000000000001e-20 0.0 112.86 0.0
S289089 242.4282 88.7143 3.866e-15 2.623e-15 8.602e-16 0.0 112.87 0.0
S289090 242.4308 88.7158 3.799e-17 2.918e-17 1.263e-17 0.0 112.88 0.0
S289091 242.4398 88.7097 1.906e-17 1.685e-17 9.755e-18 0.0 112.86 0.0
S289092 242.3065 88.7268 2.609e-17 2.377e-17 1.4e-17 0.0 113.53 0.0
S289093 242.3179 88.7195 6.343e-16 4.746e-16 1.889e-16 0.0 113.42 0.0
S289094 242.2977 88.7306 1.767e-22 4.0619999999999994e-22 1.608e-21 0.0 113.51 0.0
S289095 242.3074 88.7281 1.017e-22 2.57e-22 1.253e-21 0.0 113.55 0.0
S289096 242.3151 88.7266 1.116e-16 9.361e-17 4.817e-17 0.0 113.53 0.0
S289097 242.3102 88.7238 5.539e-13 3.827e-13 1.303e-13 0.0 113.51 0.0
S289098 242.4384 88.7166 7.996e-18 7.417e-18 4.575e-18 0.0 112.86 0.0
S289099 242.314 88.7211 4.474e-17 3.752e-17 1.951e-17 0.0 113.44 0.0
S289100 242.439 88.7146 8.577e-17 7.263e-17 3.716e-17 0.0 112.85 0.0
S289101 242.3049 88.7245 8.032e-17 6.963e-17 3.849e-17 0.0 113.47 0.0
S289102 242.4327 88.7206 3.678e-16 2.744e-16 1.112e-16 0.001 112.96 0.0
S289103 242.312 88.7137 2.368e-17 2.05e-17 1.1e-17 0.001 113.39 0.0
S289104 242.3179 88.7179 1.299e-19 1.69e-19 2.143e-19 0.0 113.44 0.0
S289105 242.3195 88.7135 7.268e-17 5.813e-17 2.826e-17 0.0 113.42 0.0
S289106 242.4294 88.7215 2.128e-18 2.19e-18 1.688e-18 0.0 112.98 0.0
S289107 242.3061 88.7199 3.319e-16 2.602e-16 1.156e-16 0.0 113.5 1.0
S289108 242.3137 88.7158 2.0300000000000003e-20 3.2800000000000006e-20 6.47e-20 0.0 113.46 0.0
S289109 242.436 88.7208 4.917e-17 4.709e-17 3.227e-17 0.0 112.95 0.0
S289110 242.3168 88.7115 4.939e-23 1.221e-22 5.66e-22 0.0 113.41 0.0
S289111 242.3168 88.7132 2.23e-16 1.674e-16 6.683e-17 0.0 113.4 0.0
S289112 242.4362 88.7266 1.276e-16 1.235e-16 8.342e-17 0.0 112.95 0.0
S289113 242.4496 88.7243 1.085e-15 7.579e-16 2.753e-16 0.0 112.88 0.0
S289114 242.3108 88.7127 3.532e-17 3.055e-17 1.68e-17 0.0 113.4 0.0
S289115 242.3115 88.7053 1.011e-16 8.001e-17 3.659e-17 0.0 113.4 0.0
S289116 242.3255 88.7073 1.441e-17 1.324e-17 8.271e-18 0.0 113.38 0.0
S289117 242.3198 88.7064 5.186e-18 5.421e-18 4.214e-18 0.0 113.34 0.0
S289118 242.4391 88.7344 2.6e-25 1.1e-24 1.581e-23 0.0 113.03 0.0
S289119 242.31 88.7043 5.835e-25 2.508e-24 3.767e-23 0.0 113.34 0.0
S289120 242.3096 88.7073 6.467e-21 1.1740000000000001e-20 3.008e-20 0.0 113.39 0.0
S289121 242.3154 88.7059 1.303e-19 1.724e-19 2.249e-19 0.0 113.37 0.0
S289122 242.4366 88.7319 1.282e-16 1.433e-16 1.288e-16 0.0 112.96 0.0
S289123 242.3221 88.7042 4.034e-16 3.034e-16 1.269e-16 0.0 113.33 1.0
S289124 242.4436 88.7331 6.969000000000001e-20 1.043e-19 1.737e-19 0.0 113.02 0.0
S289125 242.4313 88.7374 3.037e-19 3.782e-19 4.132e-19 0.0 113.03 0.0
S289126 242.3254 88.6966 1.227e-16 1.264e-16 9.823e-17 0.0 113.22 0.0
S289127 242.4334 88.7332 2.67e-13 1.811e-13 5.96e-14 0.0 112.99 0.0
S289128 242.4338 88.7396 2.867e-16 2.262e-16 9.985e-17 0.0 113.07 1.0
S289129 242.4296 88.7435 2.429e-17 2.268e-17 1.374e-17 0.0 113.11 1.0
S289130 242.4361 88.7434 6.207e-17 1.034e-16 2.117e-16 0.0 113.06 0.0
S289131 242.3203 88.6966 1.552e-16 1.176e-16 4.995e-17 0.0 113.31 1.0
S289132 242.4265 88.7444 1.799e-18 1.789e-18 1.288e-18 0.0 113.11 0.0
S289133 242.323 88.6988 5.943e-17 5.595e-17 3.619e-17 0.0 113.22 0.0
S289134 242.317 88.6912 2.521e-16 1.838e-16 7.072e-17 0.0 113.3 0.0
S289135 242.3258 88.6819 6.154e-17 5.215e-17 2.798e-17 0.0 113.17 0.0
S289136 242.4228 88.7509 2.885e-16 2.186e-16 9.019e-17 0.0 113.15 1.0
S289137 242.4303 88.7474 1.195e-15 8.263e-16 2.9e-16 0.0 113.1 0.0
S289138 242.3152 88.6872 5.667e-16 4.291e-16 1.75e-16 0.0 113.28 1.0
S289139 242.4318 88.7589 8.284000000000001e-20 1.156e-19 1.606e-19 0.0 113.12 0.0
S289140 242.4172 88.7517 2.098e-21 1.486e-21 5.345e-22 0.0 113.18 0.0
S289141 242.318 88.6837 7.673e-17 5.953e-17 2.539e-17 0.0 113.21 0.0
S289142 242.3196 88.6881 1.3480000000000002e-20 2.2800000000000002e-20 4.6830000000000004e-20 0.0 113.22 0.0
S289143 242.4307 88.7517 2.466e-21 1.702e-21 5.870999999999999e-22 0.0 113.11 0.0
S289144 242.3161 88.6769 1.316e-19 1.735e-19 2.263e-19 0.0 113.29 0.0
S289145 242.4292 88.7543 4.778e-19 5.994e-19 6.761e-19 0.0 113.11 0.0
S289146 242.4251 88.76 2.0180000000000002e-21 1.392e-21 4.938999999999999e-22 0.0 113.17 0.0
S289147 242.3248 88.6787 5.731e-16 4.168e-16 1.548e-16 0.0 113.18 0.0
S289148 242.3253 88.6825 2.114e-15 1.477e-15 5.113e-16 0.0 113.22 0.0
S289149 242.4214 88.7651 8.350999999999999e-22 1.6330000000000001e-21 4.784e-21 0.0 113.21 0.0
S289150 242.3231 88.6737 1.2619999999999999e-23 3.909e-23 2.9749999999999997e-22 0.0 113.18 0.0
S289151 242.3333 88.6703 2.986e-17 4.772e-17 9.025e-17 0.0 113.09 0.0
S289152 242.4147 88.7688 8.249e-13 6.604e-13 3.018e-13 0.0 113.23 1.0
S289153 242.3253 88.6835 6.712e-19 7.78e-19 7.851e-19 0.0 113.18 0.0
S289154 242.4209 88.7752 1.141e-16 8.154e-17 2.878e-17 0.0 113.24 0.0
S289155 242.3241 88.6701 7.933e-16 5.78e-16 2.222e-16 0.0 113.12 0.0
S289156 242.4224 88.763 6e-13 4.806e-13 2.223e-13 0.0 113.19 1.0
S289157 242.335 88.6614 1.521e-16 1.223e-16 5.786e-17 0.0 113.09 0.0
S289158 242.4188 88.7701 6.585e-17 8.014e-17 8.524e-17 0.0 113.26 0.0
S289159 242.3327 88.6697 2.463e-18 1.899e-18 8.424e-19 0.0 113.16 0.0
S289160 242.4176 88.7625 3.238e-17 2.905e-17 1.727e-17 0.0 113.21 0.0
S289161 242.3361 88.6692 3.626e-17 3.247e-17 1.845e-17 0.0 113.05 0.0
S289162 242.3401 88.6643 5.893e-17 4.991e-17 2.523e-17 0.0 113.03 0.0
S289163 242.3377 88.6579 6.376e-13 4.471e-13 1.618e-13 0.0 113.01 0.0
S289164 242.3414 88.651 1.794e-16 5.825e-16 4.987e-15 0.0 113.02 0.0
S289165 242.3401 88.6668 1.677e-16 1.388e-16 7.068e-17 0.0 113.08 0.0
S289166 242.3418 88.6567 1.737e-16 4.962e-16 3.084e-15 0.0 113.0 0.0
S289167 242.4114 88.7913 2.588e-16 2.007e-16 8.774e-17 0.0 113.38 1.0
S289168 242.3408 88.6622 8.116e-20 1.187e-19 1.852e-19 0.001 113.09 0.0
S289169 242.3419 88.6607 2.025e-18 2.216e-18 1.855e-18 0.001 113.01 0.0
S289170 242.4041 88.7889 2.209e-17 2.034e-17 1.278e-17 0.0 113.39 0.0
S289171 242.4018 88.7906 2.894e-21 1.919e-21 6.238e-22 0.0 113.41 0.0
S289172 242.4045 88.7917 3.879e-16 2.841e-16 1.133e-16 0.0 113.39 0.0
S289173 242.3461 88.6519 1.949e-21 1.376e-21 4.845999999999999e-22 0.0 112.99 0.0
S289174 242.4002 88.7921 7.194e-19 8.899e-19 9.518e-19 0.0 113.37 0.0
S289175 242.3436 88.6567 3.046e-17 2.642e-17 1.414e-17 0.0 113.01 0.0
S289176 242.3477 88.6442 8.362999999999999e-22 1.914e-21 7.51e-21 0.0 112.97 0.0
S289177 242.4 88.7941 2.652e-19 3.559e-19 4.514e-19 0.0 113.44 0.0
S289178 242.353 88.6349 2.356e-16 1.799e-16 7.682e-17 0.0 112.88 1.0
S289179 242.3934 88.7946 8.423e-21 1.477e-20 3.41e-20 0.0 113.46 0.0
S289180 242.3964 88.7864 7.84e-17 6.4e-17 2.978e-17 0.0 113.43 0.0
S289181 242.3567 88.6516 6.023e-20 8.651000000000001e-20 1.374e-19 0.0 112.93 0.0
S289182 242.3541 88.6407 3.58e-16 2.825e-16 1.273e-16 0.0 112.91 1.0
S289183 242.3927 88.8015 6.223e-17 1.087e-16 2.517e-16 0.0 113.45 0.0
S289184 242.3596 88.6385 4.9439999999999995e-23 1.269e-22 6.333999999999999e-22 0.0 112.91 0.0
S289185 242.3566 88.6505 4.642e-18 4.97e-18 4.043e-18 0.0 112.94 0.0
S289186 242.3628 88.6368 3.428e-17 4.911e-17 7.481e-17 0.0 112.9 0.0
S289187 242.3834 88.8089 7.309e-17 5.975e-17 2.946e-17 0.0 113.53 0.0
S289188 242.3857 88.7932 4.693e-18 4.685e-18 3.289e-18 0.0 113.5 0.0
S289189 242.3644 88.6421 1.637e-16 1.255e-16 5.522e-17 0.0 112.87 1.0
S289190 242.3644 88.6205 7.522e-21 1.3450000000000001e-20 3.2600000000000005e-20 0.0 112.85 0.0
S289191 242.3804 88.8089 3.876e-19 4.794e-19 5.468e-19 0.0 113.48 0.0
S289192 242.3795 88.8147 3.048e-17 4.178e-17 5.778e-17 0.0 113.56 0.0
S289193 242.3745 88.6183 5.811e-17 4.635e-17 2.192e-17 0.0 112.8 0.0
S289194 242.3733 88.6219 8.265e-17 8.147e-17 5.737e-17 0.0 112.75 0.0
S289195 242.3736 88.6138 3.91e-19 4.711e-19 5.032e-19 0.0 112.78 0.0
S289196 242.3727 88.8067 4.201e-18 4.4e-18 3.411e-18 0.0 113.61 0.0
S289197 242.3767 88.627 1.522e-18 1.741e-18 1.68e-18 0.0 112.75 0.0
S289198 242.3803 88.6216 1.866e-24 7.174e-24 8.893999999999999e-23 0.0 112.72 0.0
S289199 242.3808 88.637 9.665e-24 2.902e-23 1.9499999999999998e-22 0.0 112.77 0.0
S289200 242.3826 88.6073 1.016e-21 2.263e-21 8.517e-21 0.0 112.74 0.0
S289201 242.3851 88.6326 3.572e-19 4.3e-19 4.685e-19 0.0 112.78 0.0
S289202 242.3605 88.8203 8.003e-18 8.537e-18 6.918e-18 0.0 113.67 0.0
S289203 242.3889 88.6154 1.444e-22 3.6099999999999995e-22 1.713e-21 0.0 112.72 0.0
S289204 242.3612 88.8043 9.34e-21 1.6020000000000003e-20 3.4470000000000004e-20 0.0 113.6 0.0
S289205 242.3911 88.6157 1.521e-21 1.095e-21 4.2259999999999995e-22 0.0 112.75 0.0
S289206 242.3596 88.7975 5.291e-17 4.381e-17 2.123e-17 0.0 113.61 0.0
S289207 242.3568 88.8116 1.398e-16 1.352e-16 9.274e-17 0.0 113.66 0.0
S289208 242.3972 88.626 6.764e-23 1.882e-22 1.085e-21 0.0 112.77 0.0
S289209 242.3495 88.8183 4.611e-21 8.622e-21 2.343e-20 0.0 113.64 0.0
S289210 242.396 88.6305 9.386e-20 1.377e-19 2.156e-19 0.0 112.77 0.0
S289211 242.3492 88.8163 6.232000000000001e-20 8.651000000000001e-20 1.2e-19 0.0 113.68 0.0
S289212 242.4028 88.6286 1.226e-16 1.006e-16 4.863e-17 0.0 112.69 0.0
S289213 242.3982 88.6298 3.917e-17 4.3e-17 3.692e-17 0.0 112.69 0.0
S289214 242.3437 88.8044 3.831e-17 3.095e-17 1.504e-17 0.0 113.67 0.0
S289215 242.337 88.8153 6.477e-17 5.224e-17 2.533e-17 0.0 113.69 0.0
S289216 242.408 88.615 1.091e-16 1.046e-16 7.025e-17 0.0 112.7 0.0
S289217 242.4095 88.6258 1.951e-23 5.7e-23 3.8509999999999997e-22 0.0 112.7 0.0
S289218 242.3307 88.819 9.359e-19 1.077e-18 1.05e-18 0.0 113.76 0.0
S289219 242.3358 88.8146 1.435e-21 2.9e-21 9.095e-21 0.0 113.71 0.0
S289220 242.4144 88.612 5.740999999999999e-22 1.207e-21 4.128e-21 0.0 112.61 0.0
S289221 242.3312 88.8219 2.512e-17 2.265e-17 1.305e-17 0.0 113.76 0.0
S289222 242.3295 88.8133 1.1999999999999998e-22 2.9429999999999996e-22 1.397e-21 0.0 113.72 0.0
S289223 242.415 88.6184 7.707e-22 1.634e-21 5.5100000000000004e-21 0.0 112.66 0.0
S289224 242.3258 88.8337 9.25e-17 9.858e-17 8.059e-17 0.0 113.73 1.0
S289225 242.4297 88.6059 7.923e-17 6.512e-17 3.11e-17 0.0 112.67 0.0
S289226 242.319 88.8287 1.605e-21 3.0050000000000002e-21 8.009e-21 0.0 113.72 0.0
S289227 242.3206 88.8184 6.099e-18 6.028e-18 4.21e-18 0.0 113.75 0.0
S289228 242.4306 88.6229 2.972e-16 2.289e-16 9.823e-17 0.0 112.6 1.0
S289229 242.4359 88.6154 3.932e-17 4.309e-17 3.843e-17 0.0 112.61 0.0
S289230 242.3134 88.8291 3.275e-16 2.525e-16 1.063e-16 0.0 113.73 1.0
S289231 242.3079 88.8341 2.103e-19 2.737e-19 3.492e-19 0.0 113.75 0.0
S289232 242.3033 88.836 1.344e-18 1.508e-18 1.396e-18 0.0 113.8 0.0
S289233 242.4479 88.6115 1.949e-17 1.785e-17 1.09e-17 0.0 112.59 0.0
S289234 242.3015 88.8189 6.304e-16 4.603e-16 1.765e-16 0.0 113.79 0.0
S289235 242.4403 88.6212 3.407e-17 3.002e-17 1.689e-17 0.0 112.58 0.0
S289236 242.3 88.8202 1.706e-16 1.771e-16 1.415e-16 0.0 113.81 0.0
S289237 242.4542 88.615 1.218e-17 1.609e-17 2.051e-17 0.0 112.57 0.0
S289238 242.3035 88.8155 1.898e-17 1.667e-17 9.405e-18 0.0 113.7 0.0
S289239 242.4496 88.6191 5.461e-17 4.528e-17 2.314e-17 0.0 112.55 0.0
S289240 242.3014 88.8126 2.325e-17 2.221e-17 1.414e-17 0.0 113.79 0.0
S289241 242.4578 88.6281 2.591e-16 2.069e-16 9.645e-17 0.0 112.62 0.0
S289242 242.2891 88.8257 3.221e-17 2.816e-17 1.513e-17 0.0 113.79 0.0
S289243 242.2849 88.8166 4.032e-17 4.201e-17 3.268e-17 0.0 113.79 0.0
S289244 242.4567 88.621 9.268e-19 1.047e-18 1.009e-18 0.0 112.54 0.0
S289245 242.4658 88.627 2.789e-16 2.051e-16 8.108e-17 0.0 112.58 0.0
S289246 242.2793 88.8108 1.653e-16 1.263e-16 5.32e-17 0.0 113.79 1.0
S289247 242.45 88.6329 1.005e-17 9.623e-18 6.286e-18 0.0 112.56 0.0
S289248 242.4615 88.6355 1.807e-17 1.653e-17 1.02e-17 0.0 112.61 0.0
S289249 242.4756 88.6245 2.721e-21 1.832e-21 6.239999999999999e-22 0.0 112.58 0.0
S289250 242.4729 88.6354 1.777e-19 2.432e-19 3.483e-19 0.0 112.57 0.0
S289251 242.2779 88.8079 1.205e-16 9.465e-17 4.073e-17 0.0 113.73 0.0
S289252 242.4747 88.6386 4.829e-19 6.111e-19 7.109e-19 0.001 112.64 0.0
S289253 242.4687 88.6325 6.518e-19 7.563e-19 7.275e-19 0.0 112.58 0.0
S289254 242.4738 88.6361 3.033e-17 2.691e-17 1.583e-17 0.0 112.64 0.0
S289255 242.4716 88.6387 1.9060000000000003e-20 2.886e-20 4.9780000000000006e-20 0.0 112.58 0.0
S289256 242.2772 88.8028 1.533e-16 1.238e-16 5.741e-17 0.0 113.79 0.0
S289257 242.2711 88.7869 1.261e-18 1.769e-18 2.604e-18 0.0 113.71 0.0
S289258 242.4674 88.6518 1.9529999999999997e-22 4.359999999999999e-22 1.658e-21 0.0 112.62 0.0
S289259 242.2758 88.7874 1.98e-17 1.881e-17 1.216e-17 0.0 113.73 0.0
S289260 242.4823 88.6553 9.626e-17 7.806e-17 3.73e-17 0.0 112.66 0.0
S289261 242.2777 88.7812 2.617e-21 1.803e-21 6.001e-22 0.0 113.74 0.0
S289262 242.2751 88.7763 7.087e-18 7.001e-18 4.911e-18 0.0 113.71 0.0
S289263 242.28 88.7694 1.757e-21 3.494e-21 1.0330000000000001e-20 0.0 113.71 0.0
S289264 242.2717 88.7746 2.205e-16 1.71e-16 7.529e-17 0.0 113.69 1.0
S289265 242.2824 88.7649 6.573e-16 5.001e-16 2.04e-16 0.0 113.71 0.0
S289266 242.2577 88.7751 6.582e-20 9.729000000000001e-20 1.595e-19 0.0 113.67 0.0
S289267 242.4811 88.6698 7.612e-19 9.493e-19 1.059e-18 0.0 112.73 0.0
S289268 242.2495 88.772 3.531e-18 5.019e-18 7.466e-18 0.0 113.66 0.0
S289269 242.2785 88.7594 2.756e-21 1.865e-21 6.194e-22 0.0 113.64 0.0
S289270 242.4941 88.6761 6.649e-17 5.527e-17 2.783e-17 0.0 112.7 0.0
S289271 242.2621 88.757 9.264e-17 1.94e-16 6.237e-16 0.0 113.65 0.0
S289272 242.2659 88.7551 1.728e-16 1.46e-16 7.675e-17 0.0 113.63 0.0
S289273 242.2719 88.7487 4.605e-17 3.755e-17 1.854e-17 0.0 113.58 0.0
S289274 242.5027 88.685 4.101e-17 3.386e-17 1.689e-17 0.0 112.78 0.0
S289275 242.2506 88.7501 3.961e-17 3.448e-17 1.839e-17 0.0 113.61 0.0
S289276 242.4876 88.6943 6.705e-18 6.555e-18 4.438e-18 0.0 112.78 0.0
S289277 242.2782 88.7377 2.465e-16 1.887e-16 7.916e-17 0.0 113.49 1.0
S289278 242.4745 88.7068 1.795e-17 2.103e-17 2.156e-17 0.0 112.86 0.0
S289279 242.2593 88.7353 6.196e-17 9.435e-17 1.649e-16 0.0 113.57 0.0
S289280 242.4838 88.7122 1.395e-22 3.452e-22 1.6660000000000001e-21 0.0 112.82 0.0
S289281 242.4782 88.7111 2.446e-16 1.848e-16 7.665e-17 0.0 112.88 1.0
S289282 242.267 88.7205 7.069e-24 2.293e-23 1.9619999999999998e-22 0.0 113.51 0.0
S289283 242.2885 88.7095 1.395e-18 1.491e-18 1.2e-18 0.0 113.43 0.0
S289284 242.4769 88.7256 3.205e-18 3.427e-18 2.863e-18 0.0 112.94 0.0
S289285 242.4916 88.7214 1.385e-17 1.227e-17 7.18e-18 0.0 112.88 0.0
S289286 242.2689 88.7125 1.778e-19 2.347e-19 2.926e-19 0.0 113.46 0.0
S289287 242.2712 88.6958 1.6909999999999998e-24 6.505e-24 8.188999999999999e-23 0.0 113.35 0.0
S289288 242.2735 88.701 2.435e-18 2.648e-18 2.232e-18 0.0 113.4 0.0
S289289 242.2791 88.6969 1.939e-21 3.63e-21 9.891000000000001e-21 0.0 113.35 0.0
S289290 242.269 88.6903 1.044e-16 8.35e-17 3.729e-17 0.0 113.35 0.0
S289291 242.4541 88.7611 1.635e-17 1.55e-17 9.847e-18 0.0 113.06 0.0
S289292 242.2722 88.6824 1.215e-21 2.5470000000000002e-21 8.425e-21 0.0 113.33 0.0
S289293 242.4843 88.7594 2.665e-15 1.864e-15 6.433e-16 0.0 113.0 0.0
S289294 242.4649 88.7578 2.331e-15 1.608e-15 5.687e-16 0.0 113.07 0.0
S289295 242.4573 88.7672 1.432e-17 1.284e-17 7.608e-18 0.0 113.12 0.0
S289296 242.4586 88.7656 1.692e-16 1.741e-16 1.332e-16 0.0 113.13 0.0
S289297 242.442 88.7866 1.497e-18 1.678e-18 1.484e-18 0.0 113.22 0.0
S289298 242.2895 88.6661 1.825e-15 1.24e-15 4.252e-16 0.0 113.25 0.0
S289299 242.4578 88.7733 3.063e-16 2.699e-16 1.531e-16 0.0 113.17 0.0
S289300 242.45 88.8023 6.242e-17 8.093e-17 9.699e-17 0.0 113.25 0.0
S289301 242.4579 88.787 5.86e-18 5.676e-18 3.994e-18 0.0 113.19 0.0
S289302 242.3058 88.6532 1.041e-21 2.279e-21 8.193e-21 0.0 113.18 0.0
S289303 242.4475 88.7977 1.214e-18 1.336e-18 1.203e-18 0.0 113.23 0.0
S289304 242.4392 88.8023 5.308999999999999e-22 1.109e-21 3.585e-21 0.0 113.33 0.0
S289305 242.4423 88.7872 6.12e-18 6.169e-18 4.327e-18 0.0 113.24 0.0
S289306 242.4338 88.803 5.226e-24 1.68e-23 1.3419999999999998e-22 0.0 113.31 0.0
S289307 242.3171 88.6186 2.195e-13 1.412e-13 4.362e-14 0.0 113.02 0.0
S289308 242.3205 88.6426 6.442e-16 4.798e-16 1.88e-16 0.0 113.05 0.0
S289309 242.4171 88.8015 1.199e-15 2.89e-15 1.235e-14 0.0 113.37 0.0
S289310 242.4236 88.8137 5.12e-17 4.45e-17 2.358e-17 0.0 113.36 0.0
S289311 242.4145 88.8283 3.672e-18 3.575e-18 2.395e-18 0.0 113.48 0.0
S289312 242.3403 88.6188 2.017e-17 3.083e-17 5.508e-17 0.0 112.91 0.0
S289313 242.3417 88.5995 2.838e-17 2.553e-17 1.513e-17 0.0 112.92 0.0
S289314 242.406 88.8427 5.2339999999999997e-23 1.484e-22 9.312999999999999e-22 0.0 113.54 0.0
S289315 242.3474 88.6174 4.498e-15 3.081e-15 1.072e-15 0.0 112.97 0.0
S289316 242.3974 88.8411 3.39e-19 4.2e-19 4.655e-19 0.0 113.46 0.0
S289317 242.3904 88.8302 1.76e-19 2.292e-19 2.858e-19 0.0 113.52 0.0
S289318 242.3789 88.8636 9.263e-17 7.307e-17 3.347e-17 0.0 113.53 0.0
S289319 242.382 88.8443 5.588e-21 1.0600000000000001e-20 2.8040000000000005e-20 0.0 113.55 0.0
S289320 242.3717 88.5832 3.019e-19 3.742e-19 4.199e-19 0.0 112.79 0.0
S289321 242.3762 88.5942 6.913e-17 5.659e-17 2.703e-17 0.0 112.79 0.0
S289322 242.3668 88.856 4.444e-13 4.785e-13 4.041e-13 0.0 113.58 1.0
S289323 242.3608 88.8575 2.179e-16 1.731e-16 7.923e-17 0.0 113.63 0.0
S289324 242.3912 88.5814 8.581e-17 6.849e-17 3.178e-17 0.0 112.75 0.0
S289325 242.3979 88.5804 1.023e-17 9.765e-18 6.225e-18 0.0 112.71 0.0
S289326 242.4014 88.5744 1.436e-17 1.836e-17 2.18e-17 0.0 112.74 0.0
S289327 242.3386 88.8749 1.0229999999999999e-22 2.2089999999999997e-22 8.028999999999999e-22 0.0 113.6 0.0
S289328 242.3362 88.8783 3.961e-17 3.864e-17 2.756e-17 0.0 113.65 0.0
S289329 242.3366 88.8552 5.219e-19 5.996e-19 6.019e-19 0.0 113.67 0.0
