Name Equatorial Polar BlueF GreenF RedF Parallax RadialVelocity Variable?
S289330 243.284 87.2312 3.487e-25 1.496e-24 2.262e-23 0.0 113.63 0.0
S289331 243.2239 87.2581 2.55e-21 5.161e-21 1.6510000000000002e-20 0.0 114.28 0.0
S289332 243.2779 87.2783 5.190999999999999e-22 1.05e-21 3.2e-21 0.0 113.81 0.0
S289333 243.2963 87.297 4.989e-23 1.2569999999999999e-22 6.1139999999999995e-22 0.0 113.87 0.0
S289334 243.2508 87.2743 9.391000000000001e-21 1.6020000000000003e-20 3.4410000000000004e-20 0.0 114.06 0.0
S289335 243.3443 87.2602 2.229e-23 6.206999999999999e-23 3.659e-22 0.0 113.56 0.0
S289336 243.2667 87.2782 2.146e-19 2.691e-19 3.165e-19 0.0 113.84 0.0
S289337 243.1989 87.2949 1.3009999999999999e-23 3.549e-23 2.1279999999999997e-22 0.0 114.49 0.0
S289338 243.2799 87.2307 5.713000000000001e-20 8.453e-20 1.362e-19 0.0 113.67 0.0
S289339 243.2908 87.2441 4.91e-13 3.434e-13 1.219e-13 0.0 113.61 0.0
S289340 243.252 87.2646 1.329e-19 1.773e-19 2.36e-19 0.0 113.85 0.0
S289341 243.2556 87.2548 4.144e-21 8.059e-21 2.2690000000000002e-20 0.0 113.83 0.0
S289342 243.2442 87.233 4.584e-22 1.001e-21 3.538e-21 0.001 113.96 0.0
S289343 243.2408 87.27 1.299e-23 3.695e-23 2.266e-22 0.0 114.45 0.0
S289344 243.2351 87.2706 9.494e-25 3.846e-24 5.0749999999999997e-23 0.0 114.44 0.0
S289345 243.2457 87.2691 2.644e-19 3.466e-19 4.319e-19 0.0 114.45 0.0
S289346 243.2514 87.2665 4.5389999999999995e-22 1.031e-21 4.018e-21 0.0 113.69 0.0
S289347 243.2629 87.2735 5.336e-21 9.282e-21 2.1680000000000003e-20 0.0 113.82 0.0
S289348 243.2445 87.2694 3.2649999999999998e-22 7.702999999999999e-22 3.2780000000000002e-21 0.0 114.51 0.0
S289349 243.2713 87.2772 1.14e-18 1.239e-18 1.07e-18 0.0 113.83 0.0
S289350 243.2561 87.1966 1.485e-17 2.126e-17 3.187e-17 0.0 113.93 0.0
S289351 243.2637 87.2505 1.6319999999999998e-22 3.8329999999999995e-22 1.67e-21 0.0 113.73 0.0
S289352 243.2388 87.3051 3.525e-19 4.36e-19 4.955e-19 0.0 114.26 0.0
S289353 243.2545 87.2598 3.177e-19 3.81e-19 4.062e-19 0.0 113.69 0.0
S289354 243.2449 87.2634 5.393e-19 6.636e-19 7.096e-19 0.0 114.26 0.0
S289355 243.2231 87.3034 5.651e-21 1.035e-20 2.4960000000000003e-20 0.0 114.39 0.0
S289356 243.343 87.2197 1.432e-21 3.037e-21 1.028e-20 0.0 113.51 0.0
S289357 243.2329 87.2377 9.057e-23 2.0249999999999998e-22 7.619999999999999e-22 0.0 114.05 0.0
S289358 243.2741 87.2542 8.842e-19 1.044e-18 1.093e-18 0.0 113.59 0.0
S289359 243.0881 87.3024 2.957e-17 2.663e-17 1.605e-17 0.0 114.55 0.0
S289360 243.208 87.2598 2.1099999999999998e-22 5.314e-22 2.656e-21 0.0 114.4 0.0
S289361 243.2575 87.2783 8.165e-23 1.9679999999999997e-22 8.941e-22 0.0 113.97 0.0
S289362 243.2539 87.2657 1.006e-20 1.6920000000000003e-20 3.5850000000000004e-20 0.0 113.65 0.0
S289363 243.2627 87.2876 2.139e-18 2.132e-18 1.592e-18 0.0 113.95 0.0
S289364 243.2489 87.2681 1.752e-20 2.9010000000000005e-20 5.966e-20 0.0 113.84 0.0
S289365 243.2274 87.2607 6.586e-23 1.7139999999999999e-22 8.803999999999999e-22 0.0 114.36 0.0
S289366 243.2117 87.2952 4.925e-19 5.982e-19 6.529e-19 0.0 114.47 0.0
S289367 243.2096 87.2574 1.3589999999999998e-23 3.958e-23 2.679e-22 0.0 114.34 0.0
S289368 243.2522 87.2606 5.719999999999999e-22 1.287e-21 5.0940000000000004e-21 0.0 113.65 0.0
S289369 243.2867 87.2856 4.0989999999999995e-23 1.0459999999999999e-22 5.362e-22 0.0 113.83 0.0
S289370 243.249 87.2702 4.137e-25 1.787e-24 2.652e-23 0.0 113.98 0.0
S289371 243.2443 87.2627 4.356e-19 5.319e-19 5.674e-19 0.0 114.44 0.0
S289372 243.2654 87.2747 8.211999999999999e-23 2.257e-22 1.319e-21 0.0 113.8 0.0
S289373 243.2673 87.2396 7.394e-23 2.0659999999999998e-22 1.277e-21 0.0 113.73 0.0
S289374 243.1424 87.324 3.5610000000000004e-21 6.375e-21 1.519e-20 0.0 114.57 0.0
S289375 243.1729 87.358 8.455999999999999e-22 1.901e-21 7.436e-21 0.0 114.42 0.0
S289376 243.2501 87.2752 3.625e-21 6.564e-21 1.5790000000000002e-20 0.0 114.02 0.0
S289377 243.3152 87.2729 4.841e-17 7.622e-17 1.391e-16 0.0 113.71 0.0
S289378 243.2481 87.273 6.393e-18 6.106e-18 4.196e-18 0.0 114.14 0.0
S289379 243.2379 87.2683 1.5939999999999998e-22 3.9819999999999995e-22 1.9230000000000002e-21 0.0 114.42 0.0
S289380 243.2327 87.261 1.963e-24 7.447e-24 8.757e-23 0.0 114.25 0.0
S289381 243.251 87.2692 1.526e-18 1.651e-18 1.355e-18 0.0 113.96 0.0
S289382 243.3808 87.2389 3.938e-21 7.234e-21 1.8340000000000002e-20 0.0 113.55 0.0
S289383 243.2556 87.2779 2.3420000000000002e-20 3.6180000000000006e-20 6.356000000000001e-20 0.0 113.98 0.0
S289384 243.245 87.2677 5.789e-20 8.786000000000001e-20 1.499e-19 0.0 114.21 0.0
S289385 243.2229 87.2834 2.073e-23 5.727e-23 3.4199999999999997e-22 0.0 114.48 0.0
S289386 243.2722 87.2668 3.171e-22 6.167999999999999e-22 1.758e-21 0.0 113.64 0.0
S289387 243.1696 87.2893 1.196e-19 1.585e-19 2.014e-19 0.0 114.56 0.0
S289388 243.2924 87.2381 4.209e-22 1.038e-21 4.805e-21 0.0 113.54 0.0
S289389 243.1576 87.3064 5.544e-18 5.389e-18 3.774e-18 0.0 114.58 0.0
S289390 243.2577 87.267 6.156e-19 7.179e-19 7.141e-19 0.0 113.8 0.0
S289391 243.1723 87.2681 5.428e-19 6.644e-19 7.595e-19 0.0 114.46 0.0
S289392 243.2478 87.2601 4.579e-17 7.806e-17 1.678e-16 0.0 113.97 0.0
S289393 243.2853 87.2408 9.595e-23 2.428e-22 1.196e-21 0.0 113.55 0.0
S289394 243.2246 87.2887 2.523e-24 9.289e-24 1.0549999999999999e-22 0.0 114.44 0.0
S289395 243.2561 87.2731 5.735999999999999e-23 1.633e-22 1.022e-21 0.0 113.9 0.0
S289396 243.2786 87.2524 5.43e-17 4.295e-17 1.936e-17 0.0 113.59 0.0
S289397 243.2466 87.2655 1.1530000000000001e-20 1.8830000000000002e-20 3.864e-20 0.0 114.52 0.0
S289398 243.2466 87.2849 5.417e-19 6.409e-19 6.671e-19 0.0 114.19 0.0
S289399 243.2499 87.267 1.967e-18 5.995e-18 4.262e-17 0.0 113.7 0.0
S289400 243.2566 87.2679 7.893999999999999e-22 1.594e-21 4.8680000000000004e-21 0.0 113.64 0.0
S289401 243.3149 87.271 1.452e-18 1.665e-18 1.588e-18 0.0 113.64 0.0
S289402 243.2103 87.2649 1.1e-17 1.039e-17 6.534e-18 0.0 114.42 0.0
S289403 243.3265 87.3066 3.722e-25 1.603e-24 2.473e-23 0.0 113.8 0.0
S289404 243.2557 87.2639 1.635e-19 2.175e-19 2.748e-19 0.0 113.71 0.0
S289405 243.2531 87.2628 3.762e-20 5.49e-20 8.9e-20 0.0 113.77 0.0
S289406 243.2983 87.2831 5.561e-19 7.02e-19 8.289e-19 0.0 113.69 0.0
S289407 243.2464 87.2415 3.311e-23 9.046e-23 5.306999999999999e-22 0.0 113.91 0.0
S289408 243.2281 87.3214 1.779e-21 3.426e-21 9.757e-21 0.0 114.28 0.0
S289409 243.2565 87.2676 2.735e-18 2.671e-18 1.853e-18 0.0 113.69 0.0
S289410 243.1803 87.34 9.801e-22 2.195e-21 8.336e-21 0.0 114.44 0.0
S289411 243.2201 87.2726 1.129e-19 1.538e-19 2.113e-19 0.0 114.47 0.0
S289412 243.2525 87.2988 2.291e-21 4.151e-21 1.0240000000000001e-20 0.0 114.13 0.0
S289413 243.2142 87.2576 4.714e-17 4.745e-17 3.555e-17 0.001 114.3 0.0
S289414 243.2405 87.2731 4.059e-18 4.134e-18 3.154e-18 0.0 114.33 0.0
S289415 243.2406 87.2405 5.142999999999999e-22 1.071e-21 3.514e-21 0.0 114.0 0.0
S289416 243.1885 87.2592 2.381e-21 1.61e-21 5.586e-22 0.0 114.4 0.0
S289417 243.2476 87.236 1.2859999999999998e-22 3.074e-22 1.368e-21 0.0 113.95 0.0
S289418 243.3016 87.2311 3.6649999999999997e-22 7.964999999999999e-22 2.9e-21 0.0 113.54 0.0
S289419 243.2406 87.2338 1.511e-20 2.5200000000000003e-20 5.038e-20 0.0 113.98 0.0
S289420 243.2353 87.2781 1.13e-19 1.611e-19 2.435e-19 0.0 114.4 0.0
S289421 243.3153 87.2519 5.121e-21 8.792e-21 1.9710000000000003e-20 0.0 113.55 0.0
S289422 243.2366 87.2311 2.085e-21 4.219e-21 1.2760000000000001e-20 0.0 114.01 0.0
S289423 243.2935 87.2176 7.199e-22 1.572e-21 5.8080000000000005e-21 0.0 113.66 0.0
S289424 243.2487 87.2662 3.3359999999999995e-22 7.677e-22 3.1060000000000002e-21 0.0 113.58 0.0
S289425 243.2105 87.2957 1.294e-21 2.621e-21 8.095e-21 0.0 114.44 0.0
S289426 243.2396 87.273 6.276e-19 7.362e-19 7.275e-19 0.0 114.4 0.0
S289427 243.2116 87.2556 1.508e-19 2.018e-19 2.54e-19 0.0 114.33 0.0
S289428 243.3004 87.245 7.381e-22 1.6630000000000001e-21 6.423e-21 0.0 113.54 0.0
S289429 243.2414 87.2654 1.204e-21 2.2320000000000002e-21 5.7950000000000004e-21 0.0 114.28 0.0
S289430 243.2476 87.2902 3.002e-20 4.665e-20 7.995e-20 0.0 114.17 0.0
S289431 243.2575 87.2658 1.9629999999999999e-22 4.728999999999999e-22 2.136e-21 0.0 113.75 0.0
S289432 243.262 87.2809 1.719e-21 3.365e-21 9.64e-21 0.0 113.93 0.0
S289433 243.2512 87.2707 4.091e-21 7.942e-21 2.2620000000000002e-20 0.0 113.88 0.0
S289434 243.2931 87.2171 1.9019999999999998e-22 4.608999999999999e-22 2.084e-21 0.0 113.68 0.0
S289435 243.2643 87.2732 2.884e-21 5.822e-21 1.78e-20 0.0 113.84 0.0
S289436 243.247 87.2512 1.492e-22 3.7729999999999995e-22 1.92e-21 0.0 113.95 0.0
S289437 243.2455 87.2706 6.007999999999999e-22 1.165e-21 3.434e-21 0.0 114.46 0.0
S289438 243.342 87.3376 2.652e-22 6.436999999999999e-22 2.8920000000000002e-21 0.0 113.81 0.0
S289439 243.2104 87.2525 8.567999999999999e-24 2.6279999999999998e-23 1.8959999999999999e-22 0.0 114.31 0.0
S289440 243.247 87.2657 7.766e-23 2.303e-22 1.6300000000000001e-21 0.0 114.06 0.0
S289441 243.2594 87.2588 3.715e-16 3.413e-16 2.011e-16 0.0 113.72 0.0
S289442 243.3031 87.1629 1.033e-17 9.96e-18 6.592e-18 0.0 113.78 0.0
S289443 243.2412 87.2951 1.4419999999999998e-22 3.4799999999999997e-22 1.561e-21 0.0 114.21 0.0
S289444 243.2369 87.2797 4.024e-19 4.988e-19 5.424e-19 0.0 114.44 0.0
S289445 243.2399 87.251 3.231e-23 8.511e-23 4.454e-22 0.0 114.07 0.0
S289446 243.3011 87.2185 1.047e-24 3.926e-24 4.5189999999999997e-23 0.0 113.64 0.0
S289447 243.2394 87.275 1.972e-23 5.639e-23 3.6099999999999995e-22 0.0 114.35 0.0
S289448 243.2834 87.2463 6.334e-18 1.01e-17 1.898e-17 0.0 113.58 0.0
S289449 243.2668 87.2419 4.351e-17 4.297e-17 3.022e-17 0.0 113.66 0.0
S289450 243.1152 87.2683 1.665e-18 1.799e-18 1.494e-18 0.0 114.45 0.0
S289451 243.2367 87.2637 4.844e-22 1.105e-21 4.57e-21 0.0 114.27 0.0
S289452 243.2961 87.3408 6.405999999999999e-22 1.493e-21 6.13e-21 0.0 114.01 0.0
S289453 243.2311 87.3197 2.695e-16 2.025e-16 8.316e-17 0.0 114.25 1.0
S289454 243.2545 87.2874 2.762e-21 5.098e-21 1.2930000000000001e-20 0.0 114.07 0.0
S289455 243.191 87.2554 2.685e-25 1.164e-24 1.851e-23 0.0 114.34 0.0
S289456 243.2822 87.2633 4.963e-22 1.146e-21 4.902e-21 0.0 113.63 0.0
S289457 243.2604 87.2641 5.704999999999999e-22 1.224e-21 4.141e-21 0.0 113.64 0.0
S289458 243.2894 87.287 1.55e-19 2.084e-19 2.8e-19 0.0 113.78 0.0
S289459 243.2626 87.2488 2.553e-20 4.0730000000000006e-20 7.45e-20 0.0 113.64 0.0
S289460 243.2416 87.264 6.267e-23 1.5719999999999998e-22 7.767999999999999e-22 0.0 114.41 0.0
S289461 243.2258 87.2635 1.282e-19 1.852e-19 2.799e-19 0.0 114.38 0.0
S289462 243.2429 87.2558 1.7139999999999999e-22 4.603e-22 2.645e-21 0.0 114.06 0.0
S289463 243.2438 87.2634 7.759e-23 2.233e-22 1.473e-21 0.0 114.18 0.0
S289464 243.2465 87.2658 1.949e-21 1.35e-21 4.770999999999999e-22 0.0 114.41 0.0
S289465 243.2524 87.2604 8.586e-27 5.995e-26 2.394e-24 0.0 113.75 0.0
S289466 243.2527 87.2501 2.3450000000000002e-20 3.822e-20 7.696000000000001e-20 0.0 113.82 0.0
S289467 243.2458 87.1914 7.230000000000001e-25 2.931e-24 4.016e-23 0.0 113.9 0.0
S289468 243.2494 87.2542 1.497e-24 5.934e-24 7.341e-23 0.0 113.91 0.0
S289469 243.2588 87.2545 1.734e-23 4.9339999999999995e-23 3.0639999999999997e-22 0.0 113.75 0.0
S289470 243.2457 87.2651 8.948e-14 6.089e-14 1.954e-14 0.0 114.41 0.0
S289471 243.2012 87.2788 2.5959999999999997e-22 5.971e-22 2.435e-21 0.0 114.52 0.0
S289472 243.2447 87.2687 3.936e-18 4.039e-18 3.113e-18 0.0 114.54 0.0
S289473 243.2786 87.2493 2.2089999999999997e-22 5.298e-22 2.419e-21 0.0 113.58 0.0
S289474 243.2484 87.2692 2.814e-22 6.5599999999999995e-22 2.722e-21 0.0 114.09 0.0
S289475 243.2487 87.2735 1.3260000000000001e-20 2.164e-20 4.1720000000000004e-20 0.0 114.14 0.0
S289476 243.2558 87.2621 7.432e-24 2.335e-23 1.8719999999999998e-22 0.0 113.76 0.0
S289477 243.1955 87.2646 7.485e-23 1.834e-22 8.644e-22 0.001 114.45 0.0
S289478 243.25 87.273 1.811e-19 2.289e-19 2.625e-19 0.0 114.06 0.0
S289479 243.2509 87.2654 4.477e-24 1.412e-23 1.159e-22 0.0 113.85 0.0
S289480 243.3516 87.2268 3.495e-18 4.994e-18 7.403e-18 0.0 113.55 0.0
S289481 243.2569 87.2532 1.862e-29 2.457e-28 3.869e-26 0.0 113.78 0.0
S289482 243.2521 87.2693 2.013e-18 2.138e-18 1.769e-18 0.0 113.85 0.0
S289483 243.2244 87.2418 2.749e-13 1.831e-13 6.042e-14 0.0 114.13 0.0
S289484 243.2653 87.2735 8.719e-23 2.228e-22 1.147e-21 0.0 113.8 0.0
S289485 243.2612 87.2658 1.5609999999999998e-22 3.371e-22 1.202e-21 0.0 113.7 0.0
S289486 243.2518 87.252 2.177e-22 4.896e-22 1.951e-21 0.0 113.88 0.0
S289487 243.3061 87.2194 1.563e-18 1.757e-18 1.67e-18 0.0 113.61 0.0
S289488 243.2352 87.2623 8.857e-24 2.585e-23 1.76e-22 0.0 114.3 0.0
S289489 243.2096 87.2733 1.2829999999999999e-22 3.2249999999999996e-22 1.5470000000000001e-21 0.0 114.5 0.0
S289490 243.2171 87.2753 2.9299999999999997e-22 6.922999999999999e-22 2.906e-21 0.0 114.52 0.0
S289491 243.2873 87.2422 2.169e-21 1.501e-21 5.217999999999999e-22 0.0 113.6 0.0
S289492 243.1875 87.3151 8.915e-22 1.842e-21 6.078e-21 0.0 114.51 0.0
S289493 243.2506 87.269 3.1129999999999995e-22 7.351999999999999e-22 3.077e-21 0.0 113.92 0.0
S289494 243.2413 87.2289 1.244e-23 3.5209999999999996e-23 2.227e-22 0.0 113.99 0.0
S289495 243.2958 87.3039 3.2679999999999995e-22 8.051999999999999e-22 3.717e-21 0.0 113.88 0.0
S289496 243.2782 87.2514 9.740000000000001e-20 1.312e-19 1.76e-19 0.0 113.56 0.0
S289497 243.2407 87.2882 8.368e-25 3.414e-24 4.5509999999999996e-23 0.0 114.29 0.0
S289498 243.2356 87.2728 1.661e-18 1.896e-18 1.79e-18 0.0 114.43 0.0
S289499 243.2554 87.2696 7.375e-19 8.352e-19 7.88e-19 0.0 113.76 0.0
S289500 243.2579 87.2595 1.6899999999999998e-22 4.0269999999999996e-22 1.782e-21 0.0 113.69 0.0
S289501 243.2414 87.267 3.443e-17 2.907e-17 1.532e-17 0.0 114.47 0.0
S289502 243.2518 87.265 5.814e-24 1.914e-23 1.6079999999999997e-22 0.0 113.59 0.0
S289503 243.2823 87.2768 5.968e-18 5.92e-18 4.417e-18 0.0 113.7 0.0
S289504 243.2602 87.2492 5.161e-17 5.529e-17 4.645e-17 0.0 113.78 0.0
S289505 243.2488 87.2716 5.426e-17 7.43e-17 1.01e-16 0.0 114.15 0.0
S289506 243.1479 87.2854 1.078e-19 1.456e-19 1.985e-19 0.0 114.52 0.0
S289507 243.2803 87.2391 2.82e-18 2.894e-18 2.321e-18 0.0 113.61 0.0
S289508 243.2581 87.2613 1.041e-19 1.454e-19 1.999e-19 0.0 113.64 0.0
S289509 243.2708 87.2511 3.903e-23 1.0309999999999999e-22 5.619999999999999e-22 0.0 113.61 0.0
S289510 243.2227 87.2516 7.446e-18 7.243e-18 5.035e-18 0.0 114.17 0.0
S289511 243.2393 87.2768 4.315e-18 4.425e-18 3.378e-18 0.0 114.41 0.0
S289512 243.2703 87.2647 1.5949999999999999e-22 4.281999999999999e-22 2.3570000000000002e-21 0.0 113.64 0.0
S289513 243.2764 87.2517 2.677e-18 2.839e-18 2.218e-18 0.0 113.57 0.0
S289514 243.2462 87.2707 2.207e-18 2.343e-18 1.915e-18 0.0 114.44 0.0
S289515 243.2524 87.2995 2.1859999999999996e-22 5.502999999999999e-22 2.64e-21 0.0 114.08 0.0
S289516 243.2507 87.2676 3.293e-23 8.993e-23 5.323999999999999e-22 0.0 113.91 0.0
S289517 243.302 87.2359 1.009e-23 3.415e-23 3.1009999999999997e-22 0.0 113.55 0.0
S289518 243.3086 87.2474 1.233e-22 3.4939999999999997e-22 2.292e-21 0.001 113.59 0.0
S289519 243.2548 87.2681 3.013e-18 3.043e-18 2.214e-18 0.0 113.66 0.0
S289520 243.278 87.2716 9.359e-22 2.051e-21 7.42e-21 0.0 113.69 0.0
S289521 243.1771 87.3488 1.497e-17 1.339e-17 7.771e-18 0.0 114.4 0.0
S289522 243.3008 87.2216 2.797e-19 3.567e-19 4.143e-19 0.0 113.61 0.0
S289523 243.2857 87.1876 3.6639999999999996e-23 9.9e-23 5.619999999999999e-22 0.0 113.75 0.0
S289524 243.164 87.2762 5.35e-19 6.114e-19 5.655e-19 0.0 114.47 0.0
S289525 243.2388 87.2713 2.2130000000000003e-20 3.642e-20 7.356e-20 0.0 114.42 0.0
S289526 243.2984 87.3594 5.97e-21 1.0720000000000001e-20 2.557e-20 0.0 114.02 0.0
S289527 243.2486 87.2592 3.292e-23 9.361999999999999e-23 6.207e-22 0.0 113.92 0.0
S289528 243.2598 87.2734 5.5879999999999996e-24 1.8629999999999998e-23 1.645e-22 0.0 113.73 0.0
S289529 243.3027 87.2433 8.487e-22 1.7210000000000002e-21 5.371e-21 0.0 113.53 0.0
S289530 243.2717 87.266 1.578e-21 3.154e-21 9.355e-21 0.0 113.67 0.0
S289531 243.254 87.2687 3.025e-23 8.315e-23 4.978999999999999e-22 0.0 113.83 0.0
S289532 243.2238 87.2728 1.48e-21 3.014e-21 9.417e-21 0.0 114.48 0.0
S289533 243.2428 87.2612 3.032e-18 3.081e-18 2.359e-18 0.0 114.14 0.0
S289534 243.223 87.3 8.825e-17 1.834e-16 6.092e-16 0.0 114.36 0.0
S289535 243.2861 87.2419 1.38e-22 3.519e-22 1.773e-21 0.0 113.58 0.0
S289536 243.237 87.2579 5.992e-23 1.548e-22 7.848999999999999e-22 0.0 114.15 0.0
S289537 243.2475 87.327 5.331e-22 1.155e-21 4.075e-21 0.0 114.2 0.0
S289538 243.2488 87.2677 3.569e-18 3.601e-18 2.676e-18 0.0 113.9 0.0
S289539 243.248 87.2727 1.2489999999999999e-23 3.9239999999999996e-23 3.0409999999999997e-22 0.0 114.23 0.0
S289540 243.2677 87.2977 2.0609999999999997e-22 4.959e-22 2.245e-21 0.0 114.01 0.0
S289541 243.2388 87.295 7.863e-21 1.3230000000000001e-20 2.8410000000000003e-20 0.0 114.29 0.0
S289542 243.2488 87.2692 1.2950000000000001e-20 2.1920000000000003e-20 4.7380000000000004e-20 0.0 114.02 0.0
S289543 243.0506 87.3504 1.469e-21 3.108e-21 1.0340000000000001e-20 0.0 114.55 0.0
S289544 243.2572 87.2591 5.036e-18 5.027e-18 3.571e-18 0.0 113.71 0.0
S289545 243.2283 87.2682 1.157e-21 2.545e-21 9.293e-21 0.0 114.38 0.0
S289546 243.2473 87.2681 2.521e-21 4.8920000000000004e-21 1.4060000000000002e-20 0.0 114.24 0.0
S289547 243.2685 87.2877 8.959e-18 8.857e-18 5.989e-18 0.0 113.93 0.0
S289548 243.2525 87.2494 4.651e-21 7.967e-21 1.797e-20 0.0 113.9 0.0
S289549 243.244 87.2278 1.436e-19 1.925e-19 2.502e-19 0.0 113.94 0.0
S289550 243.2389 87.2765 8.141999999999999e-22 1.6390000000000001e-21 4.983e-21 0.0 114.37 0.0
S289551 243.2514 87.2808 3.452e-22 7.647e-22 2.834e-21 0.0 114.06 0.0
S289552 243.2589 87.3003 2.3210000000000002e-20 3.449e-20 5.698e-20 0.0 114.05 0.0
S289553 243.2375 87.2731 2.436e-21 4.976e-21 1.557e-20 0.0 114.38 0.0
S289554 243.2415 87.2383 3.307e-18 3.229e-18 2.233e-18 0.0 114.01 0.0
S289555 243.1242 87.2811 1.9579999999999998e-22 4.599e-22 2.007e-21 0.0 114.51 0.0
S289556 243.2411 87.2981 5.773e-27 4.2740000000000006e-26 2.013e-24 0.0 114.23 0.0
S289557 243.2623 87.2512 8.123e-24 2.501e-23 1.8129999999999998e-22 0.0 113.72 0.0
S289558 243.2414 87.2695 4.926e-19 5.735e-19 5.849e-19 0.0 114.46 0.0
S289559 243.2138 87.2994 2.371e-24 9.771e-24 1.302e-22 0.0 114.44 0.0
S289560 243.2258 87.3087 1.77e-27 1.3720000000000002e-26 7.171e-25 0.0 114.3 0.0
S289561 243.249 87.2611 1.268e-16 1.39e-16 1.213e-16 0.0 113.94 0.0
S289562 243.1015 87.2939 6.017000000000001e-20 8.984e-20 1.532e-19 0.0 114.53 0.0
S289563 243.2338 87.2928 2.946e-18 3.014e-18 2.295e-18 0.0 114.3 0.0
S289564 243.2649 87.2617 9.424999999999999e-23 2.598e-22 1.477e-21 0.0 113.63 0.0
S289565 243.2605 87.2803 3.2189999999999997e-22 6.835999999999999e-22 2.425e-21 0.0 113.97 0.0
S289566 243.2653 87.2642 7.9460000000000005e-25 3.441e-24 5.418e-23 0.0 113.66 0.0
S289567 243.253 87.2654 5.917999999999999e-22 1.265e-21 4.303e-21 0.0 113.63 0.0
S289568 243.2466 87.2655 1.023e-21 2.072e-21 6.433e-21 0.0 114.49 0.0
S289569 243.2463 87.2666 7.52e-20 1.113e-19 1.82e-19 0.0 114.08 0.0
S289570 243.2496 87.2666 1.1120000000000001e-20 1.856e-20 3.9240000000000004e-20 0.0 113.96 0.0
S289571 243.2117 87.2546 1.649e-21 3.2840000000000002e-21 1.023e-20 0.0 114.31 0.0
S289572 243.248 87.2422 9.305999999999998e-22 2.08e-21 7.889e-21 0.0 113.9 0.0
S289573 243.2316 87.294 1.2410000000000001e-21 2.444e-21 7.111e-21 0.0 114.35 0.0
S289574 243.2654 87.2641 1.907e-19 2.342e-19 2.589e-19 0.0 113.67 0.0
S289575 243.2254 87.2485 8.634000000000001e-25 3.901e-24 6.472999999999999e-23 0.0 114.18 0.0
S289576 243.2644 87.2647 1.495e-19 1.989e-19 2.633e-19 0.0 113.66 0.0
S289577 243.2307 87.2831 5.677e-20 8.516e-20 1.389e-19 0.0 114.39 0.0
S289578 243.2139 87.2701 1.285e-18 1.413e-18 1.204e-18 0.0 114.46 0.0
S289579 243.2512 87.2547 2.182e-21 4.228e-21 1.235e-20 0.0 113.88 0.0
S289580 243.2474 87.2675 2.667e-17 3.752e-17 5.344e-17 0.0 114.14 0.0
S289581 243.2826 87.2815 3.214e-22 6.838999999999999e-22 2.415e-21 0.0 113.8 0.0
S289582 243.1812 87.3155 4.306e-23 1.196e-22 7.082e-22 0.0 114.47 0.0
S289583 243.2408 87.2385 7.437999999999999e-23 1.8899999999999997e-22 9.781999999999998e-22 0.0 113.99 0.0
S289584 243.243 87.2665 2.8409999999999997e-22 6.378999999999999e-22 2.454e-21 0.0 114.47 0.0
S289585 243.2452 87.2605 2.094e-21 1.441e-21 5.068999999999999e-22 0.0 113.77 0.0
S289586 243.2327 87.2616 3.2609999999999995e-22 6.555999999999999e-22 1.961e-21 0.0 114.22 0.0
S289587 243.2389 87.2788 1.631e-21 3.3260000000000002e-21 1.087e-20 0.0 114.39 0.0
S289588 243.2475 87.2651 1.4430000000000001e-21 3.031e-21 1.0360000000000001e-20 0.0 113.67 0.0
S289589 243.217 87.257 2.4580000000000003e-20 3.5350000000000006e-20 5.431e-20 0.0 114.34 0.0
S289590 243.2763 87.2639 1.6510000000000001e-21 3.23e-21 9.182e-21 0.0 113.65 0.0
S289591 243.229 87.2714 4.409e-24 1.428e-23 1.211e-22 0.0 114.4 0.0
S289592 243.2555 87.2583 1.699e-23 4.988e-23 3.2569999999999997e-22 0.0 113.73 0.0
S289593 243.2505 87.2733 1.429e-24 5.147e-24 5.305e-23 0.0 114.03 0.0
S289594 243.2189 87.271 4.296e-21 8.181e-21 2.301e-20 0.0 114.45 0.0
S289595 243.1614 87.228 5.007999999999999e-22 1.017e-21 3.216e-21 0.0 114.32 0.0
S289596 243.2896 87.2785 1.277e-23 4.183e-23 3.5739999999999996e-22 0.0 113.76 0.0
S289597 243.2406 87.2605 2.366e-16 1.751e-16 6.902e-17 0.0 114.17 0.0
S289598 243.2753 87.3222 6.547e-24 1.997e-23 1.432e-22 0.0 114.06 0.0
S289599 243.1769 87.2738 3.926e-19 5.021e-19 6.117e-19 0.0 114.5 0.0
S289600 243.2581 87.2592 8.195000000000001e-25 3.743e-24 6.307e-23 0.0 113.72 0.0
S289601 243.1255 87.2925 3.786e-22 8.862999999999999e-22 3.687e-21 0.0 114.56 0.0
S289602 243.2553 87.2518 1.066e-23 3.1019999999999997e-23 2.034e-22 0.0 113.82 0.0
S289603 243.2708 87.3332 4.792e-21 8.461e-21 2.0410000000000002e-20 0.0 114.08 0.0
S289604 243.2493 87.2572 2.631e-19 3.472e-19 4.461e-19 0.0 113.9 0.0
S289605 243.2418 87.2493 3.0489999999999997e-22 6.806999999999999e-22 2.67e-21 0.0 114.01 0.0
S289606 243.2839 87.3061 4.277e-22 1.0210000000000001e-21 4.384e-21 0.0 113.92 0.0
S289607 243.2508 87.2839 5.606e-19 6.64e-19 6.513e-19 0.0 114.08 0.0
S289608 243.1846 87.2648 9.257e-13 6.801e-13 2.728e-13 0.0 114.45 0.0
S289609 243.2097 87.2664 1.542e-21 3.108e-21 9.698e-21 0.0 114.44 0.0
S289610 243.2483 87.2612 1.022e-21 2.054e-21 6.386e-21 0.0 113.93 0.0
S289611 243.2239 87.2864 8.201999999999999e-24 2.5109999999999998e-23 1.867e-22 0.0 114.45 0.0
S289612 243.2494 87.2711 8.861000000000001e-20 1.291e-19 2.047e-19 0.0 113.95 0.0
S289613 243.2462 87.2631 4.121e-18 3.999e-18 2.783e-18 0.0 113.91 0.0
S289614 243.2641 87.289 5.211e-19 5.915e-19 5.585e-19 0.0 113.96 0.0
S289615 243.2494 87.2686 3.891e-17 5.79e-17 9.509e-17 0.0 113.94 0.0
S289616 243.2601 87.2445 4.189e-23 1.0309999999999999e-22 4.967999999999999e-22 0.0 113.74 0.0
S289617 243.2603 87.264 9.728000000000001e-26 4.971000000000001e-25 1.095e-23 0.0 113.66 0.0
S289618 243.2501 87.2627 1.17e-21 2.524e-21 8.596000000000001e-21 0.0 113.75 0.0
S289619 243.2498 87.2726 9.885000000000001e-20 1.363e-19 1.915e-19 0.0 114.07 0.0
S289620 243.2581 87.2341 6.212e-20 9.115e-20 1.486e-19 0.0 113.8 0.0
S289621 243.2447 87.2606 1.395e-26 9.037000000000001e-26 3.168e-24 0.0 114.4 0.0
S289622 243.191 87.2807 6.946e-17 6.421e-17 4.044e-17 0.0 114.55 0.0
S289623 243.2208 87.2601 6.114e-17 6.763e-17 6.058e-17 0.0 114.36 0.0
S289624 243.1887 87.2788 7.175e-21 1.1980000000000001e-20 2.4160000000000003e-20 0.0 114.49 0.0
S289625 243.3229 87.2289 1.414e-19 1.973e-19 2.784e-19 0.0 113.56 0.0
S289626 243.2232 87.2888 7.054e-19 8.08e-19 7.745e-19 0.0 114.42 0.0
S289627 243.2541 87.2448 4.972e-23 1.3529999999999998e-22 7.790999999999999e-22 0.0 113.87 0.0
S289628 243.2509 87.2755 3.7989999999999997e-22 8.728e-22 3.462e-21 0.0 114.04 0.0
S289629 243.2473 87.266 1.902e-18 1.967e-18 1.476e-18 0.0 113.52 0.0
S289630 243.2499 87.2678 8.821999999999999e-23 2.37e-22 1.311e-21 0.0 113.88 0.0
S289631 243.2938 87.2658 1.1929999999999998e-22 3.26e-22 1.884e-21 0.0 113.63 0.0
S289632 243.2228 87.282 6.834e-25 2.68e-24 3.335e-23 0.0 114.48 0.0
S289633 243.2518 87.2694 1.782e-19 2.399e-19 3.074e-19 0.0 113.82 0.0
S289634 243.3407 87.2645 1.766e-21 3.461e-21 1.0390000000000002e-20 0.0 113.57 0.0
S289635 243.245 87.262 2.0160000000000003e-20 3.1860000000000003e-20 6.158e-20 0.0 114.08 0.0
S289636 243.2392 87.2834 2.7269999999999996e-22 6.191e-22 2.346e-21 0.0 114.25 0.0
S289637 243.2465 87.2732 1.327e-23 4.221e-23 3.401e-22 0.0 114.13 0.0
S289638 243.2618 87.2598 6.016e-19 7.166e-19 7.266e-19 0.0 113.68 0.0
S289639 243.2372 87.2544 2.652e-22 6.755e-22 3.509e-21 0.0 114.24 0.0
S289640 243.2248 87.2844 2.278e-16 2.182e-16 1.491e-16 0.001 114.48 0.0
S289641 243.246 87.2803 2.2979999999999997e-22 5.280999999999999e-22 2.123e-21 0.0 114.18 0.0
S289642 243.2484 87.2554 1.796e-21 3.585e-21 1.082e-20 0.0 113.92 0.0
S289643 243.2306 87.2565 4.051e-21 7.552e-21 1.946e-20 0.0 114.23 0.0
S289644 243.209 87.2691 4.568e-19 5.33e-19 5.375e-19 0.0 114.45 0.0
S289645 243.2097 87.2772 3.535e-23 1.107e-22 8.49e-22 0.0 114.49 0.0
S289646 243.2486 87.2832 5.1100000000000005e-20 7.492e-20 1.156e-19 0.0 114.15 0.0
S289647 243.2514 87.2786 9.398e-17 7.412e-17 3.48e-17 0.0 114.07 0.0
S289648 243.2549 87.2521 6.168e-21 1.03e-20 2.149e-20 0.0 113.67 0.0
S289649 243.232 87.27 1.285e-19 1.654e-19 1.995e-19 0.0 114.34 0.0
S289650 243.2346 87.2761 7.474e-19 8.876e-19 9.017e-19 0.0 114.39 0.0
S289651 243.2475 87.2658 1.102e-19 1.489e-19 2.033e-19 0.0 113.97 0.0
S289652 243.2395 87.2626 4.806e-17 3.764e-17 1.684e-17 0.0 114.28 0.0
S289653 243.2887 87.2982 1.966e-21 4.161e-21 1.395e-20 0.0 113.74 0.0
S289654 243.2663 87.2804 7.082e-13 6.133e-13 3.325e-13 0.0 113.83 1.0
S289655 243.2516 87.27 5.465000000000001e-20 8.271000000000001e-20 1.413e-19 0.0 113.89 0.0
S289656 243.2384 87.2587 1.3019999999999999e-23 3.92e-23 2.9009999999999998e-22 0.0 114.3 0.0
S289657 243.2344 87.2588 9.605e-18 9.473e-18 6.688e-18 0.0 114.31 0.0
S289658 243.2249 87.2639 5.783e-19 6.953e-19 7.621e-19 0.0 114.51 0.0
S289659 243.2324 87.2841 1.759e-24 6.544e-24 7.206999999999999e-23 0.0 114.41 0.0
S289660 243.2173 87.2825 6.958999999999999e-22 1.59e-21 6.416e-21 0.0 114.51 0.0
S289661 243.2714 87.275 2.121e-21 4.2e-21 1.2760000000000001e-20 0.0 113.65 0.0
S289662 243.2456 87.2444 3.294e-17 2.889e-17 1.553e-17 0.0 113.61 0.0
S289663 243.2724 87.2706 5.491e-18 5.46e-18 3.786e-18 0.001 113.61 0.0
S289664 243.2439 87.28 3.061e-19 3.937e-19 4.662e-19 0.0 114.15 0.0
S289665 243.2548 87.2689 9.148e-17 7.253e-17 3.374e-17 0.0 113.89 0.0
S289666 243.2561 87.284 9.728e-21 1.829e-20 4.6840000000000003e-20 0.0 113.98 0.0
S289667 243.2393 87.2444 4.4740000000000006e-20 6.819000000000001e-20 1.156e-19 0.0 114.05 0.0
S289668 243.2441 87.2721 1.396e-18 1.474e-18 1.176e-18 0.0 114.37 0.0
S289669 243.2286 87.2532 1.207e-18 1.324e-18 1.166e-18 0.0 114.33 0.0
S289670 243.2479 87.2892 3.531e-17 4.42e-17 4.976e-17 0.0 114.22 0.0
S289671 243.2626 87.2625 2.3650000000000003e-20 3.988e-20 8.588000000000001e-20 0.0 113.65 0.0
S289672 243.2557 87.2513 3.762e-19 4.676e-19 5.245e-19 0.0 113.65 0.0
S289673 243.2252 87.2694 1.763e-22 4.023e-22 1.561e-21 0.0 114.49 0.0
S289674 243.2325 87.2791 2.459e-17 3.187e-17 3.925e-17 0.0 114.37 0.0
S289675 243.2666 87.271 2.1129999999999998e-23 7.122999999999999e-23 6.437999999999999e-22 0.0 113.67 0.0
S289676 243.2626 87.2917 2.74e-17 2.288e-17 1.156e-17 0.0 114.02 0.0
S289677 243.2423 87.2789 5.898e-13 4.051e-13 1.415e-13 0.0 114.35 0.0
S289678 243.2392 87.2758 1.559e-22 3.7219999999999995e-22 1.627e-21 0.0 114.44 1.0
S289679 243.2596 87.2966 3.648e-18 3.512e-18 2.347e-18 0.0 114.06 0.0
S289680 243.2446 87.2756 4.38e-21 8.334000000000001e-21 2.2610000000000003e-20 0.0 114.41 0.0
S289681 243.2737 87.2798 2.4830000000000002e-20 3.844e-20 7.046000000000001e-20 0.0 113.76 0.0
S289682 243.2585 87.2754 5.291e-13 3.864e-13 1.449e-13 0.0 113.9 0.0
S289683 243.2111 87.2746 1.293e-21 9.407e-22 3.5439999999999995e-22 0.0 114.51 0.0
S289684 243.2855 87.2563 1.538e-18 1.727e-18 1.566e-18 0.0 113.55 0.0
S289685 243.2556 87.2713 2.522e-19 3.233e-19 3.956e-19 0.0 113.87 0.0
S289686 243.24 87.2866 9.775e-19 1.084e-18 9.787e-19 0.0 114.39 0.0
S289687 243.2443 87.2631 5.643e-21 1.0120000000000001e-20 2.4940000000000002e-20 0.0 114.13 0.0
S289688 243.2584 87.2737 7.013e-17 6.944e-17 4.905e-17 0.0 113.73 0.0
S289689 243.2325 87.267 1.882e-18 2.135e-18 1.924e-18 0.0 114.32 0.0
S289690 243.2477 87.2633 1.623e-17 2.169e-17 2.781e-17 0.0 114.02 0.0
S289691 243.246 87.2746 2.185e-17 1.938e-17 1.108e-17 0.0 114.13 0.0
S289692 243.2473 87.2683 7.698e-18 7.518e-18 5.28e-18 0.0 114.04 0.0
S289693 243.2488 87.2731 2.085e-21 1.445e-21 5.051e-22 0.0 114.09 0.0
S289694 243.2684 87.2826 1.014e-16 1.224e-16 1.312e-16 0.0 113.75 0.0
S289695 243.2633 87.2778 4.004e-21 7.505e-21 1.932e-20 0.0 113.6 0.0
S289696 243.235 87.2768 1.472e-17 1.558e-17 1.318e-17 0.0 114.36 0.0
S289697 243.2609 87.2474 6.929e-14 4.636e-14 1.493e-14 0.0 113.63 0.0
S289698 243.2338 87.2431 1.96e-20 3.1020000000000004e-20 5.655e-20 0.0 114.17 0.0
S289699 243.2295 87.2747 1.435e-18 1.722e-18 1.721e-18 0.0 114.43 0.0
S289700 243.2542 87.2562 2.628e-17 2.396e-17 1.436e-17 0.0 113.75 0.0
S289701 243.2471 87.2901 4.162e-23 1.083e-22 5.51e-22 0.0 114.15 0.0
S289702 243.2216 87.2629 1.348e-12 1.151e-12 5.915e-13 0.0 114.39 1.0
S289703 243.2386 87.2682 1.9649999999999998e-22 4.648e-22 2.023e-21 0.0 114.34 0.0
S289704 243.2657 87.2775 7.596000000000001e-21 1.33e-20 3.119e-20 0.0 113.7 0.0
S289705 243.2566 87.2658 2.439e-20 3.76e-20 6.551e-20 0.0 113.79 0.0
S289706 243.2726 87.2489 2.804e-21 1.888e-21 6.253e-22 0.0 113.56 0.0
S289707 243.275 87.2793 2.889e-13 2.004e-13 6.832e-14 0.0 113.63 0.0
S289708 243.2496 87.2627 2.141e-21 1.468e-21 4.99e-22 0.0 113.99 0.0
S289709 243.2493 87.289 3.145e-17 4.734e-17 7.972e-17 0.0 114.17 0.0
S289710 243.2575 87.2502 2.179e-21 1.511e-21 5.2669999999999995e-22 0.0 113.82 0.0
S289711 243.2521 87.2559 7.057999999999999e-22 1.586e-21 6.35e-21 0.0 113.9 0.0
S289712 243.2502 87.2739 6.986999999999999e-22 1.514e-21 5.343e-21 0.0 114.09 0.0
S289713 243.2578 87.26 6.045e-22 1.246e-21 4.093e-21 0.0 113.69 0.0
S289714 243.2304 87.2445 4.052e-18 4.189e-18 3.303e-18 0.0 114.16 0.0
S289715 243.2477 87.2784 1.141e-21 8.506999999999999e-22 3.4939999999999997e-22 0.0 114.2 0.0
S289716 243.2383 87.2376 5.372e-18 5.092e-18 3.274e-18 0.0 113.96 0.0
S289717 243.271 87.2646 1.725e-18 1.863e-18 1.552e-18 0.0 113.63 0.0
S289718 243.2721 87.2498 1.9310000000000002e-20 3.105e-20 5.703e-20 0.0 113.61 0.0
S289719 243.2673 87.2687 3.527e-17 2.987e-17 1.558e-17 0.0 113.66 0.0
S289720 243.2083 87.2705 3.443e-21 6.637e-21 1.887e-20 0.0 114.47 1.0
S289721 243.2521 87.2487 8.367000000000001e-20 1.224e-19 1.97e-19 0.0 113.89 0.0
S289722 243.2434 87.2842 3.493e-18 3.708e-18 2.892e-18 0.0 114.43 0.0
S289723 243.2469 87.2831 4.253999999999999e-22 9.179e-22 3.295e-21 0.0 114.26 0.0
S289724 243.2643 87.2722 3.014e-17 2.742e-17 1.59e-17 0.0 113.68 0.0
S289725 243.234 87.2587 6.143e-21 1.137e-20 2.8470000000000004e-20 0.0 114.19 0.0
S289726 243.2301 87.2842 1.341e-21 2.771e-21 8.714000000000001e-21 0.0 114.49 0.0
S289727 243.2227 87.2635 2.018e-16 1.824e-16 1.087e-16 0.0 114.51 0.0
S289728 243.2383 87.2865 1.117e-19 1.53e-19 2.112e-19 0.0 114.29 0.0
S289729 243.2406 87.2342 1.155e-16 1.08e-16 6.616e-17 0.0 113.99 0.0
S289730 243.2363 87.2644 2.021e-21 1.416e-21 5.034e-22 0.0 114.19 1.0
S289731 243.2244 87.2672 1.1079999999999998e-22 2.5779999999999995e-22 1.087e-21 0.0 114.27 0.0
S289732 243.2726 87.281 1.452e-24 5.984e-24 8.366e-23 0.0 113.65 0.0
S289733 243.2329 87.2559 2.589e-19 3.258e-19 3.739e-19 0.0 114.38 0.0
S289734 243.2633 87.2606 1.492e-18 1.59e-18 1.301e-18 0.0 113.7 0.0
S289735 243.2348 87.2703 1.728e-19 2.277e-19 3.011e-19 0.0 114.37 0.0
S289736 243.2798 87.2691 6.823e-21 1.2500000000000001e-20 3.1300000000000004e-20 0.0 113.65 0.0
S289737 243.2467 87.2661 2.176e-21 1.488e-21 5.2e-22 0.0 114.07 0.0
S289738 243.2542 87.286 3.9259999999999997e-22 9.287e-22 3.984e-21 0.0 114.09 0.0
S289739 243.2691 87.2578 6.807e-13 5.071e-13 2.024e-13 0.001 113.62 0.0
S289740 243.235 87.2678 2.6779999999999997e-22 6.743e-22 3.363e-21 0.0 114.32 0.0
S289741 243.2473 87.2728 6.229e-19 7.837e-19 9.043e-19 0.0 114.12 0.0
S289742 243.2179 87.2773 1.058e-16 9.459e-17 5.506e-17 0.0 114.53 0.0
S289743 243.2577 87.2803 4.0460000000000006e-20 5.963000000000001e-20 9.446000000000001e-20 0.0 113.73 0.0
S289744 243.2399 87.2765 3.136e-21 2.06e-21 6.4849999999999995e-22 0.0 114.4 0.0
S289745 243.256 87.2376 1.275e-21 9.550999999999999e-22 3.7959999999999995e-22 0.0 113.78 0.0
S289746 243.2596 87.2763 1.303e-18 1.442e-18 1.291e-18 0.0 113.88 0.0
S289747 243.2358 87.2829 2.326e-21 1.628e-21 5.554e-22 0.0 114.46 0.0
S289748 243.2529 87.2764 3.524e-19 4.329e-19 4.599e-19 0.0 113.94 0.0
S289749 243.223 87.2888 5.221e-18 5.116e-18 3.45e-18 0.0 114.49 0.0
S289750 243.2573 87.2884 3.5960000000000004e-21 6.823e-21 1.822e-20 0.0 113.98 0.0
S289751 243.2744 87.2929 5.522e-17 4.502e-17 2.183e-17 0.0 113.82 0.0
S289752 243.2568 87.2525 2.42e-17 2.162e-17 1.274e-17 0.0 113.77 0.0
S289753 243.2353 87.2915 7.18e-20 1.035e-19 1.594e-19 0.0 114.33 0.0
S289754 243.261 87.2862 5.779e-22 1.323e-21 5.436e-21 0.0 113.98 0.0
S289755 243.2405 87.243 8.346e-19 9.714e-19 9.754e-19 0.0 114.03 0.0
S289756 243.2638 87.2662 2.56e-21 1.75e-21 5.864e-22 0.0 113.64 0.0
S289757 243.2698 87.2555 6.772e-18 6.659e-18 4.578e-18 0.0 113.65 0.0
S289758 243.2317 87.2548 7.378e-22 1.504e-21 4.58e-21 0.0 114.21 0.0
S289759 243.2528 87.2809 1.619e-16 1.292e-16 5.709e-17 0.0 114.05 1.0
S289760 243.249 87.2781 1.9820000000000003e-20 3.044e-20 5.516000000000001e-20 0.0 114.23 0.0
S289761 243.2216 87.267 1.009e-16 8.117e-17 3.844e-17 0.0 114.46 0.0
S289762 243.2194 87.2622 1.927e-19 2.536e-19 3.287e-19 0.0 114.5 0.0
S289763 243.2705 87.2685 7.291e-18 6.77e-18 4.24e-18 0.0 113.64 0.0
S289764 243.2566 87.2467 7.577e-18 7.432e-18 5.175e-18 0.0 113.72 0.0
S289765 243.245 87.2525 3.453e-21 6.048e-21 1.398e-20 0.0 113.82 0.0
S289766 243.2247 87.2731 1.3e-17 1.228e-17 7.961e-18 0.0 114.45 0.0
S289767 243.2311 87.2681 6.2e-24 1.9929999999999998e-23 1.633e-22 0.0 114.42 0.0
S289768 243.2383 87.2463 2.328e-21 4.352e-21 1.142e-20 0.0 114.09 0.0
S289769 243.2614 87.2723 2.1599999999999998e-23 6.920999999999999e-23 5.844999999999999e-22 0.0 113.84 0.0
S289770 243.2555 87.2777 2.451e-24 8.765e-24 9.109999999999999e-23 0.0 113.71 0.0
S289771 243.2707 87.2468 8.306e-23 1.9469999999999998e-22 8.326999999999999e-22 0.0 113.56 0.0
S289772 243.2354 87.2756 6.844e-21 1.216e-20 2.7990000000000004e-20 0.0 114.25 0.0
S289773 243.2665 87.232 8.873000000000001e-20 1.323e-19 2.16e-19 0.0 113.61 0.0
S289774 243.2331 87.2662 1.202e-16 1.105e-16 6.671e-17 0.0 114.42 0.0
S289775 243.2733 87.2776 8.777e-19 9.351e-19 7.529e-19 0.0 113.8 0.0
S289776 243.2581 87.2585 1.177e-18 1.294e-18 1.088e-18 0.0 113.79 0.0
S289777 243.2433 87.2594 2.959e-13 3.318e-13 2.997e-13 0.0 114.11 0.0
S289778 243.2392 87.2579 5.981e-20 8.874e-20 1.485e-19 0.0 114.18 0.0
S289779 243.2343 87.2678 5.352e-17 4.705e-17 2.647e-17 0.0 114.42 0.0
S289780 243.2457 87.2315 1.829e-21 1.275e-21 4.589e-22 0.0 113.85 0.0
S289781 243.2625 87.2531 4.538e-21 8.334000000000001e-21 2.1030000000000002e-20 0.0 113.71 0.0
S289782 243.255 87.2697 3.195e-17 2.779e-17 1.496e-17 0.0 113.87 0.0
S289783 243.2552 87.2431 2.247e-16 1.785e-16 8.278e-17 0.0 113.62 0.0
S289784 243.2489 87.2641 3.681e-17 3.086e-17 1.593e-17 0.0 113.86 0.0
S289785 243.2444 87.2618 2.898e-18 3.027e-18 2.342e-18 0.001 114.07 0.0
S289786 243.2549 87.2606 2.505e-17 2.204e-17 1.223e-17 0.0 113.75 0.0
S289787 243.2466 87.2594 5.747e-20 8.439e-20 1.317e-19 0.0 113.88 0.0
S289788 243.2553 87.2415 5.235e-19 6.517e-19 7.205e-19 0.0 113.76 0.0
S289789 243.2701 87.2801 3.1869999999999995e-22 7.193999999999999e-22 2.777e-21 0.0 113.75 0.0
S289790 243.2618 87.2532 3.392e-24 1.065e-23 8.405e-23 0.0 113.75 0.0
S289791 243.2397 87.2919 2.282e-21 1.557e-21 5.342e-22 0.0 114.45 0.0
S289792 243.2513 87.2962 2.8379999999999995e-22 6.4999999999999995e-22 2.677e-21 0.0 114.15 0.0
S289793 243.2319 87.2613 1.861e-21 3.3320000000000002e-21 7.583e-21 0.0 114.24 0.0
S289794 243.2718 87.269 3.873e-16 2.986e-16 1.253e-16 0.0 113.71 1.0
S289795 243.2596 87.2703 2.809e-18 2.976e-18 2.405e-18 0.0 113.84 0.0
S289796 243.2864 87.2781 1.358e-17 1.236e-17 7.233e-18 0.0 113.72 0.0
S289797 243.2426 87.2592 4.053e-22 9.935999999999999e-22 4.395e-21 0.0 114.07 0.0
S289798 243.2211 87.2707 1.826e-22 4.718e-22 2.438e-21 0.0 114.43 0.0
S289799 243.2177 87.2657 2.432e-23 7.798e-23 6.553999999999999e-22 0.0 114.45 0.0
S289800 243.2712 87.2638 3.48e-19 4.241e-19 4.652e-19 0.0 113.62 0.0
S289801 243.2375 87.2625 1.1530000000000001e-20 2.0160000000000003e-20 4.492e-20 0.0 114.22 0.0
S289802 243.2321 87.2643 2.162e-22 5.543999999999999e-22 2.84e-21 0.0 114.25 0.0
S289803 243.2355 87.2659 6.988e-19 7.672e-19 6.904e-19 0.0 114.24 0.0
S289804 243.2224 87.2545 3.524e-19 4.293e-19 4.459e-19 0.0 114.32 0.0
S289805 243.2654 87.2683 2.895e-21 1.939e-21 6.221e-22 0.0 113.7 0.0
S289806 243.2652 87.275 7.678e-19 9.066e-19 9.24e-19 0.0 113.8 0.0
S289807 243.262 87.2677 1.185e-17 1.12e-17 7.314e-18 0.0 113.79 0.0
S289808 243.2759 87.2692 3.603e-21 6.789e-21 1.7750000000000002e-20 0.0 113.72 0.0
S289809 243.2631 87.2677 1.307e-19 1.678e-19 2.092e-19 0.0 113.79 0.0
S289810 243.2732 87.2734 2.1e-18 2.169e-18 1.654e-18 0.0 113.71 0.0
S289811 243.2701 87.2661 6.049999999999999e-22 1.394e-21 5.8900000000000004e-21 0.0 113.71 0.0
S289812 243.2264 87.2633 1.162e-19 1.654e-19 2.492e-19 0.0 114.36 0.0
S289813 243.2783 87.2639 3.856e-18 3.874e-18 2.975e-18 0.0 113.67 0.0
S289814 243.2703 87.2803 1.8219999999999999e-22 4.2329999999999994e-22 1.747e-21 0.0 113.8 0.0
S289815 243.2777 87.2689 6.437e-17 5.201e-17 2.456e-17 0.0 113.75 0.0
S289816 243.2683 87.2685 4.066e-21 7.614e-21 1.949e-20 0.001 113.75 0.0
S289817 243.2264 87.2614 3.3069999999999996e-22 7.980999999999999e-22 3.717e-21 0.0 114.28 0.0
S289818 243.2781 87.2734 3.722e-16 2.989e-16 1.38e-16 0.0 113.71 0.0
S289819 243.2678 87.2737 2.2560000000000002e-21 1.5290000000000001e-21 5.264999999999999e-22 0.0 113.79 0.0
S289820 243.2683 87.2677 3.38e-17 2.909e-17 1.595e-17 0.0 113.67 0.0
S289821 243.2723 87.2731 1.257e-16 1.372e-16 1.193e-16 0.0 113.75 0.0
S289822 243.2632 87.2569 2.077e-19 2.796e-19 3.658e-19 0.0 113.68 0.0
S289823 243.2728 87.2695 4.611999999999999e-22 9.731999999999999e-22 3.459e-21 0.0 113.71 0.0
S289824 243.2242 87.2673 1.87e-23 5.187e-23 3.029e-22 0.0 114.43 0.0
S289825 243.2222 87.2535 8.661e-21 1.497e-20 3.4320000000000005e-20 0.0 114.24 0.0
S289826 243.2644 87.2661 1.909e-21 1.3150000000000001e-21 4.693e-22 0.0 113.73 0.0
S289827 243.2212 87.2619 6.132e-21 1.0790000000000001e-20 2.581e-20 0.0 114.37 0.0
S289828 243.2243 87.2549 2.239e-23 6.455e-23 4.1839999999999996e-22 0.0 114.28 0.0
S289829 243.2322 87.2597 5.677e-18 5.616e-18 4.03e-18 0.0 114.24 0.0
S289830 243.2219 87.2606 4.11e-16 3.043e-16 1.216e-16 0.0 114.33 0.0
S289831 243.2179 87.267 1.617e-21 1.156e-21 4.1639999999999998e-22 0.0 114.44 1.0
S289832 243.2783 87.2681 1.725e-18 1.942e-18 1.804e-18 0.0 113.69 0.0
S289833 243.2261 87.2561 9.103e-23 2.2099999999999998e-22 1.0120000000000001e-21 0.0 114.25 0.0
S289834 243.2779 87.2755 1.348e-18 1.447e-18 1.198e-18 0.0 113.74 0.0
S289835 243.2689 87.2711 1.416e-17 1.248e-17 7.162e-18 0.0 113.77 0.0
S289836 243.2766 87.2751 2.0509999999999998e-22 5.196e-22 2.493e-21 0.0 113.76 0.0
S289837 243.2187 87.2543 2.515e-21 5.064e-21 1.557e-20 0.0 114.3 0.0
S289838 243.2787 87.2761 1.686e-17 2.423e-17 3.787e-17 0.0 113.74 0.0
S289839 243.2708 87.2763 8.418e-19 9.472e-19 8.695e-19 0.0 113.82 0.0
S289840 243.2177 87.2526 2.674e-21 1.827e-21 6.106999999999999e-22 0.0 114.27 0.0
S289841 243.2775 87.2735 3.4769999999999995e-22 7.923999999999999e-22 3.235e-21 0.0 113.71 0.0
S289842 243.2788 87.2772 1.3309999999999999e-24 5.12e-24 5.959e-23 0.0 113.79 0.0
S289843 243.219 87.27 1.0849999999999999e-23 3.1859999999999996e-23 2.0659999999999998e-22 0.0 114.41 0.0
S289844 243.233 87.263 3.281e-24 1.1019999999999999e-23 9.707999999999999e-23 0.0 114.3 0.0
S289845 243.215 87.2612 1.603e-19 2.135e-19 2.871e-19 0.0 114.36 0.0
S289846 243.209 87.2659 9.099e-18 8.697e-18 5.563e-18 0.0 114.4 0.0
S289847 243.2757 87.2713 2.549e-21 4.7260000000000004e-21 1.2790000000000001e-20 0.0 113.76 0.0
S289848 243.2178 87.2648 1.311e-17 1.184e-17 6.876e-18 0.0 114.38 0.0
S289849 243.2263 87.263 2.132e-21 1.488e-21 5.263999999999999e-22 0.0 114.33 0.0
S289850 243.2797 87.2773 4.822e-17 3.917e-17 1.885e-17 0.0 113.75 0.0
S289851 243.2868 87.2685 1.1e-17 1.051e-17 6.806e-18 0.0 113.69 0.0
S289852 243.2879 87.2803 9.171e-18 8.761e-18 5.948e-18 0.0 113.76 0.0
S289853 243.2747 87.2677 1.3709999999999998e-22 3.214e-22 1.403e-21 0.0 113.71 0.0
S289854 243.2787 87.2695 2.899e-18 3.099e-18 2.601e-18 0.0 113.76 0.0
S289855 243.2862 87.2791 2.393e-19 2.849e-19 2.985e-19 0.0 113.78 0.0
S289856 243.2842 87.2735 1.451e-19 2.008e-19 2.715e-19 0.0 113.73 0.0
S289857 243.2782 87.2643 1.3380000000000001e-20 2.305e-20 5.0710000000000003e-20 0.0 113.69 0.0
S289858 243.2043 87.2615 1.708e-16 1.301e-16 5.461e-17 0.0 114.4 1.0
S289859 243.278 87.2662 6.308e-20 9.544000000000001e-20 1.596e-19 0.0 113.69 0.0
S289860 243.2182 87.257 1.206e-20 2.0070000000000002e-20 4.126e-20 0.0 114.3 0.0
S289861 243.2835 87.2743 4.3180000000000003e-20 6.178000000000001e-20 9.539000000000001e-20 0.0 113.75 0.0
S289862 243.214 87.2702 1.782e-21 3.585e-21 1.1050000000000001e-20 0.0 114.44 0.0
S289863 243.2812 87.2736 3.0529999999999995e-22 6.906999999999999e-22 2.771e-21 0.0 113.7 0.0
S289864 243.2112 87.2672 6.52e-17 5.484e-17 2.784e-17 0.0 114.43 0.0
S289865 243.2842 87.2706 2.313e-21 1.594e-21 5.435e-22 0.0 113.75 0.0
S289866 243.2898 87.2793 1.516e-17 1.384e-17 8.562e-18 0.0 113.74 1.0
S289867 243.29 87.2732 4.7160000000000006e-20 7.619000000000001e-20 1.47e-19 0.0 113.66 0.0
S289868 243.2818 87.2768 2.957e-19 3.738e-19 4.327e-19 0.0 113.75 0.0
S289869 243.215 87.274 1.992e-21 1.37e-21 4.859e-22 0.0 114.47 0.0
S289870 243.2106 87.2568 1.012e-19 1.507e-19 2.471e-19 0.0 114.37 0.0
S289871 243.2103 87.2567 4.905e-19 5.663e-19 5.414e-19 0.0 114.39 0.0
S289872 243.2839 87.2685 1.441e-16 1.181e-16 5.752e-17 0.0 113.69 0.0
S289873 243.2099 87.2557 1.526e-16 1.179e-16 5.206e-17 0.0 114.31 1.0
S289874 243.2172 87.2662 1.9410000000000002e-21 1.373e-21 4.948e-22 0.0 114.43 0.0
S289875 243.1958 87.258 3.876e-19 4.923e-19 5.69e-19 0.0 114.37 0.0
S289876 243.289 87.2772 5.917e-21 1.0640000000000001e-20 2.557e-20 0.0 113.74 0.0
S289877 243.2156 87.2562 1.0030000000000001e-21 1.937e-21 5.497e-21 0.0 114.35 0.0
S289878 243.2718 87.2767 7.257e-19 8.799e-19 9.227e-19 0.0 113.8 0.0
S289879 243.2146 87.257 2.439e-19 3.337e-19 4.59e-19 0.0 114.33 0.0
S289880 243.2675 87.2764 7.707e-21 1.3550000000000001e-20 3.16e-20 0.0 113.81 0.0
S289881 243.2064 87.2514 8.706000000000001e-20 1.267e-19 2.058e-19 0.0 114.31 0.0
S289882 243.2202 87.2632 6.59e-18 6.307e-18 4.307e-18 0.0 114.41 0.0
S289883 243.2083 87.2614 5.1229999999999996e-23 1.4429999999999999e-22 9.266e-22 0.0 114.4 0.0
S289884 243.2827 87.277 5.22e-17 4.303e-17 2.09e-17 0.0 113.79 0.0
S289885 243.205 87.2559 1.382e-18 1.531e-18 1.403e-18 0.0 114.36 0.0
S289886 243.2854 87.2821 1.432e-23 4.3589999999999995e-23 3.1459999999999997e-22 0.0 113.77 0.0
S289887 243.2091 87.2576 1.732e-18 1.873e-18 1.585e-18 0.0 114.39 0.0
S289888 243.2067 87.2558 1.529e-16 1.414e-16 8.639e-17 0.0 114.32 0.0
S289889 243.2872 87.2895 2.478e-19 3.052e-19 3.402e-19 0.0 113.82 0.0
S289890 243.284 87.2706 5.566e-17 4.442e-17 2.047e-17 0.0 113.73 0.0
S289891 243.2024 87.256 2.109e-21 1.472e-21 5.190999999999999e-22 0.0 114.33 0.0
S289892 243.2071 87.2511 1.1600000000000001e-20 1.8520000000000002e-20 3.5150000000000005e-20 0.0 114.34 0.0
S289893 243.211 87.2503 9.703e-13 7.161e-13 2.784e-13 0.0 114.33 0.0
S289894 243.206 87.2622 1.612e-17 1.417e-17 7.976e-18 0.0 114.38 0.0
S289895 243.2021 87.2687 1.183e-16 9.102e-17 3.995e-17 0.0 114.43 0.0
S289896 243.2105 87.2614 2.108e-21 4.035e-21 1.1240000000000001e-20 0.0 114.39 0.0
S289897 243.2995 87.2748 1.225e-21 9.196999999999999e-22 3.7179999999999997e-22 0.0 113.71 0.0
S289898 243.1946 87.2524 5.08e-22 1.205e-21 5.171e-21 0.0 114.38 0.0
S289899 243.2789 87.2765 3.378e-17 2.693e-17 1.262e-17 0.0 113.76 0.0
S289900 243.1918 87.2573 2.024e-18 2.198e-18 1.811e-18 0.0 114.38 0.0
S289901 243.2124 87.2549 1.959e-21 1.38e-21 4.897e-22 0.0 114.35 0.0
S289902 243.2032 87.2554 5.070999999999999e-22 1.283e-21 6.537e-21 0.0 114.39 0.0
S289903 243.2865 87.2836 4.624e-17 3.89e-17 1.951e-17 0.0 113.74 0.0
S289904 243.1957 87.2583 4.659e-14 3.06e-14 9.498e-15 0.0 114.4 0.0
S289905 243.2015 87.2449 8.47e-21 1.4170000000000002e-20 2.859e-20 0.0 114.28 0.0
S289906 243.2043 87.253 1.877e-17 1.708e-17 1.027e-17 0.0 114.35 0.0
S289907 243.3012 87.288 1.286e-21 2.757e-21 9.729e-21 0.0 113.8 0.0
S289908 243.1866 87.2591 2.396e-17 3.822e-17 7.283e-17 0.0 114.38 0.0
S289909 243.2018 87.259 4.385e-21 8.169e-21 2.1210000000000002e-20 0.0 114.38 0.0
S289910 243.2862 87.2764 6.87e-23 1.9679999999999997e-22 1.279e-21 0.0 113.75 0.0
S289911 243.1831 87.2553 7.062e-21 1.2460000000000002e-20 2.905e-20 0.0 114.4 0.0
S289912 243.2888 87.2736 7.006e-18 6.646e-18 4.269e-18 0.0 113.77 0.0
S289913 243.2116 87.2566 7.136e-19 8.206e-19 8.047e-19 0.0 114.32 0.0
S289914 243.1964 87.2532 1.448e-17 1.249e-17 6.563e-18 0.0 114.35 0.0
S289915 243.2975 87.2836 8.025e-18 7.778e-18 5.21e-18 0.0 113.76 0.0
S289916 243.1898 87.2467 3.554e-17 4.952e-17 6.898e-17 0.0 114.35 0.0
S289917 243.3021 87.2721 2.73e-18 3.03e-18 2.82e-18 0.0 113.68 0.0
S289918 243.1901 87.2555 2.0480000000000002e-20 3.32e-20 6.535e-20 0.0 114.36 0.0
S289919 243.3006 87.2875 1.004e-16 8.432e-17 4.471e-17 0.0 113.74 0.0
S289920 243.2919 87.2871 1.6359999999999999e-22 4.0449999999999998e-22 1.851e-21 0.0 113.78 0.0
S289921 243.1844 87.2595 4.4800000000000007e-20 6.708e-20 1.113e-19 0.001 114.4 0.0
S289922 243.191 87.2621 9.129e-17 1.069e-16 1.086e-16 0.0 114.38 0.0
S289923 243.2946 87.2747 5.737e-17 4.805e-17 2.362e-17 0.0 113.69 0.0
S289924 243.1936 87.2564 3.814e-13 2.621e-13 9.282e-14 0.0 114.39 0.0
S289925 243.1942 87.2529 8.181e-13 7.241e-13 3.983e-13 0.001 114.36 1.0
S289926 243.1881 87.2531 9.187e-19 1.05e-18 9.998e-19 0.0 114.36 0.0
S289927 243.1793 87.2482 1.896e-19 2.48e-19 3.023e-19 0.0 114.35 0.0
S289928 243.2054 87.2515 2.371e-26 1.449e-25 4.393e-24 0.0 114.32 0.0
S289929 243.1898 87.2563 1.57e-17 1.374e-17 7.659e-18 0.0 114.36 0.0
S289930 243.3196 87.276 2.399e-17 2.155e-17 1.231e-17 0.0 113.65 0.0
S289931 243.3047 87.2882 1.657e-18 1.883e-18 1.676e-18 0.0 113.73 0.0
S289932 243.3173 87.2785 2.1699999999999996e-22 5.2819999999999995e-22 2.4820000000000002e-21 0.0 113.69 0.0
S289933 243.2966 87.2874 5.798e-19 6.787e-19 6.954e-19 0.0 113.79 0.0
S289934 243.3003 87.278 1.108e-21 2.216e-21 6.765e-21 0.0 113.69 0.0
S289935 243.3125 87.2777 9.256e-18 8.201e-18 4.607e-18 0.0 113.7 0.0
S289936 243.3132 87.2847 1.498e-20 2.377e-20 4.506e-20 0.0 113.74 0.0
S289937 243.19 87.2426 4.764e-19 5.56e-19 5.536e-19 0.0 114.28 0.0
S289938 243.2972 87.2772 9.471999999999999e-23 2.6609999999999996e-22 1.707e-21 0.0 113.73 0.0
S289939 243.185 87.2476 1.52e-21 2.8620000000000002e-21 7.304e-21 0.0 114.33 0.0
S289940 243.3177 87.2826 2.686e-21 1.826e-21 6.168999999999999e-22 0.0 113.65 0.0
S289941 243.1951 87.2486 8.614e-18 8.096e-18 5.292e-18 0.0 114.34 0.0
S289942 243.3206 87.2931 1.332e-16 1.034e-16 4.605e-17 0.0 113.77 0.0
S289943 243.3165 87.2812 1.155e-18 1.221e-18 1.025e-18 0.0 113.74 0.0
S289944 243.178 87.2474 1.25e-17 1.968e-17 3.638e-17 0.0 114.34 0.0
S289945 243.1822 87.2547 2.283e-17 2.092e-17 1.256e-17 0.0 114.37 0.0
S289946 243.3115 87.2921 2.442e-18 2.422e-18 1.725e-18 0.0 113.76 0.0
S289947 243.2477 87.2669 1.084e-16 8.256e-17 3.366e-17 0.0 113.08 1.0
S289948 243.2475 87.267 3.367e-16 2.787e-16 1.345e-16 0.0 115.44 0.0
S289949 243.2475 87.2669 3.69e-17 3.305e-17 1.872e-17 0.0 114.04 0.0
S289950 243.2475 87.2671 1.524e-16 1.226e-16 5.798e-17 0.0 115.28 0.0
S289951 243.3154 87.2775 9.805e-17 7.404e-17 3.017e-17 0.0 113.69 0.0
S289952 243.1826 87.2549 3.599e-19 4.646e-19 5.506e-19 0.0 114.4 0.0
S289953 243.3144 87.2806 9.962e-17 7.957e-17 3.773e-17 0.0 113.72 0.0
S289954 243.3147 87.282 8.482e-17 6.954e-17 3.299e-17 0.0 113.73 0.0
S289955 243.3162 87.2848 6.611e-18 8.423e-18 9.598e-18 0.0 113.73 0.0
S289956 243.3157 87.2848 5.464e-16 4.015e-16 1.559e-16 0.0 113.74 0.0
S289957 243.1815 87.2496 4.521e-16 3.439e-16 1.453e-16 0.0 114.38 0.0
S289958 243.1769 87.2473 2.007e-19 2.621e-19 3.143e-19 0.0 114.36 0.0
S289959 243.1825 87.2458 8.019e-21 1.4090000000000003e-20 3.321e-20 0.0 114.31 0.0
S289960 243.1859 87.2461 6.808e-17 5.557e-17 2.741e-17 0.0 114.32 0.0
S289961 243.1852 87.2448 8.604e-15 5.686e-15 1.755e-15 0.0 114.32 0.0
S289962 243.185 87.2426 2.66e-18 2.869e-18 2.417e-18 0.0 114.3 0.0
S289963 243.3121 87.2924 1.487e-16 1.154e-16 4.994e-17 0.0 113.79 1.0
S289964 243.3083 87.2946 4.649e-17 4.135e-17 2.326e-17 0.0 113.79 0.0
S289965 243.3081 87.294 3.911e-21 7.083e-21 1.767e-20 0.0 113.79 0.0
S289966 243.1891 87.2382 2.991e-16 2.176e-16 8.729e-17 0.0 114.27 0.0
S289967 243.1897 87.2369 8.184e-18 7.978e-18 5.414e-18 0.0 114.28 0.0
S289968 243.1971 87.2383 5.633e-16 4.188e-16 1.653e-16 0.0 114.24 0.0
S289969 243.1936 87.2335 4.506e-15 2.983e-15 9.574e-16 0.0 114.28 0.0
S289970 243.1932 87.2327 1.383e-17 1.312e-17 8.503e-18 0.0 114.24 0.0
S289971 243.1919 87.2318 2.551e-16 2.089e-16 1.005e-16 0.0 114.27 0.0
S289972 243.1994 87.23 1.397e-16 1.089e-16 4.843e-17 0.0 114.24 1.0
S289973 243.1947 87.2255 2.45e-16 1.864e-16 7.586e-17 0.0 114.26 0.0
S289974 243.2012 87.2286 1.341e-15 9.698e-16 3.758e-16 0.0 114.21 0.0
S289975 243.2941 87.3074 1.548e-17 1.893e-17 2.117e-17 0.0 113.89 0.0
S289976 243.1978 87.2229 4.12e-16 3.138e-16 1.336e-16 0.0 114.19 1.0
S289977 243.202 87.2221 6.314e-19 7.545e-19 7.705e-19 0.0 114.15 0.0
S289978 243.2936 87.3104 3.043e-15 2.141e-15 7.538e-16 0.0 113.88 0.0
S289979 243.2065 87.2221 2.592e-13 1.79e-13 5.85e-14 0.0 114.17 0.0
S289980 243.286 87.3175 4.729e-17 3.919e-17 1.959e-17 0.0 113.96 0.0
S289981 243.2125 87.2156 2.235e-16 1.745e-16 7.588e-17 0.0 114.13 1.0
S289982 243.2792 87.3167 5.79e-19 7.104e-19 7.773e-19 0.0 114.01 0.0
S289983 243.2793 87.3197 1.383e-16 1.112e-16 5.026e-17 0.0 113.97 1.0
S289984 243.2742 87.3205 4.053e-16 3.227e-16 1.477e-16 0.0 114.05 0.0
S289985 243.2199 87.2132 1.256e-16 9.807e-17 4.528e-17 0.0 114.12 1.0
S289986 243.2729 87.3257 4.528e-19 5.339e-19 5.455e-19 0.0 114.03 0.0
S289987 243.2738 87.3221 1.953e-16 1.513e-16 6.358e-17 0.0 114.03 1.0
S289988 243.2664 87.3244 8.022e-17 6.514e-17 3.128e-17 0.0 114.07 0.0
S289989 243.2242 87.2031 1.441e-16 1.594e-16 1.422e-16 0.0 114.02 0.0
S289990 243.2295 87.2039 1.158e-16 9.229e-17 4.206e-17 0.0 114.03 0.0
S289991 243.2335 87.2014 1.756e-17 1.665e-17 1.085e-17 0.0 114.03 0.0
S289992 243.2609 87.3316 3.472e-20 5.2710000000000003e-20 9.051000000000001e-20 0.0 114.13 0.0
S289993 243.2414 87.2009 8.02e-16 5.675e-16 2.088e-16 0.0 113.94 0.0
S289994 243.2523 87.3354 1.944e-15 1.371e-15 5.05e-16 0.0 114.14 0.0
S289995 243.253 87.3342 1.568e-16 1.329e-16 6.903e-17 0.0 114.14 0.0
S289996 243.2455 87.3342 1.384e-16 1.079e-16 4.844e-17 0.0 114.19 1.0
S289997 243.2487 87.1973 4.018e-17 3.357e-17 1.732e-17 0.0 113.89 0.0
S289998 243.2449 87.3346 1.343e-16 1.048e-16 4.741e-17 0.0 114.18 1.0
S289999 243.2566 87.1959 1.56e-18 1.789e-18 1.731e-18 0.0 113.92 0.0
S290000 243.2591 87.1957 5.98e-16 4.171e-16 1.478e-16 0.0 113.81 0.0
S290001 243.2668 87.1898 1.362e-16 1.092e-16 5.03e-17 0.0 113.86 0.0
S290002 243.2717 87.1924 2.372e-16 1.831e-16 7.951e-17 0.0 113.78 1.0
S290003 243.271 87.1942 9.351e-13 6.951e-13 2.865e-13 0.0 113.83 1.0
S290004 243.2792 87.1877 1.093e-16 8.439e-17 3.612e-17 0.0 113.82 1.0
S290005 243.2151 87.3451 1.768e-15 1.28e-15 4.788e-16 0.0 114.31 0.0
S290006 243.284 87.1906 4.9e-21 8.648e-21 2.015e-20 0.0 113.76 0.0
S290007 243.286 87.1881 6.162e-16 4.509e-16 1.743e-16 0.0 113.78 0.0
S290008 243.2928 87.1863 6.209e-13 6.518e-13 5.427e-13 0.0 113.71 1.0
S290009 243.2971 87.1856 1.243e-16 1.02e-16 4.874e-17 0.0 113.69 0.0
S290010 243.1998 87.3443 2.132e-15 1.508e-15 5.433e-16 0.0 114.36 0.0
S290011 243.1896 87.3494 2.548e-15 1.766e-15 6.104e-16 0.0 114.39 0.0
S290012 243.3029 87.1903 1.78e-16 1.378e-16 6.042e-17 0.0 113.7 1.0
S290013 243.3107 87.1852 1.04e-16 8.036e-17 3.615e-17 0.0 113.66 1.0
S290014 243.1779 87.3485 4.912e-16 3.511e-16 1.356e-16 0.0 114.41 0.0
S290015 243.3171 87.1874 1.955e-16 1.515e-16 6.571e-17 0.0 113.63 1.0
S290016 243.3218 87.1877 1.291e-16 9.923e-17 4.194e-17 0.0 113.61 0.0
S290017 243.167 87.3483 1.326e-16 1.052e-16 4.783e-17 0.0 114.48 1.0
S290018 243.167 87.3438 5.722e-15 3.842e-15 1.272e-15 0.0 114.49 0.0
S290019 243.3331 87.1907 6.036e-16 4.347e-16 1.6e-16 0.0 113.63 0.0
S290020 243.1562 87.3475 1.585e-16 1.277e-16 5.956e-17 0.0 114.53 0.0
S290021 243.1515 87.3426 9.387e-17 7.528e-17 3.563e-17 0.0 114.57 0.0
S290022 243.1462 87.3433 5.352e-16 3.941e-16 1.576e-16 0.0 114.53 0.0
S290023 243.1514 87.3353 7.838e-16 5.673e-16 2.183e-16 0.0 114.56 0.0
S290024 243.3503 87.1959 7.507e-18 7.244e-18 4.762e-18 0.0 113.56 0.0
S290025 243.1426 87.3347 8.975e-16 6.323e-16 2.283e-16 0.0 114.55 0.0
S290026 243.3547 87.2016 5.843e-15 4.031e-15 1.358e-15 0.0 113.54 0.0
S290027 243.3557 87.2068 4.457e-15 3.104e-15 1.1e-15 0.0 113.53 0.0
S290028 243.2986 87.2887 1.23e-15 8.631e-16 3.133e-16 0.0 113.76 0.0
S290029 243.3067 87.2875 7.18e-17 6.016e-17 3.023e-17 0.0 113.79 0.0
S290030 243.1927 87.2415 4.506e-17 4.246e-17 2.668e-17 0.0 114.32 0.0
S290031 243.3017 87.2947 1.747e-21 3.557e-21 1.1170000000000001e-20 0.0 113.83 0.0
S290032 243.1943 87.2409 2.519e-19 3.592e-19 5.295e-19 0.0 114.28 0.0
S290033 243.1992 87.2413 1.63e-16 1.264e-16 5.331e-17 0.0 114.28 1.0
S290034 243.1963 87.237 7.519e-17 8.655e-17 8.245e-17 0.0 114.27 0.0
S290035 243.3023 87.2961 3.775e-16 2.883e-16 1.195e-16 0.0 113.83 1.0
S290036 243.1986 87.2374 2.724e-16 2.082e-16 8.889e-17 0.0 114.27 1.0
S290037 243.2926 87.2967 2.008e-17 1.802e-17 1.021e-17 0.0 113.86 0.0
S290038 243.2943 87.299 5.832e-17 4.862e-17 2.454e-17 0.0 113.85 0.0
S290039 243.2918 87.3017 2.421e-16 1.925e-16 9.029e-17 0.0 113.87 0.0
S290040 243.2985 87.3009 4.281e-17 3.625e-17 1.874e-17 0.0 113.89 0.0
S290041 243.2052 87.2305 7.877e-18 8.353e-18 6.774e-18 0.0 114.23 0.0
S290042 243.3008 87.3096 2.592e-16 2.554e-16 1.79e-16 0.0 113.89 0.0
S290043 243.2009 87.2303 1.627e-18 1.578e-18 1.079e-18 0.0 114.23 0.0
S290044 243.204 87.2214 2.525e-17 2.259e-17 1.318e-17 0.0 114.14 0.0
S290045 243.2016 87.2229 1.65e-18 1.806e-18 1.583e-18 0.0 114.19 0.0
S290046 243.2087 87.2279 1.271e-16 1.172e-16 7.099e-17 0.0 114.16 0.0
S290047 243.196 87.221 3.474e-17 2.94e-17 1.483e-17 0.0 114.21 0.0
S290048 243.2824 87.3149 3.752e-13 2.579e-13 8.794e-14 0.0 113.95 0.0
S290049 243.2122 87.2188 1.309e-17 1.083e-17 5.536e-18 0.001 114.13 0.0
S290050 243.2108 87.2208 2.543e-21 1.737e-21 5.878e-22 0.0 114.14 0.0
S290051 243.2167 87.2188 1.36e-17 1.277e-17 8.192e-18 0.0 114.12 0.0
S290052 243.2279 87.2173 9.181e-13 7.875e-13 4.206e-13 0.0 114.06 1.0
S290053 243.273 87.3207 6.274999999999999e-22 1.478e-21 6.302e-21 0.0 114.04 0.0
S290054 243.2716 87.3232 1.257e-24 6.202e-24 1.247e-22 0.0 114.05 0.0
S290055 243.2708 87.3192 5.24e-18 5.202e-18 3.627e-18 0.0 114.04 1.0
S290056 243.28 87.3178 7.454e-18 6.685e-18 3.989e-18 0.0 113.99 0.0
S290057 243.2677 87.3263 5.548e-17 4.64e-17 2.312e-17 0.0 114.09 1.0
S290058 243.2603 87.3307 1.551e-16 1.255e-16 6.145e-17 0.0 114.11 0.0
S290059 243.236 87.2141 1.771e-17 1.602e-17 9.258e-18 0.0 114.03 0.0
S290060 243.2599 87.3336 2.653e-21 5.175e-21 1.4780000000000003e-20 0.0 114.09 0.0
S290061 243.2264 87.2081 5.218e-19 6.259e-19 6.467e-19 0.0 114.04 0.0
S290062 243.2532 87.3318 3.312e-18 3.472e-18 2.672e-18 0.0 114.13 0.0
S290063 243.2481 87.1979 1.532e-16 1.731e-16 1.565e-16 0.0 113.89 0.0
S290064 243.2326 87.2054 1.826e-16 1.428e-16 6.431e-17 0.0 114.01 1.0
S290065 243.238 87.2079 6.489e-18 6.45e-18 4.676e-18 0.0 114.02 0.0
S290066 243.2343 87.3368 6.285e-17 5.422e-17 2.851e-17 0.0 114.21 0.0
S290067 243.2417 87.3318 1.365e-13 9.231e-14 3.072e-14 0.0 114.2 0.0
S290068 243.263 87.1959 6.531e-16 4.651e-16 1.751e-16 0.0 113.86 0.0
S290069 243.2475 87.3338 2.837e-19 3.681e-19 4.484e-19 0.0 114.17 0.0
S290070 243.2583 87.1961 4.289e-19 5.488e-19 6.34e-19 0.0 113.88 1.0
S290071 243.262 87.1875 4.3079999999999997e-23 1.1379999999999998e-22 6.148e-22 0.0 113.85 0.0
S290072 243.2631 87.1973 2.411e-16 1.809e-16 7.466e-17 0.0 113.85 0.0
S290073 243.2179 87.3471 1.711e-22 4.098e-22 1.858e-21 0.0 114.31 0.0
S290074 243.2782 87.1873 6.548e-19 7.806e-19 7.867e-19 0.0 113.82 0.0
S290075 243.2645 87.202 6.142999999999999e-22 1.3210000000000001e-21 4.733e-21 0.0 113.83 0.0
S290076 243.2101 87.3476 1.936e-21 3.879e-21 1.182e-20 0.0 114.33 0.0
S290077 243.2836 87.1894 1.124e-18 1.325e-18 1.313e-18 0.0 113.76 0.0
S290078 243.2022 87.3558 1.559e-16 1.212e-16 5.424e-17 0.0 114.38 1.0
S290079 243.2815 87.198 1.545e-16 1.204e-16 5.337e-17 0.0 113.79 1.0
S290080 243.2029 87.3419 1.631e-23 4.641e-23 2.8999999999999997e-22 0.0 114.37 0.0
S290081 243.2029 87.3383 2.837e-17 2.384e-17 1.264e-17 0.0 114.38 0.0
S290082 243.3026 87.1915 5.919e-16 4.349e-16 1.693e-16 0.0 113.69 0.0
S290083 243.1873 87.3472 6.6400000000000005e-21 1.201e-20 2.8260000000000004e-20 0.0 114.41 0.0
S290084 243.1863 87.3468 2.162e-21 1.484e-21 5.235999999999999e-22 0.0 114.41 0.0
S290085 243.3172 87.1837 7.803e-21 1.3550000000000001e-20 2.9630000000000005e-20 0.0 113.63 0.0
S290086 243.1911 87.3348 2.464e-15 1.716e-15 5.92e-16 0.0 114.42 0.0
S290087 243.3143 87.1921 2.041e-19 2.81e-19 3.909e-19 0.0 113.63 0.0
S290088 243.3097 87.2024 1.136e-16 8.866e-17 3.924e-17 0.0 113.62 0.0
S290089 243.1634 87.3487 1.007e-19 1.328e-19 1.701e-19 0.0 114.48 0.0
S290090 243.1751 87.3301 3.074e-17 4.504e-17 7.186e-17 0.0 114.5 0.0
S290091 243.1693 87.3332 1.731e-21 3.675e-21 1.2570000000000001e-20 0.0 114.5 0.0
S290092 243.1462 87.3563 2.3620000000000003e-26 1.477e-25 4.837e-24 0.0 114.53 0.0
S290093 243.1622 87.3336 1.349e-18 1.529e-18 1.399e-18 0.0 114.52 0.0
S290094 243.1465 87.3483 1.287e-19 1.674e-19 2.024e-19 0.0 114.5 0.0
S290095 243.1601 87.3261 5.272e-17 4.462e-17 2.376e-17 0.0 114.53 0.0
S290096 243.1539 87.3318 3.156e-17 3.088e-17 2.081e-17 0.0 114.55 0.0
S290097 243.3596 87.1937 1.5539999999999998e-23 4.44e-23 2.7889999999999997e-22 0.0 113.53 0.0
S290098 243.3588 87.1981 4.2060000000000005e-20 6.186e-20 9.940000000000001e-20 0.0 113.57 0.0
S290099 243.1421 87.3219 2.53e-22 6.2919999999999995e-22 2.994e-21 0.0 114.55 0.0
S290100 243.1391 87.3256 8.126e-23 2.14e-22 1.13e-21 0.0 114.62 0.0
S290101 243.3592 87.2114 2.769e-19 3.576e-19 4.414e-19 0.0 113.54 0.0
S290102 243.36 87.2231 3.361e-15 2.317e-15 7.914e-16 0.0 113.49 0.0
S290103 243.1248 87.3191 4.913e-17 4.182e-17 2.192e-17 0.0 114.58 0.0
S290104 243.3793 87.2153 1.674e-17 1.591e-17 1.02e-17 0.0 113.54 0.0
