Name Equatorial Polar BlueF GreenF RedF Parallax RadialVelocity Variable?
S129474 328.3303 102.8297 1.525e-18 1.863e-18 2.04e-18 0.0 45.15 0.0
S129475 328.306 102.8332 2.755e-20 4.7170000000000005e-20 1.037e-19 0.0 44.73 0.0
S129476 328.2804 102.8322 1.303e-18 1.687e-18 2.045e-18 0.0 45.69 0.0
S129477 328.263 102.853 3.89e-16 4.086e-16 3.269e-16 0.0 45.25 0.0
S129478 328.2951 102.8282 7.978e-16 6.367e-16 2.848e-16 0.0 44.53 1.0
S129479 328.3161 102.8554 1.399e-18 1.818e-18 2.213e-18 0.0 45.0 0.0
S129480 328.2895 102.8928 6.551e-16 7.213e-16 6.263e-16 0.0 45.09 0.0
S129481 328.3005 102.8438 4.484e-17 4.263e-17 2.768e-17 0.0 45.13 0.0
S129482 328.2838 102.8462 4.03e-18 4.634e-18 4.51e-18 0.0 45.2 0.0
S129483 328.2838 102.837 7.694e-19 9.883e-19 1.176e-18 0.0 45.64 0.0
S129484 328.2594 102.8746 1.355e-23 4.448e-23 3.913e-22 0.0 45.04 0.0
S129485 328.2742 102.8807 7.526999999999999e-23 1.9949999999999998e-22 1.108e-21 0.0 44.56 0.0
S129486 328.2804 102.8478 9.167e-18 9.509e-18 7.288e-18 0.0 44.49 0.0
S129487 328.3063 102.8562 1.2609999999999999e-22 3.9729999999999994e-22 3.136e-21 0.0 44.64 0.0
S129488 328.2765 102.84 5.149e-16 4.101e-16 1.865e-16 0.0 44.63 1.0
S129489 328.2599 102.8483 1.997e-19 2.907e-19 4.631e-19 0.0 45.19 0.0
S129490 328.3545 102.8364 2.917e-23 1.1229999999999998e-22 1.344e-21 0.0 44.8 0.0
S129491 328.274 102.857 2.827e-19 3.956e-19 5.614e-19 0.0 45.01 0.0
S129492 328.3021 102.8477 2.326e-20 4.2120000000000006e-20 1.038e-19 0.0 45.39 0.0
S129493 328.281 102.8652 2.93e-17 2.87e-17 1.99e-17 0.0 44.45 0.0
S129494 328.3044 102.8571 4.551e-17 4.104e-17 2.475e-17 0.0 44.49 0.0
S129495 328.3171 102.8431 1.049e-20 2.087e-20 5.994000000000001e-20 0.0 44.88 0.0
S129496 328.2759 102.8216 2.809e-18 3.318e-18 3.523e-18 0.0 44.76 0.0
S129497 328.2891 102.8442 1.199e-22 3.489e-22 2.423e-21 0.0 44.77 0.0
S129498 328.3301 102.8659 2.6820000000000003e-20 4.983e-20 1.32e-19 0.0 44.66 0.0
S129499 328.2871 102.8719 4.045e-17 4.045e-17 2.885e-17 0.0 45.5 0.0
S129500 328.3071 102.8612 4.438e-22 1.206e-21 7.004e-21 0.001 44.93 0.0
S129501 328.3295 102.8679 4.02e-21 8.371e-21 2.8e-20 0.0 44.99 0.0
S129502 328.2942 102.8027 6.743e-23 1.9089999999999997e-22 1.215e-21 0.0 44.51 0.0
S129503 328.2725 102.8875 3.031e-21 6.909e-21 2.667e-20 0.0 45.16 0.0
S129504 328.3355 102.8709 1.192e-20 2.3160000000000003e-20 6.86e-20 0.0 45.47 0.0
S129505 328.2934 102.9054 1.085e-16 9.91e-17 5.88e-17 0.0 44.87 0.0
S129506 328.3032 102.8274 9.045e-21 6.3190000000000005e-21 2.184e-21 0.001 44.77 0.0
S129507 328.3375 102.8718 7.712e-21 5.418e-21 1.963e-21 0.0 44.63 0.0
S129508 328.2795 102.8793 3.901e-17 3.512e-17 2.104e-17 0.0 45.17 0.0
S129509 328.3064 102.8263 6.338e-19 8.61e-19 1.152e-18 0.0 45.09 0.0
S129510 328.3029 102.8707 1.173e-17 1.158e-17 8.387e-18 0.0 44.96 0.0
S129511 328.2895 102.871 6.532000000000001e-20 1.08e-19 2.171e-19 0.0 44.92 0.0
S129512 328.3358 102.8168 2.362e-19 3.501e-19 5.848e-19 0.0 45.45 0.0
S129513 328.2815 102.876 1.3499999999999999e-22 3.7829999999999996e-22 2.311e-21 0.0 44.71 0.0
S129514 328.258 102.8548 2.379e-15 1.755e-15 6.708e-16 0.0 44.85 0.0
S129515 328.3028 102.8259 2.09e-22 5.153e-22 2.489e-21 0.0 45.14 0.0
S129516 328.3142 102.8616 2.813e-16 3.075e-16 2.708e-16 0.0 44.53 0.0
S129517 328.2859 102.8609 2.897e-19 4.024e-19 5.821e-19 0.0 44.81 0.0
S129518 328.2804 102.8412 2.858e-17 2.591e-17 1.592e-17 0.0 44.39 0.0
S129519 328.319 102.8236 6.793e-21 4.921e-21 1.8220000000000002e-21 0.0 44.62 0.0
S129520 328.2444 102.8721 9.583e-19 1.249e-18 1.6e-18 0.0 44.61 0.0
S129521 328.2889 102.8473 3.875e-12 3.428e-12 1.907e-12 0.0 45.22 1.0
S129522 328.298 102.8419 1.018e-13 1.836e-13 4.476e-13 0.0 45.41 0.0
S129523 328.3028 102.8548 2.0319999999999998e-23 6.928999999999999e-23 6.565e-22 0.0 44.86 1.0
S129524 328.2872 102.8452 3.126e-22 7.388999999999999e-22 3.1530000000000002e-21 0.0 44.82 0.0
S129525 328.2519 102.8527 4.622e-18 5.323e-18 5.15e-18 0.0 44.36 0.0
S129526 328.288 102.8635 8.193e-16 7.08e-16 3.669e-16 0.0 45.29 0.0
S129527 328.3023 102.8619 1.551e-21 3.732e-21 1.6270000000000002e-20 0.0 45.25 0.0
S129528 328.269 102.8399 8.89e-21 6.138e-21 2.111e-21 0.0 44.87 0.0
S129529 328.2802 102.8245 3.457e-20 5.878e-20 1.245e-19 0.0 44.9 0.0
S129530 328.289 102.8535 4.911e-21 3.592e-21 1.4340000000000001e-21 0.0 44.9 0.0
S129531 328.2843 102.8597 1.386e-18 1.616e-18 1.624e-18 0.0 45.38 0.0
S129532 328.3074 102.8407 5.206e-16 4.09e-16 1.83e-16 0.0 44.84 1.0
S129533 328.2579 102.8567 3.8820000000000004e-20 6.573e-20 1.448e-19 0.0 45.24 0.0
S129534 328.3015 102.8965 5.472e-25 2.556e-24 4.653e-23 0.0 44.54 0.0
S129535 328.3175 102.8333 5.618e-17 7.324e-17 8.981e-17 0.0 44.63 0.0
S129536 328.2869 102.8507 1.503e-17 1.518e-17 1.131e-17 0.0 44.67 0.0
S129537 328.3074 102.8377 9.272e-16 7.314e-16 3.19e-16 0.0 44.59 1.0
S129538 328.2693 102.8477 9.823000000000001e-20 1.504e-19 2.631e-19 0.0 45.28 0.0
S129539 328.332 102.8529 2.877e-21 5.98e-21 1.9240000000000002e-20 0.0 45.26 0.0
S129540 328.2891 102.8814 2.68e-22 7.652999999999999e-22 5.01e-21 0.0 44.64 0.0
S129541 328.2629 102.8919 9.876999999999999e-22 2.394e-21 1.032e-20 0.0 45.31 0.0
S129542 328.3205 102.7969 5.4210000000000005e-20 9.796000000000001e-20 2.369e-19 0.0 44.41 0.0
S129543 328.3095 102.8523 2.318e-18 2.803e-18 2.947e-18 0.0 44.41 0.0
S129544 328.3296 102.8585 1.693e-18 1.991e-18 2.001e-18 0.0 45.49 0.0
S129545 328.2761 102.8535 1.217e-17 1.279e-17 1.025e-17 0.0 44.75 0.0
S129546 328.306 102.8732 7.154e-18 8.493e-18 8.762e-18 0.0 45.47 0.0
S129547 328.2899 102.8696 1.872e-16 1.604e-16 8.331e-17 0.0 45.03 0.0
S129548 328.2719 102.8366 6.843e-21 4.872e-21 1.754e-21 0.0 45.59 0.0
S129549 328.2493 102.8508 2.165e-17 2.184e-17 1.612e-17 0.0 45.27 0.0
S129550 328.296 102.8041 1.312e-21 3.216e-21 1.552e-20 0.0 45.62 0.0
S129551 328.3199 102.8366 3.869e-19 5.156e-19 6.778e-19 0.0 44.42 0.0
S129552 328.293 102.8115 1.528e-16 1.34e-16 7.364e-17 0.0 45.3 0.0
S129553 328.3008 102.8329 2.516e-17 2.428e-17 1.588e-17 0.001 45.12 0.0
S129554 328.2633 102.8538 1.8690000000000002e-20 3.506e-20 9.304e-20 0.0 45.23 0.0
S129555 328.3301 102.8484 4.9990000000000006e-20 8.377000000000001e-20 1.774e-19 0.0 44.74 0.0
S129556 328.3007 102.8797 1.039e-23 3.623e-23 3.4699999999999996e-22 0.0 45.07 0.0
S129557 328.2905 102.896 2.134e-18 2.566e-18 2.738e-18 0.0 45.4 0.0
S129558 328.2894 102.8948 8.526000000000001e-20 1.392e-19 2.746e-19 0.0 44.8 0.0
S129559 328.2814 102.8286 9.528e-22 2.386e-21 1.128e-20 0.0 45.23 0.0
S129560 328.3076 102.8785 4.017e-19 5.87e-19 9.563e-19 0.0 45.03 0.0
S129561 328.2967 102.883 1.9309999999999997e-22 5.02e-22 2.584e-21 0.0 44.97 0.0
S129562 328.2721 102.8769 1.888e-16 1.565e-16 7.642e-17 0.0 45.4 0.0
S129563 328.2992 102.8969 5.219e-19 7.306e-19 1.028e-18 0.0 44.84 0.0
S129564 328.2803 102.8911 1.08e-20 7.383e-21 2.495e-21 0.0 45.15 0.0
S129565 328.2675 102.862 2.573e-15 1.877e-15 7.031e-16 0.0 44.85 0.0
S129566 328.2651 102.9008 1.136e-15 1.07e-15 6.859e-16 0.0 44.61 0.0
S129567 328.3291 102.817 3.933e-16 3.95e-16 2.888e-16 0.0 45.35 0.0
S129568 328.2727 102.8576 1.872e-15 1.371e-15 5.145e-16 0.0 45.06 0.0
S129569 328.2755 102.8323 1.5750000000000002e-20 2.7430000000000004e-20 6.383e-20 0.0 45.27 0.0
S129570 328.2569 102.8002 8.309e-17 1.027e-16 1.102e-16 0.0 45.62 0.0
S129571 328.2963 102.8536 1.088e-19 1.706e-19 3.073e-19 0.0 45.07 1.0
S129572 328.3092 102.8911 4.129e-18 4.467e-18 3.867e-18 0.0 44.62 0.0
S129573 328.2981 102.8558 1.712e-16 2.123e-16 2.462e-16 0.0 44.83 0.0
S129574 328.2983 102.8229 2.142e-19 3.355e-19 6.156e-19 0.0 45.16 0.0
S129575 328.3212 102.8403 3.5819999999999996e-22 8.699e-22 3.911e-21 0.0 45.23 0.0
S129576 328.304 102.8952 2.414e-21 5.785e-21 2.5490000000000002e-20 0.0 45.31 0.0
S129577 328.3039 102.8673 1.504e-16 1.262e-16 6.518e-17 0.0 45.29 0.0
S129578 328.2867 102.8129 1.658e-18 1.98e-18 1.989e-18 0.0 44.46 0.0
S129579 328.2883 102.8434 5.206e-18 6.086e-18 5.891e-18 0.0 44.95 0.0
S129580 328.3038 102.8504 1.903e-17 1.887e-17 1.363e-17 0.0 45.39 0.0
S129581 328.2804 102.9015 1.182e-15 9.626e-16 4.736e-16 0.0 45.29 0.0
S129582 328.2789 102.8567 6.324e-19 8.308e-19 1.056e-18 0.0 44.63 0.0
S129583 328.3201 102.8438 1.107e-22 3.4409999999999996e-22 2.617e-21 0.0 45.22 0.0
S129584 328.2929 102.8564 6.935e-19 9.83e-19 1.417e-18 0.0 45.06 0.0
S129585 328.2952 102.8297 5e-18 6.454e-18 7.662e-18 0.0 44.79 0.0
S129586 328.2832 102.8746 7.073e-21 5.09e-21 1.83e-21 0.0 44.92 0.0
S129587 328.2748 102.8491 2.575e-16 2.189e-16 1.125e-16 0.0 44.77 0.0
S129588 328.3184 102.8198 6.699e-17 6.245e-17 3.969e-17 0.0 44.53 0.0
S129589 328.2869 102.9024 9.433e-19 1.244e-18 1.609e-18 0.0 45.48 0.0
S129590 328.2962 102.873 1.14e-21 2.662e-21 1.1270000000000002e-20 0.0 44.55 0.0
S129591 328.3017 102.8289 3.7739999999999995e-23 1.1969999999999998e-22 9.712e-22 0.0 45.43 0.0
S129592 328.282 102.8564 7.619e-17 6.748e-17 3.842e-17 0.0 45.12 0.0
S129593 328.3121 102.8753 1.025e-16 9.146e-17 5.291e-17 0.0 44.58 0.0
S129594 328.2826 102.9072 4.26e-16 5.656e-16 7.414e-16 0.0 44.98 0.0
S129595 328.3019 102.857 3.153e-16 3.8e-16 3.898e-16 0.001 45.2 0.0
S129596 328.2928 102.8525 2.329e-19 3.301e-19 4.804e-19 0.0 45.18 0.0
S129597 328.2693 102.8769 3.722e-18 4.276e-18 4.116e-18 0.0 44.73 0.0
S129598 328.3074 102.8657 4.983e-21 3.769e-21 1.524e-21 0.0 44.92 0.0
S129599 328.2784 102.8386 7.928e-19 1.045e-18 1.311e-18 0.0 44.97 0.0
S129600 328.2835 102.8398 1.689e-17 1.709e-17 1.296e-17 0.0 44.95 0.0
S129601 328.2765 102.86 3.748e-21 8.013000000000001e-21 2.926e-20 0.0 45.09 0.0
S129602 328.2664 102.8354 1.4199999999999998e-22 3.9139999999999995e-22 2.307e-21 0.0 44.98 0.0
S129603 328.2913 102.8796 5.418e-18 6.192e-18 5.718e-18 0.0 44.92 0.0
S129604 328.2657 102.8717 2.599e-16 2.202e-16 1.146e-16 0.0 45.58 0.0
S129605 328.2872 102.8241 1.652e-21 3.839e-21 1.5920000000000002e-20 0.0 45.56 0.0
S129606 328.3093 102.8686 7.071e-21 1.412e-20 4.23e-20 0.0 44.95 0.0
S129607 328.3305 102.8525 1.51e-21 3.66e-21 1.684e-20 0.0 45.39 0.0
S129608 328.3023 102.8839 6.168e-17 6.803e-17 5.818e-17 0.0 45.37 0.0
S129609 328.3096 102.8841 8.9e-17 1.302e-16 2.045e-16 0.0 44.59 0.0
S129610 328.303 102.8483 9.245e-21 6.361e-21 2.197e-21 0.0 45.39 0.0
S129611 328.2667 102.8461 1.081e-18 1.349e-18 1.599e-18 0.0 45.11 0.0
S129612 328.2695 102.8717 3.995e-19 5.4e-19 7.55e-19 0.0 44.35 0.0
S129613 328.336 102.8433 2.343e-12 1.653e-12 6.152e-13 0.0 45.18 0.0
S129614 328.3248 102.8481 1.818e-18 2.293e-18 2.61e-18 0.0 44.73 0.0
S129615 328.2615 102.8644 7.236e-21 5.207e-21 1.946e-21 0.0 44.97 0.0
S129616 328.2953 102.8772 2.829e-21 5.717e-21 1.7790000000000002e-20 0.0 44.72 0.0
S129617 328.2677 102.8847 3.345e-17 3.139e-17 2.052e-17 0.0 44.97 0.0
S129618 328.3147 102.901 7.374e-17 6.54e-17 3.694e-17 0.0 44.58 0.0
S129619 328.3542 102.8518 1.3299999999999998e-22 4.1809999999999994e-22 3.2250000000000002e-21 0.0 45.59 0.0
S129620 328.326 102.854 4.772e-16 3.68e-16 1.54e-16 0.001 44.99 0.0
S129621 328.2997 102.8155 2.424e-17 3.016e-17 3.404e-17 0.0 44.8 0.0
S129622 328.308 102.8076 3.986e-21 7.986e-21 2.3800000000000002e-20 0.0 44.51 0.0
S129623 328.305 102.8604 3.007e-20 5.529e-20 1.407e-19 0.0 45.53 0.0
S129624 328.3173 102.8361 2.398e-24 1.023e-23 1.5339999999999998e-22 0.0 44.87 0.0
S129625 328.347 102.8389 1.968e-16 1.668e-16 8.723e-17 0.0 45.54 0.0
S129626 328.2652 102.8869 5.634e-17 5.221e-17 3.12e-17 0.0 45.63 0.0
S129627 328.2906 102.8932 9.866e-19 1.35e-18 1.839e-18 0.0 44.9 0.0
S129628 328.282 102.8473 1.483e-18 1.767e-18 1.809e-18 0.0 44.63 0.0
S129629 328.3054 102.8895 7.227000000000001e-25 3.362e-24 5.796999999999999e-23 0.0 45.08 0.0
S129630 328.2962 102.8474 1.9610000000000003e-20 3.8200000000000004e-20 1.079e-19 0.0 45.33 0.0
S129631 328.3168 102.8871 1.25e-17 1.308e-17 1.027e-17 0.0 45.54 0.0
S129632 328.3249 102.8679 9.673e-17 8.628e-17 4.763e-17 0.0 44.88 0.0
S129633 328.301 102.8705 2.277e-21 5.192e-21 2.1160000000000003e-20 0.0 45.0 0.0
S129634 328.2724 102.868 2.013e-18 2.447e-18 2.526e-18 0.0 45.52 0.0
S129635 328.3043 102.8266 1.592e-17 1.681e-17 1.351e-17 0.0 44.68 0.0
S129636 328.2842 102.8508 1.156e-16 1.053e-16 6.198e-17 0.0 44.46 0.0
S129637 328.304 102.8522 6.155e-21 1.1980000000000001e-20 3.5030000000000004e-20 0.0 44.7 0.0
S129638 328.3317 102.8318 1.405e-15 1.154e-15 5.6e-16 0.0 44.73 0.0
S129639 328.2852 102.8407 3.1710000000000002e-21 6.519e-21 2.1310000000000002e-20 0.0 45.12 0.0
S129640 328.3256 102.8832 8.732000000000001e-20 1.516e-19 3.368e-19 0.0 45.38 0.0
S129641 328.3199 102.8814 3.076e-17 2.976e-17 2.026e-17 0.0 45.37 0.0
S129642 328.3131 102.8561 4.577e-19 6.722e-19 1.108e-18 0.0 44.98 0.0
S129643 328.2951 102.845 2.491e-17 2.446e-17 1.686e-17 0.0 45.32 0.0
S129644 328.3037 102.8732 5.537e-16 5.76e-16 4.555e-16 0.0 45.39 0.0
S129645 328.2608 102.8821 1.674e-21 3.825e-21 1.595e-20 0.0 44.69 0.0
S129646 328.2841 102.8271 4.3840000000000006e-20 7.171e-20 1.426e-19 0.0 44.97 0.0
S129647 328.3215 102.8503 4.234e-21 8.437e-21 2.6030000000000003e-20 0.0 44.55 0.0
S129648 328.3265 102.8913 1.0720000000000001e-20 2.256e-20 7.771000000000001e-20 0.0 44.48 0.0
S129649 328.288 102.8858 5.65e-18 6.428e-18 6.107e-18 0.0 44.98 0.0
S129650 328.3295 102.822 1.811e-21 4.278e-21 1.8300000000000003e-20 0.0 45.13 0.0
S129651 328.2991 102.8328 2.925e-21 6.79e-21 2.74e-20 0.0 45.54 0.0
S129652 328.3318 102.8674 3.93e-21 8.503e-21 2.975e-20 0.0 45.32 0.0
S129653 328.2959 102.8539 5e-16 3.956e-16 1.84e-16 0.0 46.85 0.0
S129654 328.2958 102.8537 2.497e-15 1.977e-15 8.695e-16 0.0 46.24 1.0
S129655 328.2961 102.8539 2.993e-15 2.253e-15 9.007e-16 0.0 44.38 0.0
S129656 328.2962 102.8542 9.006e-19 1.143e-18 1.369e-18 0.0 44.03 0.0
S129657 328.2957 102.8543 5.978e-21 1.0860000000000001e-20 2.6800000000000002e-20 0.0 44.12 0.0
S129658 328.2964 102.8541 2.801e-17 2.878e-17 2.287e-17 0.0 43.3 0.0
S129659 328.2961 102.854 2.463e-15 1.802e-15 7.258e-16 0.0 44.93 0.0
S129660 328.2964 102.854 5.399e-15 3.814e-15 1.388e-15 0.0 45.31 0.0
S129661 328.2958 102.8538 3.507e-21 7.667e-21 2.713e-20 0.0 45.34 0.0
S129662 328.2963 102.854 2.989e-18 3.42e-18 3.374e-18 0.0 44.17 0.0
S129663 328.2961 102.854 1.88e-15 1.317e-15 4.611e-16 0.0 46.14 0.0
S129664 328.2957 102.8539 4.364e-17 4.009e-17 2.423e-17 0.0 46.29 0.0
S129665 328.2963 102.854 8.843e-15 6.139e-15 2.138e-15 0.0 46.01 0.0
S129666 328.316 102.6714 9.475e-19 1.216e-18 1.492e-18 0.0 44.32 0.0
S129667 328.5596 102.4572 1.036e-18 1.331e-18 1.616e-18 0.0 45.67 0.0
S129668 328.2419 102.716 1.156e-21 2.875e-21 1.3780000000000002e-20 0.0 44.54 0.0
S129669 328.5548 102.7032 2.586e-16 3.387e-16 4.212e-16 0.001 45.98 0.0
S129670 328.0654 102.7136 2.709e-16 3.363e-16 3.746e-16 0.0 44.76 0.0
S129671 328.2408 102.6385 2.96e-19 4.437e-19 7.285e-19 0.0 44.26 0.0
S129672 328.2617 102.8477 9.304e-19 1.229e-18 1.577e-18 0.0 45.18 0.0
S129673 328.1113 103.2079 1.912e-20 3.497e-20 8.954000000000001e-20 0.0 44.66 0.0
S129674 328.3311 102.9003 1.0849999999999998e-22 3.0419999999999997e-22 1.906e-21 0.0 44.95 0.0
S129675 328.5331 102.5046 5.842e-21 1.1220000000000001e-20 3.1990000000000004e-20 0.0 44.57 0.0
S129676 328.3867 103.0056 5.075e-16 5.008e-16 3.546e-16 0.0 44.44 0.0
S129677 328.4866 102.5717 5.368e-20 9.562000000000001e-20 2.304e-19 0.0 44.61 0.0
S129678 328.4878 102.9063 9.389e-22 2.27e-21 1.023e-20 0.0 45.46 0.0
S129679 328.2545 102.9697 7.384e-23 2.1709999999999996e-22 1.485e-21 0.0 44.33 0.0
S129680 328.6139 102.7688 7.828e-21 5.535e-21 2.0480000000000002e-21 0.0 45.45 0.0
S129681 328.3078 102.8886 7.197e-21 1.483e-20 4.7080000000000007e-20 0.0 44.66 0.0
S129682 328.4736 102.7837 1.999e-12 1.62e-12 7.618e-13 0.0 45.68 1.0
S129683 328.3483 103.0037 2.401e-19 3.247e-19 4.395e-19 0.0 45.5 0.0
S129684 328.4315 102.7785 1.379e-18 1.59e-18 1.553e-18 0.0 44.77 0.0
S129685 328.3748 102.989 4.327999999999999e-22 1.291e-21 9.411e-21 0.0 45.74 0.0
S129686 328.3684 102.9626 7.142e-23 2.0239999999999997e-22 1.269e-21 0.0 45.73 0.0
S129687 328.0672 102.6967 1.0229999999999999e-22 2.785e-22 1.632e-21 0.0 44.65 0.0
S129688 328.4742 102.9762 1.575e-17 1.638e-17 1.27e-17 0.0 45.02 0.0
S129689 328.3522 102.897 4.715e-24 1.976e-23 2.828e-22 0.0 44.62 0.0
S129690 328.0936 103.0899 1.6020000000000003e-20 2.9280000000000005e-20 7.618e-20 0.0 44.43 0.0
S129691 328.2177 103.1008 3.387e-21 7.413e-21 2.6800000000000002e-20 0.0 44.87 0.0
S129692 328.5262 102.7312 2.495e-17 2.495e-17 1.752e-17 0.0 45.93 0.0
S129693 328.2696 102.8005 6.457e-24 2.674e-23 3.6429999999999997e-22 0.0 44.31 0.0
S129694 328.1405 103.0235 2.011e-19 2.829e-19 4.125e-19 0.0 44.99 0.0
S129695 328.1749 103.1169 1.0489999999999999e-22 2.784e-22 1.534e-21 0.0 45.45 0.0
S129696 328.2536 102.8387 1.95e-19 2.913e-19 4.852e-19 0.0 45.83 0.0
S129697 328.1643 102.8574 4.122e-19 5.512e-19 7.139e-19 0.0 45.06 0.0
S129698 328.6157 102.6369 9.132e-23 2.748e-22 1.984e-21 0.0 44.82 0.0
S129699 328.2613 103.1397 2.4220000000000002e-21 5.505e-21 2.1900000000000002e-20 0.0 45.48 0.0
S129700 328.1574 103.0868 1.118e-20 2.1890000000000003e-20 6.29e-20 0.0 44.46 0.0
S129701 328.2155 102.7768 5.708e-17 4.97e-17 2.652e-17 0.0 44.99 0.0
S129702 328.0431 103.1513 7.928e-22 1.983e-21 9.565e-21 0.0 45.03 0.0
S129703 328.2039 102.7577 5.476e-22 1.5e-21 8.828e-21 0.0 44.94 0.0
S129704 328.229 102.9849 7.084e-18 8.077e-18 7.413e-18 0.0 45.1 0.0
S129705 328.4073 102.597 1.224e-17 1.283e-17 1.027e-17 0.0 44.52 0.0
S129706 328.4156 102.6599 1.692e-24 6.809e-24 9.089e-23 0.0 44.86 0.0
S129707 328.4435 102.8815 2.047e-24 8.393e-24 1.15e-22 0.0 45.2 0.0
S129708 328.3256 102.5628 7.058e-18 7.301e-18 5.88e-18 0.0 44.79 0.0
S129709 328.0723 103.0162 6.521e-23 1.9059999999999998e-22 1.284e-21 0.0 44.48 0.0
S129710 328.3415 103.0511 1.964e-21 4.059e-21 1.3140000000000001e-20 0.0 44.86 0.0
S129711 328.4863 102.6665 1.179e-18 1.561e-18 1.957e-18 0.0 44.62 0.0
S129712 328.5441 102.6827 3.5679999999999997e-22 8.222999999999999e-22 3.382e-21 0.0 45.96 0.0
S129713 328.3652 102.8696 4.5780000000000006e-20 7.41e-20 1.391e-19 0.0 45.63 0.0
S129714 328.5667 103.0566 2.213e-23 6.997e-23 5.453999999999999e-22 0.0 44.95 0.0
S129715 328.1151 102.9758 1.108e-17 1.146e-17 8.978e-18 0.0 45.29 0.0
S129716 327.9983 102.8615 2.5879999999999997e-22 7.116999999999999e-22 4.07e-21 0.0 45.82 0.0
S129717 328.1809 102.7387 2.858e-21 6.3300000000000004e-21 2.3780000000000003e-20 0.0 45.0 0.0
S129718 328.2218 102.7619 1.115e-19 1.749e-19 3.058e-19 0.0 45.13 0.0
S129719 328.334 102.7564 7.429999999999999e-22 1.688e-21 6.606e-21 0.0 45.34 0.0
S129720 328.2794 102.8623 3.214e-20 5.518e-20 1.255e-19 0.0 45.34 0.0
S129721 328.5102 102.4461 2.053e-21 4.993e-21 2.287e-20 0.0 44.65 0.0
S129722 328.2873 102.731 6.825e-21 1.397e-20 4.4280000000000004e-20 0.0 44.27 0.0
S129723 328.1286 103.1247 9.215999999999998e-22 2.165e-21 9.004e-21 0.0 45.97 0.0
S129724 328.1788 102.8446 2.591e-22 7.176999999999999e-22 4.2e-21 0.0 45.86 0.0
S129725 328.4006 102.768 3.362e-22 8.652999999999998e-22 4.575e-21 0.0 45.21 0.0
S129726 328.1389 102.7388 1.4890000000000002e-20 9.637e-21 2.974e-21 0.0 44.81 0.0
S129727 328.271 103.008 3.588e-18 4.017e-18 3.767e-18 0.0 44.85 0.0
S129728 328.1412 102.691 2.207e-21 5.002e-21 1.9200000000000002e-20 0.0 44.86 0.0
S129729 328.3336 102.9713 1.0150000000000001e-20 6.889e-21 2.342e-21 0.0 45.11 0.0
S129730 328.4671 102.6577 2.295e-21 5.346e-21 2.253e-20 0.0 44.31 0.0
S129731 328.424 102.7518 2.698e-18 3.142e-18 3.14e-18 0.0 45.36 0.0
S129732 328.155 102.8831 3.0159999999999995e-22 7.769999999999999e-22 3.9890000000000004e-21 0.0 45.05 0.0
S129733 328.2872 102.7763 1.344e-21 3.025e-21 1.1650000000000002e-20 0.0 44.26 0.0
S129734 328.434 102.7931 2.333e-17 2.277e-17 1.555e-17 0.0 44.25 0.0
S129735 328.2677 102.8728 1.117e-17 1.169e-17 9.394e-18 0.0 44.38 0.0
S129736 328.5056 102.7453 5.402e-22 1.496e-21 9.131000000000001e-21 0.0 45.34 0.0
S129737 328.1981 102.7243 5.018e-12 3.812e-12 1.586e-12 0.0 44.46 1.0
S129738 328.2308 102.7118 3.0479999999999997e-22 7.248999999999999e-22 3.119e-21 0.0 45.77 0.0
S129739 328.1809 102.8658 1.303e-23 4.357e-23 3.9829999999999996e-22 0.0 44.44 0.0
S129740 328.3462 103.0059 4.922e-17 4.42e-17 2.561e-17 0.0 44.47 0.0
S129741 328.2409 102.7418 3.718e-16 3.433e-16 2.145e-16 0.0 44.39 0.0
S129742 328.415 102.8332 8.748999999999999e-23 2.516e-22 1.607e-21 0.0 44.13 0.0
S129743 328.3602 102.6406 4.651999999999999e-22 1.209e-21 6.173e-21 0.0 44.45 0.0
S129744 328.581 102.91 5.51e-20 9.401000000000001e-20 2.033e-19 0.0 44.62 0.0
S129745 328.3335 102.902 8.494e-18 9.358e-18 8.174e-18 0.0 44.8 0.0
S129746 328.3957 103.0143 3.132e-24 1.2409999999999999e-23 1.5319999999999999e-22 0.0 44.65 0.0
S129747 328.4115 102.5817 2.147e-18 2.576e-18 2.682e-18 0.0 45.13 0.0
S129748 328.1836 102.699 4.442e-18 4.909e-18 4.372e-18 0.0 45.05 0.0
S129749 328.5059 102.7601 6.6630000000000004e-21 1.2830000000000001e-20 3.5780000000000005e-20 0.0 44.85 0.0
S129750 328.2252 102.7738 1.22e-25 7.204000000000001e-25 2.0759999999999999e-23 0.0 44.82 0.0
S129751 328.4663 103.0347 1.392e-22 4.1069999999999994e-22 2.796e-21 0.0 45.22 0.0
S129752 328.3054 103.0209 6.231e-21 1.2700000000000002e-20 3.8940000000000006e-20 0.0 45.42 0.0
S129753 328.3893 102.7498 2.741e-18 3.274e-18 3.313e-18 0.0 45.26 0.0
S129754 328.2575 102.8098 6.388e-19 8.386e-19 1.078e-18 0.0 45.34 0.0
S129755 328.1634 102.8253 2.484e-19 3.608e-19 5.731e-19 0.0 44.58 0.0
S129756 328.4003 102.9341 7.199e-21 1.5240000000000002e-20 5.2290000000000004e-20 0.0 45.07 0.0
S129757 328.2015 103.0038 1.264e-21 3.055e-21 1.3260000000000001e-20 0.0 45.18 0.0
S129758 328.1205 102.9928 5.603e-21 1.106e-20 3.203e-20 0.0 44.71 0.0
S129759 328.1846 102.9182 6.502e-18 6.807e-18 5.336e-18 0.0 44.95 0.0
S129760 328.2409 102.9311 1.492e-21 3.2370000000000002e-21 1.156e-20 0.0 45.43 0.0
S129761 328.0823 103.2925 2.281e-20 4.0470000000000005e-20 9.601e-20 0.0 44.33 0.0
S129762 328.0913 102.917 6.182e-21 1.261e-20 3.892e-20 0.0 44.44 0.0
S129763 328.4018 102.7047 4.104e-18 4.599e-18 4.167e-18 0.0 45.6 0.0
S129764 328.1127 102.8899 6.148000000000001e-20 1.027e-19 2.092e-19 0.0 45.71 0.0
S129765 328.3545 102.8803 4.318e-18 4.973e-18 4.62e-18 0.0 45.77 0.0
S129766 328.0877 103.0063 5.415e-19 7.384e-19 9.852e-19 0.0 44.76 0.0
S129767 328.1465 102.8679 2.628e-24 1.17e-23 1.8509999999999998e-22 0.0 44.44 0.0
S129768 328.4275 102.8406 3.716e-18 4.214e-18 4.058e-18 0.0 45.02 0.0
S129769 328.4937 102.5857 1.3580000000000002e-20 2.727e-20 8.243000000000001e-20 0.0 44.98 0.0
S129770 328.1894 103.0406 1.9510000000000002e-20 3.631e-20 9.758e-20 0.0 45.31 0.0
S129771 328.3785 102.7233 1.615e-23 5.332e-23 4.423e-22 0.0 44.47 0.0
S129772 328.5796 102.8033 1.318e-19 2.137e-19 4.226e-19 0.0 45.78 0.0
S129773 328.2429 102.6119 5.85e-24 2.395e-23 3.2249999999999996e-22 0.0 45.67 0.0
S129774 328.2573 102.8664 4.809e-17 4.434e-17 2.714e-17 0.0 45.12 0.0
S129775 328.4293 102.6862 1.642e-17 1.696e-17 1.283e-17 0.0 45.09 0.0
S129776 328.0979 102.9717 3.1969999999999997e-22 8.257999999999999e-22 4.367e-21 0.0 44.92 0.0
S129777 328.2012 103.0842 1.022e-24 4.624e-24 8.020999999999999e-23 0.0 44.77 0.0
S129778 328.2947 102.7098 4.6270000000000005e-20 7.708000000000001e-20 1.563e-19 0.0 44.68 0.0
S129779 328.2731 103.0312 1.491e-19 2.282e-19 4.139e-19 0.001 45.29 0.0
S129780 328.4104 102.6668 1.8869999999999998e-23 6.101e-23 4.896e-22 0.0 44.62 0.0
S129781 328.3599 102.4809 6.764999999999999e-23 1.8739999999999999e-22 1.126e-21 0.0 45.37 0.0
S129782 328.4858 102.5934 1.09e-18 1.392e-18 1.695e-18 0.0 45.89 0.0
S129783 328.1134 102.665 8.275e-25 3.84e-24 6.711e-23 0.0 44.2 0.0
S129784 328.2163 103.0705 2.942e-18 3.569e-18 3.898e-18 0.001 45.23 0.0
S129785 328.145 103.1774 1.916e-21 4.477e-21 1.891e-20 0.0 44.82 0.0
S129786 328.5976 102.7391 9.226e-19 1.159e-18 1.33e-18 0.0 44.59 0.0
S129787 328.3438 102.9128 5.454999999999999e-22 1.32e-21 5.994e-21 0.0 45.79 0.0
S129788 328.3237 102.8598 4.102e-23 1.232e-22 8.776999999999999e-22 0.0 45.54 0.0
S129789 328.3708 102.8606 3.757e-24 1.4939999999999998e-23 1.934e-22 0.0 45.16 0.0
S129790 328.4838 102.5466 1.502e-24 6.287e-24 8.725999999999999e-23 0.0 44.96 0.0
S129791 328.2699 103.0062 1.102e-19 1.739e-19 3.188e-19 0.0 44.9 0.0
S129792 328.4579 102.8673 7.174999999999999e-22 1.712e-21 7.594e-21 0.0 44.29 0.0
S129793 328.2848 102.7631 7.724999999999999e-22 1.848e-21 8.244e-21 0.0 44.98 0.0
S129794 328.4165 102.9285 2.96e-20 5.1360000000000007e-20 1.165e-19 0.0 45.46 0.0
S129795 328.5004 102.9213 2.0969999999999998e-23 7.249e-23 6.906999999999999e-22 0.0 44.14 0.0
S129796 328.1104 102.8254 7.389e-20 1.17e-19 2.198e-19 0.001 44.72 0.0
S129797 328.2567 102.7904 5.071e-19 6.906e-19 9.377e-19 0.0 45.18 0.0
S129798 328.1176 102.988 3.808e-16 4.146e-16 3.46e-16 0.0 45.11 0.0
S129799 328.4845 102.6938 1.3480000000000001e-21 3.0230000000000002e-21 1.151e-20 0.0 44.28 0.0
S129800 328.214 102.9425 1.072e-22 3.3499999999999995e-22 2.581e-21 0.0 45.73 0.0
S129801 328.2871 103.2206 8.966e-21 1.6510000000000002e-20 4.2960000000000005e-20 0.0 44.6 0.0
S129802 328.2719 103.1379 5.537e-22 1.5e-21 8.356e-21 0.0 45.85 0.0
S129803 328.4398 102.58 1.045e-12 6.94e-13 2.287e-13 0.0 45.18 0.0
S129804 328.4251 102.9069 5.032e-21 1.0960000000000002e-20 3.8390000000000006e-20 0.001 45.81 0.0
S129805 328.3609 102.8823 3.5e-19 4.718e-19 6.148e-19 0.0 44.37 0.0
S129806 328.2672 102.7292 1.999e-18 2.334e-18 2.331e-18 0.0 45.35 0.0
S129807 328.3504 102.9161 5.137e-22 1.2080000000000001e-21 4.9630000000000004e-21 0.0 44.84 0.0
S129808 328.2091 102.8397 4.119e-18 4.981e-18 5.205e-18 0.0 44.92 0.0
S129809 328.3999 102.5784 2.067e-17 2.065e-17 1.424e-17 0.0 44.72 0.0
S129810 328.5237 102.7668 2.807e-22 8.293999999999999e-22 5.693e-21 0.0 45.57 0.0
S129811 328.5033 102.8311 7.877999999999999e-22 1.851e-21 7.97e-21 0.0 45.35 0.0
S129812 328.5558 102.5013 1.277e-19 1.816e-19 2.675e-19 0.0 45.44 0.0
S129813 328.0791 102.92 6.893e-21 1.2970000000000001e-20 3.4610000000000004e-20 0.0 44.83 0.0
S129814 328.1576 102.7161 3.8280000000000003e-20 6.373e-20 1.333e-19 0.0 44.97 0.0
S129815 328.1837 102.8165 4.555e-18 5.081e-18 4.634e-18 0.0 45.02 0.0
S129816 328.3708 102.8335 3.385e-18 3.917e-18 3.636e-18 0.0 44.57 0.0
S129817 328.16 102.8884 1.498e-16 1.297e-16 6.973e-17 0.0 44.35 0.0
S129818 328.433 103.0334 6.936e-21 1.4160000000000002e-20 4.5650000000000005e-20 0.0 45.88 0.0
S129819 328.0636 102.9565 1.902e-18 2.34e-18 2.588e-18 0.0 45.11 0.0
S129820 328.2936 103.0063 3.687e-21 7.729e-21 2.6450000000000002e-20 0.0 44.32 0.0
S129821 328.39 102.872 1.045e-21 2.5470000000000002e-21 1.173e-20 0.0 45.11 0.0
S129822 328.3557 102.7309 2.028e-19 3.049e-19 5.198e-19 0.0 44.2 0.0
S129823 328.3688 102.8748 6.079e-18 6.269e-18 4.9e-18 0.0 44.94 0.0
S129824 328.3134 102.9482 1.973e-18 2.386e-18 2.496e-18 0.0 44.32 0.0
S129825 328.4127 102.5771 5.325e-21 1.0580000000000002e-20 3.1990000000000004e-20 0.0 45.14 0.0
S129826 328.1401 102.9861 1.171e-18 1.515e-18 1.88e-18 0.0 45.52 0.0
S129827 328.3781 102.8091 3.2760000000000003e-20 6.048e-20 1.573e-19 0.0 45.42 0.0
S129828 328.2803 102.7261 8.927000000000001e-20 1.409e-19 2.623e-19 0.0 44.5 0.0
S129829 328.4821 102.6898 2.8440000000000002e-21 6.006e-21 2.0650000000000002e-20 0.0 44.78 0.0
S129830 328.4481 102.6341 1.0899999999999999e-23 4.055e-23 4.618e-22 0.0 44.51 0.0
S129831 328.3856 102.9411 1.597e-21 3.6790000000000004e-21 1.49e-20 0.0 44.26 0.0
S129832 328.3701 102.9723 3.99e-23 1.2869999999999999e-22 1.063e-21 0.0 45.48 0.0
S129833 328.2591 102.6478 1.146e-18 1.475e-18 1.722e-18 0.0 44.53 0.0
S129834 328.0675 102.608 3.4140000000000003e-20 5.925e-20 1.377e-19 0.0 45.57 0.0
S129835 328.3529 102.7577 1.413e-16 1.723e-16 1.846e-16 0.0 45.07 0.0
S129836 328.4812 102.705 9.188000000000001e-20 1.474e-19 2.894e-19 0.001 44.75 0.0
S129837 328.0871 102.8465 5.489e-20 8.616000000000001e-20 1.608e-19 0.0 45.13 0.0
S129838 328.1379 102.8137 5.954e-21 1.2500000000000001e-20 4.1450000000000004e-20 0.0 45.06 0.0
S129839 328.3421 102.8855 6.700999999999999e-22 1.596e-21 7.128e-21 0.0 45.74 0.0
S129840 328.4548 102.4961 1.233e-21 2.888e-21 1.216e-20 0.0 44.34 0.0
S129841 328.3812 102.5158 4.348e-19 6.083e-19 8.55e-19 0.0 44.83 0.0
S129842 328.2432 102.84 4.502e-21 1.0270000000000001e-20 4.0490000000000003e-20 0.0 45.16 0.0
S129843 328.4431 102.6749 1.337e-21 3.438e-21 1.764e-20 0.0 45.5 0.0
S129844 328.2909 102.7243 4.2099999999999996e-23 1.4049999999999998e-22 1.2320000000000001e-21 0.0 45.48 0.0
S129845 328.266 102.8409 1.091e-19 1.736e-19 3.206e-19 0.0 45.53 0.0
S129846 328.3208 103.0269 2.48e-18 2.918e-18 2.917e-18 0.0 45.85 0.0
S129847 328.4962 102.7627 5.747e-16 5.612e-16 3.809e-16 0.0 45.48 0.0
S129848 328.2033 102.8144 2.374e-22 5.7129999999999995e-22 2.595e-21 0.0 44.91 0.0
S129849 327.9887 102.7153 1.0550000000000001e-20 1.9720000000000002e-20 4.941e-20 0.0 45.6 0.0
S129850 328.3625 102.6715 1.799e-21 4.404e-21 1.9820000000000003e-20 0.0 45.3 0.0
S129851 328.3405 103.0186 4.9870000000000004e-20 8.196e-20 1.727e-19 0.0 44.83 0.0
S129852 328.2125 103.1561 1.937e-17 2.109e-17 1.767e-17 0.0 45.57 0.0
S129853 328.5421 102.7005 1.764e-21 4.277e-21 1.8750000000000003e-20 0.0 45.33 0.0
S129854 328.347 103.1572 1.329e-21 3.265e-21 1.5480000000000002e-20 0.0 45.44 0.0
S129855 328.5459 102.8571 3.668e-18 4.384e-18 4.441e-18 0.0 44.11 0.0
S129856 328.2825 102.598 4.594e-19 6.179e-19 8.306e-19 0.0 44.52 0.0
S129857 328.2713 102.7243 5.929e-20 9.698000000000001e-20 1.98e-19 0.0 45.83 0.0
S129858 328.4891 102.7099 2.187e-20 4.126e-20 1.058e-19 0.0 45.49 0.0
S129859 328.0422 102.6507 1.166e-20 2.163e-20 5.523000000000001e-20 0.0 45.05 0.0
S129860 328.2278 102.8244 3.486e-23 1.265e-22 1.355e-21 0.0 45.31 0.0
S129861 328.1765 102.9721 7.021e-22 1.65e-21 6.896e-21 0.0 44.81 0.0
S129862 328.0358 103.1976 1.24e-21 2.543e-21 7.807e-21 0.0 45.04 0.0
S129863 328.7156 103.0728 9.458e-23 2.8229999999999995e-22 1.989e-21 0.0 45.43 0.0
S129864 328.4244 102.6658 9.103e-21 6.3430000000000005e-21 2.203e-21 0.0 45.24 0.0
S129865 328.5427 102.8119 9.401e-21 6.408e-21 2.138e-21 0.0 44.61 0.0
S129866 328.2651 102.9076 7.196e-19 9.219e-19 1.093e-18 0.0 44.39 0.0
S129867 328.0722 102.7749 7.486999999999999e-22 1.6330000000000001e-21 6.096e-21 0.0 44.73 0.0
S129868 328.4572 102.6272 5.151e-16 5.41e-16 4.38e-16 0.0 45.87 0.0
S129869 328.4043 102.7299 3.922e-19 5.399e-19 7.281e-19 0.0 45.79 0.0
S129870 328.1277 102.9043 4.969e-21 1.0100000000000001e-20 3.1970000000000006e-20 0.0 45.22 0.0
S129871 328.0646 102.945 1.745e-23 6.059999999999999e-23 6.063999999999999e-22 0.0 44.32 0.0
S129872 328.0694 102.8327 1.019e-17 1.124e-17 9.795e-18 0.0 44.29 0.0
S129873 328.0672 102.9715 5.758e-19 7.61e-19 9.992e-19 0.0 45.51 0.0
S129874 328.2465 102.8547 6.966e-23 1.7639999999999997e-22 8.765e-22 0.0 44.42 0.0
S129875 328.1749 103.0222 7.564e-21 1.4790000000000002e-20 4.1590000000000004e-20 0.0 44.23 0.0
S129876 328.3803 102.9375 3.944e-21 8.513000000000001e-21 3.1510000000000004e-20 0.0 44.3 0.0
S129877 328.0175 102.8885 5.2659999999999996e-23 1.622e-22 1.196e-21 0.0 45.11 0.0
S129878 328.1624 103.0453 1.303e-22 3.334e-22 1.6720000000000001e-21 0.0 44.82 0.0
S129879 328.0116 102.712 2.342e-19 3.456e-19 5.307e-19 0.0 45.18 0.0
S129880 328.3234 102.5411 5.025e-21 1.0070000000000001e-20 3.0340000000000003e-20 0.0 45.27 0.0
S129881 328.4661 102.8017 8.327e-18 9.095e-18 7.719e-18 0.0 44.3 0.0
S129882 328.2776 103.0399 1.768e-17 1.742e-17 1.219e-17 0.0 45.47 0.0
S129883 328.5073 102.9709 1.173e-19 1.827e-19 3.281e-19 0.0 45.39 0.0
S129884 328.4022 102.5855 3.8250000000000006e-20 6.695000000000001e-20 1.47e-19 0.0 44.28 0.0
S129885 328.3341 102.9438 3.312e-22 8.476999999999999e-22 4.344e-21 0.0 45.25 0.0
S129886 328.4699 102.6207 7.608e-17 6.361e-17 3.226e-17 0.0 44.65 0.0
S129887 328.3933 102.56 3.034e-23 8.451999999999999e-23 5.302e-22 0.0 45.78 0.0
S129888 328.5254 102.7719 2.4820000000000003e-20 4.2330000000000005e-20 9.327000000000001e-20 0.0 45.33 0.0
S129889 328.5625 102.7897 6.105e-25 2.883e-24 5.305e-23 0.0 44.32 0.0
S129890 328.4303 103.0746 1.085e-19 1.719e-19 3.217e-19 0.0 44.52 0.0
S129891 328.0584 102.8916 2.475e-23 7.555999999999999e-23 5.695999999999999e-22 0.0 45.09 0.0
S129892 328.0966 103.2434 6.5e-20 1.074e-19 2.232e-19 0.0 44.65 1.0
S129893 328.3015 102.6272 1.5160000000000003e-20 3.0330000000000004e-20 9.061e-20 0.0 44.78 0.0
S129894 328.5779 102.5913 5.564e-17 5.205e-17 3.261e-17 0.0 44.54 0.0
S129895 328.0996 102.9731 1.331e-18 1.673e-18 1.863e-18 0.0 45.3 0.0
S129896 328.327 102.7614 6.398e-21 1.318e-20 4.3710000000000005e-20 0.0 44.77 0.0
S129897 328.377 102.8075 1.4009999999999998e-22 4.2149999999999997e-22 2.973e-21 0.0 44.23 0.0
S129898 328.1019 103.0015 1.835e-16 2.216e-16 2.255e-16 0.001 44.25 0.0
S129899 328.428 102.8405 1.439e-17 1.487e-17 1.113e-17 0.0 44.78 0.0
S129900 328.3171 102.8534 3.664e-18 4.098e-18 3.66e-18 0.0 44.65 0.0
S129901 328.3175 102.8145 2.324e-16 1.918e-16 9.49e-17 0.0 44.82 0.0
S129902 328.2596 102.98 7.85e-23 2.264e-22 1.472e-21 0.0 45.05 0.0
S129903 328.1508 102.9288 8.641e-16 7.078e-16 3.384e-16 0.0 44.0 0.0
S129904 328.3328 102.6155 2.161e-22 5.814999999999999e-22 3.203e-21 0.0 44.63 0.0
S129905 328.2133 102.8031 3.04e-12 2.176e-12 8.06e-13 0.0 44.86 0.0
S129906 328.1797 102.6593 2.303e-22 5.630999999999999e-22 2.505e-21 0.0 45.82 0.0
S129907 328.3848 102.7593 1.469e-20 2.85e-20 7.984000000000001e-20 0.0 45.14 0.0
S129908 328.3286 102.8296 2.997e-17 2.884e-17 1.971e-17 0.0 44.41 0.0
S129909 328.0719 102.845 6.725e-22 1.852e-21 1.0840000000000001e-20 0.0 44.91 0.0
S129910 328.2054 102.9212 3.419e-21 6.846e-21 2.0720000000000002e-20 0.0 44.96 0.0
S129911 328.1799 102.929 2.099e-17 2.073e-17 1.512e-17 0.0 44.95 0.0
S129912 328.2595 102.8522 1.889e-22 5.036e-22 2.857e-21 0.0 44.59 0.0
S129913 328.1441 102.7112 1.171e-17 1.15e-17 8.042e-18 0.0 45.33 0.0
S129914 328.1266 102.9948 1.491e-21 2.954e-21 8.744e-21 0.0 44.06 0.0
S129915 328.5432 102.8866 1.282e-21 3.092e-21 1.3480000000000002e-20 0.0 44.23 0.0
S129916 328.4036 102.8983 4.1640000000000005e-20 6.932000000000001e-20 1.506e-19 0.0 45.47 0.0
S129917 328.4513 102.9515 4.1860000000000004e-20 7.065000000000001e-20 1.507e-19 0.0 44.14 0.0
S129918 328.0817 102.9857 2.863e-17 2.65e-17 1.646e-17 0.0 45.1 0.0
S129919 328.2843 102.8758 9.783e-19 1.246e-18 1.449e-18 0.0 44.82 0.0
S129920 328.2419 103.0763 1.586e-21 3.487e-21 1.2770000000000002e-20 0.0 45.39 0.0
S129921 328.0994 102.9126 1.906e-19 2.842e-19 4.698e-19 0.0 45.15 0.0
S129922 328.1848 102.7262 1.665e-21 3.8930000000000004e-21 1.5550000000000002e-20 0.0 45.15 0.0
S129923 328.1696 102.8958 1.573e-23 5.085e-23 4.322e-22 0.0 45.6 0.0
S129924 328.4626 102.9646 4.888e-23 1.407e-22 8.830999999999998e-22 0.0 44.08 0.0
S129925 328.5435 102.3716 6.154e-19 8.564e-19 1.197e-18 0.0 44.49 0.0
S129926 328.1816 102.8726 2.918e-22 8.665e-22 6.082e-21 0.0 45.07 0.0
S129927 328.1991 102.8868 4.284e-18 5.008e-18 4.808e-18 0.0 45.75 0.0
S129928 328.1723 103.0058 3.611e-18 4.306e-18 4.429e-18 0.0 44.63 0.0
S129929 328.497 102.9118 4.466e-20 8.198e-20 2.074e-19 0.0 45.04 0.0
S129930 328.2837 102.8435 3.184e-18 3.711e-18 3.601e-18 0.0 44.94 0.0
S129931 328.3738 102.5394 5.958000000000001e-20 9.540000000000001e-20 1.815e-19 0.0 45.15 0.0
S129932 328.1869 102.9875 8.785e-21 6.1040000000000004e-21 2.1010000000000002e-21 0.001 45.11 0.0
S129933 328.1586 102.7752 6.209000000000001e-20 1.042e-19 2.232e-19 0.0 44.38 0.0
S129934 328.3675 102.8322 6.504e-21 1.306e-20 4.0690000000000004e-20 0.0 45.23 0.0
S129935 328.2609 102.707 3.536e-21 7.886e-21 2.9720000000000003e-20 0.0 45.92 0.0
S129936 328.5245 103.0687 4.511e-21 8.875e-21 2.717e-20 0.0 45.14 0.0
S129937 328.4616 102.738 1.276e-21 2.812e-21 1.0700000000000002e-20 0.0 45.28 0.0
S129938 328.211 103.0424 3.188e-21 6.489e-21 2.08e-20 0.0 45.09 0.0
S129939 328.4441 102.7507 4.051e-19 5.907e-19 9.181e-19 0.0 45.32 0.0
S129940 328.4542 102.5506 1.1310000000000001e-20 7.665e-21 2.5410000000000002e-21 0.0 44.64 0.0
S129941 328.3506 102.6938 3.863e-19 5.477e-19 7.786e-19 0.0 45.36 0.0
S129942 328.217 102.98 8.771999999999998e-22 2.008e-21 8.042e-21 0.0 44.61 0.0
S129943 327.9832 103.0619 1.467e-22 4.427e-22 3.196e-21 0.0 44.42 0.0
S129944 328.4085 102.7359 1.5410000000000001e-21 3.558e-21 1.466e-20 0.0 44.49 0.0
S129945 328.1948 102.9167 1.404e-18 1.809e-18 2.252e-18 0.0 44.89 0.0
S129946 328.2795 103.0424 1.505e-17 1.691e-17 1.499e-17 0.0 44.84 0.0
S129947 328.2879 102.7086 7.54e-17 7.013e-17 4.372e-17 0.0 44.47 0.0
S129948 328.2624 102.8858 2.701e-12 2.401e-12 1.407e-12 0.0 45.29 1.0
S129949 328.1562 103.0842 9.279999999999999e-22 2.216e-21 9.877e-21 0.0 44.83 0.0
S129950 328.1215 103.0125 3.4459999999999995e-22 8.807999999999999e-22 4.493e-21 0.0 45.5 0.0
S129951 328.0616 102.9983 8.151e-20 1.217e-19 2.019e-19 0.0 45.17 0.0
S129952 328.3068 102.7638 8.781e-21 6.132e-21 2.135e-21 0.0 44.6 0.0
S129953 328.0319 103.0833 1.424e-17 1.45e-17 1.11e-17 0.0 45.38 0.0
S129954 328.226 102.907 9.362e-16 7.371e-16 3.4e-16 0.0 45.44 1.0
S129955 328.3211 102.6491 2.028e-24 8.117e-24 1.0629999999999998e-22 0.0 45.2 0.0
S129956 328.4343 102.695 9.645e-16 8.521e-16 4.99e-16 0.0 44.83 0.0
S129957 328.2752 102.9043 2.15e-17 2.138e-17 1.506e-17 0.0 44.38 0.0
S129958 328.2157 102.9231 1.474e-20 2.863e-20 8.188000000000001e-20 0.0 45.44 0.0
S129959 328.2166 102.9754 5.708e-17 7.821e-17 1.074e-16 0.0 45.68 0.0
S129960 328.1588 102.8438 2.511e-21 5.363e-21 1.8960000000000002e-20 0.0 45.35 0.0
S129961 328.428 102.757 3.811e-17 3.716e-17 2.516e-17 0.0 44.47 0.0
S129962 328.3115 102.927 3.892e-20 6.634000000000001e-20 1.492e-19 0.0 44.44 0.0
S129963 328.2447 102.8796 8.765e-21 1.659e-20 4.4900000000000004e-20 0.0 45.47 0.0
S129964 328.2731 102.6622 3.5579999999999995e-22 9.243999999999998e-22 4.793e-21 0.0 45.23 0.0
S129965 328.506 102.9497 8.456999999999999e-22 2.118e-21 1.0520000000000001e-20 0.0 44.79 0.0
S129966 328.2367 102.8361 1.7809999999999999e-22 4.68e-22 2.509e-21 0.0 44.46 0.0
S129967 328.3158 102.8386 7.96e-18 8.972e-18 8.309e-18 0.0 45.59 0.0
S129968 328.0998 103.3228 4.53e-24 1.589e-23 1.6379999999999998e-22 0.0 44.44 0.0
S129969 328.1918 102.7631 3.89e-23 1.2569999999999999e-22 1.047e-21 0.0 45.7 0.0
S129970 328.3677 102.8527 7.814e-24 2.969e-23 3.355e-22 0.0 45.57 0.0
S129971 328.2028 103.0355 9.109999999999999e-23 2.539e-22 1.489e-21 0.0 45.69 0.0
S129972 328.1531 103.1705 4.532e-18 5.048e-18 4.429e-18 0.0 44.31 0.0
S129973 328.35 103.0033 1.457e-21 3.357e-21 1.383e-20 0.0 45.25 0.0
S129974 328.2055 102.9637 1.045e-17 1.144e-17 9.757e-18 0.0 44.68 0.0
S129975 328.2202 102.7526 1.265e-21 2.899e-21 1.1430000000000001e-20 0.0 44.25 0.0
S129976 328.4294 102.5844 4.463999999999999e-22 1.067e-21 4.558e-21 0.0 45.15 0.0
S129977 328.1277 103.0827 1.374e-18 1.733e-18 2.106e-18 0.001 45.16 0.0
S129978 328.2443 102.5936 1.4e-18 1.714e-18 1.903e-18 0.0 44.94 0.0
S129979 328.345 102.7262 2.61e-19 3.711e-19 5.616e-19 0.0 44.99 0.0
S129980 328.5626 102.7086 1.427e-24 6.523e-24 1.1159999999999999e-22 0.0 44.26 0.0
S129981 328.3209 102.5797 7.795e-14 5.117e-14 1.6e-14 0.0 45.25 0.0
S129982 328.2882 103.0501 7.688e-18 8.36e-18 7.181e-18 0.0 45.47 0.0
S129983 328.369 102.6784 1.376e-21 3.417e-21 1.5850000000000003e-20 0.0 44.42 0.0
S129984 328.1184 103.0308 8.016e-19 1.069e-18 1.379e-18 0.0 45.58 0.0
S129985 328.4276 102.6046 3.1180000000000002e-21 6.902e-21 2.5040000000000002e-20 0.0 45.15 0.0
S129986 328.2705 103.0589 9.345000000000001e-21 6.498e-21 2.202e-21 0.0 45.63 0.0
S129987 328.4487 102.8545 1.706e-21 3.788e-21 1.425e-20 0.0 45.45 0.0
S129988 328.2368 102.8396 8.796000000000001e-20 1.377e-19 2.576e-19 0.0 45.9 0.0
S129989 328.1693 102.7165 1.7930000000000002e-20 3.257e-20 8.114e-20 0.0 44.8 0.0
S129990 328.1325 103.1689 1.648e-16 2.119e-16 2.611e-16 0.0 45.12 0.0
S129991 328.3726 102.6065 1.023e-19 1.561e-19 2.724e-19 0.0 45.81 0.0
S129992 328.4104 102.6395 3.5019999999999997e-22 9.304999999999998e-22 5.073e-21 0.0 45.51 0.0
S129993 328.5522 102.599 7.081e-16 7.294e-16 5.362e-16 0.0 44.95 0.0
S129994 328.3234 102.9402 1.9499999999999998e-22 5.312e-22 3.15e-21 0.0 44.87 0.0
S129995 328.3617 102.8408 2.4769999999999998e-23 7.5e-23 5.482e-22 0.0 44.98 0.0
S129996 328.4685 102.8137 5.155e-12 4.037e-12 1.827e-12 0.0 45.04 1.0
S129997 328.0681 102.9797 3.63e-19 5.126e-19 7.645e-19 0.0 44.67 0.0
S129998 328.39 102.7734 1.0220000000000001e-20 6.987e-21 2.314e-21 0.0 45.47 0.0
S129999 328.5088 102.8474 2.662e-19 3.924e-19 6.051e-19 0.0 44.8 0.0
S130000 328.1527 102.6672 9.826e-21 1.9130000000000003e-20 5.774000000000001e-20 0.0 45.37 0.0
S130001 328.4063 102.8657 1.429e-20 2.6580000000000003e-20 6.695000000000001e-20 0.0 45.02 0.0
S130002 328.3678 102.7464 5.395e-21 1.1640000000000001e-20 4.2010000000000003e-20 0.0 45.18 0.0
S130003 328.4266 102.9215 7.453e-24 2.654e-23 2.599e-22 0.0 45.35 0.0
S130004 328.1431 102.7504 1.5749999999999998e-22 4.689e-22 3.214e-21 0.0 44.6 0.0
S130005 328.3319 102.8271 2.0479999999999998e-22 5.512e-22 3.136e-21 0.0 45.56 0.0
S130006 328.2136 103.1173 1.6649999999999998e-22 5.403e-22 4.487e-21 0.0 44.98 0.0
S130007 328.0854 103.0873 5.092e-24 2.012e-23 2.5049999999999996e-22 0.0 45.7 0.0
S130008 328.3538 102.6829 1.832e-17 1.853e-17 1.339e-17 0.0 44.69 0.0
S130009 328.5447 102.7747 2.651e-16 3.138e-16 3.199e-16 0.0 45.73 0.0
S130010 328.2421 102.7727 8.079e-21 5.687e-21 2.011e-21 0.0 44.88 0.0
S130011 328.6113 102.5699 2.1240000000000002e-20 3.8420000000000003e-20 9.650000000000001e-20 0.0 44.01 0.0
S130012 328.3991 102.6694 7.042e-21 1.256e-20 3.0260000000000004e-20 0.0 45.21 0.0
S130013 328.2703 102.6912 2.616e-18 3.01e-18 2.883e-18 0.0 44.48 0.0
S130014 328.184 102.8169 5.528e-13 3.701e-13 1.177e-13 0.0 44.6 0.0
S130015 328.1186 103.1269 1.4299999999999998e-22 4.0139999999999997e-22 2.504e-21 0.0 45.04 0.0
S130016 328.5551 102.9329 3.782e-21 7.865e-21 2.543e-20 0.0 44.08 0.0
S130017 328.3935 102.6143 3.8610000000000005e-20 7.189000000000001e-20 1.926e-19 0.0 44.94 0.0
S130018 328.3538 102.935 3.8799999999999997e-22 9.207e-22 4.11e-21 0.0 44.56 0.0
S130019 328.2014 102.7062 9.707e-19 1.296e-18 1.633e-18 0.0 45.61 0.0
S130020 328.3997 102.6057 7.936999999999999e-22 2.014e-21 9.543e-21 0.0 45.11 0.0
S130021 328.3953 103.0376 4.637999999999999e-22 1.187e-21 6.102e-21 0.0 45.42 0.0
S130022 328.4281 102.7609 7.395e-16 6.875e-16 4.364e-16 0.0 44.68 0.0
S130023 328.1628 102.7587 1.167e-16 2.247e-16 6.479e-16 0.0 44.45 0.0
S130024 328.1684 102.9515 1.564e-20 2.883e-20 7.723e-20 0.0 44.64 0.0
S130025 328.1712 102.7858 7.575000000000001e-20 1.238e-19 2.373e-19 0.0 44.8 0.0
S130026 328.3866 102.8945 3.12e-18 3.545e-18 3.256e-18 0.0 45.75 0.0
S130027 328.2148 102.8543 1.225e-22 3.564e-22 2.379e-21 0.0 44.36 0.0
S130028 328.2038 103.026 3.777e-19 5.297e-19 7.505e-19 0.0 44.99 0.0
S130029 328.2487 102.7144 2.094e-23 6.648e-23 5.271e-22 0.0 45.04 0.0
S130030 328.0772 103.1789 6.57e-17 5.863e-17 3.411e-17 0.0 44.83 0.0
S130031 328.3809 102.8857 7.448e-19 9.567e-19 1.146e-18 0.0 44.88 0.0
S130032 328.2955 102.7755 8.333000000000001e-25 3.727e-24 6.177999999999999e-23 0.0 44.76 0.0
S130033 328.1609 103.0351 1.13e-20 2.2790000000000002e-20 6.914e-20 0.0 45.5 0.0
S130034 328.4802 103.0094 2.666e-17 2.645e-17 1.875e-17 0.0 44.75 0.0
S130035 328.1921 102.9105 3.388e-21 6.851e-21 2.1440000000000003e-20 0.0 45.26 0.0
S130036 328.2906 102.8578 1.145e-17 1.158e-17 8.626e-18 0.0 45.11 0.0
S130037 328.3939 102.947 3.448e-21 7.206e-21 2.3820000000000003e-20 0.0 44.85 0.0
S130038 328.4017 102.9304 2.385e-19 3.34e-19 4.823e-19 0.0 45.27 0.0
S130039 328.3268 102.8112 4.3660000000000004e-20 7.526000000000001e-20 1.653e-19 0.001 44.79 0.0
S130040 328.1436 103.077 8.995000000000001e-20 1.403e-19 2.616e-19 0.0 44.92 0.0
S130041 328.3824 102.8325 2.815e-22 6.906999999999999e-22 3.23e-21 0.0 44.83 0.0
S130042 328.2291 103.0279 2.886e-19 3.934e-19 5.434e-19 0.0 45.11 0.0
S130043 328.2472 102.8639 6.295e-19 7.971e-19 9.581e-19 0.0 45.59 0.0
S130044 328.1511 102.9118 6.133e-19 8.093e-19 1.038e-18 0.0 45.25 0.0
S130045 328.1336 103.0768 6.363e-21 1.3040000000000001e-20 3.953e-20 0.0 44.07 0.0
S130046 328.3774 102.8006 1.208e-16 1.988e-16 4.082e-16 0.0 44.41 0.0
S130047 328.4214 102.8061 3.312e-19 4.568e-19 6.408e-19 0.0 45.59 0.0
S130048 328.5732 102.9042 1.508e-18 1.793e-18 1.896e-18 0.0 45.5 0.0
S130049 328.4639 102.8719 5.899e-19 7.771e-19 9.778e-19 0.0 45.56 0.0
S130050 328.3891 102.925 1.319e-17 1.369e-17 1.063e-17 0.0 44.38 0.0
S130051 328.4902 102.7067 9.636e-21 1.8480000000000002e-20 5.1160000000000006e-20 0.0 44.55 0.0
S130052 328.5472 103.1447 2.463e-19 3.498e-19 5.102e-19 0.0 44.87 0.0
S130053 328.2764 103.0667 2.355e-16 3.243e-16 4.355e-16 0.0 44.34 0.0
S130054 328.3876 102.6086 4.288e-19 6.084e-19 9.176e-19 0.0 44.4 0.0
S130055 328.2231 102.6673 8.949999999999998e-22 2.102e-21 8.919e-21 0.001 45.85 0.0
S130056 328.0907 103.1904 8.19e-19 1.085e-18 1.452e-18 0.0 45.36 0.0
S130057 328.1965 102.7223 1.4869999999999998e-22 4.1629999999999997e-22 2.631e-21 0.0 45.58 0.0
S130058 328.5288 102.8791 4.1659999999999994e-22 1.036e-21 4.806e-21 0.0 45.28 0.0
S130059 328.1254 102.8266 2.23e-18 2.701e-18 2.914e-18 0.0 44.92 0.0
S130060 328.0823 102.7921 5.66e-18 6.077e-18 5.216e-18 0.0 45.39 0.0
S130061 328.3182 102.8542 1.039e-21 2.494e-21 1.1210000000000001e-20 0.0 45.74 0.0
S130062 328.2191 102.8742 2.933e-21 6.499e-21 2.491e-20 0.0 45.24 0.0
S130063 328.2789 102.6866 6.379000000000001e-20 1.054e-19 2.115e-19 0.0 45.38 0.0
S130064 328.1374 102.729 2.0580000000000003e-20 3.7720000000000004e-20 9.756e-20 0.0 45.39 0.0
S130065 328.4343 102.7976 8.532e-17 7.762e-17 4.5e-17 0.0 45.01 0.0
S130066 328.413 102.6781 1.302e-18 1.59e-18 1.769e-18 0.0 45.88 0.0
S130067 328.1088 103.1027 5.673e-24 2.127e-23 2.355e-22 0.0 44.87 0.0
S130068 328.3766 102.8713 7.074999999999999e-22 1.965e-21 1.204e-20 0.0 44.65 0.0
S130069 328.189 102.8514 3.048e-17 2.757e-17 1.66e-17 0.0 44.99 0.0
S130070 328.1458 103.0167 1.8170000000000001e-25 1.025e-24 2.787e-23 0.0 45.06 0.0
S130071 328.2932 102.6978 3.545e-16 3.827e-16 3.289e-16 0.0 45.84 0.0
S130072 328.4469 102.7334 2.129e-23 6.564e-23 5.076e-22 0.0 44.99 0.0
S130073 328.3051 103.0969 1.458e-19 2.232e-19 3.874e-19 0.0 44.86 0.0
S130074 328.1 102.9318 1.083e-21 2.5770000000000002e-21 1.1400000000000001e-20 0.0 44.5 0.0
S130075 328.4671 102.5013 7.872e-23 2.4529999999999996e-22 1.866e-21 0.0 44.73 0.0
S130076 328.2632 103.0196 1.209e-17 1.191e-17 8.635e-18 0.0 45.37 1.0
S130077 328.3287 103.0195 9.077e-21 1.849e-20 6.009e-20 0.0 45.55 0.0
S130078 328.1064 103.3499 2.686e-21 5.882e-21 2.0990000000000003e-20 0.0 45.74 0.0
S130079 328.2469 102.6722 5.571e-23 1.6509999999999999e-22 1.12e-21 0.0 44.52 0.0
S130080 328.1085 103.0329 4.979e-19 6.934e-19 9.774e-19 0.0 45.62 0.0
S130081 328.2662 103.0815 4.6970000000000004e-20 8.482000000000001e-20 2.141e-19 0.0 45.37 0.0
S130082 328.285 102.6812 6.215999999999999e-22 1.447e-21 6.024e-21 0.0 44.3 0.0
S130083 328.2282 102.8614 1.206e-21 2.859e-21 1.244e-20 0.0 44.92 0.0
S130084 328.1703 102.8799 2.363e-18 2.882e-18 3.078e-18 0.0 44.85 0.0
S130085 328.3433 102.6351 8.746e-24 3.501e-23 4.322e-22 0.0 45.24 0.0
S130086 328.3755 102.9886 4.487e-21 9.380000000000001e-21 3.2060000000000004e-20 0.0 45.28 0.0
S130087 328.491 102.9173 1.191e-22 3.4629999999999996e-22 2.302e-21 0.0 44.43 0.0
S130088 328.4398 102.6008 7.572000000000001e-21 5.204e-21 1.874e-21 0.001 44.25 0.0
S130089 328.2695 102.8368 1.794e-19 2.593e-19 3.959e-19 0.0 44.81 0.0
S130090 328.3444 102.8019 3.4609999999999995e-22 9.156999999999998e-22 4.968e-21 0.0 45.26 0.0
S130091 328.5517 102.665 2.794e-20 5.0770000000000004e-20 1.287e-19 0.0 45.16 0.0
S130092 328.32 103.0765 1.8569999999999997e-22 4.879999999999999e-22 2.594e-21 0.0 44.78 0.0
S130093 328.4953 102.9795 2.1480000000000002e-20 3.789e-20 8.922000000000001e-20 0.0 44.07 0.0
S130094 328.1908 103.0134 7.930999999999999e-22 1.93e-21 8.716e-21 0.0 44.59 0.0
S130095 328.4286 102.7188 2.145e-17 2.06e-17 1.31e-17 0.0 45.72 0.0
S130096 328.3337 102.8932 1.608e-18 1.894e-18 1.897e-18 0.0 44.72 0.0
S130097 328.407 102.7803 4.973e-12 3.802e-12 1.597e-12 0.0 45.0 1.0
S130098 328.2838 102.8775 2.4019999999999997e-22 6.305999999999999e-22 3.322e-21 0.0 45.32 0.0
S130099 328.5411 102.5881 6.899e-18 7.4e-18 6.129e-18 0.0 45.59 0.0
S130100 328.423 102.736 4.266999999999999e-22 1.183e-21 7.014e-21 0.0 45.11 0.0
S130101 328.2678 102.938 2.816e-17 2.752e-17 1.969e-17 0.0 44.98 0.0
S130102 328.4213 102.7968 7.504e-19 1.022e-18 1.341e-18 0.0 45.17 0.0
S130103 328.3333 102.9277 5.331e-19 7.097e-19 9.37e-19 0.0 45.41 0.0
S130104 328.1878 102.9821 6.497e-13 4.147e-13 1.247e-13 0.0 45.46 0.0
S130105 328.1783 103.0028 1.96e-18 2.305e-18 2.292e-18 0.0 44.51 0.0
S130106 328.2792 102.6786 1.886e-18 2.355e-18 2.698e-18 0.0 44.94 0.0
S130107 328.4046 102.7588 1.173e-17 1.397e-17 1.421e-17 0.0 45.95 0.0
S130108 328.1555 102.8339 4.844e-19 6.573e-19 8.846e-19 0.0 44.36 0.0
S130109 328.3128 103.0008 1.1460000000000002e-20 2.26e-20 6.589e-20 0.0 45.08 0.0
S130110 328.3372 102.8965 3.466e-16 3.964e-16 3.66e-16 0.0 45.56 0.0
S130111 328.2008 102.9883 2.1619999999999998e-23 6.908e-23 5.779e-22 0.0 44.8 0.0
S130112 328.2135 102.8285 7.549999999999999e-22 1.758e-21 7.347000000000001e-21 0.0 45.46 0.0
S130113 328.1195 103.0897 1.819e-22 4.2039999999999995e-22 1.723e-21 0.0 44.65 0.0
S130114 328.2427 102.8197 5.17e-18 5.542e-18 4.583e-18 0.0 44.51 0.0
S130115 328.0992 102.9091 1.722e-19 2.706e-19 4.849e-19 0.0 45.35 0.0
S130116 328.3519 102.5148 9.891e-19 1.25e-18 1.466e-18 0.0 44.22 0.0
S130117 328.1907 103.0289 2.646e-21 5.896e-21 2.3170000000000002e-20 0.0 44.82 0.0
S130118 328.3873 102.6658 1.113e-20 2.149e-20 6.188000000000001e-20 0.0 45.41 0.0
S130119 328.3934 102.9594 1.063e-20 7.121e-21 2.396e-21 0.0 44.41 0.0
S130120 328.3537 102.6553 1.111e-21 2.632e-21 1.1330000000000001e-20 0.0 44.65 0.0
S130121 328.2871 103.0323 2.21e-19 3.098e-19 4.423e-19 0.0 44.96 0.0
S130122 328.3748 102.8988 4.132e-16 4.363e-16 3.434e-16 0.0 44.86 0.0
S130123 328.2858 103.0838 7.551e-21 1.4930000000000002e-20 4.2870000000000006e-20 0.0 44.9 0.0
S130124 328.186 102.9775 7.731e-18 8.215e-18 6.78e-18 0.0 45.13 0.0
S130125 328.1657 102.8455 6.541e-23 2.0829999999999997e-22 1.678e-21 0.0 45.81 0.0
S130126 328.1686 102.9471 1.3429999999999998e-23 4.644e-23 4.475999999999999e-22 0.0 44.58 0.0
S130127 328.2589 102.8877 1.453e-20 2.748e-20 7.62e-20 0.0 45.6 0.0
S130128 328.2156 102.8089 1.01e-15 9.633e-16 6.441e-16 0.0 44.82 0.0
S130129 328.3962 102.7844 1.727e-17 1.692e-17 1.14e-17 0.0 44.83 0.0
S130130 328.4716 103.0215 1.1700000000000002e-20 2.126e-20 5.1860000000000005e-20 0.0 45.32 0.0
S130131 328.3444 102.7458 9.08e-24 3.338e-23 3.5069999999999996e-22 0.0 44.18 0.0
S130132 328.0491 102.7963 3.1790000000000003e-20 5.629000000000001e-20 1.339e-19 0.0 44.95 0.0
S130133 328.2027 102.8998 1.844e-23 5.628999999999999e-23 4.1109999999999997e-22 0.0 45.62 0.0
S130134 328.2495 102.6969 2.242e-21 4.414e-21 1.332e-20 0.0 45.11 0.0
S130135 328.3558 102.9084 3.178e-22 8.633e-22 4.885e-21 0.0 44.69 0.0
S130136 328.3471 102.86 1.066e-20 7.37e-21 2.474e-21 0.0 44.74 0.0
S130137 328.1693 102.7099 3.9509999999999994e-22 9.036999999999998e-22 3.541e-21 0.0 45.01 0.0
S130138 328.3046 102.8594 3.251e-18 3.649e-18 3.359e-18 0.0 44.16 0.0
S130139 328.2387 103.1893 1.774e-21 3.792e-21 1.381e-20 0.0 44.58 0.0
S130140 328.2443 102.8238 5.07e-19 6.988e-19 9.803e-19 0.0 45.2 0.0
S130141 328.3053 103.1299 5.402e-17 6.571e-17 6.881e-17 0.0 45.13 0.0
S130142 328.4189 102.7666 6.541999999999999e-22 1.521e-21 6.582e-21 0.0 45.8 0.0
S130143 328.3421 102.8498 2.203e-18 2.667e-18 2.718e-18 0.0 45.29 0.0
S130144 328.4249 102.6775 3.198e-12 2.316e-12 8.713e-13 0.0 44.9 0.0
S130145 328.4352 102.7098 1.144e-20 7.741e-21 2.51e-21 0.0 45.32 0.0
S130146 328.3209 102.8866 3.742e-18 4.04e-18 3.429e-18 0.0 44.8 0.0
S130147 328.2257 102.9411 9.790999999999999e-22 2.497e-21 1.2620000000000001e-20 0.0 45.13 0.0
S130148 328.3669 102.8794 1.78e-20 3.3500000000000005e-20 9.361000000000001e-20 0.0 44.64 0.0
S130149 328.4275 102.8939 4.398e-18 5.135e-18 4.953e-18 0.0 44.75 0.0
S130150 328.1505 102.8922 4.387e-21 9.762e-21 3.6740000000000005e-20 0.001 44.44 0.0
S130151 328.2968 103.0954 9.34e-18 9.46e-18 7.072e-18 0.0 45.72 0.0
S130152 328.116 103.0768 3.281e-18 3.834e-18 3.688e-18 0.0 44.47 0.0
S130153 328.1436 103.1257 1.1639999999999998e-22 3.5469999999999997e-22 2.5770000000000002e-21 0.0 44.95 0.0
S130154 328.1529 102.9974 2.327e-16 2.476e-16 2.056e-16 0.0 45.54 0.0
S130155 328.4082 102.7733 1.442e-19 2.189e-19 3.73e-19 0.0 44.45 0.0
S130156 328.3214 102.8008 8.437e-20 1.341e-19 2.471e-19 0.0 44.22 0.0
S130157 328.2372 102.6419 1.2459999999999999e-23 4.0179999999999996e-23 3.3149999999999996e-22 0.0 44.56 0.0
S130158 328.3889 102.8091 3.8719999999999996e-23 1.2039999999999998e-22 9.296e-22 0.0 44.63 0.0
S130159 328.0739 102.7241 1.096e-19 1.714e-19 3.155e-19 0.0 44.82 0.0
S130160 328.1586 103.1637 1.309e-21 3.3e-21 1.626e-20 0.0 45.74 0.0
S130161 328.3796 102.9605 1.298e-21 3.096e-21 1.3850000000000002e-20 0.0 44.4 0.0
S130162 328.4221 102.7836 2.093e-19 3.083e-19 4.871e-19 0.0 45.45 0.0
S130163 328.386 102.7005 3.573e-19 5.316e-19 8.666e-19 0.0 45.34 0.0
S130164 328.1612 102.6985 4.361e-22 1.052e-21 4.672e-21 0.0 44.09 0.0
S130165 328.4587 102.7605 9.344999999999999e-23 3.0459999999999995e-22 2.618e-21 0.0 45.24 0.0
S130166 328.3028 102.7643 1.9729999999999998e-22 5.643e-22 3.555e-21 0.0 45.24 0.0
S130167 328.3773 102.9479 1.558e-16 1.371e-16 7.444e-17 0.001 45.53 0.0
S130168 328.0304 103.0795 4.745e-19 6.451e-19 8.773e-19 0.0 45.83 0.0
S130169 328.3155 103.0555 3.067e-19 4.283e-19 6.172e-19 0.0 45.28 0.0
S130170 328.1563 102.8651 3.1890000000000002e-21 7.156e-21 2.809e-20 0.0 44.43 0.0
S130171 328.2554 102.696 1.186e-21 2.668e-21 1.0550000000000001e-20 0.0 45.36 0.0
S130172 328.2628 103.0016 1.204e-16 1.309e-16 1.097e-16 0.0 44.16 0.0
S130173 328.1202 103.0111 8.893000000000001e-21 6.159e-21 2.162e-21 0.0 44.86 0.0
S130174 328.3041 102.8892 2.801e-23 9.507e-23 8.725e-22 0.0 45.37 0.0
S130175 328.2873 102.6753 1.627e-16 1.381e-16 6.979e-17 0.0 45.26 0.0
S130176 328.3651 102.576 6.738e-19 8.899e-19 1.181e-18 0.0 45.58 0.0
S130177 328.5507 102.6474 2.257e-20 3.935e-20 9.119000000000001e-20 0.0 45.24 0.0
S130178 328.2957 102.8889 4.163e-21 8.743e-21 2.96e-20 0.0 45.06 0.0
S130179 328.2509 102.8277 1.471e-18 1.75e-18 1.825e-18 0.0 44.73 0.0
S130180 328.2956 102.814 7.267e-20 1.168e-19 2.187e-19 0.0 45.65 0.0
S130181 328.4538 102.8553 4.94e-19 6.86e-19 9.714e-19 0.0 44.63 0.0
S130182 328.1785 102.6608 1.781e-20 3.383e-20 9.146000000000001e-20 0.0 45.03 0.0
S130183 328.0997 102.9311 4.4339999999999996e-23 1.4429999999999999e-22 1.185e-21 0.0 44.78 0.0
S130184 328.2166 102.7103 3.413e-19 4.737e-19 6.861e-19 0.0 44.59 0.0
S130185 328.1655 103.1483 3.368e-20 6.126e-20 1.49e-19 0.0 45.3 0.0
S130186 328.3214 102.5687 6.315e-21 1.3050000000000001e-20 4.2820000000000005e-20 0.0 44.94 0.0
S130187 328.1485 103.0027 3.67e-12 3.574e-12 2.438e-12 0.0 44.5 1.0
S130188 328.0172 102.8192 3.994e-18 4.576e-18 4.467e-18 0.0 44.71 0.0
S130189 328.1685 102.7896 1.468e-17 1.489e-17 1.093e-17 0.0 45.13 0.0
S130190 328.3564 102.6798 2.8660000000000005e-20 4.7630000000000007e-20 1.023e-19 0.0 45.65 0.0
S130191 328.3195 102.7453 2.4609999999999997e-22 6.210999999999999e-22 3.061e-21 0.0 44.25 0.0
S130192 328.2667 102.9762 1.209e-18 1.713e-18 2.483e-18 0.0 44.57 0.0
S130193 328.3653 102.8508 1.373e-12 9.224e-13 3.081e-13 0.0 44.58 0.0
S130194 328.427 102.6763 2.281e-21 4.917e-21 1.7760000000000002e-20 0.0 45.77 0.0
S130195 328.32 102.9587 4.023e-21 8.349e-21 2.817e-20 0.0 45.36 0.0
S130196 328.1398 103.0721 1.054e-20 7.36e-21 2.506e-21 0.0 44.93 0.0
S130197 328.092 102.9395 7.514e-22 1.6970000000000002e-21 6.818e-21 0.0 45.15 0.0
S130198 328.4798 102.6454 2.234e-16 1.835e-16 9.141e-17 0.0 44.92 0.0
S130199 328.147 102.9867 5.6170000000000004e-21 1.049e-20 2.794e-20 0.0 44.99 0.0
S130200 328.1646 102.813 5.12e-13 5.269e-13 4.072e-13 0.0 45.75 0.0
S130201 328.2925 102.868 3.373e-20 5.657000000000001e-20 1.222e-19 0.0 45.19 0.0
S130202 328.4203 102.8132 1.172e-18 1.432e-18 1.554e-18 0.0 44.73 0.0
S130203 328.514 102.6632 1.947e-17 1.948e-17 1.378e-17 0.0 44.85 0.0
S130204 328.2717 102.7466 1.109e-19 1.781e-19 3.403e-19 0.0 44.78 0.0
S130205 328.473 102.8266 1.2299999999999998e-22 3.4579999999999997e-22 2.222e-21 0.0 44.3 0.0
S130206 328.0977 102.8124 8.297e-25 3.785e-24 6.758999999999999e-23 0.0 44.95 0.0
S130207 328.3062 102.5545 6.051e-18 6.592e-18 5.63e-18 0.0 45.81 0.0
S130208 328.3947 102.8928 1.0519999999999999e-22 2.9299999999999997e-22 1.778e-21 0.0 44.57 0.0
S130209 328.516 102.7249 4.1479999999999996e-23 1.2269999999999998e-22 8.467999999999999e-22 0.0 44.76 0.0
S130210 328.2734 102.7814 1.23e-17 1.234e-17 9.039e-18 0.0 45.1 0.0
S130211 328.2052 102.7017 8.903e-21 6.24e-21 2.128e-21 0.0 45.22 0.0
S130212 328.3632 102.8538 5.824e-21 1.1290000000000001e-20 3.07e-20 0.0 44.53 0.0
S130213 328.3575 102.5708 4.813e-18 5.588e-18 5.561e-18 0.0 44.76 0.0
S130214 328.2225 103.0686 1.594e-23 5.549e-23 5.64e-22 0.0 44.46 0.0
S130215 328.5408 102.7699 1.418e-23 4.553e-23 3.6509999999999997e-22 0.0 45.69 0.0
S130216 328.2059 102.7447 3.9849999999999997e-22 9.145e-22 3.709e-21 0.0 45.4 0.0
S130217 328.3418 102.6579 2.5070000000000002e-20 4.2610000000000005e-20 8.97e-20 0.0 44.7 0.0
S130218 328.5136 102.7351 4.886e-21 1.0980000000000001e-20 4.3530000000000003e-20 0.0 44.55 0.0
S130219 328.26 102.9665 7.003999999999999e-22 1.453e-21 4.659e-21 0.0 45.11 0.0
S130220 328.2306 102.6416 9.745e-18 1.061e-17 9.195e-18 0.0 45.11 0.0
S130221 328.1604 102.8377 7.84e-22 1.579e-21 4.825e-21 0.0 44.86 0.0
S130222 328.508 102.8476 3.857e-18 4.13e-18 3.595e-18 0.0 45.38 1.0
S130223 328.5215 102.9478 4.491e-17 4.175e-17 2.555e-17 0.0 44.78 0.0
S130224 328.0805 102.9728 9.570000000000001e-20 1.593e-19 3.278e-19 0.0 44.46 0.0
S130225 328.3575 102.9877 1.713e-21 3.516e-21 1.168e-20 0.0 44.86 0.0
S130226 328.4798 102.5652 2.015e-24 9.137e-24 1.4759999999999998e-22 0.0 45.36 0.0
S130227 328.2271 102.8096 2.308e-19 3.524e-19 6.057e-19 0.0 45.7 0.0
S130228 328.2445 103.1433 2.341e-18 2.84e-18 3.034e-18 0.0 44.5 0.0
S130229 328.1074 102.7503 1.365e-19 2.006e-19 3.261e-19 0.0 44.97 0.0
S130230 328.1832 102.701 1.1e-21 2.52e-21 1.0380000000000001e-20 0.0 44.76 0.0
S130231 328.3991 102.5564 2.747e-22 7.365e-22 4.162e-21 0.0 45.49 0.0
S130232 328.3461 102.4866 9.215999999999998e-22 2.054e-21 7.692000000000001e-21 0.0 44.85 0.0
S130233 328.5214 102.7848 6.98e-22 1.6690000000000001e-21 7.513000000000001e-21 0.0 44.93 0.0
S130234 328.1636 102.8106 1.8179999999999999e-22 4.661e-22 2.443e-21 0.0 45.81 0.0
S130235 328.2779 102.9339 1.856e-18 2.277e-18 2.525e-18 0.0 44.17 0.0
S130236 328.4014 102.7119 1.2499999999999999e-23 4.094e-23 3.348e-22 0.0 44.03 0.0
S130237 328.1861 103.0375 2.894e-21 6.463e-21 2.4280000000000002e-20 0.0 45.16 0.0
S130238 328.3532 103.0573 1.606e-18 1.978e-18 2.191e-18 0.0 44.35 0.0
S130239 328.4328 102.5753 5.305e-21 1.0570000000000001e-20 3.271e-20 0.0 44.92 0.0
S130240 328.5611 102.7289 3.95e-16 4.218e-16 3.503e-16 0.0 44.75 0.0
S130241 328.2123 103.1063 1.305e-19 2.098e-19 4.078e-19 0.001 44.56 0.0
S130242 328.1387 103.1571 1.812e-18 2.147e-18 2.286e-18 0.0 45.18 0.0
S130243 328.3329 102.7769 6.819999999999999e-22 1.674e-21 7.875e-21 0.0 44.43 0.0
S130244 328.3962 102.613 1.594e-20 2.845e-20 6.93e-20 0.0 45.89 0.0
S130245 328.3593 102.6819 7.877e-19 1.077e-18 1.501e-18 0.0 44.34 0.0
S130246 328.2249 102.8208 3.567e-20 6.128e-20 1.355e-19 0.0 45.18 0.0
S130247 328.1492 102.8663 1.2770000000000002e-20 2.5650000000000003e-20 7.667e-20 0.0 44.55 0.0
S130248 328.506 102.607 5.388e-18 6.28e-18 6.18e-18 0.0 45.43 0.0
S130249 328.1018 102.8882 5.659e-17 4.984e-17 2.774e-17 0.0 45.42 0.0
S130250 328.3375 103.0893 2.211e-19 3.377e-19 5.811e-19 0.0 44.21 0.0
S130251 328.1457 103.0995 3.121e-12 2.523e-12 1.205e-12 0.0 44.25 1.0
S130252 328.3018 102.7805 1.167e-21 2.544e-21 8.979e-21 0.0 44.51 0.0
S130253 328.4131 102.73 6.742e-21 1.32e-20 3.9560000000000006e-20 0.0 45.0 0.0
S130254 328.4108 102.9219 9.756e-17 1.428e-16 2.167e-16 0.0 44.62 0.0
S130255 328.5961 102.8233 4.1809999999999997e-23 1.2349999999999999e-22 8.284e-22 0.0 45.91 0.0
S130256 328.2472 102.9425 3.224e-24 1.269e-23 1.533e-22 0.0 44.38 0.0
S130257 328.1302 102.9499 5.541e-22 1.343e-21 5.882e-21 0.0 44.41 0.0
S130258 328.3166 102.6581 2.98e-23 9.598e-23 7.529e-22 0.0 44.75 1.0
S130259 328.1788 102.9489 4.943e-19 6.715e-19 8.93e-19 0.0 45.37 0.0
S130260 328.5137 102.8063 4.445e-21 8.281e-21 2.1620000000000002e-20 0.0 45.26 0.0
S130261 328.4488 102.7532 2.47e-16 3.214e-16 4.035e-16 0.0 44.09 0.0
S130262 328.2723 102.7691 6.526999999999999e-22 1.5e-21 5.842e-21 0.0 45.17 0.0
S130263 328.3111 102.6555 3.283e-21 6.65e-21 2.0710000000000003e-20 0.0 45.94 0.0
S130264 328.4547 102.8861 5.819e-23 1.6059999999999998e-22 9.609999999999999e-22 0.0 44.58 0.0
S130265 328.4863 102.8027 4.5899999999999996e-23 1.362e-22 9.437e-22 0.0 44.95 0.0
S130266 328.262 103.0858 4.314e-19 5.479e-19 6.64e-19 0.0 44.84 0.0
S130267 328.2526 102.9946 5.542e-24 2.013e-23 2.1639999999999997e-22 0.0 44.62 0.0
S130268 328.2419 102.7964 7.254e-16 6.429e-16 3.682e-16 0.0 44.15 0.0
S130269 328.4486 102.6104 7.966e-18 8.641e-18 7.573e-18 0.0 45.18 0.0
S130270 328.3699 102.8199 7.417e-20 1.216e-19 2.417e-19 0.0 45.1 0.0
S130271 328.3714 102.7247 4.379e-21 9.421e-21 3.2740000000000005e-20 0.0 44.88 0.0
S130272 328.3166 102.6811 2.708e-17 2.991e-17 2.571e-17 0.001 45.23 0.0
S130273 328.3169 102.9032 1.5990000000000002e-20 2.931e-20 7.466e-20 0.0 45.19 0.0
S130274 328.0907 102.6329 2.002e-18 2.471e-18 2.644e-18 0.0 44.53 0.0
S130275 328.1057 102.9221 1.519e-21 3.677e-21 1.652e-20 0.0 45.19 0.0
S130276 328.3917 102.889 1.9140000000000002e-20 3.139e-20 6.283e-20 0.0 44.44 0.0
S130277 328.3496 103.0455 7.765e-23 2.248e-22 1.418e-21 0.0 44.27 0.0
S130278 328.1169 102.8619 5.657e-22 1.2110000000000001e-21 4.421e-21 0.0 45.62 0.0
S130279 328.3406 102.7759 1.9410000000000002e-21 4.431e-21 1.798e-20 0.0 44.41 0.0
S130280 328.3916 102.685 2.405e-21 5.402e-21 2.0470000000000003e-20 0.0 44.6 0.0
S130281 328.352 102.9153 8.158e-17 7.716e-17 4.844e-17 0.0 44.95 0.0
S130282 328.43 102.8102 2.745e-20 4.7310000000000005e-20 1.038e-19 0.0 44.4 0.0
S130283 328.2869 102.895 6.956e-21 4.944e-21 1.776e-21 0.0 44.97 0.0
S130284 327.9545 102.7103 4.255999999999999e-22 9.92e-22 4.22e-21 0.0 44.84 0.0
S130285 328.1176 102.796 1.105e-21 2.394e-21 8.932e-21 0.0 44.43 0.0
S130286 328.4058 102.8213 4.707e-17 4.334e-17 2.653e-17 0.0 44.51 0.0
S130287 328.2455 102.7198 1.382e-21 2.974e-21 1.042e-20 0.0 45.7 0.0
S130288 328.3784 102.9372 3.3380000000000002e-21 6.68e-21 1.9620000000000002e-20 0.0 44.5 0.0
S130289 328.0123 103.2423 6.589e-21 1.3040000000000001e-20 3.9080000000000006e-20 0.0 45.64 0.0
S130290 328.2585 103.0442 2.6960000000000003e-26 1.946e-25 8.778999999999999e-24 0.0 45.68 0.0
S130291 328.2053 102.8355 4.536e-23 1.3899999999999998e-22 1.037e-21 0.0 45.25 0.0
S130292 328.4665 102.9509 4.904e-19 6.721e-19 9.56e-19 0.0 45.08 0.0
S130293 328.344 102.7455 2.319e-19 3.54e-19 5.97e-19 0.0 45.93 0.0
S130294 328.3428 103.1336 3.051e-20 5.1920000000000006e-20 1.125e-19 0.0 44.31 0.0
S130295 328.3758 102.7551 2.523e-22 6.831e-22 3.862e-21 0.0 45.21 0.0
S130296 328.3473 102.8551 2.5279999999999997e-22 6.542999999999999e-22 3.566e-21 0.0 44.42 0.0
S130297 328.3578 102.9208 5.914999999999999e-22 1.6390000000000001e-21 9.878000000000001e-21 0.0 44.8 0.0
S130298 328.174 102.6956 3.173e-19 4.482e-19 6.627e-19 0.0 45.18 0.0
S130299 328.336 102.9101 8.03e-20 1.322e-19 2.657e-19 0.0 45.67 0.0
S130300 328.2887 102.8878 1.691e-21 3.7980000000000004e-21 1.494e-20 0.0 45.47 0.0
S130301 328.1983 102.9334 3.0550000000000003e-20 5.3310000000000005e-20 1.275e-19 0.0 45.39 0.0
S130302 328.4145 102.9664 2.231e-19 3.135e-19 4.422e-19 0.0 44.91 0.0
S130303 328.2077 102.9214 1.511e-19 2.31e-19 4.096e-19 0.0 44.34 0.0
S130304 328.3206 102.7966 7.979e-23 2.22e-22 1.372e-21 0.0 45.0 0.0
S130305 328.5289 102.8573 3.275e-24 1.212e-23 1.3229999999999998e-22 0.0 44.6 0.0
S130306 328.193 102.953 8.557e-21 5.943e-21 2.094e-21 0.0 45.61 0.0
S130307 328.3345 102.5887 2.96e-20 5.106e-20 1.125e-19 0.0 44.96 0.0
S130308 328.1856 102.86 2.195e-17 2.109e-17 1.433e-17 0.0 45.28 0.0
S130309 328.2354 102.8716 1.1719999999999999e-23 4.4639999999999997e-23 5.0889999999999995e-22 0.001 45.54 0.0
S130310 328.2553 102.9962 4.756e-25 2.297e-24 4.427e-23 0.0 44.76 0.0
S130311 328.342 103.0498 4.6220000000000003e-20 8.075000000000001e-20 1.781e-19 0.0 45.19 0.0
S130312 328.1312 102.9981 1.129e-16 9.637e-17 4.952e-17 0.0 45.6 0.0
S130313 328.2626 103.0224 9.489e-16 7.543e-16 3.509e-16 0.0 44.81 0.0
S130314 328.0933 102.8869 6.373e-20 1.078e-19 2.293e-19 0.0 44.92 0.0
S130315 328.5364 102.8254 5.91e-18 6.879e-18 6.853e-18 0.0 45.16 0.0
S130316 328.2118 102.926 3.111e-23 1.0469999999999998e-22 9.118e-22 0.0 45.68 0.0
S130317 328.1095 103.2251 4.6809999999999996e-23 1.3569999999999998e-22 8.808999999999999e-22 0.0 44.3 0.0
S130318 328.2599 102.8569 4.199e-23 1.4279999999999999e-22 1.27e-21 0.0 44.62 0.0
S130319 328.2113 103.1456 1.274e-17 1.288e-17 9.745e-18 0.0 45.42 0.0
S130320 328.1939 103.1358 6.433000000000001e-20 1.015e-19 1.874e-19 0.0 44.42 0.0
S130321 328.3804 102.7481 7.954000000000001e-21 1.5890000000000002e-20 4.9450000000000005e-20 0.0 44.62 0.0
S130322 328.0384 102.9145 1.272e-17 1.293e-17 9.822e-18 0.0 44.14 0.0
S130323 328.3374 102.9725 1.041e-18 1.333e-18 1.528e-18 0.0 45.37 0.0
S130324 328.4523 102.7179 9.32e-21 6.479e-21 2.218e-21 0.0 45.01 0.0
S130325 328.3245 102.7449 3.076e-24 1.2669999999999999e-23 1.76e-22 0.0 45.31 0.0
S130326 328.2441 102.8895 2.858e-17 2.859e-17 2.016e-17 0.0 45.57 0.0
S130327 328.2078 103.13 7.372e-19 1.072e-18 1.622e-18 0.0 44.27 0.0
S130328 328.2563 102.5755 3.342e-17 3.196e-17 2.036e-17 0.0 45.29 0.0
S130329 328.3896 102.8202 1.0840000000000001e-20 2.1140000000000002e-20 6.217e-20 0.0 44.55 0.0
S130330 328.3244 102.7458 2.31e-17 2.238e-17 1.509e-17 0.0 44.25 0.0
S130331 328.1249 102.7502 5.662999999999999e-22 1.398e-21 6.768e-21 0.0 44.4 0.0
S130332 328.3795 102.9023 1.488e-18 1.839e-18 2.042e-18 0.0 44.49 0.0
S130333 328.4622 102.7752 1.536e-19 2.293e-19 3.75e-19 0.0 44.46 0.0
S130334 328.5178 102.914 1.028e-17 1.118e-17 9.801e-18 0.0 45.33 0.0
S130335 328.2103 102.9699 7.645e-21 1.6130000000000002e-20 5.692000000000001e-20 0.0 45.72 0.0
S130336 328.0422 102.9605 2.211e-22 5.749999999999999e-22 3.049e-21 0.0 44.44 0.0
S130337 328.3046 103.0181 1.83e-17 1.805e-17 1.285e-17 0.0 44.7 0.0
S130338 328.3683 102.9655 2.581e-21 5.25e-21 1.646e-20 0.0 44.52 0.0
S130339 328.094 103.2105 1.1369999999999998e-22 3.0019999999999996e-22 1.638e-21 0.0 44.99 0.0
S130340 328.4807 102.7154 7.457e-21 1.549e-20 5.0200000000000005e-20 0.0 44.45 0.0
S130341 327.98 102.9189 8.618e-22 1.707e-21 5.0580000000000004e-21 0.0 45.04 0.0
S130342 328.1352 102.8974 4.698e-19 6.109e-19 7.642e-19 0.0 46.04 0.0
S130343 328.2096 102.9606 5.773e-21 1.1070000000000001e-20 3.038e-20 0.0 44.71 0.0
S130344 328.5903 102.864 1.103e-21 2.46e-21 9.313e-21 0.0 45.49 0.0
S130345 328.1771 103.1503 8.074e-18 8.638e-18 6.865e-18 0.0 45.41 0.0
S130346 328.2742 102.9011 2.388e-18 2.802e-18 2.826e-18 0.0 45.24 0.0
S130347 328.2366 103.0535 2.871e-19 4.121e-19 6.11e-19 0.0 44.69 0.0
S130348 328.2396 102.9166 2.883e-20 4.956000000000001e-20 1.081e-19 0.0 44.79 0.0
S130349 328.217 102.795 1.8100000000000002e-20 3.4660000000000006e-20 9.309e-20 0.001 45.37 0.0
S130350 327.9643 102.7639 3.789e-18 4.477e-18 4.448e-18 0.0 45.22 0.0
S130351 328.3599 102.676 2.3730000000000002e-20 4.4270000000000005e-20 1.171e-19 0.0 44.03 0.0
S130352 328.4889 102.8006 4.6780000000000004e-21 9.3e-21 2.8320000000000005e-20 0.0 44.85 0.0
S130353 328.3141 102.6152 1.8440000000000002e-20 3.3930000000000003e-20 8.648000000000001e-20 0.0 44.81 0.0
S130354 328.4316 102.7972 7.317e-16 6.592e-16 3.827e-16 0.0 44.47 0.0
S130355 328.1369 102.8995 2.974e-20 5.417e-20 1.303e-19 0.0 45.29 0.0
S130356 328.1396 102.8392 3.562e-20 6.336e-20 1.489e-19 0.0 44.86 0.0
S130357 328.2383 103.0501 8.077e-19 1.112e-18 1.594e-18 0.0 45.2 0.0
S130358 328.4616 102.9553 5.623e-24 2.0529999999999998e-23 2.0939999999999997e-22 0.0 45.54 0.0
S130359 328.1983 102.6465 2.627e-22 5.957e-22 2.435e-21 0.0 45.01 0.0
S130360 328.4645 102.9183 2.774e-18 3.202e-18 3.199e-18 0.0 44.9 0.0
S130361 328.4476 103.0049 5.562e-20 8.549e-20 1.536e-19 0.001 44.9 0.0
S130362 328.1675 103.0961 1.39e-20 2.588e-20 6.844e-20 0.0 44.36 0.0
S130363 328.1199 103.1797 1.086e-21 2.316e-21 8.33e-21 0.0 45.09 0.0
S130364 328.1137 102.8723 2.829e-18 3.428e-18 3.573e-18 0.0 45.39 0.0
S130365 328.3068 102.7384 3.79e-21 7.982e-21 2.768e-20 0.0 45.84 0.0
S130366 328.3927 102.8933 2.122e-25 1.237e-24 3.437e-23 0.0 45.3 0.0
S130367 328.2933 102.9815 5.035e-17 4.501e-17 2.66e-17 0.0 44.75 0.0
S130368 328.2018 102.8613 3.8959999999999997e-22 1.0120000000000001e-21 5.431e-21 0.0 45.06 0.0
S130369 328.4408 102.9822 1.408e-20 2.4900000000000002e-20 5.868e-20 0.0 44.59 0.0
S130370 328.2731 102.5699 1.1020000000000001e-20 2.1040000000000002e-20 5.666000000000001e-20 0.0 45.93 0.0
S130371 328.2887 102.6917 1.421e-20 9.326e-21 2.9160000000000002e-21 0.001 44.42 0.0
S130372 328.3209 102.7229 1.7310000000000002e-20 3.2760000000000003e-20 8.811e-20 0.0 44.42 0.0
S130373 328.3931 102.9823 5.57e-27 4.6520000000000004e-26 2.813e-24 0.0 44.1 0.0
S130374 328.2834 102.5493 9.612e-18 1.048e-17 8.602e-18 0.0 44.75 0.0
S130375 328.127 102.7762 7.181e-19 9.508e-19 1.175e-18 0.0 45.2 0.0
S130376 328.3817 102.7281 7.232999999999999e-23 1.9739999999999999e-22 1.13e-21 0.0 44.46 0.0
S130377 328.2209 102.7091 3.7170000000000004e-20 6.593e-20 1.52e-19 0.0 45.25 0.0
S130378 328.1323 103.1459 1.456e-18 1.872e-18 2.205e-18 0.0 46.0 0.0
S130379 328.251 102.9341 9.056e-24 3.639e-23 4.599e-22 0.0 44.26 0.0
S130380 328.0605 102.8215 1.292e-16 1.221e-16 8.026e-17 0.0 44.84 0.0
S130381 328.4592 102.7598 9.49e-19 1.221e-18 1.496e-18 0.0 44.42 0.0
S130382 328.4418 102.6166 1.465e-18 1.724e-18 1.738e-18 0.0 45.33 0.0
