Time NormalisedFlux
0.0 1.0978484845060374
1.0 1.1017161562338056
2.0 1.0417724202218763
3.0 1.040253840229999
4.0 1.0112300808668095
5.0 1.0014246399197708
6.0 0.9539317624695354
7.0 0.9368331891017116
8.0 0.8979245726831953
9.0 0.9249417662396022
10.0 0.8640965364998661
11.0 0.8395625253119186
12.0 0.7939143778317552
13.0 0.8457194334367298
14.0 0.905485320647608
15.0 0.9299314076018286
16.0 0.9350493876398289
17.0 0.9527834964148453
18.0 0.9784275038616397
19.0 1.0323822686070665
20.0 1.0102182510880109
21.0 1.029455709531368
22.0 1.0512725550523074
23.0 1.1103015065834732
24.0 1.1217779454928634
25.0 1.1203538998348215
26.0 1.1236984394368656
27.0 1.118904953026888
28.0 1.1095708551778647
29.0 1.1078203632519512
30.0 1.0402265350005093
31.0 0.9981179536084743
32.0 0.9987031876284634
33.0 0.9987394894603561
34.0 0.9696651244231498
35.0 0.9617854783741394
36.0 0.9382602953517447
37.0 0.8724887636369888
38.0 0.8388753067114649
39.0 0.8838124703871169
40.0 0.8406286989641056
41.0 0.8548753955559938
42.0 0.8804470791253851
43.0 0.8903126482808739
44.0 0.9710220906478421
45.0 0.971698085488643
46.0 0.9528571935843372
47.0 0.985885667797727
48.0 1.0184676844783536
49.0 1.074333465540731
50.0 1.0787678559353764
51.0 1.0546711217717588
52.0 1.0823840479842401
53.0 1.1348306540747046
54.0 1.111722995283001
55.0 1.1243641997020668
56.0 1.153933113084626
57.0 1.1038006113810583
58.0 1.075310518182602
59.0 1.0198778987210542
60.0 1.0387983821302238
61.0 0.9836674900830529
62.0 0.9706998857692244
63.0 1.018111512821476
64.0 0.917712320859163
65.0 0.9404196146706392
66.0 0.9471788877474006
67.0 0.9134226198754658
68.0 0.8822389262109005
69.0 0.9024096963377485
70.0 0.8836065890873039
71.0 0.9081450796873168
72.0 0.9714415275476163
73.0 0.9348523006404836
74.0 0.9543415109440359
75.0 1.0009306130892934
76.0 1.0113069774119074
77.0 1.0805661151909787
78.0 1.090501689860751
79.0 1.072764242919466
80.0 1.1025967468126596
81.0 1.124225479693075
82.0 1.125817865204909
83.0 1.159764296329059
84.0 1.1094421212739642
85.0 1.1155582822604617
86.0 1.1128684559346012
87.0 1.0536978227250093
88.0 1.0222478910656403
89.0 0.9562331025846319
90.0 1.0093747559809718
91.0 0.9850131183726895
92.0 0.9467645351768254
93.0 0.9305824857873451
94.0 0.8711998941707526
95.0 0.9190477699220787
96.0 0.8223654218396734
97.0 0.8663236516890421
98.0 0.9168287068661118
99.0 0.90395311745572
100.0 0.9042490619000805
101.0 0.9452594521690155
102.0 0.9681757912342401
103.0 1.0161031771619142
104.0 1.0434368417653428
105.0 1.0207101528027407
106.0 1.011456598840278
107.0 1.0669699410965572
108.0 1.1008851326449312
109.0 1.1064628355483737
110.0 1.154628146680433
111.0 1.1613020637676512
112.0 1.1609501001739841
113.0 1.1207715244970808
114.0 1.0670671030891015
115.0 1.0390438405567484
116.0 1.0666706807785276
117.0 1.050751068104918
118.0 0.9734705233116986
119.0 1.0055819879584458
120.0 0.9561230889927463
