Time NormalisedFlux
0.0 0.9464866575115598
1.0 0.9256306866443604
2.0 0.8114818788469481
3.0 0.8160043933192709
4.0 0.9367217795854095
5.0 0.8587518518366573
6.0 1.133134369391787
7.0 0.7475348987027928
8.0 0.898967350696241
9.0 1.0468271649399161
10.0 1.1258802649777893
11.0 0.8196259239897473
12.0 1.0333139459283387
13.0 0.7834697959184198
14.0 1.0526717788979163
15.0 1.0789756719020804
16.0 1.0651093335714155
17.0 0.9433196747286144
18.0 0.9434606294340276
19.0 1.0402776433642806
20.0 0.9832064840555522
21.0 0.9290741165051926
22.0 0.9996412925347554
23.0 1.0435006016464015
24.0 0.9434516613513777
25.0 0.9153417845339067
26.0 0.9358429205514739
27.0 1.0567277167193403
28.0 1.1088771266136803
29.0 0.96522388262582
30.0 0.7544872812489758
31.0 0.9796168015769919
32.0 0.825807835080157
33.0 1.1207176903899714
34.0 1.0697805105109461
35.0 0.8992266171744505
36.0 0.8134954049547147
37.0 0.9138498594665088
38.0 0.9990192515368757
39.0 1.0733226427811733
40.0 0.9428842537811923
41.0 0.790962286307529
42.0 0.956534831875062
43.0 1.0614610862997098
44.0 1.250178422544439
45.0 0.9698929964874548
46.0 1.0674370752244042
47.0 1.1240800938038757
48.0 1.0280676635085635
49.0 0.9629939497506558
50.0 1.0219024994203756
51.0 0.8223753678059529
52.0 0.9647760026758134
53.0 1.096171744456601
54.0 0.845717219264849
55.0 1.1695446425212712
56.0 1.2010415207202818
57.0 0.9379470822438959
58.0 1.186573890841662
59.0 1.034361256888178
60.0 0.9993807101776393
61.0 1.024383449078496
62.0 0.9601627760129461
63.0 1.0294320784549655
64.0 1.0860327658795883
65.0 1.1062907434294404
66.0 0.9963225325722297
67.0 0.8929996809167906
68.0 0.9602925592839069
69.0 1.1175482033917095
70.0 0.9161062079666362
71.0 0.8306691094786822
72.0 0.8422901150020932
73.0 1.1718110832090978
74.0 0.9973086665899575
75.0 0.7678113786447063
76.0 0.9016006015543481
77.0 1.0567365683895213
78.0 0.9864982172117807
79.0 1.0673984223909407
80.0 1.2147884122729382
81.0 0.9004535854415546
82.0 0.8503266879815907
83.0 1.010013092526211
84.0 1.0403461003093102
85.0 1.055451041048754
86.0 1.046989057188242
87.0 1.044643224215632
88.0 1.0307246267345413
89.0 1.1526867804378937
90.0 1.0101065812337824
91.0 0.9645184403173453
92.0 0.9203864979717814
93.0 1.0120100010877247
94.0 0.9276556722986928
95.0 1.0111763119985153
96.0 1.0480184429923391
97.0 1.0219099795108177
98.0 1.0027214319376287
99.0 1.133128679396485
100.0 0.9905758518944737
101.0 1.0433124264133278
102.0 1.0615104386420309
103.0 1.0227215844763646
104.0 0.9186312317004471
105.0 1.0868001715475257
106.0 0.9676846614014805
107.0 0.8783521335587776
108.0 0.8617973007110272
109.0 1.1082896491920033
110.0 1.0350941084390437
111.0 0.943478798640061
112.0 1.014506372998505
113.0 1.036887269356689
114.0 1.0468020753241227
115.0 0.9060476177534488
116.0 1.0024285943711682
117.0 0.7115694780012902
118.0 0.8894550240440596
119.0 1.0294990413537095
120.0 0.9976581439421827
