Time NormalisedFlux
0.0 1.1393672554153997
1.0 1.1471592709933993
2.0 1.1913108740295333
3.0 1.1793590453838005
4.0 1.1736718253539393
5.0 1.189453712948568
6.0 1.1568751884424473
7.0 1.0832929776515074
8.0 1.1021545341334607
9.0 1.0616377008782483
10.0 1.0260516207671548
11.0 1.0371528401970003
12.0 1.0962765803676613
13.0 1.0473486472147941
14.0 0.9593926429538051
15.0 0.9901118414546262
16.0 1.027797243317888
17.0 0.9936747974923972
18.0 1.0115507165166544
19.0 0.9560025009014552
20.0 0.9248697655070683
21.0 0.9581173660981753
22.0 0.9273733090187422
23.0 0.8860667236921295
24.0 0.9073453920566561
25.0 0.8794618932710991
26.0 0.8588144991625326
27.0 0.9187410787417366
28.0 0.8302735276278266
29.0 0.8658869892528639
30.0 0.8747093718443755
31.0 0.8959127689929776
32.0 0.8608823777064871
33.0 0.8456234959442165
34.0 0.8381955462992622
35.0 0.8367130866703711
36.0 0.8088470711041892
37.0 0.8102911101417628
38.0 0.8599621302995225
39.0 0.8543696903614366
40.0 0.7565529707615934
41.0 0.8290484353693902
42.0 0.8437012023578363
43.0 0.8764672343897282
44.0 0.829823323541731
45.0 0.8752151664147237
46.0 0.8867852233864226
47.0 0.8427411146695302
48.0 0.8674907229330019
49.0 0.8836865104931518
50.0 0.801789923161518
51.0 0.8380324267110831
52.0 0.914711864426326
53.0 0.8580198675473335
54.0 0.8314474902510931
55.0 0.9148243305595087
56.0 0.9058494800825628
57.0 0.9231774915616795
58.0 0.9657275636625681
59.0 0.8774184480686779
60.0 0.9717176942088169
61.0 0.9539866277482824
62.0 0.943874924119963
63.0 0.9934537626366673
64.0 0.9774592558075023
65.0 0.9943282478503163
66.0 1.019952996226255
67.0 1.0556615314270195
68.0 1.073796706165768
69.0 1.0796230927392676
70.0 1.039695691263525
71.0 1.0123431502935363
72.0 1.143719484160119
73.0 1.1300194602108993
74.0 1.117579582315463
75.0 1.1162143972717766
76.0 1.1396857511393637
77.0 1.134653810354309
78.0 1.173275030726367
79.0 1.1676966646076976
80.0 1.1762653858633372
81.0 1.207441076270544
82.0 1.1725216539576566
83.0 1.1974593165822216
84.0 1.1649753935286575
85.0 1.2908492653078771
86.0 1.1777250399543002
87.0 1.2066326313167521
88.0 1.149832552154389
89.0 1.2459071971945148
90.0 1.2102938595080437
91.0 1.1516787645404878
92.0 1.1357190433932705
93.0 1.1093067560734489
94.0 1.1942718910120327
95.0 1.137181924814123
96.0 1.1379090907342468
97.0 1.1633470264184966
98.0 1.212569119010428
99.0 1.1475503754607308
100.0 1.1433190341786497
101.0 1.1041208888366298
102.0 1.128138488831104
103.0 1.1737126415291392
104.0 1.0873311300921564
105.0 1.1069460591651077
106.0 1.0091906372360429
107.0 1.0132465633602386
108.0 1.0255725668836266
109.0 1.0200443983122391
110.0 1.0185208634921763
111.0 1.0336204230745478
112.0 0.9996504267157159
113.0 0.9275913013142392
114.0 0.9447572770465966
115.0 0.9113667293482858
116.0 0.9415298766961928
117.0 0.9452858370468636
118.0 0.9368070406224517
119.0 0.903078383546421
120.0 0.8729475929305007
