Time NormalisedFlux
0.0 0.8527938674935872
1.0 0.9147371480439087
2.0 0.930080661359979
3.0 1.0111899715700348
4.0 1.0051943914867745
5.0 1.0089175221326707
6.0 1.0219628952768969
7.0 1.0421630705849225
8.0 1.0844569747048376
9.0 1.0878680018167637
10.0 1.1319427359454928
11.0 1.121818569901006
12.0 1.1676952598113148
13.0 1.0855688350134753
14.0 1.0643038580723945
15.0 1.018461012819661
16.0 1.0415972108543645
17.0 0.9837250812229662
18.0 0.9844676410521997
19.0 0.9175359583092253
20.0 0.9566290751952292
21.0 0.8719912539970632
22.0 0.8655919362605531
23.0 0.8967446941115529
24.0 0.8663635121390026
25.0 0.8865347066924664
26.0 0.9153128746855044
27.0 0.9451558161252461
28.0 0.9778981919675506
29.0 0.9577645691375499
30.0 1.0198837007387052
31.0 0.9780714417590144
32.0 1.0267024923413173
33.0 1.0296229052935424
34.0 1.1134383777638392
35.0 1.1329285383728904
36.0 1.160030089197091
37.0 1.1408743531387293
38.0 1.1080099988521537
39.0 1.1093196169930142
40.0 1.0908291528815954
41.0 1.0168549941482314
42.0 1.0238259713365094
43.0 0.963796250776393
44.0 0.9376120351721141
45.0 0.9456853810559147
46.0 0.8976094389623026
47.0 0.8952963148452427
48.0 0.8325978500750602
49.0 0.8595316256087434
50.0 0.8840578307480446
51.0 0.8902536791748297
52.0 0.9380759569041964
53.0 0.9896509361965281
54.0 1.0222511639003324
55.0 0.9835654120028371
56.0 0.9824376425777082
57.0 1.067708112262771
58.0 1.0480534714006962
59.0 1.1240544111892494
60.0 1.1065371011025138
61.0 1.1450898770748905
62.0 1.1339753052919899
63.0 1.0742398537169502
64.0 1.0842120414244187
65.0 1.0703862713875936
66.0 1.0420789233001413
67.0 1.0648890159524451
68.0 0.9786721075558042
69.0 0.9643735771434324
70.0 0.9401615854476845
71.0 0.9117723714651795
72.0 0.9028595208374179
73.0 0.8895185861171208
74.0 0.8553494307551008
75.0 0.8973446644626787
76.0 0.8924446281330626
77.0 0.9053770256574146
78.0 0.9442340756455064
79.0 0.9750312285339309
80.0 0.943816852483892
81.0 1.004143486383308
82.0 1.0322679030522297
83.0 1.0570652129267302
84.0 1.107784906805984
85.0 1.110512316607952
86.0 1.1028543779479147
87.0 1.1128244961527374
88.0 1.1085907491846418
89.0 1.1014793240880638
90.0 1.0965460387481982
91.0 1.043039224880788
92.0 1.0698127945868765
93.0 1.0041901918180633
94.0 1.0160092533166771
95.0 0.9872441724308414
96.0 0.9282430858840273
97.0 0.8959417957263476
98.0 0.8903719154472259
99.0 0.8699566168596247
100.0 0.857482083478334
101.0 0.8789053291794104
102.0 0.9041359309584402
103.0 0.946678507719649
104.0 0.99602269332273
105.0 1.02630735999546
106.0 1.0315380555907225
107.0 1.0038491460713688
108.0 1.0517220920323729
109.0 1.0916690386404067
110.0 1.141234171044214
111.0 1.138049450786319
112.0 1.0953713807647827
113.0 1.157695224849931
114.0 1.1593169954901328
115.0 1.0880442857513533
116.0 1.0755490558597383
117.0 1.0129627300864228
118.0 0.9966385754170952
119.0 0.9296639862747673
120.0 1.0096753083236285
