Time NormalisedFlux
0.0 0.9964046077586123
1.0 0.9935070489288804
2.0 0.9823310270782589
3.0 1.0041865629927273
4.0 0.997157914307704
5.0 0.991639824389776
6.0 0.9560040725065638
7.0 0.9498447704612668
8.0 0.9617225081802113
9.0 0.9752916198832356
10.0 0.9590068048273718
11.0 0.9301095113300929
12.0 0.978442362331078
13.0 0.9426021216647047
14.0 0.928784255388318
15.0 0.9591324202001641
16.0 0.9305120766040559
17.0 0.925747029357698
18.0 0.899916710963056
19.0 0.912028220216319
20.0 0.9197483504489767
21.0 0.9245441457022492
22.0 0.9513637252398944
23.0 0.9896770812828514
24.0 1.0365468496865142
25.0 1.0138392625198194
26.0 1.0583913178573974
27.0 1.0747118895419898
28.0 1.077913197229108
29.0 1.105031895644223
30.0 1.0658215254801977
31.0 1.078506610578155
32.0 1.0559485015944274
33.0 1.0709174505774421
34.0 1.041757468031887
35.0 1.0373259839511246
36.0 1.0323383821285672
37.0 1.0598447797521489
38.0 1.0438833771180793
39.0 1.0481917293395735
40.0 1.0512156015686402
41.0 1.0494538570146283
42.0 1.0184672800772185
43.0 1.0006982583513844
44.0 0.9934878986938637
45.0 0.9945531833805992
46.0 1.0050018317061078
47.0 1.0087961029538557
48.0 0.9870726060256165
49.0 1.0312002882227307
50.0 1.0238075612168218
51.0 0.9973776008611147
52.0 1.0172065978500178
53.0 1.0030394277089918
54.0 0.9754754514532624
55.0 0.9751095831277471
56.0 0.9458517457054412
57.0 0.9982003671453211
58.0 0.9904651911696895
59.0 0.9306597250870398
60.0 0.9603900231614106
61.0 0.9647305021024953
62.0 0.967851724951749
63.0 0.9670941091084264
64.0 0.9348438809752729
65.0 0.9381224425556577
66.0 0.9389647878134185
67.0 0.8956544766974491
68.0 0.9012955369720775
69.0 0.9156881495800802
70.0 0.9465260816805722
71.0 0.9327859329418522
72.0 0.9855496721681647
73.0 1.0334947898498534
74.0 1.021015454247493
75.0 1.0674617304192058
76.0 1.104068325374111
77.0 1.1059910571656246
78.0 1.0788054636868216
79.0 1.0990801145561948
80.0 1.0553928816856444
81.0 1.0426081096943975
82.0 1.038168940584421
83.0 1.0689940895872356
84.0 1.0750158916573715
85.0 1.0366647698870481
86.0 1.067301259531006
87.0 1.0125590496220447
88.0 1.0480450866314326
89.0 1.0284447254150033
90.0 1.0398122778723948
91.0 1.034124372465204
92.0 1.0070519078004425
93.0 1.0248954518733084
94.0 0.9967634808273793
95.0 1.0090063241925473
96.0 0.9827534252152829
97.0 0.9800459600074132
98.0 0.9905908947250024
99.0 1.0073227049876667
100.0 0.9754895967133749
101.0 0.955033769542369
102.0 0.9701175842288939
103.0 0.9890607006562522
104.0 0.9733407440666388
105.0 0.9676455923184542
106.0 0.9605037436147688
107.0 0.9695558806958596
108.0 0.9658250374038564
109.0 0.9719926483215185
110.0 0.9830046267407704
111.0 0.9209787572769411
112.0 0.9620631123672402
113.0 0.9438319696950992
114.0 0.951678609007119
115.0 0.9382368761061325
116.0 0.8910879593662321
117.0 0.8991522433963155
118.0 0.9083066319849903
119.0 0.9059625153594941
120.0 0.9340052394814189
