Time NormalisedFlux
0.0 0.9086713872673629
1.0 0.8813606359993756
2.0 1.1071681132016185
3.0 0.853940421883474
4.0 1.2007598188424713
5.0 0.9854034248677321
6.0 0.9899662670944273
7.0 0.9784102433455962
8.0 0.8785560342599226
9.0 1.062263110383848
10.0 1.0690908106628227
11.0 0.9046648773246861
12.0 0.8802067237139167
13.0 1.057964231272027
14.0 0.931024900057502
15.0 0.9629555378094696
16.0 0.91746721767514
17.0 1.0951574726880327
18.0 1.0524813237403672
19.0 1.0172988679634363
20.0 1.2661219539942137
21.0 1.0243341905914107
22.0 0.9499183380637408
23.0 1.090293339802213
24.0 0.990190935920824
25.0 0.9400853467162031
26.0 1.2035396284235382
27.0 1.1662868510232658
28.0 1.0158866753672198
29.0 0.9842006763608864
30.0 0.8188532988808345
31.0 0.9481506664606086
32.0 1.0666723375231377
33.0 1.0535528769468456
34.0 1.0862467005512408
35.0 1.0244341796467955
36.0 1.0455975374418869
37.0 0.8270373940698177
38.0 1.0455217007245352
39.0 1.0292955708076714
40.0 1.1447663107029262
41.0 1.0620439057379443
42.0 0.96506497104539
43.0 1.2072143648107598
44.0 1.1371761002187077
45.0 0.8803141685106747
46.0 1.1157246102247083
47.0 0.9525578912517765
48.0 1.0434997316296826
49.0 1.0408512081851014
50.0 1.0657357441074795
51.0 0.9414723628840488
52.0 1.1315852304571368
53.0 1.0244806591810096
54.0 1.0113559964078958
55.0 1.0031455641798497
56.0 0.8511922844732798
57.0 0.9556344782921747
58.0 0.9796793967041714
59.0 0.9735227462832907
60.0 0.9751166379524193
61.0 1.1417137107393835
62.0 0.9349923828587132
63.0 0.933649275207764
64.0 0.8967185548555953
65.0 0.9343599261637178
66.0 1.1593595797811047
67.0 1.0973194697264477
68.0 1.1643101505317708
69.0 1.1984848532375958
70.0 1.2553191791183902
71.0 0.9495759965076048
72.0 1.1604857321515158
73.0 1.011082665000678
74.0 1.0172590472389749
75.0 1.0985591195699096
76.0 0.8251294986577591
77.0 1.1849166968527185
78.0 0.9963863414852544
79.0 1.038203983772686
80.0 1.0013800720373343
81.0 1.1131180123690736
82.0 0.9431831749808679
83.0 1.0558806808659116
84.0 1.0518541799032664
85.0 0.9852700494491231
86.0 1.0349252040057406
87.0 0.9454476956360798
88.0 1.1434709169407016
89.0 1.0549001353963052
90.0 1.0145000726368891
91.0 1.0260270256667785
92.0 1.0363831313834633
93.0 0.8895365174996637
94.0 0.9463777567980929
95.0 1.0385318388852025
96.0 0.9063587194241618
97.0 0.8651548143497941
98.0 1.0772261105298166
99.0 1.0551553198868295
100.0 0.9428411316144766
101.0 0.8696310160305637
102.0 1.00654096698965
103.0 1.051587242072578
104.0 0.9671021440045258
105.0 1.0594853958094892
106.0 1.0438908876846937
107.0 0.9898243795903325
108.0 0.9865024449642218
109.0 1.092815082147873
110.0 0.8237371659597401
111.0 1.0038519613772094
112.0 0.9685307893923236
113.0 0.8756977019623388
114.0 1.0069516067253923
115.0 0.9384809133097077
116.0 0.9205584958009843
117.0 0.9389229546098588
118.0 1.2127533641150356
119.0 1.1318156136852697
120.0 0.965728419793019
