Time NormalisedFlux
0.0 0.9599667536436448
1.0 0.9642662419709885
2.0 0.9739098128368078
3.0 0.9362878407516355
4.0 0.9403275016774958
5.0 0.9489576256853929
6.0 0.9392650596585614
7.0 0.9200654223680942
8.0 0.948930035425705
9.0 0.9254803845442712
10.0 0.9327547655523752
11.0 0.899025884346266
12.0 0.9241682362385923
13.0 0.9009029097819687
14.0 0.9085270959173133
15.0 0.927674609155251
16.0 0.9488175819520199
17.0 0.9782855448728014
18.0 1.0295685142698707
19.0 1.049619390686938
20.0 1.0671157464885583
21.0 1.1028072116955798
22.0 1.103535646915416
23.0 1.1167251016606774
24.0 1.090685039509632
25.0 1.0967036698765198
26.0 1.0574169976522174
27.0 1.0290073057874434
28.0 1.0478146054910027
29.0 1.0186611815645439
30.0 1.0496671469048908
31.0 1.0481976709863527
32.0 1.018944065863532
33.0 1.080115152888282
34.0 1.0586212823477865
35.0 1.036576474000431
36.0 1.0484278089752228
37.0 1.0239938555323618
38.0 0.9964651881191696
39.0 0.9854958266669459
40.0 1.0301540119855224
41.0 0.9787189637042247
42.0 0.9965190876232446
43.0 0.994523437475511
44.0 1.0093436405681218
45.0 0.9910724157524361
46.0 1.0203914781235317
47.0 0.9796972196823462
48.0 0.972879442980382
49.0 0.9486655525444821
50.0 0.9523114985334534
51.0 0.9518422998851351
52.0 0.9315166619394007
53.0 0.9599811062769362
54.0 0.9745080341763815
55.0 0.9476632480929404
56.0 0.9456636382196972
57.0 0.9303168882231923
58.0 0.9534732178064615
59.0 0.9199318943598946
60.0 0.9017862133678162
61.0 0.9164556352809169
62.0 0.9324016751237207
63.0 0.9197637442289541
64.0 0.9137685224737121
65.0 0.9553358781731065
66.0 0.9214005384640588
67.0 1.003530817049224
68.0 1.062741369029336
69.0 1.0629316685447838
70.0 1.0809488487209535
71.0 1.0661126876340181
72.0 1.0860343473974161
73.0 1.089960761220749
74.0 1.06662533275706
75.0 1.0771012283940389
76.0 1.061540221869617
77.0 1.047582513527476
78.0 1.0465165740525812
79.0 1.0260019222131842
80.0 1.0568840670936717
81.0 1.0397196645181772
82.0 1.008056047725269
83.0 1.02261557478526
84.0 1.034198078479902
85.0 1.0642183237143863
86.0 1.0243100754549714
87.0 1.0029600262895402
88.0 1.043291102533087
89.0 0.9965738477738594
90.0 0.9779672877961482
91.0 1.0102693161507146
92.0 1.0177817201485364
93.0 1.0132385031725395
94.0 0.9955840231500889
95.0 0.977533135196078
96.0 1.025870968079943
97.0 0.9956463911872339
98.0 0.968038634300805
99.0 0.9843918216811388
100.0 0.9939921136579235
101.0 0.9540284854848149
102.0 0.9527928199858599
103.0 0.9293418436787201
104.0 0.9312089882211424
105.0 0.9530731382479559
106.0 0.9455155452375651
107.0 0.929307255769745
108.0 0.9324725256109881
109.0 0.920832232800238
110.0 0.8993621663026775
111.0 0.8950063553755626
112.0 0.9017177709556337
113.0 0.9069125741214392
114.0 0.9406303498738865
115.0 0.969730039675588
116.0 0.996109682700436
117.0 1.0298715579082562
118.0 1.0523101209185362
119.0 1.080100761987119
120.0 1.0864983615773702
