Time NormalisedFlux
0.0 0.9009023740873585
1.0 0.8910938672603405
2.0 0.8696216480613189
3.0 0.8756421771940577
4.0 0.8586165104157738
5.0 0.8396017134889653
6.0 0.8428930000873831
7.0 0.8000837005308868
8.0 0.7896203292341433
9.0 0.8119045020334885
10.0 0.8823107195514909
11.0 0.7983505767275182
12.0 0.8812748859206696
13.0 0.8394379592242391
14.0 0.7968691812830542
15.0 0.7930568201927564
16.0 0.8527909591472221
17.0 0.8239722069886398
18.0 0.846369385756835
19.0 0.8643189515760696
20.0 0.8197893224751387
21.0 0.7653962131477252
22.0 0.7486464886881753
23.0 0.7854007264184023
24.0 0.8328275033446957
25.0 0.8201940137231754
26.0 0.8602324408600796
27.0 0.8860563006748922
28.0 0.8564119046373748
29.0 0.8831096387566807
30.0 0.9025249059172293
31.0 0.8865888112730845
32.0 0.8882468103248378
33.0 0.8594267345861686
34.0 0.9442551427049188
35.0 0.8974257874593937
36.0 0.9156555468888455
37.0 0.9293596342164204
38.0 1.0296551875881585
39.0 1.0091686842788292
40.0 0.949249891760012
41.0 0.9849184109431223
42.0 1.0345377797121151
43.0 1.042888152800515
44.0 1.0883665773121367
45.0 1.0718051881676847
46.0 1.0358775214715124
47.0 1.0950043986839155
48.0 1.0893781406605973
49.0 1.0705693446398223
50.0 1.1285359771867576
51.0 1.1142469067885055
52.0 1.1162353902770825
53.0 1.14811068178584
54.0 1.163969367279622
55.0 1.1765575289681047
56.0 1.1837128228770455
57.0 1.1945586243515034
58.0 1.1557283417910884
59.0 1.164216072571537
60.0 1.2059438028182297
61.0 1.1388269682808447
62.0 1.1666338591375247
63.0 1.1608951588634626
64.0 1.2472362854124004
65.0 1.2184211789412045
66.0 1.237596633923375
67.0 1.1907600373553675
68.0 1.1502061394091943
69.0 1.1775978400104028
70.0 1.2080925932111015
71.0 1.1778353412219404
72.0 1.1988551711807456
73.0 1.2030932105633385
74.0 1.155131449908041
75.0 1.1305095255996225
76.0 1.128412369457838
77.0 1.1082708794502556
78.0 1.160003394009424
79.0 1.0856792534851993
80.0 1.158043106758072
81.0 1.0857155873878401
82.0 1.093301602097556
83.0 1.0312021812694603
84.0 1.1081371690006747
85.0 1.028297558843695
86.0 1.0338986291994363
87.0 1.0168082450422107
88.0 1.0418139823688672
89.0 1.0403575970221488
90.0 0.9883424674358512
91.0 1.0228281968614041
92.0 0.9650104326759754
93.0 0.9982300194453088
94.0 0.9430096103195178
95.0 0.9115276670915249
96.0 0.8985113734883862
97.0 0.9308484534838026
98.0 0.9295593108477374
99.0 0.8121268588951407
100.0 0.8830276971377236
101.0 0.845870667214341
102.0 0.853183998861558
103.0 0.8366797524548953
104.0 0.840157644705142
105.0 0.812149403927784
106.0 0.8468451545436361
107.0 0.7960831042424031
108.0 0.8095725447531208
109.0 0.735050711819572
110.0 0.7257810687006483
111.0 0.743313902882833
112.0 0.8518998822480107
113.0 0.7708380026938011
114.0 0.7808207566805061
115.0 0.8564709613301161
116.0 0.7402041772880101
117.0 0.8145676571212983
118.0 0.847677874283124
119.0 0.827754352194926
120.0 0.7863441459514915
