Time NormalisedFlux
0.0 0.7690113835126323
1.0 0.7599018116238033
2.0 0.808692588516726
3.0 0.7957401526981203
4.0 0.8478822857075401
5.0 0.7554561158941299
6.0 0.8074390502377349
7.0 0.7793016179924147
8.0 0.7739277119442417
9.0 0.8377761021011787
10.0 0.9554299527705802
11.0 0.853263677724248
12.0 0.8847337161206097
13.0 0.899330259776181
14.0 0.8624066635980807
15.0 0.8634131830274719
16.0 0.9498318850076196
17.0 0.9636663556792229
18.0 0.9589559806042937
19.0 0.8643772879095859
20.0 0.9501115167872219
21.0 0.8992725321136628
22.0 0.9265631341660365
23.0 1.0601031525864697
24.0 0.9820759884671152
25.0 1.0182901449639732
26.0 1.0204377429010782
27.0 1.04089360830418
28.0 1.0260647573612307
29.0 1.0425082379199146
30.0 1.040931443145231
31.0 1.045639700471971
32.0 1.1045982740055345
33.0 1.1361690949415437
34.0 1.1176273921456847
35.0 1.1192526750065068
36.0 1.1900912778749757
37.0 1.1251349664357226
38.0 1.1419300271818797
39.0 1.1996055707075493
40.0 1.1161057180647675
41.0 1.1925692810144204
42.0 1.1684660194323118
43.0 1.209056053510766
44.0 1.12902529507923
45.0 1.201383168914666
46.0 1.2131813407619851
47.0 1.215788436517187
48.0 1.211034292308962
49.0 1.2280896103709174
50.0 1.1750406059048148
51.0 1.2574488945419384
52.0 1.1933106949640537
53.0 1.13831175355059
54.0 1.2270301440648963
55.0 1.1961376597446605
56.0 1.2158265642092847
57.0 1.198686293812267
58.0 1.1742203010352261
59.0 1.1867983391983015
60.0 1.124643156600412
61.0 1.1260017212801123
62.0 1.1766812666177697
63.0 1.1258390472842208
64.0 1.0978493663494713
65.0 1.0548021613954777
66.0 1.1135651498135037
67.0 1.0825032615968782
68.0 1.002715724047592
69.0 1.0888440398892805
70.0 1.0525837922300614
71.0 1.0706330947137817
72.0 1.00286475538918
73.0 1.031724673715425
74.0 0.9871987631071264
75.0 0.9955699441580504
76.0 0.9479676671978194
77.0 0.974887130473109
78.0 0.9770000975361343
79.0 0.9826326318417248
80.0 0.9300679763869802
81.0 0.9457723346618911
82.0 0.9408325375571955
83.0 0.9003209013290266
84.0 0.9072681906052266
85.0 0.9238887595159123
86.0 0.866453886774212
87.0 0.8631296949724804
88.0 0.9051666540584408
89.0 0.9052793585837664
90.0 0.8029136940750293
91.0 0.8640016858724548
92.0 0.8271005866207243
93.0 0.852719450448218
94.0 0.7920520603607273
95.0 0.8082291123702238
96.0 0.8419467185218227
97.0 0.7998815519390013
98.0 0.7551521486651415
99.0 0.8648123994620545
100.0 0.8031257228281196
101.0 0.7778596689186458
102.0 0.7698688109493795
103.0 0.8251620261945799
104.0 0.7749956098282476
105.0 0.8102116374561873
106.0 0.8361581178256757
107.0 0.8586879190149401
108.0 0.8444637731034538
109.0 0.8411807425093237
110.0 0.9001083286375632
111.0 0.8341089506525263
112.0 0.8359715598181015
113.0 0.8570348894079086
114.0 0.8754499523230299
115.0 0.8675241798183325
116.0 0.9657281636928167
117.0 0.9303475170632275
118.0 0.9015747969205282
119.0 0.9810288141904465
120.0 0.9406742901059517
