Time NormalisedFlux
0.0 0.9165604588433305
1.0 0.8682673276378258
2.0 0.8827765071314664
3.0 0.930702037786596
4.0 0.9382713366592892
5.0 0.9772806282038546
6.0 1.0124030334511627
7.0 1.018405709157298
8.0 1.0778551076208118
9.0 1.0767200217861719
10.0 1.1065617771706515
11.0 1.0765963095169908
12.0 1.0606158150939988
13.0 1.0826299061681546
14.0 1.0626958320059516
15.0 1.0304408974734547
16.0 1.0517147692735878
17.0 1.0277555790536772
18.0 1.050212567009556
19.0 1.075609529529381
20.0 1.0648024106689495
21.0 1.0613114055795616
22.0 1.0170298009506353
23.0 1.0260740292272357
24.0 1.05404188736674
25.0 1.0007453917856615
26.0 1.0245470443587585
27.0 1.0169578626416156
28.0 1.0135848702355363
29.0 0.9786240948951421
30.0 1.004778873983683
31.0 1.0075412045427934
32.0 1.0038743807900574
33.0 0.9787200592033849
34.0 0.9745167778049345
35.0 0.9587483668552444
36.0 0.9637495696366027
37.0 0.9755667470752882
38.0 0.9407567320554339
39.0 0.966514539085361
40.0 0.9616006951846763
41.0 0.9370010575908244
42.0 0.9809296807170749
43.0 0.9388118952227361
44.0 0.9321609646457867
45.0 0.9246797500274354
46.0 0.9308923049524676
47.0 0.8975991948738926
48.0 0.909737757559849
49.0 0.9311632981776884
50.0 0.9211806865954466
51.0 0.9490826689436948
52.0 0.9674472789655668
53.0 1.0253910790055383
54.0 1.0527767676754007
55.0 1.0372477461767369
56.0 1.093810620901609
57.0 1.0879132926717432
58.0 1.0871890262684354
59.0 1.0978423350230484
60.0 1.0539562819393737
61.0 1.047169248138095
62.0 1.0642717716572883
63.0 1.05715838800325
64.0 1.0817583348914954
65.0 1.084323929629148
66.0 1.0428983100537652
67.0 1.0517097083791924
68.0 1.0554307226919293
69.0 1.0349135744812519
70.0 1.0346880430033791
71.0 1.005987780084564
72.0 1.0088109939030367
73.0 1.0069021843063062
74.0 0.9735276971510778
75.0 0.9864869654252099
76.0 0.9811363237784995
77.0 0.9775373574917973
78.0 0.9868856056540571
79.0 0.9999845987446235
80.0 0.9767519544545196
81.0 0.9866328200642146
82.0 0.977843769037794
83.0 0.9709021464570678
84.0 0.9448117790948309
85.0 0.9838496228691377
86.0 0.9552841874034033
87.0 0.955131205423441
88.0 0.9483269282711466
89.0 0.9631836254158197
90.0 0.9472364123417419
91.0 0.9215793477218694
92.0 0.9295015466317574
93.0 0.9267567838230936
94.0 0.9015439854173516
95.0 0.8916124111609892
96.0 0.918674007872341
97.0 0.9420416940554774
98.0 0.9636861298204875
99.0 0.9808829431974299
100.0 1.0155179303299757
101.0 1.0463253155103271
102.0 1.0519142370472379
103.0 1.0647819285338342
104.0 1.0973207035321106
105.0 1.0942827943989781
106.0 1.0935334514532968
107.0 1.083157619733841
108.0 1.0575661545083752
109.0 1.0325461803772016
110.0 1.0509929899226786
111.0 1.0712314838480337
112.0 1.0364838009070576
113.0 1.0473230704399155
114.0 1.066485874417778
115.0 1.0352767494995618
116.0 1.0522414889000142
117.0 1.0047546098632236
118.0 0.9954937055058646
119.0 1.032861847595773
120.0 0.989750684719428
