Time NormalisedFlux
0.0 0.900889463740281
1.0 0.8993539964884435
2.0 0.9053051607936184
3.0 0.8750575182442814
4.0 0.9236699226189667
5.0 0.9524560801448101
6.0 0.9731313240734649
7.0 0.9722834020723334
8.0 1.025098854409808
9.0 1.0660032303136462
10.0 1.09791151667175
11.0 1.1105200312094499
12.0 1.098598911071387
13.0 1.102223481800787
14.0 1.0787372010186271
15.0 1.067548350837059
16.0 1.0616437893849389
17.0 1.0296227469343295
18.0 1.0368009306121246
19.0 1.0348241673790117
20.0 1.0523407013419737
21.0 1.0667751976750468
22.0 1.0445010623304365
23.0 1.041951061550298
24.0 1.0057253914361186
25.0 0.9928831912491192
26.0 1.02377929012567
27.0 0.9859174751666279
28.0 1.0110430523808513
29.0 1.022225739154886
30.0 1.0012769114167919
31.0 1.0014071154085056
32.0 0.9881011136340709
33.0 0.974912726196834
34.0 0.9828615816397438
35.0 0.9880469692883539
36.0 0.9832165196044678
37.0 0.9546577568621271
38.0 0.967688814831114
39.0 0.9591548232647507
40.0 0.9153424138090858
41.0 0.952139792405272
42.0 0.97035510177043
43.0 0.9476748398227172
44.0 0.9539867692446111
45.0 0.9015515407000639
46.0 0.9188508765767655
47.0 0.897122190851716
48.0 0.8839356525506956
49.0 0.9249980550553802
50.0 0.9212677134100373
51.0 0.9238887672197651
52.0 0.9774320318262453
53.0 0.9930970214743801
54.0 1.0541444766018047
55.0 1.0992749433620914
56.0 1.0512147312085944
57.0 1.0865116469869331
58.0 1.0858888005048892
59.0 1.0669859635316394
60.0 1.0729585942407622
61.0 1.0769565304078685
62.0 1.0411561061221721
63.0 1.0614274572879532
64.0 1.0242913678496328
65.0 1.021588082081464
66.0 1.0486521165799876
67.0 1.0675372750349479
68.0 1.0692521032240483
69.0 1.0189824667613812
70.0 1.0255317644975877
71.0 1.0186023918795715
72.0 1.0034471364409918
73.0 1.0016810141922239
74.0 1.0204444814848106
75.0 0.9889402056946737
76.0 0.9820063108677677
77.0 0.9961005814132623
78.0 0.9904297889556833
79.0 0.9654224380918156
80.0 1.0053152402769527
81.0 0.975198699965988
82.0 0.9856290999294091
83.0 0.9535979490430674
84.0 0.9524343908781704
85.0 0.9404783430017222
86.0 0.9224210721346104
87.0 0.96598478695657
88.0 0.9357266414464424
89.0 0.9436233876605854
90.0 0.8979160591759187
91.0 0.9274639749631428
92.0 0.9268213104646837
93.0 0.9248524958866752
94.0 0.8816018123764723
95.0 0.9111219945406567
96.0 0.9468838956313275
97.0 0.953644771614979
98.0 1.019067628139536
99.0 1.033448514967203
100.0 1.0793069704762008
101.0 1.0768734591460174
102.0 1.0764397383528996
103.0 1.1277928092977032
104.0 1.112133997602769
105.0 1.0631294930712991
106.0 1.0572957773575156
107.0 1.0430503536908338
108.0 1.0444767361853213
109.0 1.0490688221571667
110.0 1.0222601675533862
111.0 1.060060748737477
112.0 1.0687026940866429
113.0 1.0246288800401657
114.0 1.0536824661925335
115.0 1.007259927802098
116.0 1.0289681372574937
117.0 0.9913109844123884
118.0 0.9882692614625277
119.0 1.0225834826411995
120.0 0.9910331532635218
