Time NormalisedFlux
0.0 1.1512430992448348
1.0 1.1065326079108908
2.0 1.0820870554133846
3.0 1.051203431149343
4.0 1.0351282115074945
5.0 0.9741500091502819
6.0 0.9590215986160588
7.0 0.93386846659372
8.0 0.9677731790159807
9.0 0.95484239972849
10.0 0.8760495430089559
11.0 0.8826160591348109
12.0 0.8658039047873908
13.0 0.8911292279710398
14.0 0.91844099284178
15.0 0.9371463336648571
16.0 0.9066439531742082
17.0 0.9559358679247261
18.0 0.9643592775295868
19.0 0.9806257618042576
20.0 1.023161836826934
21.0 1.0222982478206744
22.0 1.0160395800529867
23.0 1.0643770672835582
24.0 1.1056576741187498
25.0 1.0976240939145223
26.0 1.1668315895296408
27.0 1.1704404192515414
28.0 1.1341173296721778
29.0 1.1149759741215097
30.0 1.097941285970899
31.0 1.105324286531239
32.0 1.0232372290716307
33.0 0.9925358939424364
34.0 1.013978328400478
35.0 0.9665663418678045
36.0 0.9455466645306843
37.0 0.9285011430892277
38.0 0.8594509812677864
39.0 0.8716463730603974
40.0 0.8536763244571077
41.0 0.8641135055290455
42.0 0.9365339558287178
43.0 0.9146861112964259
44.0 0.9683217132854406
45.0 0.9774361036932389
46.0 0.9660694702212616
47.0 1.0006763155073761
48.0 1.0014030706537356
49.0 1.0966130009652075
50.0 1.098264436320439
51.0 1.0718385959870593
52.0 1.1043443149777956
53.0 1.1049851672235773
54.0 1.1724055937837963
55.0 1.0857631056995223
56.0 1.0892245588822742
57.0 1.1109510773308595
58.0 1.040570245392922
59.0 1.0454653793470043
60.0 1.0217548266422767
61.0 0.9832900189847763
62.0 0.9268533527769647
63.0 0.9426084920710273
64.0 0.9601333500791212
65.0 0.9147304210226809
66.0 0.8781706819974041
67.0 0.8452167478312836
68.0 0.81139900649597
69.0 0.9230734864075272
70.0 0.9088264914251911
71.0 0.9057658672035211
72.0 0.9516883692991769
73.0 0.9466365898141647
74.0 0.9580350303688253
75.0 1.0315390524773687
76.0 1.0715986337789667
77.0 1.0563063688744363
78.0 1.0494988899765352
79.0 1.1032536467181453
80.0 1.094848604439955
81.0 1.1700679871618045
82.0 1.1372887131615121
83.0 1.1409818612008111
84.0 1.1068307184745183
85.0 1.0596051005833376
86.0 1.0335777584956511
87.0 1.0123875779000262
88.0 1.014501750374042
89.0 0.9795029867291826
90.0 0.950364325720604
91.0 0.8782307945684188
92.0 0.92669702704374
93.0 0.8757637684199631
94.0 0.8818209808287069
95.0 0.865044520939966
96.0 0.9110268321472097
97.0 0.910716712146443
98.0 0.845217696737718
99.0 0.9497630166396256
100.0 0.9501682839390266
101.0 1.028570975135834
102.0 1.0108389665156785
103.0 1.013226719476942
104.0 1.086733134709318
105.0 1.0870375557781693
106.0 1.0220197387030447
107.0 1.1034026150498215
108.0 1.1320792521069365
109.0 1.1223492165252589
110.0 1.110522370163611
111.0 1.104873215729334
112.0 1.0970224682516598
113.0 1.0869526063423585
114.0 1.0313138223260285
115.0 1.0090487671905195
116.0 0.9980838889256987
117.0 0.9669536642348707
118.0 0.927594952597897
119.0 0.9102350354600801
120.0 0.9375893972420128
