Time NormalisedFlux
0.0 0.9861486037242991
1.0 0.9570534643058913
2.0 0.9356373769590554
3.0 0.9134944632070037
4.0 0.9196298245693973
5.0 0.8637660091485673
6.0 0.810467061218065
7.0 0.8265238653573045
8.0 0.8623672058721887
9.0 0.9074522638421407
10.0 0.9323901810010412
11.0 0.9967292640898693
12.0 1.0191847448665063
13.0 0.9734098491202997
14.0 1.02737597453397
15.0 1.066523081301588
16.0 1.090860173103359
17.0 1.1382920116236108
18.0 1.1083957496155485
19.0 1.2164386012456874
20.0 1.1382908487963255
21.0 1.1167104100253922
22.0 1.096073059563275
23.0 1.0549087723284183
24.0 1.059882947065376
25.0 1.0573973350556545
26.0 0.980228135770527
27.0 0.9482753473326573
28.0 0.9607866335625663
29.0 0.9652554944652859
30.0 0.8616550061760155
31.0 0.9018279528089449
32.0 0.8652494481635907
33.0 0.8844254539529746
34.0 0.8375199593489939
35.0 0.8676014497181334
36.0 0.8568348181331942
37.0 0.9455742627571361
38.0 0.9948366045104158
39.0 0.9691889891078356
40.0 0.9913049222647077
41.0 1.0270011918453616
42.0 1.0503817178064014
43.0 1.1111077072439905
44.0 1.0977772170853175
45.0 1.1086973913575848
46.0 1.1628213798320957
47.0 1.1239168913265978
48.0 1.0840980723578701
49.0 1.088040384887841
50.0 1.0846537669285372
51.0 1.0487948439778498
52.0 1.0565294603812307
53.0 1.0006639890988647
54.0 0.9146796493402344
55.0 0.958992865335577
56.0 0.9258305802363497
57.0 0.9238117518916917
58.0 0.9066323991344553
59.0 0.9134013450615726
60.0 0.8322458856342405
61.0 0.8960872191833611
62.0 0.9109759976111418
63.0 0.9312929941672495
64.0 0.9938832367500858
65.0 0.917185942946014
66.0 0.9985536491469921
67.0 0.987496370575551
68.0 1.024545649428084
69.0 1.01887928372829
70.0 1.111404903245037
71.0 1.0837965373240057
72.0 1.103157750291127
73.0 1.128849891099332
74.0 1.1134630054196224
75.0 1.104683550503562
76.0 1.0945514496000195
77.0 1.0901936609516074
78.0 1.083816573604228
79.0 1.0389780175618988
80.0 1.0214142027416344
81.0 1.0018382448599368
82.0 0.959214857371413
83.0 0.9425967232589045
84.0 0.9510907811082072
85.0 0.9304477345562455
86.0 0.8325074766720211
87.0 0.7970392209585343
88.0 0.869538511531739
89.0 0.8634901545630824
90.0 0.9243459396093038
91.0 0.9486555537731665
92.0 0.9738120655235118
93.0 0.9739642708748474
94.0 0.962389988986077
95.0 1.0054685732158692
96.0 1.0585009328641208
97.0 1.0643445027257843
98.0 1.0537529290801764
99.0 1.0996912729611643
100.0 1.1148777443189652
101.0 1.1233434638354145
102.0 1.070858144819351
103.0 1.1681008845939131
104.0 1.1559386096786244
105.0 1.0578426758478268
106.0 1.0118871042529776
107.0 0.9635240129706255
108.0 0.9927939590425346
109.0 0.9569876377381087
110.0 0.953604044947021
111.0 0.9137046975825294
112.0 0.9110173171409006
113.0 0.8659748169908308
114.0 0.8046150750788518
115.0 0.8330762373797623
116.0 0.8668551176728786
117.0 0.904762311145477
118.0 0.9380492027455442
119.0 0.9736209525740528
120.0 0.9810744489503177
