Time NormalisedFlux
0.0 1.0186412214418048
1.0 1.0322536601573116
2.0 0.9795415892250442
3.0 1.0030960774923598
4.0 0.9924383384948647
5.0 0.9835799880278128
6.0 0.9853210745420827
7.0 0.9491983756131073
8.0 0.9436034442085482
9.0 0.9494592534052869
10.0 0.938913278673353
11.0 0.9516741074504347
12.0 0.9524554125302418
13.0 0.9445284173431265
14.0 0.9228419110308979
15.0 0.9513566665685528
16.0 0.9514717869550199
17.0 0.9293533107391311
18.0 0.9014128208844642
19.0 0.9045798141230036
20.0 0.898091346613969
21.0 0.8736923990368842
22.0 0.9271012353196235
23.0 0.9490821959671742
24.0 0.9783632058733107
25.0 0.9947397341581374
26.0 1.0432791939345474
27.0 1.0952933010822075
28.0 1.0380351554053862
29.0 1.1303052217347314
30.0 1.1205879692992005
31.0 1.0778234589041948
32.0 1.0801064385953527
33.0 1.0812206393218695
34.0 1.061930835473019
35.0 1.0356182720268066
36.0 1.0599333731401255
37.0 1.0354552935025805
38.0 1.0277384451593536
39.0 1.0420665243281537
40.0 1.0567167943114388
41.0 1.0452495988951087
42.0 1.0276136470938337
43.0 1.0216041298508145
44.0 1.0166882476573358
45.0 0.9870865097687238
46.0 0.995440351536275
47.0 1.0001951458872662
48.0 1.018587013890083
49.0 0.9783506322909606
50.0 1.0175853900089467
51.0 1.0108698599257557
52.0 1.0040593888316136
53.0 0.9970707833263149
54.0 0.9659414747593627
55.0 0.9625356522043477
56.0 0.9451660980321425
57.0 0.9461693737640493
58.0 0.95090234132333
59.0 0.9446451165965644
60.0 0.9745303608040226
61.0 0.9706519564443111
62.0 0.9659912177813947
63.0 0.9687687446916393
64.0 0.9113908671356408
65.0 0.925600086295055
66.0 0.9014039333753829
67.0 0.9003710881647081
68.0 0.9121184425131974
69.0 0.9257520735373801
70.0 0.9345638693696346
71.0 0.9637756874197758
72.0 1.0070079934668772
73.0 1.048972306364918
74.0 1.059412496422328
75.0 1.0829348599634503
76.0 1.0792152781059934
77.0 1.0990289158548927
78.0 1.1091374076856149
79.0 1.082243642315771
80.0 1.0629870345640435
81.0 1.0509868047359425
82.0 1.0877793785353251
83.0 1.0253039379602864
84.0 1.051100969569223
85.0 1.0474507674276192
86.0 1.0835188188478617
87.0 1.0255673991865644
88.0 1.0390514164137918
89.0 1.031074924885267
90.0 1.0229892261082683
91.0 1.0117930243365678
92.0 1.024463697586722
93.0 1.0074328636611125
94.0 0.9991161099218804
95.0 0.9976739359064623
96.0 1.0183216177505312
97.0 0.9712639802332277
98.0 0.9737429301300728
99.0 0.996299154327271
100.0 0.9675051153820993
101.0 0.9993744781170667
102.0 0.9897105519148219
103.0 1.0052483302110022
104.0 0.9705096984643513
105.0 0.9326207827327706
106.0 0.9477570212725124
107.0 0.9593454383849884
108.0 0.9557782790562332
109.0 0.9308043055178109
110.0 0.9620550000218322
111.0 0.9122031799519662
112.0 0.9167987826089204
113.0 0.9081247291933349
114.0 0.8896419040181901
115.0 0.9015596145733821
116.0 0.9295288377400751
117.0 0.9091133375430113
118.0 0.9864597849650713
119.0 1.0092249116806997
120.0 1.0220303623748181
