Time NormalisedFlux
0.0 0.8304961642520501
1.0 0.891991111213551
2.0 0.8794338749134734
3.0 0.903784973841105
4.0 0.911042234627382
5.0 0.9615112974316753
6.0 0.9599204215039656
7.0 0.9706674462883156
8.0 1.0128989411351879
9.0 1.019180142375127
10.0 1.0963751861380153
11.0 1.082749842603967
12.0 1.1137330861596975
13.0 1.1343644127173926
14.0 1.1384296170491253
15.0 1.110436567901989
16.0 1.1023096641093206
17.0 1.0648512490525186
18.0 1.0268281151201883
19.0 1.0228094034984136
20.0 1.0411611128752354
21.0 1.0215661181147766
22.0 0.9926134261049966
23.0 0.9226096526064834
24.0 0.9081737620025694
25.0 0.9211367160153193
26.0 0.9058624547938597
27.0 0.8439565771121434
28.0 0.8600945732617908
29.0 0.9075055424576509
30.0 0.9111624708102122
31.0 0.9546328145103036
32.0 0.9150119849600895
33.0 0.9970992176869976
34.0 0.9945189509839799
35.0 0.99642972805308
36.0 1.0554027836880553
37.0 1.065721455814947
38.0 1.0843139189761222
39.0 1.115046679015523
40.0 1.1096150433009104
41.0 1.1765269918796133
42.0 1.1511575217660308
43.0 1.1217077081114226
44.0 1.1091853897603126
45.0 1.0185491441221182
46.0 1.0008024197748855
47.0 1.0076474901057446
48.0 1.0508081302016767
49.0 0.9556686831135186
50.0 0.9424802050040375
51.0 0.9636714309771982
52.0 0.9346728709488502
53.0 0.8858278220855301
54.0 0.8831308592687844
55.0 0.8257491072513934
56.0 0.8486662193273011
57.0 0.9049513187845741
58.0 0.9256424785355283
59.0 0.9465223648094842
60.0 1.0056458013671223
61.0 1.0157088590819598
62.0 1.0171376848675633
63.0 1.0246413030092563
64.0 1.054833091203237
65.0 1.0730999665395415
66.0 1.0833010985907503
67.0 1.1184526021578756
68.0 1.1448237219421467
69.0 1.0977974268795014
70.0 1.0675273265398273
71.0 1.0361847678313523
72.0 1.0552984749796486
73.0 1.0320721835354665
74.0 1.002690919151746
75.0 0.9806274168107196
76.0 0.9544378026841337
77.0 0.9424576047673064
78.0 0.9033003539605039
79.0 0.8948204368876694
80.0 0.8719870854476736
81.0 0.8341223574959143
82.0 0.8690025711696387
83.0 0.8901877035168817
84.0 0.9019539230601984
85.0 0.9544612073736832
86.0 0.9520086226926718
87.0 0.9845145829356728
88.0 1.0262965008719716
89.0 1.023882105032972
90.0 1.090478763437955
91.0 1.0465593125384662
92.0 1.0814074745433626
93.0 1.130774818737493
94.0 1.1510536119254577
95.0 1.1360277169466757
96.0 1.132128797306268
97.0 1.0345651939788503
98.0 1.0942356458668225
99.0 1.0117541953611153
100.0 1.0325865229305142
101.0 1.0018572375031751
102.0 0.9946041613717207
103.0 0.9134011361259974
104.0 0.9283313027275926
105.0 0.8667272792316609
106.0 0.8486057763354077
107.0 0.867500799485413
108.0 0.8463573284435196
109.0 0.8745488381190087
110.0 0.8663841464882847
111.0 0.9273208128846535
112.0 0.9314006935705426
113.0 0.9875284112741501
114.0 0.9990762631332168
115.0 1.0089238641439546
116.0 1.0517934259430153
117.0 1.0954715191973787
118.0 1.0238988494329253
119.0 1.0825180852763694
120.0 1.1313215527264413
