Time NormalisedFlux
0.0 0.8178962354557847
1.0 0.8098842541265556
2.0 0.8418661744143892
3.0 0.8311044812382529
4.0 0.7984798264188695
5.0 0.7815678781121805
6.0 0.7926089790823254
7.0 0.7534874948473398
8.0 0.7823985173063855
9.0 0.8124967051735106
10.0 0.7741926446926303
11.0 0.8248977770192294
12.0 0.8760661240523331
13.0 0.8360324346282828
14.0 0.8460857240948968
15.0 0.8546817368979782
16.0 0.8510662471469134
17.0 0.8793247983750949
18.0 0.9261438238468439
19.0 0.9313987996200968
20.0 0.9146457677980854
21.0 0.8789185868863773
22.0 0.9537237089466605
23.0 0.9609194479551968
24.0 0.9539098223344517
25.0 1.0010605438223192
26.0 0.9488303224091372
27.0 0.9897416580658632
28.0 1.0048006784874062
29.0 0.9787206560657936
30.0 1.0445918862824994
31.0 1.0413228561108332
32.0 1.065418127715857
33.0 0.9844605334890516
34.0 1.095797763266639
35.0 1.089027573295763
36.0 1.060105892759369
37.0 1.1544896589164613
38.0 1.1650296485412346
39.0 1.065628456537952
40.0 1.1117823094891017
41.0 1.1820085570912378
42.0 1.1840440070220706
43.0 1.195529084724613
44.0 1.0953300135419726
45.0 1.1542380061448125
46.0 1.1363227632509167
47.0 1.19137186260062
48.0 1.1815939818520917
49.0 1.2153583503462728
50.0 1.194861120672412
51.0 1.1793845075021354
52.0 1.1850784711968898
53.0 1.269849756548519
54.0 1.1761760926335723
55.0 1.1801625134247449
56.0 1.209437623830288
57.0 1.192069821105871
58.0 1.1273270501950694
59.0 1.200509589149519
60.0 1.2122778134669874
61.0 1.2366089839548144
62.0 1.1365913684877307
63.0 1.1274849281840493
64.0 1.1722043067247405
65.0 1.1252991260722778
66.0 1.148777115714543
67.0 1.1317676411233102
68.0 1.0646278890542287
69.0 1.073500201038947
70.0 1.0965193026596851
71.0 1.0919708472642828
72.0 1.0210158466585482
73.0 1.0650104421465687
74.0 0.9541175162201962
75.0 1.0086984376136952
76.0 0.966761538369411
77.0 0.9704098051563504
78.0 0.9797243360492289
79.0 0.9079780497317526
80.0 0.9385464987143299
81.0 0.9686784118732734
82.0 0.9070876961335691
83.0 0.8984631172809525
84.0 0.9014008265203711
85.0 0.9036679616381911
86.0 0.9154675995245077
87.0 0.9003402900562454
88.0 0.8435173644585865
89.0 0.8763475835121525
90.0 0.7748491794771581
91.0 0.8531964943427217
92.0 0.8125828985562327
93.0 0.8377551309587771
94.0 0.780105911581579
95.0 0.8716454043470288
96.0 0.8141579137607784
97.0 0.8079776961781907
98.0 0.8997140804235292
99.0 0.8443258945434943
100.0 0.7983690222920302
101.0 0.8229802527339711
102.0 0.8104775791734958
103.0 0.7758743725685269
104.0 0.7622671881799504
105.0 0.8187603327273759
106.0 0.8578361636908031
107.0 0.8082100226074662
108.0 0.8385060021102415
109.0 0.8712205846034029
110.0 0.8399030149871958
111.0 0.87025979592094
112.0 0.8622837141036694
113.0 0.8677000687050385
114.0 0.8779106355475961
115.0 0.8670675440539042
116.0 0.9413691981394572
117.0 0.889261343363172
118.0 0.9340929028102337
119.0 0.9103639599370069
120.0 0.9689599222805891
