Time NormalisedFlux
0.0 0.837818514117416
1.0 0.8429899292961647
2.0 0.8428342391354492
3.0 0.8734070563702241
4.0 0.9253616836370009
5.0 0.942336707834573
6.0 0.99854927067841
7.0 0.9637338670234772
8.0 0.9759811171503194
9.0 0.9992073746916277
10.0 1.0336326063075827
11.0 1.077060950390751
12.0 1.0666590808882928
13.0 1.126092061459284
14.0 1.1405279589064263
15.0 1.1596073540723866
16.0 1.1361359467049843
17.0 1.0592317997456893
18.0 1.0969379395597614
19.0 1.04153064946182
20.0 1.001379899636986
21.0 1.0365554924241438
22.0 1.022847356749764
23.0 0.9227718710679921
24.0 0.9607028880381783
25.0 0.9269679013345
26.0 0.9119982314169811
27.0 0.914081452164435
28.0 0.8807447967887432
29.0 0.8509822407690731
30.0 0.8493170069194399
31.0 0.9047416193402906
32.0 0.9168055883092352
33.0 0.9888978016179364
34.0 0.9842053778258001
35.0 1.0120636545260744
36.0 1.0230808874034598
37.0 0.988748504846245
38.0 1.0752399436257094
39.0 1.0852534540866439
40.0 1.0877158038361596
41.0 1.097596017600486
42.0 1.1550375512442146
43.0 1.1291896080630663
44.0 1.1651767533883608
45.0 1.0818574928203386
46.0 1.0581402669491429
47.0 1.0438852050096505
48.0 1.0098625777443913
49.0 0.9995862826351766
50.0 0.9622425163621334
51.0 0.9738624826923248
52.0 0.9915386753926405
53.0 0.9157804505309299
54.0 0.919342153474118
55.0 0.884040649859367
56.0 0.8492718525708028
57.0 0.8520713147605695
58.0 0.8819047592766665
59.0 0.9223737490169018
60.0 0.889005543482786
61.0 0.941746593442762
62.0 0.9606497016894416
63.0 1.0034195266082158
64.0 1.0052060372575022
65.0 1.0242585007299052
66.0 1.056817951976025
67.0 1.0839146864257292
68.0 1.1253489060260204
69.0 1.1136102786845774
70.0 1.1306381741354097
71.0 1.1312343541190384
72.0 1.1085562965441356
73.0 1.1312431517880928
74.0 1.0244311744220718
75.0 1.0846614334229083
76.0 1.0039817988027786
77.0 1.0228379477115155
78.0 1.008496720826424
79.0 0.9622542846688752
80.0 0.9182414552222763
81.0 0.8918836276712091
82.0 0.8842205639625553
83.0 0.857387154139572
84.0 0.8379849732585202
85.0 0.9487331582522786
86.0 0.8582708363622326
87.0 0.9292258764986447
88.0 0.9164019441519418
89.0 0.9960814593791691
90.0 1.006467229208392
91.0 1.037363049305266
92.0 1.0882343713631757
93.0 1.0756993072530787
94.0 1.1035630853794145
95.0 1.1183915804136664
96.0 1.1110029475602623
97.0 1.1584716635197636
98.0 1.1511912074276403
99.0 1.1211779166321023
100.0 1.0648286614063793
101.0 1.0697382896450591
102.0 1.050455287560464
103.0 1.0626681592970197
104.0 1.0122550443926737
105.0 0.9959851928712744
106.0 0.9102746124511513
107.0 0.9380250342104229
108.0 0.9181516283572104
109.0 0.8776965904191472
110.0 0.8835504937280084
111.0 0.8448146191071577
112.0 0.8943427594531084
113.0 0.8848923511407056
114.0 0.9099603191293589
115.0 0.9104860324608932
116.0 0.9824883765891871
117.0 0.990374577172063
118.0 0.9832811266045439
119.0 1.0348513650686737
120.0 1.0384561106159074
