Time NormalisedFlux
0.0 1.1875279011951434
1.0 1.1715743851903215
2.0 1.1773344803365875
3.0 1.2188772018135194
4.0 1.1665764492168147
5.0 1.2297024112159127
6.0 1.1123753680443638
7.0 1.1927249053463227
8.0 1.1964306489325036
9.0 1.2035012007514796
10.0 1.2303753339242829
11.0 1.1779518742223811
12.0 1.221829673583708
13.0 1.1516710133638526
14.0 1.1902293673943716
15.0 1.2309449042393463
16.0 1.1765194701067878
17.0 1.212111457703013
18.0 1.1703598417416625
19.0 1.1350823248374664
20.0 1.1315724223299628
21.0 1.1839763060915804
22.0 1.1600309309090207
23.0 1.175351631779324
24.0 1.1771439729297115
25.0 1.1443620019432068
26.0 1.0832745093213303
27.0 1.085742302201929
28.0 1.101696649353022
29.0 1.132464087743984
30.0 1.0677302314874952
31.0 1.0793964521053876
32.0 1.0358315176798285
33.0 1.0398226810048996
34.0 1.0305238204805938
35.0 1.016718753593813
36.0 1.0276744912649076
37.0 1.004322211491267
38.0 1.017892807439059
39.0 0.934528482154348
40.0 0.9074653085539285
41.0 0.8907998934082884
42.0 0.895062717124371
43.0 0.870128299338258
44.0 0.9168323572204231
45.0 0.851369965277744
46.0 0.8900523103835972
47.0 0.8914720076691675
48.0 0.8828792802168742
49.0 0.7826631936128081
50.0 0.8785521810623599
51.0 0.8120805401298306
52.0 0.8113912642709082
53.0 0.8469706388700594
54.0 0.8341207868844152
55.0 0.7888603051069979
56.0 0.8008644534823701
57.0 0.8373722746560417
58.0 0.73916448490315
59.0 0.7831449658743292
60.0 0.8564503136011832
61.0 0.8055001994765256
62.0 0.7745813578185956
63.0 0.7874628351412908
64.0 0.7850460946071388
65.0 0.8350443078494213
66.0 0.8472220807491094
67.0 0.8474006618397852
68.0 0.8710625987493741
69.0 0.8232795926193583
70.0 0.9043761796893436
71.0 0.9059381402058473
72.0 0.9048096057216608
73.0 0.9517513428524014
74.0 0.939783070286711
75.0 0.9200796463125854
76.0 0.9443160160648949
77.0 0.951755972004087
78.0 0.963215165783017
79.0 0.9213558182577664
80.0 0.9183397773099838
81.0 1.0033012747350396
82.0 0.9621242810925927
83.0 0.9542422936715175
84.0 0.9687001149651648
85.0 1.0278912562466191
86.0 1.0827566990131972
87.0 1.0504885930947256
88.0 1.093617392228749
89.0 1.0936253927125636
90.0 1.0849971546682642
91.0 1.1767866094768087
92.0 1.0822729590315898
93.0 1.1665490351393137
94.0 1.1459022482775536
95.0 1.1185508389079406
96.0 1.1076747165769052
97.0 1.126958728068852
98.0 1.2365795051877815
99.0 1.2109840386164636
100.0 1.1883757451788386
101.0 1.1723437823793712
102.0 1.1607584863606362
103.0 1.1666995471504253
104.0 1.2117025173181395
105.0 1.2734996939597418
106.0 1.1680298662686657
107.0 1.234626138168667
108.0 1.203460985238392
109.0 1.141322621380513
110.0 1.1981663611367412
111.0 1.144413886833874
112.0 1.1902612914811403
113.0 1.165256392396518
114.0 1.1298071819430893
115.0 1.1586770405925482
116.0 1.1896826097171507
117.0 1.2067166623328822
118.0 1.1101865428165405
119.0 1.1039800951708711
120.0 1.0178474235222463
