Time NormalisedFlux
0.0 1.1414993912174454
1.0 1.0685066076110556
2.0 1.0988397093850029
3.0 1.151551038792855
4.0 1.1903396211335417
5.0 1.1785763549348025
6.0 1.1627995839259107
7.0 1.1205151722767572
8.0 1.1642225879365364
9.0 1.2212107651472868
10.0 1.2588533783502274
11.0 1.2155635127349704
12.0 1.1813032336058436
13.0 1.234061230588736
14.0 1.184215586424023
15.0 1.2202779791348133
16.0 1.2015288219998985
17.0 1.2547667464914678
18.0 1.243144229672553
19.0 1.1735831514427304
20.0 1.146265955029155
21.0 1.1447924705606602
22.0 1.1845319897242192
23.0 1.1392688481592657
24.0 1.1338582846684244
25.0 1.1068562187377362
26.0 1.1434615451154666
27.0 1.1472756958394204
28.0 1.0569186503031973
29.0 1.0527390584208856
30.0 0.9950881747459243
31.0 1.0251642044632756
32.0 1.1030428722542887
33.0 1.0354245969263267
34.0 0.9707602064545292
35.0 0.9445201083816501
36.0 0.980774909134395
37.0 0.9082109846246597
38.0 0.9326156076294014
39.0 0.8881773629855539
40.0 0.8986913897471978
41.0 0.9249235519967103
42.0 0.8592184168082044
43.0 0.8711176674381462
44.0 0.8368192254839073
45.0 0.8475752415145565
46.0 0.8005899937576253
47.0 0.8075755168970009
48.0 0.807060171475379
49.0 0.8098539321784795
50.0 0.8594108769570222
51.0 0.7019742091059016
52.0 0.7847918413875837
53.0 0.7750498547904286
54.0 0.7785804164255788
55.0 0.8183316877008909
56.0 0.7824271260961266
57.0 0.7590489930848091
58.0 0.8411815611093867
59.0 0.8577970994657034
60.0 0.8488121435519637
61.0 0.875064346313524
62.0 0.93775112778054
63.0 0.9177671673439476
64.0 0.8290121741101683
65.0 0.9380327817153824
66.0 0.9572123498540566
67.0 0.9601177094024242
68.0 0.8315049615499829
69.0 0.9198738508499577
70.0 0.9904487814603897
71.0 0.9543230322221422
72.0 0.9936328987833842
73.0 1.0100961206841785
74.0 0.9531780688438967
75.0 1.0660423205581284
76.0 1.0444764544288405
77.0 1.0890129000642643
78.0 1.0989982961700389
79.0 1.0917826490816744
80.0 1.1270098534671926
81.0 1.0526126283175616
82.0 1.084604437873399
83.0 1.096744381203101
84.0 1.1652072272899532
85.0 1.1777445734843421
86.0 1.1683152178031133
87.0 1.1862663386590324
88.0 1.1023939376636644
89.0 1.158951330110892
90.0 1.1965555538796915
91.0 1.1757787779862074
92.0 1.2280824325137736
93.0 1.2102722206826808
94.0 1.1691429333372456
95.0 1.1791523023288386
96.0 1.115622304006471
97.0 1.204446343696727
98.0 1.23922635656087
99.0 1.1649901568888708
100.0 1.2276838291684158
101.0 1.1745433323870162
102.0 1.1457431583017867
103.0 1.1305859835504
104.0 1.1584212102758975
105.0 1.1121556259771077
106.0 1.1050575436750198
107.0 1.0722692547102992
108.0 1.0665319991940658
109.0 1.0556404960636594
110.0 0.9917083668685572
111.0 1.0637818515660673
112.0 0.9853529077480384
113.0 1.009529599653393
114.0 0.9529067613049376
115.0 0.9819255789277187
116.0 0.9767871130804463
117.0 0.979910981080137
118.0 0.9306593417414283
119.0 0.9251933522757301
120.0 0.9276616007307528
