Time NormalisedFlux
0.0 1.1069891524889601
1.0 1.0806746078927338
2.0 0.8639069334664207
3.0 1.1190305083291658
4.0 1.0273614822529913
5.0 1.039568929511641
6.0 1.2538530469243174
7.0 1.0778233539750703
8.0 0.8398844782606295
9.0 0.9522652504882676
10.0 1.0153527825839646
11.0 1.0719211159005317
12.0 0.9747070252289922
13.0 0.9665930607844474
14.0 1.0952236252849288
15.0 1.105986177308287
16.0 0.9807773316905699
17.0 0.9845969677880441
18.0 1.0633978462171234
19.0 0.9470500969049805
20.0 0.888022983791578
21.0 0.862219929596393
22.0 0.9609875581001321
23.0 0.9886207178442521
24.0 1.0406547674986695
25.0 1.1318465357581144
26.0 0.9309636062631019
27.0 1.1246060219497738
28.0 1.0147505977609341
29.0 1.0054512197536953
30.0 0.9403862388308692
31.0 0.9695728792261196
32.0 0.9158589402045345
33.0 0.7985497708003686
34.0 1.012798188109208
35.0 1.0237945255483456
36.0 1.0170077401098547
37.0 0.9701579213920034
38.0 1.021570850470354
39.0 1.0302689423375362
40.0 0.9810220484943523
41.0 1.1081954409090862
42.0 1.0522272245944166
43.0 1.069260837379311
44.0 1.036880858702054
45.0 0.9963061259750955
46.0 0.9906676664532065
47.0 1.0737269229177415
48.0 0.9294523621662542
49.0 1.188069652896655
50.0 0.8501254507531422
51.0 1.1147985135282044
52.0 0.961856311523585
53.0 0.9229950945009422
54.0 0.9724186468827661
55.0 1.0144601361974206
56.0 1.026014262237219
57.0 0.8605616092422373
58.0 0.9182010524731207
59.0 0.986262607815018
60.0 1.006549536158507
61.0 1.0056489517562097
62.0 1.0449962923419664
63.0 0.9059646376775081
64.0 0.9938272827602157
65.0 0.7290180573946874
66.0 0.8617056613783141
67.0 1.0220892541897344
68.0 0.9481175746074407
69.0 0.9084693072653697
70.0 0.9957185460869801
71.0 0.8319386736441439
72.0 1.092978351924346
73.0 0.9669452165628549
74.0 1.1952584309676029
75.0 1.088430358663605
76.0 0.8213650766697682
77.0 1.0109953013283435
78.0 1.0879497513147114
79.0 0.8820848252108178
80.0 1.0480395879421005
81.0 1.1035349960388494
82.0 1.1351226209338885
83.0 1.2375656329540452
84.0 1.042957673596698
85.0 0.9373556232425073
86.0 1.1489211863853968
87.0 1.0472635138676498
88.0 0.9173907177671099
89.0 1.0469947117294576
90.0 0.9282586694333335
91.0 0.9220647350265221
92.0 0.9379092501201213
93.0 1.019739100454704
94.0 1.1716927269630513
95.0 0.9932855184056012
96.0 0.961068339464469
97.0 1.1264256684824612
98.0 0.9069772501708766
99.0 0.9708154356018892
100.0 1.1509700771003109
101.0 1.0283044838053634
102.0 1.1577508945384587
103.0 1.1694673438336685
104.0 0.8925076763914712
105.0 0.9995416888106985
106.0 1.0275796981180225
107.0 0.8687978135090136
108.0 0.9944792555555606
109.0 0.9664144935169448
110.0 0.941631020872077
111.0 1.2260107729521394
112.0 1.012112043459303
113.0 1.3471791635365007
114.0 1.1094718572704796
115.0 1.0047393541827585
116.0 1.05071832642428
117.0 1.188821662009936
118.0 1.0281866667013542
119.0 0.955677030326333
120.0 1.0244032914659822
