Time NormalisedFlux
0.0 0.9374037137908487
1.0 0.924201376866739
2.0 0.8587618973969118
3.0 0.9172016660573462
4.0 0.867255151881754
5.0 0.9363672753670029
6.0 0.9013927753650911
7.0 0.9785755370846568
8.0 0.979236327302292
9.0 0.9898256609083295
10.0 0.9601701548042277
11.0 1.0471742404110158
12.0 1.098524108535583
13.0 1.08955722477834
14.0 1.093468016826481
15.0 1.1976477454832095
16.0 1.1437751188144427
17.0 1.1363154256598604
18.0 1.0729077433453074
19.0 1.091047122240117
20.0 1.002493669517821
21.0 0.984583715666179
22.0 0.9694907468911187
23.0 0.9098072652117853
24.0 0.954613698039859
25.0 0.8565600163978837
26.0 0.9527743824932877
27.0 0.8509621740800303
28.0 0.8490048837358691
29.0 0.9046570382647218
30.0 0.9244997859168377
31.0 0.8998474071236837
32.0 0.9148694552245639
33.0 0.9708662229769424
34.0 0.9647001779593876
35.0 1.0153164527663754
36.0 1.064861692447508
37.0 1.0287113636476186
38.0 1.1068118511077263
39.0 1.1160111735797296
40.0 1.1838167260609138
41.0 1.1320031498936614
42.0 1.093280103066882
43.0 1.1259978958197172
44.0 1.0269372040886877
45.0 1.0603262921458552
46.0 1.0470923989415066
47.0 1.0495850287165875
48.0 0.9325030671210206
49.0 0.9468844212483912
50.0 0.9771584850534032
51.0 0.9008634090821233
52.0 0.8681047839012122
53.0 0.8222412731122173
54.0 0.8577046999616101
55.0 0.874300726826054
56.0 0.9729271273876624
57.0 0.9596357038382586
58.0 0.9570701516673021
59.0 0.956233941254073
60.0 0.9745300817202567
61.0 1.045818990058813
62.0 1.022893186653837
63.0 1.0899453104665102
64.0 1.087033317832088
65.0 1.090067838084015
66.0 1.123557531475635
67.0 1.1332554437077713
68.0 1.1738646852110388
69.0 1.1259327857540933
70.0 1.0477129430419692
71.0 0.9916314967986365
72.0 1.0663504238068557
73.0 0.9722325985590701
74.0 0.9486348378586865
75.0 0.9492957329696892
76.0 0.905896798844511
77.0 0.8581985319777085
78.0 0.8442037788502332
79.0 0.8516857914730976
80.0 0.939877300974883
81.0 0.9149488137861286
82.0 0.9533279017725217
83.0 1.003816560997392
84.0 0.9939052676014094
85.0 0.9880352338145763
86.0 1.0394158710381691
87.0 1.0661273199465953
88.0 1.0867741616419364
89.0 1.1375153696679963
90.0 1.1141634995428702
91.0 1.1824076316876055
92.0 1.102853574241592
93.0 1.0922411432205243
94.0 1.1029229610538134
95.0 1.0439456074777083
96.0 1.0098080230821087
97.0 0.9647952528436805
98.0 0.9781954193668142
99.0 0.9628653287177491
100.0 0.9052801002384391
101.0 0.8896910416564122
102.0 0.8635673796145503
103.0 0.8324604104129671
104.0 0.8624630533647424
105.0 0.857737517356696
106.0 0.956135626911589
107.0 0.9334249084498681
108.0 0.9528999785173324
109.0 0.9729796663691808
110.0 0.9665016431424818
111.0 1.0243426694852107
112.0 1.0542707580998498
113.0 1.0833366923658139
114.0 1.1080506714562608
115.0 1.1297392782659577
116.0 1.145637364077461
117.0 1.1331037856702006
118.0 1.073748535389714
119.0 1.085652597472138
120.0 1.042862954208252
