Time NormalisedFlux
0.0 1.0476343968744197
1.0 1.0538647948150817
2.0 1.0700110599605268
3.0 0.9746839243443685
4.0 1.009954958635225
5.0 0.9872363651767473
6.0 0.9988540600653643
7.0 0.9250704520411762
8.0 0.8870500085808373
9.0 0.8976252722225039
10.0 0.8702758276456722
11.0 0.8669087654346386
12.0 0.85318759555319
13.0 0.9052487164004072
14.0 0.8836734871432556
15.0 0.901111310820018
16.0 0.9451825563651532
17.0 0.9032744669945916
18.0 0.9805486548160899
19.0 1.0315933208064385
20.0 1.00044184031828
21.0 1.0563342807260696
22.0 1.0892920958369439
23.0 1.0830183865808178
24.0 1.1076783353145228
25.0 1.1398619988583112
26.0 1.1563444846972202
27.0 1.1295572669897387
28.0 1.1191429571589118
29.0 1.0493244122088297
30.0 1.0502714906105592
31.0 1.0252215581119022
32.0 1.04152286753582
33.0 1.0229273686329892
34.0 0.9953485128990601
35.0 0.9822335309770057
36.0 0.9643622716732293
37.0 0.8954426766932417
38.0 0.8877854284013187
39.0 0.8743928400060385
40.0 0.8138729520145728
41.0 0.896425818039929
42.0 0.8982636595908792
43.0 0.9610643224697595
44.0 0.9408779819072823
45.0 0.9569305447293696
46.0 0.9574145101436137
47.0 1.0258440175423675
48.0 1.0305458968707677
49.0 1.0329293854564878
50.0 1.0409590715808787
51.0 1.107842453816234
52.0 1.1151649823986696
53.0 1.149672145734785
54.0 1.1275424476475386
55.0 1.1420309561549675
56.0 1.1026501719297492
57.0 1.1475050977921621
58.0 1.103569054699511
59.0 1.0497929578672183
60.0 1.052309526948147
61.0 1.0373098270805305
62.0 0.9848106875342425
63.0 0.9785708039049673
64.0 0.9227814702979
65.0 0.9400248537101941
66.0 0.9147834893180047
67.0 0.8502528422104629
68.0 0.9029653047573415
69.0 0.835506347971089
70.0 0.8591842840144671
71.0 0.891984242676611
72.0 0.8836362702670606
73.0 0.9263076234030636
74.0 0.9314539479825872
75.0 0.989187347641627
76.0 0.9945721894981243
77.0 0.9916422671132868
78.0 1.0307800873650732
79.0 1.0639549129028585
80.0 1.0829332311206405
81.0 1.074140298077497
82.0 1.1264674079324093
83.0 1.1430778839280131
84.0 1.0891915103728957
85.0 1.0963123397858776
86.0 1.0951286393316786
87.0 1.0442625870675595
88.0 1.0486788611978322
89.0 0.9976295699844596
90.0 0.9868133306339659
91.0 1.0200464545653445
92.0 1.0170121352650288
93.0 0.9355562536282631
94.0 0.9330537711629222
95.0 0.9239698935225134
96.0 0.8917436924783593
97.0 0.850151530155857
98.0 0.8393150773423641
99.0 0.8849800983685899
100.0 0.8665773128966731
101.0 0.9139916359803525
102.0 0.9568403644195904
103.0 0.989610094193519
104.0 1.010995431840192
105.0 0.9770278971172477
106.0 1.0197019356145325
107.0 1.041195531318247
108.0 1.057515047611543
109.0 1.0985412457087074
110.0 1.1076035810569043
111.0 1.1550568256559428
112.0 1.130521129496297
113.0 1.1439452900229938
114.0 1.0948401316105563
115.0 1.077054574383253
116.0 1.0325057380619556
117.0 1.0421140967893605
118.0 1.0380032083295543
119.0 0.984280026686739
120.0 1.0330440526779454
