Time NormalisedFlux
0.0 0.9241999699383494
1.0 0.9881583579261315
2.0 0.9922341643722342
3.0 0.9783154314259904
4.0 0.9858212257668911
5.0 1.0414108006334093
6.0 1.0220265234881891
7.0 1.0817522091866898
8.0 1.0973198395745432
9.0 1.166551677657977
10.0 1.1582991630274995
11.0 1.1216891677388077
12.0 1.113476453458525
13.0 1.0886816753734445
14.0 1.075958968528373
15.0 1.0398260762367213
16.0 0.9895223093288726
17.0 0.9779291511901537
18.0 0.9518464605665756
19.0 0.9147264172851024
20.0 0.9070388600921382
21.0 0.9074739265867959
22.0 0.8024666353368533
23.0 0.8098078907963361
24.0 0.8850174848116441
25.0 0.9544679058832342
26.0 0.8957593080122624
27.0 0.9446494340613416
28.0 0.9841622431535699
29.0 0.9986113223774697
30.0 1.0707657706874407
31.0 1.0522358388844426
32.0 1.0973559823226786
33.0 1.1041101913249571
34.0 1.0708545390570827
35.0 1.1505786021944253
36.0 1.1359377356870568
37.0 1.1324379567720164
38.0 1.0625973965191138
39.0 1.082292401591279
40.0 1.0548211898298336
41.0 0.991077804632805
42.0 1.0267643589749933
43.0 0.9752719710770167
44.0 0.9469376838559985
45.0 0.9247400485872015
46.0 0.917872371389647
47.0 0.8620737826862505
48.0 0.878659660790537
49.0 0.8866594685569338
50.0 0.9080921012136246
51.0 0.9064622452501139
52.0 0.9604012116453051
53.0 0.9672034945811327
54.0 1.0020964019805503
55.0 1.0509214870292747
56.0 1.0969760368534287
57.0 1.0764052889510807
58.0 1.108396319619056
59.0 1.1166486494556347
60.0 1.1105859883526341
61.0 1.1416819309204551
62.0 1.1342258948963848
63.0 1.096829647572832
64.0 1.0185769634991277
65.0 1.0523153957764801
66.0 1.0154148954114937
67.0 1.0190773448010768
68.0 0.9660379185340507
69.0 0.9631434878819993
70.0 0.939678729224321
71.0 0.9185620301963954
72.0 0.8557039212591592
73.0 0.8675504583772291
74.0 0.8453816839902305
75.0 0.8325248720147999
76.0 0.940979124003873
77.0 0.9647917983368877
78.0 0.9225829471241813
79.0 0.9940081720292656
80.0 1.0038310318303776
81.0 1.066813489039072
82.0 1.027018623057465
83.0 1.0991601615453677
84.0 1.0796935223648363
85.0 1.1341841883990509
86.0 1.093797737469281
87.0 1.1585277885062502
88.0 1.062759035279104
89.0 1.0427369279643175
90.0 1.0503410624528342
91.0 0.9838681983216108
92.0 0.9640941049522226
93.0 0.9698951091052272
94.0 0.9753190188660026
95.0 0.8824500437623397
96.0 0.9277061668124819
97.0 0.8565107109148065
98.0 0.8507375584304318
99.0 0.9300570578483207
100.0 0.9006637042685527
101.0 0.8914673099976222
102.0 0.9113651100977961
103.0 0.9459998155256909
104.0 1.0230398234088638
105.0 1.0397369146642734
106.0 1.0168154804275493
107.0 1.0643329405352193
108.0 1.0432018063103228
109.0 1.086947016296362
110.0 1.0777770279175904
111.0 1.1600866512267047
112.0 1.1217614287889777
113.0 1.1076263404830646
114.0 1.1051735684932187
115.0 1.0750573967980757
116.0 1.0158753786001289
117.0 0.9844626369400449
118.0 0.9882241762998374
119.0 0.9304207240916883
120.0 0.9105052360874953
