Time NormalisedFlux
0.0 1.0433078474592847
1.0 1.055256014321442
2.0 0.9595895130796606
3.0 0.8831605327492114
4.0 1.0578259140159363
5.0 0.9417219106677353
6.0 1.0460725528857615
7.0 0.9601051887514038
8.0 0.9318890173054085
9.0 0.9436383888735469
10.0 0.9818303943144574
11.0 1.2003912405401147
12.0 1.0328209286757053
13.0 0.9677969802491703
14.0 0.9727047376876352
15.0 0.8797114997396478
16.0 1.0365372236687385
17.0 0.8430661916886157
18.0 0.963024189822721
19.0 1.132055444599326
20.0 1.1197649768372009
21.0 1.1106639450876783
22.0 0.8701289799047387
23.0 0.8738984413484154
24.0 0.9885108175131113
25.0 0.9949744223827257
26.0 0.8661271063938765
27.0 0.9519470622365013
28.0 1.1347942391527202
29.0 0.9146044149435565
30.0 0.9073469395958913
31.0 1.1229075605023444
32.0 1.1657173319514003
33.0 0.9922792452750786
34.0 1.0484520342099086
35.0 1.0280473779171722
36.0 1.0473108756284557
37.0 0.8029486854034756
38.0 1.1361906081390107
39.0 1.0833266434834476
40.0 1.0554817037719262
41.0 1.1077323553870342
42.0 0.8637665474110326
43.0 1.1341310675125493
44.0 0.9246331702903672
45.0 0.9969341475331953
46.0 1.0012502877360847
47.0 1.098583918587929
48.0 1.125314572214526
49.0 1.0092969343838456
50.0 0.7657660982665496
51.0 0.9739133856664676
52.0 1.038234720601398
53.0 1.0184602865102896
54.0 0.9158569031159995
55.0 0.9868648610444857
56.0 1.0151880429168092
57.0 0.8770055445652679
58.0 1.02099507932044
59.0 0.9721963194557658
60.0 1.0011790981967486
61.0 1.0462939209386506
62.0 0.922407806510009
63.0 1.0392811035739267
64.0 1.05783495519917
65.0 0.9730504739626887
66.0 0.9791630321056215
67.0 0.9789416385585415
68.0 1.0601065620066323
69.0 1.1715082672844563
70.0 0.8450630002416986
71.0 0.9147568900905592
72.0 0.9714568958009492
73.0 1.1103936697219217
74.0 1.0844641580705257
75.0 1.0507947922528489
76.0 0.8862856487641395
77.0 1.0140927088949072
78.0 0.8712199804362053
79.0 1.020417327900317
80.0 1.1219448086047814
81.0 1.0588119327917056
82.0 1.0860992129296956
83.0 0.9919391808347473
84.0 0.9619095068782542
85.0 0.9050330077152975
86.0 0.8651442870246414
87.0 1.0719436476111386
88.0 1.0593557549530268
89.0 1.0509342147388794
90.0 1.0897955206105139
91.0 0.9508694792799846
92.0 1.0063924097770962
93.0 0.9980451695442373
94.0 1.0279209312394877
95.0 1.0026324244957217
96.0 0.9251619359304706
97.0 1.0741486183440825
98.0 0.948142257231947
99.0 1.1665737711519535
100.0 1.0946229013134987
101.0 0.858500171188649
102.0 0.919401282545929
103.0 1.0045721322136894
104.0 0.9408212674900269
105.0 0.8852480810723422
106.0 1.0509410952933416
107.0 1.1057175348122048
108.0 1.2103104408703496
109.0 0.8541515937582227
110.0 1.1913998132441497
111.0 1.0870709628350559
112.0 1.0759717482837983
113.0 0.862189013628491
114.0 1.050037536235475
115.0 1.2058467377360296
116.0 0.8800751171172679
117.0 1.0124638298343704
118.0 0.975371266147279
119.0 1.1684272998314573
120.0 0.9628265548413576
