Time NormalisedFlux
0.0 1.072677304367534
1.0 1.0122872499074558
2.0 1.0191957513157999
3.0 0.9888060699155833
4.0 0.9823612637527394
5.0 0.9526510165088136
6.0 0.9204131759164947
7.0 0.8876003841178997
8.0 0.8822922429765587
9.0 0.9142400791245275
10.0 0.8245389665806706
11.0 0.8861349455370542
12.0 0.8835931424265236
13.0 0.9029152335357806
14.0 0.9246741384918812
15.0 0.944462886589705
16.0 0.9934091606042127
17.0 1.029883693428452
18.0 1.0415420917979765
19.0 1.0296644060958995
20.0 1.069293826013979
21.0 1.053151195102532
22.0 1.119043212505347
23.0 1.1954845737155633
24.0 1.161557784599648
25.0 1.09979687804788
26.0 1.0994246979944222
27.0 1.09934206737168
28.0 1.0540063362581955
29.0 1.0059255899052661
30.0 0.9609461821411514
31.0 1.0126184240086697
32.0 0.9272511114562352
33.0 0.9616629752801081
34.0 0.9098223833728678
35.0 0.9043469669512518
36.0 0.8827336726008936
37.0 0.8121294139950591
38.0 0.8572275591658712
39.0 0.8623701703070573
40.0 0.9544337038086711
41.0 0.9142191261100088
42.0 0.9676907364421754
43.0 0.9305941056936854
44.0 1.007094725226947
45.0 1.0357371095398127
46.0 1.0310769633137962
47.0 1.0778373692284584
48.0 1.0961031224056874
49.0 1.1146049013111625
50.0 1.1424331942150479
51.0 1.095889020022119
52.0 1.115429734107772
53.0 1.1168525714170423
54.0 1.0936730971235487
55.0 1.0583900143076095
56.0 1.0823198222353712
57.0 1.0318691868310557
58.0 0.9671151553036296
59.0 0.966337551896628
60.0 0.9669894544531542
61.0 0.9441198541203021
62.0 0.9418965740678737
63.0 0.9311826577925999
64.0 0.8484033670622955
65.0 0.8213887584529723
66.0 0.8727583251628597
67.0 0.8787659082443757
68.0 0.9200399923431641
69.0 0.9342357949244328
70.0 0.955519353674101
71.0 0.9499649357311716
72.0 1.0202207012422504
73.0 1.0353634281951005
74.0 1.0600716482264754
75.0 1.0579125856124247
76.0 1.063598191487278
77.0 1.1191707653883607
78.0 1.085488435681611
79.0 1.1562376860048686
80.0 1.1740565076632772
81.0 1.1227154444589595
82.0 1.0707785723059131
83.0 1.064610668668015
84.0 1.0351070495552572
85.0 0.9677656491893148
86.0 1.0197208247380933
87.0 0.9776383318383366
88.0 0.9665636939456569
89.0 1.0042691311657175
90.0 0.935937397787051
91.0 0.8685118298944657
92.0 0.9092032713656637
93.0 0.8564416346156964
94.0 0.8733769431804347
95.0 0.902481144083373
96.0 0.9411954797869656
97.0 0.9403612874451563
98.0 0.9809312818304887
99.0 0.9972095893075941
100.0 0.9953293673592729
101.0 1.0126308342023866
102.0 1.0090761886673203
103.0 1.0517200004581253
104.0 1.0315269057790954
105.0 1.1057040383038421
106.0 1.1130483592429832
107.0 1.142705000492964
108.0 1.1144699416731858
109.0 1.1365180041362766
110.0 1.1192759283752256
111.0 1.0698030962897107
112.0 1.088040776254365
113.0 0.9928949566457009
114.0 1.030036694391519
115.0 0.9812584633660312
116.0 0.9374405636485337
117.0 0.9171225467335857
118.0 0.9369337531000451
119.0 0.8676355885396939
120.0 0.8798420956266841
