Time NormalisedFlux
0.0 0.9053721064209053
1.0 0.9303098804806683
2.0 0.9288523196307921
3.0 0.8934295755694988
4.0 0.9035352021579279
5.0 0.875146085037075
6.0 0.8346621775088288
7.0 0.9212349151116899
8.0 0.9286603679560782
9.0 0.9224775126357616
10.0 0.9738539202094804
11.0 1.014005271756141
12.0 0.9900783350430392
13.0 1.0046210230010437
14.0 1.0566430399852735
15.0 1.0662632642496044
16.0 1.085480656205012
17.0 1.1409308013704549
18.0 1.1715015095926011
19.0 1.1569464814000243
20.0 1.079374470021878
21.0 1.0695354146739318
22.0 1.054929213557557
23.0 1.0288444031178725
24.0 0.9585437897201341
25.0 1.007146832745146
26.0 0.958013371504849
27.0 0.9361015752365094
28.0 0.9303334482393033
29.0 0.8566505276275171
30.0 0.8695340793456643
31.0 0.8482342620927722
32.0 0.8542474324617507
33.0 0.893991610304565
34.0 0.9548341704238839
35.0 0.9937807271676151
36.0 0.9982104141608179
37.0 1.0061280061959936
38.0 1.0652034962744952
39.0 1.062391056355935
40.0 1.0839867462870016
41.0 1.0909695068063698
42.0 1.1288758867468176
43.0 1.1301912571148753
44.0 1.1094370942620964
45.0 1.0753438268089082
46.0 1.0336197378824312
47.0 1.0905317881406502
48.0 1.0352942782999073
49.0 1.0041449031907854
50.0 0.9772868316352994
51.0 0.9843283324630148
52.0 0.9455598099857673
53.0 0.9363349680673966
54.0 0.921726094821618
55.0 0.8337515684319348
56.0 0.8844653609107817
57.0 0.9062243294595027
58.0 0.8353733280813305
59.0 0.9701289014099457
60.0 0.9609210779834364
61.0 0.9931641307453031
62.0 0.9896511548274878
63.0 1.030354053478981
64.0 1.0560484479928511
65.0 1.049175788750243
66.0 1.115369967236255
67.0 1.0906609550761242
68.0 1.0811150648424508
69.0 1.116281054957877
70.0 1.1266474982558279
71.0 1.0182008766529353
72.0 1.063889165649017
73.0 1.030859422597957
74.0 1.043260594418359
75.0 1.0074571652205708
76.0 0.9286435634224162
77.0 0.9665279231214501
78.0 0.8570593625325196
79.0 0.8910143106938467
80.0 0.844296059378139
81.0 0.9048032219037533
82.0 0.9200535949156299
83.0 0.9222770850031591
84.0 0.9610782289994179
85.0 1.0155492464848985
86.0 0.9452420580787881
87.0 1.0121320252257817
88.0 1.0452006194060373
89.0 1.0719826153469807
90.0 1.0681871458759347
91.0 1.1072611196946975
92.0 1.124187767378388
93.0 1.1604469633667016
94.0 1.147497564044049
95.0 1.0853288623685753
96.0 1.1060829368280554
97.0 1.0526780609260755
98.0 1.0246505586887305
99.0 1.0406399738930696
100.0 0.9889562296890747
101.0 0.9793466692918901
102.0 0.9454792728436813
103.0 0.9182528543620053
104.0 0.8963449989884331
105.0 0.8464753079025699
106.0 0.8289434034392184
107.0 0.8682859287877976
108.0 0.9129726786078676
109.0 0.9434906349879573
110.0 0.9408187372424829
111.0 0.9731381431628252
112.0 1.0137805910852402
113.0 1.0128576496942805
114.0 1.0654036632939643
115.0 1.0857624222413016
116.0 1.0788527674054469
117.0 1.054453520548343
118.0 1.138720045829469
119.0 1.1034615157521044
120.0 1.1501029771289097
