Time NormalisedFlux
0.0 1.1405786332869363
1.0 0.9751206876384384
2.0 1.0948169543426614
3.0 0.8250607418300212
4.0 1.0703445376669516
5.0 1.0107604661644345
6.0 0.8483543483822399
7.0 0.9572053636569604
8.0 0.9413126669506544
9.0 1.1537365902607974
10.0 0.9721647139052727
11.0 0.9699297360920002
12.0 1.0938586105713994
13.0 0.908196265976404
14.0 1.0024065494250172
15.0 0.9073986734008765
16.0 1.0776796203401875
17.0 1.051216433739986
18.0 1.1077054767445547
19.0 1.0080637158912453
20.0 0.8305973834377941
21.0 0.9742524130307276
22.0 0.858815244056502
23.0 0.8722128975350495
24.0 1.1531986863018815
25.0 1.0894119091817722
26.0 1.0481501273114877
27.0 0.9530678446845275
28.0 1.0275246824774154
29.0 0.6735448786464289
30.0 0.9717364951817884
31.0 1.037051347138891
32.0 1.1045768787945978
33.0 0.9871145988910133
34.0 1.100187574940737
35.0 0.9665062633968926
36.0 0.8103677724367655
37.0 1.070170372698014
38.0 0.9849535822608738
39.0 0.9277523967632674
40.0 0.869365858271889
41.0 1.0606537840247596
42.0 0.9820269430208247
43.0 0.9315702481716021
44.0 0.930432995325932
45.0 1.0588016432009648
46.0 0.9585508758274478
47.0 0.9752073388563076
48.0 0.9332849537765462
49.0 1.1850624836811314
50.0 0.9541191564878766
51.0 1.075386828287366
52.0 0.8854862093594589
53.0 0.9142867709211141
54.0 0.8886916326766294
55.0 1.0945457585878462
56.0 0.9754137104929764
57.0 0.9027116691971749
58.0 0.9533111876112114
59.0 0.8503423300301058
60.0 1.0145386872994533
61.0 0.8858246147081725
62.0 0.918590921318002
63.0 0.9328612090012512
64.0 0.9705751523669395
65.0 1.0360533297487895
66.0 0.9251073087448579
67.0 0.9772125440600724
68.0 1.1076718412380084
69.0 1.0135444312351258
70.0 1.0925805231892924
71.0 1.020729679288366
72.0 1.0617736151306023
73.0 0.9301996567175201
74.0 0.9669752352534683
75.0 1.007026013018378
76.0 0.9771196419670242
77.0 0.9839119682888287
78.0 0.9633596036811728
79.0 1.0025288308501517
80.0 1.0767297013887096
81.0 0.722512332250818
82.0 0.9187973961233848
83.0 0.9882482013580753
84.0 0.8779832275264579
85.0 1.07897163894198
86.0 0.8544240063133037
87.0 0.9077978382322993
88.0 1.0792011342114076
89.0 0.8919057773753644
90.0 1.1498758403053806
91.0 1.0879203711479348
92.0 1.0556642254906037
93.0 1.0095834303563562
94.0 0.878298579485829
95.0 1.0001584076458212
96.0 1.0733769229258456
97.0 1.079630116493797
98.0 1.0314485520524723
99.0 0.842477810432575
100.0 0.9094511593263219
101.0 1.0333384885276786
102.0 1.0079353501371406
103.0 0.9912672594030045
104.0 1.0640142739519838
105.0 0.9457379606376844
106.0 1.0397969719876918
107.0 1.0488730427433244
108.0 1.102901779730646
109.0 0.9452667696680929
110.0 1.087625444442625
111.0 0.9346152998908713
112.0 1.0488821354042674
113.0 1.0888761189602008
114.0 1.0022384861162235
115.0 0.8757120706238031
116.0 1.0356344552536307
117.0 0.8895652598922291
118.0 1.1397505461488824
119.0 0.9925367946766581
120.0 1.0198350249968817
