Time NormalisedFlux
0.0 1.0243242287505026
1.0 1.0175742863074495
2.0 0.9693381053719446
3.0 0.8248137907612565
4.0 1.1352059935285304
5.0 0.8540466181594174
6.0 1.080762628338495
7.0 0.9753346209186533
8.0 1.1287874188925613
9.0 0.9820455535500316
10.0 0.9321404035927497
11.0 1.010422449000555
12.0 1.0245748494027491
13.0 1.045340710473787
14.0 1.1144393934654897
15.0 1.1519449717513441
16.0 0.936533439472998
17.0 1.147611265838139
18.0 1.0559709801301056
19.0 1.0799380496282756
20.0 0.9331760463292688
21.0 0.9793531302447553
22.0 0.7983036584131533
23.0 1.0708466417876077
24.0 0.9828920183919283
25.0 1.011433224855263
26.0 1.1904432071658206
27.0 1.0797069599425706
28.0 0.8915287384872849
29.0 1.0638508524833723
30.0 1.0439339219190589
31.0 1.0688292643625734
32.0 0.9807098604842828
33.0 1.2804132273488256
34.0 1.019834759600747
35.0 1.0156757425645069
36.0 1.1804223006724939
37.0 1.1173392074832198
38.0 0.9199658623810074
39.0 1.200015843788004
40.0 0.9071064341622335
41.0 1.1076808869009198
42.0 0.927620012831855
43.0 1.0980711813367798
44.0 1.0414145921470699
45.0 1.0578265931437685
46.0 1.0236442618036952
47.0 1.0072593309755125
48.0 0.9648339466828147
49.0 0.836973098719878
50.0 0.8865479195289294
51.0 0.8364749831085709
52.0 1.0034225275203794
53.0 0.8675027349211575
54.0 0.9262402621688185
55.0 1.0575437880668235
56.0 1.122218608914725
57.0 0.8864439842306798
58.0 0.9114065334555819
59.0 1.107661627982851
60.0 1.0134158855588695
61.0 1.0011717873011656
62.0 1.1223073415452065
63.0 0.8484323690453079
64.0 0.997539470585836
65.0 1.0843074427496415
66.0 0.9922998714572341
67.0 0.9289627282693719
68.0 0.8581494564775354
69.0 1.083806551949593
70.0 1.1716285020334443
71.0 1.1011196200740185
72.0 0.9588872482736299
73.0 0.9279767852368759
74.0 1.1383030711525703
75.0 0.974373189803764
76.0 0.9724646081909428
77.0 0.8886026642217821
78.0 1.2472624632883333
79.0 0.9743351095126923
80.0 0.9552794642675073
81.0 1.0130078912325342
82.0 0.8821992008900157
83.0 1.1414377301751637
84.0 1.058605974881677
85.0 0.8830945515317732
86.0 1.1524114507620422
87.0 0.9806560717444772
88.0 0.8879091810158055
89.0 1.0499867320729062
90.0 1.0004713982301596
91.0 0.97369918656408
92.0 0.9762549804991533
93.0 1.053309370728237
94.0 0.8225145593478191
95.0 1.138296691642076
96.0 0.9976586580897745
97.0 0.9733495744780783
98.0 1.0064728910624023
99.0 0.9750523479132777
100.0 1.077328539211258
101.0 1.124769282660219
102.0 1.0308332361758366
103.0 1.0261724613296515
104.0 1.025114755388557
105.0 1.1837983325113912
106.0 0.9763177125141684
107.0 1.143495671416963
108.0 0.968901431452708
109.0 1.0528866396254766
110.0 1.1118891273653682
111.0 1.026920481742687
112.0 1.0143661079140152
113.0 1.064283139854204
114.0 1.0590769352454752
115.0 0.8607227414663533
116.0 0.7902574621515954
117.0 0.9625041955808001
118.0 0.9862842583255037
119.0 0.9737555825352888
120.0 0.9527252557088283
