Time NormalisedFlux
0.0 1.0024526382738537
1.0 0.9792813563849244
2.0 0.9978807083850639
3.0 1.0185759270156438
4.0 1.0348995591575496
5.0 1.0149046105119248
6.0 1.0001668774219912
7.0 0.9808112118366755
8.0 0.9817649194807768
9.0 1.0157739634484129
10.0 0.9741375940915943
11.0 0.9601016628727016
12.0 0.9513498095188885
13.0 0.948414112686444
14.0 0.9636266982452214
15.0 0.9396267369997509
16.0 0.9580544149775666
17.0 0.9312138718720749
18.0 0.9578793317780707
19.0 0.8807362816379525
20.0 0.9100390045953467
21.0 0.9065053676171484
22.0 0.916280320774718
23.0 0.9127878098587277
24.0 0.9150588473875864
25.0 0.9463687727732971
26.0 1.0048362486141336
27.0 1.0388212769508796
28.0 1.059504017876372
29.0 1.1066118846383681
30.0 1.098804362973319
31.0 1.113603346884519
32.0 1.090979427369759
33.0 1.0862570184303193
34.0 1.0783340077871857
35.0 1.0509908475988392
36.0 1.0658791832177816
37.0 1.067332661727112
38.0 1.051171096167495
39.0 1.0373595709408872
40.0 1.0711623182018677
41.0 1.0440254163446112
42.0 1.0501253302433773
43.0 1.044015578073602
44.0 1.052637327415163
45.0 1.0189973183238665
46.0 1.034771513379645
47.0 0.9934652859731196
48.0 0.9816322855355533
49.0 0.9778727781145898
50.0 0.9624511746433249
51.0 1.0066015482789294
52.0 1.0018960462187043
53.0 0.9679659386192182
54.0 1.0158177116162606
55.0 0.9717956569150918
56.0 1.0005796647777643
57.0 0.9535579931412116
58.0 0.9555648149440306
59.0 0.9617327121449937
60.0 0.951575641727162
61.0 0.9538093671405139
62.0 0.9414709534469922
63.0 0.9303667269774594
64.0 0.9476650020412217
65.0 0.939962717361881
66.0 0.9144737663246144
67.0 0.933495464706934
68.0 0.8848881819278523
69.0 0.929546279055016
70.0 0.9312677480953394
71.0 0.9383301001058374
72.0 0.9630423012336595
73.0 0.99050500949702
74.0 1.0325365341077268
75.0 1.0669241935179883
76.0 1.070399820439393
77.0 1.1007224903275232
78.0 1.089388142247633
79.0 1.0998143065576975
80.0 1.0850880732872543
81.0 1.0632351576754477
82.0 1.0670909467758667
83.0 1.0174982403533142
84.0 1.044869594349037
85.0 1.0448493334299764
86.0 1.036782429774687
87.0 1.0353127905865045
88.0 1.040222720181003
89.0 1.0230717517627606
90.0 1.031270179314879
91.0 1.0282757258125472
92.0 1.0107784480821955
93.0 1.0141413627188753
94.0 1.007267705529068
95.0 1.0005446082472502
96.0 0.9572296552629385
97.0 1.0079949395964292
98.0 1.025113127338435
99.0 0.9882881074007469
100.0 1.0163895465786212
101.0 0.9934610573547026
102.0 1.003711206318653
103.0 0.9628634166763911
104.0 0.9557601149231012
105.0 0.962066621762405
106.0 0.9495663164812201
107.0 0.9695973272066684
108.0 0.9596217452954687
109.0 0.9458708192384772
110.0 0.940188300983037
111.0 0.9335042053378324
112.0 0.9449172760757152
113.0 0.9338317809184574
114.0 0.9171389437059637
115.0 0.8979837256157426
116.0 0.8736269476119342
117.0 0.9129095102153247
118.0 0.9094384810480937
119.0 0.9557751842930001
120.0 0.9711607402712221
