Time NormalisedFlux
0.0 0.9323518486204678
1.0 1.0062808156220768
2.0 0.9598237660447778
3.0 1.0260801898772882
4.0 1.0032231366875384
5.0 1.0936023121485179
6.0 1.0643458100511802
7.0 1.167237916008074
8.0 1.0633311500039773
9.0 1.1594380709028567
10.0 1.1301193820962658
11.0 1.1546615821016841
12.0 1.030848386434864
13.0 1.092047938350324
14.0 1.046998979085041
15.0 0.9985909061735216
16.0 1.0417709272870748
17.0 0.9612420783985253
18.0 0.9428599066226057
19.0 0.8805658652087929
20.0 0.913865385625826
21.0 0.8746811984033785
22.0 0.8642828568168545
23.0 0.8657860829976126
24.0 0.887660006333236
25.0 0.899718990006909
26.0 0.9451653348260295
27.0 0.9837835351321894
28.0 0.9514874334044816
29.0 1.0372707673973658
30.0 1.0411071819478925
31.0 1.0370144671081092
32.0 1.0700308832923595
33.0 1.1097984237542422
34.0 1.1526013559524881
35.0 1.1356433543589193
36.0 1.105794194738209
37.0 1.1193182885621216
38.0 1.0862629244789586
39.0 1.0694114573647904
40.0 1.093697276430876
41.0 1.044190447973565
42.0 1.0425508520731321
43.0 0.9818300972362594
44.0 0.9165407530859275
45.0 0.9197696480779567
46.0 0.8854816481647341
47.0 0.8746755080740471
48.0 0.8756856488704505
49.0 0.8271294999378043
50.0 0.8798747773359966
51.0 0.886599943316614
52.0 0.9526626537518704
53.0 0.9250622928977322
54.0 0.974852049535484
55.0 1.0372906434164137
56.0 1.009168770122458
57.0 1.0722034240176923
58.0 1.0724867725159886
59.0 1.0871002680577762
60.0 1.1233776962243442
61.0 1.1304504567479143
62.0 1.1204410204410395
63.0 1.1330238164536317
64.0 1.0858681207936296
65.0 1.0494581554839395
66.0 1.050368363299474
67.0 1.0503035234477713
68.0 0.9907403853025742
69.0 1.0418072062324808
70.0 0.9614527082540497
71.0 0.9558180703858378
72.0 0.9583928930767605
73.0 0.8529070974715636
74.0 0.8925047936948901
75.0 0.8296245979729209
76.0 0.8410312780311288
77.0 0.8765731680941377
78.0 0.8813201855015733
79.0 0.9531945637943765
80.0 0.9427262259160327
81.0 0.9654581315255234
82.0 1.007857165431276
83.0 1.027265716820668
84.0 1.0206836205308587
85.0 1.0451487435967468
86.0 1.1278968836785792
87.0 1.1127834214450707
88.0 1.125028606995894
89.0 1.1345579964931825
90.0 1.1159785354938707
91.0 1.1060774622645135
92.0 1.066835046691586
93.0 1.0568587749649492
94.0 1.0317078267440123
95.0 0.9848235935613677
96.0 1.0028155925760396
97.0 0.9514915906935307
98.0 0.9290606447618036
99.0 0.8485223677678886
100.0 0.8784142528680411
101.0 0.859442093637439
102.0 0.8785995143227653
103.0 0.9087467020952021
104.0 0.9088307212893301
105.0 0.9527760688075032
106.0 0.9504946364042436
107.0 0.9808133286392268
108.0 0.9906092961527623
109.0 1.0005589776619757
110.0 1.007669936152902
111.0 1.0869249522438842
112.0 1.059267445982903
113.0 1.0953491526836179
114.0 1.087794862542809
115.0 1.172873476426533
116.0 1.1071310890827075
117.0 1.1155970735256393
118.0 1.0531684642534451
119.0 1.0343758187245293
120.0 0.9804481070133753
