Time NormalisedFlux
0.0 1.169085207767218
1.0 1.1323222866007
2.0 1.0893264611642903
3.0 1.0995643251205933
4.0 1.054580321708998
5.0 1.064531317705933
6.0 1.050202577281368
7.0 1.049759355127459
8.0 1.0547791935782156
9.0 1.0397946161227856
10.0 1.002124230942734
11.0 1.0597152709483193
12.0 0.9701407422852718
13.0 0.9074224152256535
14.0 0.9764599183851888
15.0 0.9232605305593
16.0 0.8989023737711767
17.0 0.8771953411499854
18.0 0.9041606714161425
19.0 0.8403921765751654
20.0 0.8726193875076881
21.0 0.8402335756425613
22.0 0.8241571251785219
23.0 0.8524171521501699
24.0 0.7935081376804787
25.0 0.8194438203446763
26.0 0.8260989229586214
27.0 0.8539435161488595
28.0 0.7710812635640056
29.0 0.8031073784912045
30.0 0.7517285474291495
31.0 0.846641612786298
32.0 0.8647043119441105
33.0 0.8152411769597359
34.0 0.753047482386555
35.0 0.8416480363018295
36.0 0.8031994195449567
37.0 0.7925711992507934
38.0 0.9078770757468814
39.0 0.8424130506275622
40.0 0.8419564970509645
41.0 0.8235377123132821
42.0 0.8800343312930435
43.0 0.9434235897723656
44.0 0.8975138862701917
45.0 0.8797749647995249
46.0 0.8763071832454185
47.0 0.8784039806380941
48.0 0.9871499701886012
49.0 0.9624384350259139
50.0 0.9902983798021847
51.0 0.9868512915428748
52.0 0.9808487033890116
53.0 0.9912617781565778
54.0 1.1134111716929016
55.0 1.047934090550336
56.0 1.0413100254525482
57.0 1.0250129755114328
58.0 1.0734348113754228
59.0 1.069165911148474
60.0 1.0975493760256367
61.0 1.1471500980044096
62.0 1.155988436828522
63.0 1.104042100905175
64.0 1.1442533727019695
65.0 1.2054826426178038
66.0 1.146171862508395
67.0 1.176253491357243
68.0 1.1941541423651725
69.0 1.1282743956308885
70.0 1.233300240576418
71.0 1.1842244094394725
72.0 1.2654395419104136
73.0 1.1994988375474778
74.0 1.1824125226607103
75.0 1.248384930938472
76.0 1.2187355335354364
77.0 1.224229455422613
78.0 1.2243646488468578
79.0 1.1053204391024778
80.0 1.2317283303798239
81.0 1.183868950118993
82.0 1.175118619759544
83.0 1.1560377963070256
84.0 1.1461509507355299
85.0 1.1381849843147025
86.0 1.164763446617185
87.0 1.1151404850773436
88.0 1.115511562647402
89.0 1.094109785707049
90.0 1.0466153354930021
91.0 1.0538217176402338
92.0 1.0478280226029328
93.0 1.090891223927043
94.0 1.039900782469334
95.0 1.0004208634125362
96.0 1.033409634075093
97.0 0.9979413594116716
98.0 1.0420658540807102
99.0 0.9489721131488533
100.0 0.9609378823295625
101.0 0.8976802293276213
102.0 0.9160446920797624
103.0 0.8706816464344045
104.0 0.9117529870043602
105.0 0.8417148881029721
106.0 0.8359155027962772
107.0 0.9123828491324247
108.0 0.8545300839701414
109.0 0.8324968755429683
110.0 0.8128402063130562
111.0 0.8696048919547427
112.0 0.8281586622918229
113.0 0.798336636993381
114.0 0.8252703197717979
115.0 0.8320451488001703
116.0 0.847645308179507
117.0 0.8089619140935441
118.0 0.8508109205334154
119.0 0.7892670544745248
120.0 0.7795695343942389
