Time NormalisedFlux
0.0 1.014533339195395
1.0 0.9777879654449062
2.0 0.9838390459528481
3.0 0.9615996040785809
4.0 0.9230128852300753
5.0 0.8634613325564863
6.0 0.8991858022142959
7.0 0.8682290536076662
8.0 0.8822711292627584
9.0 0.8491060474936495
10.0 0.9227239045463663
11.0 0.9623840742482727
12.0 0.9694660506050975
13.0 0.9877638700843729
14.0 0.9923578387557983
15.0 1.0476809605482806
16.0 1.0928370881825125
17.0 1.1185455357646392
18.0 1.1059274845426899
19.0 1.105972419841442
20.0 1.0876878394918712
21.0 1.0838330162867824
22.0 1.0565792270768992
23.0 1.056179516174593
24.0 1.0151814983235206
25.0 1.0293064381638595
26.0 0.9925376168928851
27.0 0.9475487945189642
28.0 0.9421983677747697
29.0 0.9306701659274289
30.0 0.8972490981419712
31.0 0.8877902751701526
32.0 0.8606240866324858
33.0 0.8592613328155291
34.0 0.86751834427425
35.0 0.9019974475833543
36.0 0.9502896301670617
37.0 0.9360418806346217
38.0 1.0060126185380376
39.0 0.9590402693621675
40.0 1.0681849743035075
41.0 1.0516678081792707
42.0 1.0871583216782141
43.0 1.1322253123331198
44.0 1.1028078262544398
45.0 1.1417637601075339
46.0 1.0701698785205513
47.0 1.123618991440172
48.0 1.0841226462588762
49.0 1.0800083549498756
50.0 0.9744658490896608
51.0 1.0564911682955611
52.0 0.9695899259978321
53.0 0.9489395225893619
54.0 0.9013841875619798
55.0 0.876605410551106
56.0 0.8494227473041377
57.0 0.8176338123265131
58.0 0.86617928332207
59.0 0.9191384249085165
60.0 0.8906617181802579
61.0 0.9732935849708126
62.0 0.9440071911161051
63.0 0.9894991057223226
64.0 1.0297045278844994
65.0 1.0193257545328829
66.0 1.054219345090363
67.0 1.0525278544841836
68.0 1.0823624610947398
69.0 1.1285765038668067
70.0 1.1420494949455329
71.0 1.128939152463877
72.0 1.1295079775313146
73.0 1.1505348196847103
74.0 1.0571539398714114
75.0 1.034006535815884
76.0 1.0247301125308954
77.0 0.9908541083754455
78.0 0.9216500741666167
79.0 0.8882055855170954
80.0 0.9232191593278815
81.0 0.8924661878793347
82.0 0.8436282033612563
83.0 0.8793685276909616
84.0 0.8814786344457878
85.0 0.9209756184236403
86.0 0.9331093642590762
87.0 0.9614529834809591
88.0 0.9529890252448512
89.0 0.9913124395594878
90.0 1.0286503698591443
91.0 1.0682915293512607
92.0 1.1233352536034087
93.0 1.106358434634025
94.0 1.1131107829330016
95.0 1.1529980632702448
96.0 1.120100348073073
97.0 1.135180002833357
98.0 1.0552911366725846
99.0 1.0961531851393898
100.0 1.0581505760297363
101.0 0.9967347241003326
102.0 1.0068246908791587
103.0 0.9816745353347709
104.0 0.9585303435649932
105.0 0.9058710470298562
106.0 0.8869424013707353
107.0 0.8799045535434735
108.0 0.8515191937047157
109.0 0.8653925056900819
110.0 0.9104964782265621
111.0 0.9000755270944474
112.0 0.9546255075259369
113.0 0.968194723598899
114.0 1.0513390852552145
115.0 1.0204744303462863
116.0 1.072821943834733
117.0 1.056498089905832
118.0 1.110605608096628
119.0 1.1338905241313508
120.0 1.1399840074836685
