Time NormalisedFlux
0.0 0.9774895168098968
1.0 0.9607058760342584
2.0 0.9473884153438908
3.0 0.9395378460573756
4.0 0.9637465664770776
5.0 0.9378586864764712
6.0 0.9123758988922097
7.0 0.9245019582938532
8.0 0.9008235047336084
9.0 0.8925658088586694
10.0 0.9040876418349625
11.0 0.9209324918633252
12.0 0.9320186800571373
13.0 0.9681752862048721
14.0 0.9822759400442597
15.0 1.0680862172539005
16.0 1.0681570403120024
17.0 1.0772766804156015
18.0 1.0664416604235767
19.0 1.105071222045056
20.0 1.079508697658618
21.0 1.0614661694487386
22.0 1.0730284064010982
23.0 1.0817417476459807
24.0 1.0725290578796756
25.0 1.0219988000323248
26.0 1.0291540632267793
27.0 1.0279757656173394
28.0 1.0472723995690232
29.0 1.051464771552909
30.0 1.0313177575417491
31.0 1.0637482370088605
32.0 1.0170150622685397
33.0 1.032700618276744
34.0 0.9988577470751339
35.0 1.0016096681633695
36.0 1.0405280846436862
37.0 0.968951501581191
38.0 0.9992220457935461
39.0 1.004088377432761
40.0 0.9999148114877527
41.0 1.0014901089027963
42.0 0.9844771789299461
43.0 0.9820837493621991
44.0 0.9845558509188729
45.0 0.9688499137708777
46.0 0.9521521910401929
47.0 0.947187580683842
48.0 0.9650291961671327
49.0 0.9655607065372062
50.0 0.9676051075609878
51.0 0.9505242126562088
52.0 0.9180077401702997
53.0 0.9240979499369261
54.0 0.9257384521946378
55.0 0.9127201753059728
56.0 0.9041348894001593
57.0 0.909962954170647
58.0 0.916666647228399
59.0 0.9433706837258063
60.0 0.9524469875325041
61.0 0.991393177033609
62.0 1.023062488932701
63.0 1.0278816251182985
64.0 1.0745663092938682
65.0 1.0795372134795906
66.0 1.0974189606278542
67.0 1.0945434493790378
68.0 1.0929604386947154
69.0 1.0801910850733492
70.0 1.0627860200194328
71.0 1.0218844595105758
72.0 1.0493187066415317
73.0 1.0408821621996882
74.0 1.0491021309805812
75.0 1.0197917148843045
76.0 1.0506697040923805
77.0 1.05833478141193
78.0 1.0209970398981234
79.0 1.0370907003055718
80.0 1.0100914830210483
81.0 1.021604651014453
82.0 1.0069295021884155
83.0 1.001789642153854
84.0 0.9923521552897004
85.0 1.0040543560141066
86.0 1.0316027108654118
87.0 1.0111889635735294
88.0 0.9689455057120873
89.0 0.9851758026366437
90.0 1.0018948226135163
91.0 0.9559620882489842
92.0 0.9638570724764568
93.0 0.954903701633743
94.0 0.9293300522009585
95.0 0.9588263697418887
96.0 0.9484828417970929
97.0 0.9389519659282627
98.0 0.9421681553027771
99.0 0.9256826828337512
100.0 0.9110977904978764
101.0 0.9245885546640611
102.0 0.9112850699563854
103.0 0.9016520140850157
104.0 0.906813421430857
105.0 0.9312565953986509
106.0 0.9471328048282194
107.0 0.9434595830627766
108.0 1.0066618032894774
109.0 1.0495634518260943
110.0 1.03188402706065
111.0 1.0871991200346744
112.0 1.09016692000064
113.0 1.1112843444251848
114.0 1.0809106313293126
115.0 1.089515960947008
116.0 1.0879625569520395
117.0 1.0645803509741376
118.0 1.0527182868804805
119.0 1.0222468786070131
120.0 1.0168472121028704
