Time NormalisedFlux
0.0 1.0212670223226914
1.0 1.009043416846708
2.0 1.001707146565545
3.0 1.0158997879625558
4.0 0.9924623638335668
5.0 0.9902189100850597
6.0 1.0058651727194636
7.0 0.9726195366428881
8.0 0.9964568529552604
9.0 1.0149423712139374
10.0 0.9712832960017419
11.0 0.9757143875541071
12.0 0.9582300665645388
13.0 0.9364675966158926
14.0 0.9371040777920949
15.0 0.9751299693552098
16.0 0.9290541583361429
17.0 0.9610586295674044
18.0 0.9498000914817103
19.0 0.9570838666741812
20.0 0.9242588736471568
21.0 0.9233417085626244
22.0 0.9182758780510977
23.0 0.9086105578985101
24.0 0.8998013990404166
25.0 0.9004563545324868
26.0 0.9117792833587715
27.0 0.961195215393353
28.0 0.9911279382351399
29.0 1.0050513132066299
30.0 1.0559494729547492
31.0 1.0513290459106786
32.0 1.0849785203040545
33.0 1.1003391846479311
34.0 1.089839798935263
35.0 1.0739147898874906
36.0 1.0647207580185545
37.0 1.0607559538803857
38.0 1.033697445753035
39.0 1.0252114466086102
40.0 1.0496166947209016
41.0 1.037244810204045
42.0 1.0683482674488196
43.0 1.0570562454341572
44.0 1.041587168785437
45.0 1.0204476179245339
46.0 1.0260008773724107
47.0 1.0430403876036451
48.0 1.0078538518214502
49.0 0.9929420462551531
50.0 1.00568507613531
51.0 1.0100439377562183
52.0 0.9835974644032223
53.0 0.9871641062427141
54.0 1.001396661906979
55.0 0.9759301670046094
56.0 0.9585737675805973
57.0 0.9766501952516153
58.0 1.005503185405301
59.0 0.9799107063231869
60.0 0.9685705513213811
61.0 1.0000123827059715
62.0 0.9268382065049017
63.0 0.9350804157726189
64.0 0.9475940262212008
65.0 0.9611232787839303
66.0 0.9538968162081514
67.0 0.8926028253947126
68.0 0.9512255520895455
69.0 0.9440977742119719
70.0 0.9009884880486765
71.0 0.8900636100577878
72.0 0.8956560921375442
73.0 0.9542131856962985
74.0 0.9417600938050388
75.0 0.9593775205850512
76.0 1.0260861052411012
77.0 1.0581615622996225
78.0 1.0802554424132047
79.0 1.0870390054667074
80.0 1.1317913748741109
81.0 1.1263169112764337
82.0 1.0688382421706044
83.0 1.1112881707930236
84.0 1.0287258936028336
85.0 1.061670309950022
86.0 1.0126679161037062
87.0 1.0690178139629611
88.0 1.0521195448130978
89.0 1.0550847111897108
90.0 1.053950975338135
91.0 1.0386717663862441
92.0 1.0302072343676745
93.0 1.0321261576644156
94.0 1.0218842844762719
95.0 1.0141811095776696
96.0 1.0424500470841158
97.0 0.9919252933977147
98.0 0.9906146249540388
99.0 0.9937577303926145
100.0 0.9776017675773151
101.0 1.0277655705330173
102.0 0.9791665687311478
103.0 1.0175940074255434
104.0 0.9848547856076918
105.0 0.950382390873217
106.0 0.9499886158155381
107.0 0.9874629867702208
108.0 0.9427915736088149
109.0 0.9381751218962757
110.0 0.9518334015480632
111.0 0.9407216029700404
112.0 0.9770094369734272
113.0 0.9317766318642393
114.0 0.9539547213782246
115.0 0.9143253640286707
116.0 0.9363501527610475
117.0 0.8993180924605215
118.0 0.9136522651619213
119.0 0.9355233869454083
120.0 0.9259513890431812
