Time NormalisedFlux
0.0 1.0814555478781729
1.0 1.0603509603257022
2.0 1.0806031120360091
3.0 1.0284824369611378
4.0 0.9220649141650915
5.0 0.9485103260014197
6.0 0.9548318942256933
7.0 0.8985212480025168
8.0 0.9680608722729168
9.0 0.8982663583081787
10.0 0.877293158647364
11.0 0.8533306787481174
12.0 0.8848682133338809
13.0 0.9541675136352714
14.0 0.9291117456563057
15.0 0.9335494486462502
16.0 0.9689952424070529
17.0 1.0660614210912664
18.0 1.0517718679441714
19.0 1.0575674393144943
20.0 1.0965558996496096
21.0 1.126037491008562
22.0 1.1819357408266569
23.0 1.143676862534092
24.0 1.091962833637833
25.0 1.0767795154270554
26.0 1.0744425839387475
27.0 1.0025623461186965
28.0 0.9730459977734489
29.0 1.0007612226403388
30.0 0.9398966360256934
31.0 0.9167587315197958
32.0 0.9406623517140513
33.0 0.8616709843311163
34.0 0.8378401784071094
35.0 0.8552728879816873
36.0 0.8948442694721482
37.0 0.9474295349642495
38.0 0.9754940386192275
39.0 0.9534934589626568
40.0 1.000859977901675
41.0 1.0394744603471817
42.0 1.0427002616576693
43.0 1.0927090915399196
44.0 1.071537244595237
45.0 1.106190738200641
46.0 1.1332257279534093
47.0 1.114899789426569
48.0 1.100487066071343
49.0 1.0716199749989919
50.0 1.04686995504689
51.0 1.0350128037698976
52.0 1.0468651081459461
53.0 0.9507399433145498
54.0 0.9462493688833455
55.0 0.8961879844266478
56.0 0.906574152309854
57.0 0.8817484498211565
58.0 0.8104647662813195
59.0 0.969727033296916
60.0 0.9167448109130664
61.0 0.8959972684456546
62.0 0.9505363016966303
63.0 1.0162596095556613
64.0 0.9721965925866323
65.0 1.001287460638325
66.0 0.9909351552923404
67.0 1.0736009725367743
68.0 1.1074266859294966
69.0 1.14186125817271
70.0 1.1417552750428634
71.0 1.1223340200604046
72.0 1.1063084133117647
73.0 1.0826071648261617
74.0 1.0388082196022232
75.0 1.02086195542703
76.0 1.0346078511496326
77.0 0.9912013386454316
78.0 0.9676564987223124
79.0 0.951437612540784
80.0 0.9054585523207039
81.0 0.893535528184408
82.0 0.8509239008809154
83.0 0.9278537956768614
84.0 0.8656645121630019
85.0 0.9202380479502809
86.0 0.9657393403980542
87.0 1.0029365885877677
88.0 1.0320180690488516
89.0 1.037180868949867
90.0 1.018365603722399
91.0 1.047763279974349
92.0 1.1230298033836377
93.0 1.0739075888708298
94.0 1.1587002907792519
95.0 1.1605444220366152
96.0 1.1061445043070912
97.0 1.0620032944349849
98.0 1.012582359986592
99.0 0.9821007311152062
100.0 0.9930708375756072
101.0 1.0061655661458826
102.0 0.9848568026810662
103.0 0.9478870211651954
104.0 0.903611372716414
105.0 0.8575344740690184
106.0 0.8388039658451113
107.0 0.842337728253945
108.0 0.9034275520457743
109.0 0.9219970717735323
110.0 0.931976032206036
111.0 0.9495696102771902
112.0 1.0078941135383621
113.0 1.0400936596406405
114.0 1.0167849627466796
115.0 1.1022722893280166
116.0 1.0938584162029419
117.0 1.0812755106221326
118.0 1.1492606683646833
119.0 1.1208428864472275
120.0 1.110342474857658
