Time NormalisedFlux
0.0 0.9364671822166544
1.0 1.0364121092752157
2.0 1.02265971613763
3.0 1.0196704665014544
4.0 1.0950682466999273
5.0 1.0707309302076358
6.0 1.1134740281009723
7.0 1.0719055055062052
8.0 1.1370486220312606
9.0 1.1547543153686588
10.0 1.121598158389443
11.0 1.086350986199053
12.0 1.0672401224298058
13.0 1.0466746464352386
14.0 1.0341889418286012
15.0 1.0213435947756815
16.0 1.0099986109032062
17.0 0.9983402436551686
18.0 0.9507404054745623
19.0 0.9129700114319893
20.0 0.9351233772053942
21.0 0.8812640064692239
22.0 0.804513980715459
23.0 0.8462709143896073
24.0 0.9106439155156041
25.0 0.9034519446001222
26.0 0.901327932808036
27.0 0.9355294379921177
28.0 0.9871979371273866
29.0 0.9672512880455912
30.0 1.042591564976236
31.0 1.0650577336112783
32.0 1.0515942968079217
33.0 1.1289645789109792
34.0 1.0686858232527046
35.0 1.1308998414986884
36.0 1.132972955877665
37.0 1.0914352187658927
38.0 1.0777141113423299
39.0 1.0834084920847116
40.0 1.0878426758251893
41.0 1.0430147922337487
42.0 0.9897410464288675
43.0 0.9818553689766947
44.0 0.9516040165973731
45.0 0.9356865540053794
46.0 0.9635725897078068
47.0 0.8520302476115681
48.0 0.8543590070903845
49.0 0.878740031441677
50.0 0.8599881146193495
51.0 0.9352727587222259
52.0 0.8652496870573703
53.0 0.9732903066363788
54.0 0.9411612970021815
55.0 1.019540959580995
56.0 1.004843874225719
57.0 1.0461466666565973
58.0 1.0986837375701626
59.0 1.053295379575107
60.0 1.0610825488999993
61.0 1.1497716931930753
62.0 1.160589927856629
63.0 1.143194703042521
64.0 1.0891537808257636
65.0 1.1019165149653432
66.0 1.0582659830541525
67.0 1.0549921894431262
68.0 1.0113996786794512
69.0 1.0011491771436083
70.0 0.9706536320022503
71.0 0.994136836430255
72.0 0.9513315409794426
73.0 0.9373405611019421
74.0 0.9059811815821762
75.0 0.8893390795007343
76.0 0.8844245996855868
77.0 0.887676986338901
78.0 0.8727086421211816
79.0 0.919460294976955
80.0 0.9096941940628138
81.0 0.9637802299518072
82.0 0.9369688977701482
83.0 1.0238331108761276
84.0 1.0107796400000926
85.0 1.0342377342873936
86.0 1.0910266650074232
87.0 1.0555173398502233
88.0 1.102816558544704
89.0 1.150541245007257
90.0 1.1355908196191828
91.0 1.1543928545363993
92.0 1.0892296691124719
93.0 1.100120987727575
94.0 1.0441375109112168
95.0 1.0253095692031684
96.0 1.0545416167804784
97.0 0.9879969331279748
98.0 0.9995224094972945
99.0 0.9752837064664457
100.0 0.9411028456017676
101.0 0.9295527928253318
102.0 0.8809249389029219
103.0 0.8625828706821407
104.0 0.8491505384691893
105.0 0.8425173697074861
106.0 0.931699699008283
107.0 0.9447408749289543
108.0 0.9583795856162953
109.0 0.9896996361102999
110.0 0.9669927748471924
111.0 1.0167917419781014
112.0 1.0366242284472136
113.0 1.0902217014391042
114.0 1.101558434131418
115.0 1.1035199740507808
116.0 1.1252581778672197
117.0 1.1180760023064504
118.0 1.1281630276151455
119.0 1.1368090735451581
120.0 1.1318315822969922
