Time NormalisedFlux
0.0 0.8262939567074405
1.0 0.8791919639162085
2.0 0.886898359648931
3.0 0.9357965114308147
4.0 0.8951519648082441
5.0 0.9345444071867979
6.0 1.022201039849445
7.0 1.0277241984970513
8.0 1.0453479197352313
9.0 1.0724002453304236
10.0 1.067256428675959
11.0 1.0584028180434035
12.0 1.1298612075042334
13.0 1.1132935418106669
14.0 1.1416609555594701
15.0 1.0929758575320325
16.0 1.1073495802309032
17.0 1.064273895852921
18.0 1.0155780023857148
19.0 1.0399024532673347
20.0 0.9711845996391554
21.0 0.9886865843608639
22.0 0.8906558301526233
23.0 0.9353923583592617
24.0 0.8992944608233385
25.0 0.829358331535655
26.0 0.8609358678760725
27.0 0.868783158812986
28.0 0.8893513465710906
29.0 0.9269657063240856
30.0 0.9436221438400271
31.0 0.9183086318695123
32.0 1.0028727044389742
33.0 1.0128980448804865
34.0 0.9980785391695705
35.0 1.0091060039321484
36.0 1.044575182364446
37.0 1.0558808349314692
38.0 1.0790570234932055
39.0 1.095739248132961
40.0 1.174488909722765
41.0 1.1632608798134296
42.0 1.089552827017672
43.0 1.0990716881170348
44.0 1.0970056827070644
45.0 1.0026200766041262
46.0 1.003287949430956
47.0 1.0014227387938326
48.0 1.01058202574311
49.0 0.9487731848632843
50.0 0.9500183648493127
51.0 0.9234595029202852
52.0 0.8854996097933748
53.0 0.862774587518891
54.0 0.8731051339001104
55.0 0.841222181574183
56.0 0.8637548142144621
57.0 0.8913658261850586
58.0 0.9784160663313686
59.0 0.9742807685476638
60.0 0.9812946827140575
61.0 0.9761143113965765
62.0 1.006146127632078
63.0 1.0849121414683982
64.0 1.091879277882489
65.0 1.0871694469054234
66.0 1.102138998999727
67.0 1.1333792053122493
68.0 1.1235446853848514
69.0 1.0893666803768032
70.0 1.1288371039726157
71.0 1.1282093601217058
72.0 1.0176927211289504
73.0 1.0302391246264886
74.0 1.0279153888049049
75.0 0.9892396269726621
76.0 0.959460623858175
77.0 0.9212171146740601
78.0 0.9294848016232069
79.0 0.8691161033958319
80.0 0.8728104236792465
81.0 0.8930874171852757
82.0 0.8724322663996158
83.0 0.8701680065802652
84.0 0.941418003902873
85.0 0.9505535609935469
86.0 0.9844000727928566
87.0 0.9738325340235866
88.0 1.006534011395356
89.0 1.0689924923931629
90.0 1.0807436569268756
91.0 1.0570451803544778
92.0 1.126542414818784
93.0 1.1028400281281734
94.0 1.1219996249072093
95.0 1.1742857025634492
96.0 1.120150584485549
97.0 1.0967333307434741
98.0 1.0453880212986428
99.0 1.0545060043567964
100.0 1.0261979932541727
101.0 0.993301717499913
102.0 0.9833720687763502
103.0 0.9458790619534179
104.0 0.928238417755081
105.0 0.8825293943157394
106.0 0.8695535889476809
107.0 0.8517935095389612
108.0 0.8530198449538776
109.0 0.8714170174925946
110.0 0.9072725092533536
111.0 0.9488601184335353
112.0 0.9278365751409222
113.0 0.99399765722089
114.0 0.968404641276883
115.0 0.9865057639010396
116.0 1.0505674775288003
117.0 1.1036590371830532
118.0 1.075835205300645
119.0 1.1022510520236033
120.0 1.1029477818353688
