Time NormalisedFlux
0.0 1.1054358907796475
1.0 1.0927068787422825
2.0 1.043877542954022
3.0 0.999622062314848
4.0 1.0012716320425215
5.0 0.9790655498041851
6.0 0.9391205102328559
7.0 0.96716535050172
8.0 0.8842160253782041
9.0 0.8615274854287474
10.0 0.8749078645400117
11.0 0.8642074639140775
12.0 0.9128825586883447
13.0 0.925716088314831
14.0 0.9581069726209129
15.0 0.9660871802688561
16.0 1.0268576621771939
17.0 1.0353117436112136
18.0 1.0925747080166863
19.0 1.092100821578974
20.0 1.0996843571803618
21.0 1.1245793522990504
22.0 1.1208624446734046
23.0 1.1700401663877469
24.0 1.1165681164616423
25.0 1.078236777016015
26.0 1.0098944941219077
27.0 1.0451250396482354
28.0 1.0110119528439474
29.0 0.9688963391272397
30.0 0.9285496413221033
31.0 0.9572655085905379
32.0 0.894155874289047
33.0 0.8826214895816201
34.0 0.8568231180233277
35.0 0.894996177639332
36.0 0.8855472983401724
37.0 0.8750685540650975
38.0 0.9138708321661881
39.0 0.9490012492143134
40.0 0.9576430734525435
41.0 1.0008940427428663
42.0 1.0186034620724158
43.0 1.047397767045174
44.0 1.103436442369763
45.0 1.0871006281621407
46.0 1.139504735276346
47.0 1.1883913629305818
48.0 1.125577175625626
49.0 1.1124543246260197
50.0 1.0926132389443566
51.0 1.0676907583895046
52.0 1.043024398124525
53.0 1.018194182253325
54.0 0.956444634855168
55.0 0.9258363039447022
56.0 0.9178137570257408
57.0 0.902346525161816
58.0 0.894130793409556
59.0 0.8586505669384403
60.0 0.8711829114789252
61.0 0.9038533961403261
62.0 0.9467874292580059
63.0 0.9430251670441497
64.0 0.9344035258055416
65.0 0.9821979876974517
66.0 1.0688725145806066
67.0 1.0298001849881684
68.0 1.0692378149297181
69.0 1.1018001250243443
70.0 1.085567012620074
71.0 1.137405712003376
72.0 1.1336840711002736
73.0 1.137878909150832
74.0 1.124504260239967
75.0 1.060028467175867
76.0 1.0485944493300992
77.0 0.9662065296507376
78.0 0.9977711720593778
79.0 0.9803103041721136
80.0 0.9220250936054413
81.0 0.9536712208679724
82.0 0.8829915649141615
83.0 0.8942515273391272
84.0 0.8343116007857387
85.0 0.8933525191234879
86.0 0.8913987514071409
87.0 0.8802729778560177
88.0 0.9694515436719512
89.0 1.0003445474507302
90.0 0.9729410120413049
91.0 1.0917881218466465
92.0 1.0795736693532618
93.0 1.068298456994853
94.0 1.0925690010453653
95.0 1.1205458770927996
96.0 1.1535589148396437
97.0 1.1243038292199683
98.0 1.1117510136214044
99.0 1.0975353708811326
100.0 1.0591322751268872
101.0 1.0277791381098742
102.0 1.040610509629054
103.0 1.0258914592705155
104.0 1.014586621495384
105.0 0.9931019359774942
106.0 0.8677130218763097
107.0 0.8630366178283542
108.0 0.8813804280816817
109.0 0.8504376718784533
110.0 0.8973948594190849
111.0 0.9054506796382447
112.0 0.9556753890745717
113.0 0.9598165405481637
114.0 0.9717271832808613
115.0 1.0171112430738556
116.0 1.0026474712436089
117.0 1.0284805839112667
118.0 1.1181624400027927
119.0 1.111186585713999
120.0 1.1084243529095137
