Time NormalisedFlux
0.0 0.8743581027010509
1.0 0.9747345066113969
2.0 0.933243223312974
3.0 0.9957441942341385
4.0 0.9758681173554411
5.0 1.0451484054650677
6.0 1.0012669326788892
7.0 0.8416581562236891
8.0 1.1186928639867688
9.0 0.9615447169996216
10.0 1.0035690235709818
11.0 1.0863049959553328
12.0 0.9352802829378764
13.0 1.0387860206989887
14.0 0.981064331772419
15.0 0.9168456889513267
16.0 0.9155115970522191
17.0 0.9789531203360313
18.0 1.0230691534237455
19.0 0.9546382841382715
20.0 0.9772145329097146
21.0 1.0872954962741326
22.0 0.9994252518750836
23.0 1.1443906845235465
24.0 0.9624857538213138
25.0 0.9851196550627214
26.0 0.9255161924199724
27.0 0.9990637597761135
28.0 1.0616761855428243
29.0 0.9067140748052431
30.0 1.103425970165403
31.0 1.1397498543581426
32.0 1.0444670645507381
33.0 0.8789420102563387
34.0 0.9733172264862548
35.0 0.9362960942400923
36.0 1.0228607593311254
37.0 1.0171463218319725
38.0 0.9357627743201821
39.0 1.01978265346295
40.0 0.9685181946406607
41.0 1.0200567059772154
42.0 0.9812290080992155
43.0 0.9492101622106899
44.0 1.1480888710647952
45.0 0.9908489418896561
46.0 1.1452291186653105
47.0 0.9640243292470626
48.0 0.8485032247638172
49.0 0.8425652829632146
50.0 1.0125826217924445
51.0 1.0660526738606508
52.0 1.0129580252320862
53.0 1.0234551125244333
54.0 1.0095459226076597
55.0 1.1651954695827682
56.0 0.8448907913885567
57.0 0.8075562261087625
58.0 1.0646557706842794
59.0 1.124889420520608
60.0 1.162341984578288
61.0 0.873506196280132
62.0 1.0362773578393378
63.0 1.0087773287996096
64.0 1.186093661582905
65.0 0.9853988651836275
66.0 0.9338434742646432
67.0 0.8364470473137605
68.0 0.8687826424749657
69.0 0.975569379658492
70.0 0.9853588530965363
71.0 0.9857302678671589
72.0 0.9498143689267594
73.0 1.0219442864667703
74.0 0.9718432863667813
75.0 0.9948781573407162
76.0 1.003966912661655
77.0 0.9625486120165414
78.0 0.8919959915989983
79.0 1.0380798446724278
80.0 1.076207970996304
81.0 1.0247530418169128
82.0 1.0686084917934175
83.0 1.087914981732118
84.0 0.9837753917160044
85.0 0.8959654827798826
86.0 1.0521802322651692
87.0 0.86445622025325
88.0 1.0464365188715408
89.0 1.104544859026598
90.0 0.9169841208767442
91.0 1.0434464557213254
92.0 0.9912608673610268
93.0 0.8785831723131914
94.0 0.9756779057725008
95.0 0.9633083794520666
96.0 1.065378515460291
97.0 1.0322039051216032
98.0 1.0519659104826353
99.0 0.9521710846722403
100.0 1.1864979942782605
101.0 1.075580251433808
102.0 1.0659464774511218
103.0 1.0561198446892135
104.0 0.7913556421894639
105.0 1.0432176023159336
106.0 0.9235053335216972
107.0 0.8555342420920606
108.0 0.9876930286367469
109.0 0.9632908965924121
110.0 0.8654612559444619
111.0 1.095391178844578
112.0 1.121905207013524
113.0 0.7560308331442033
114.0 1.0292084061159972
115.0 0.9434911482112431
116.0 1.0361945908785353
117.0 0.8724075093250231
118.0 0.8637833209790065
119.0 1.0904079351458593
120.0 0.9896316024060905
