Time NormalisedFlux
0.0 1.010921958215355
1.0 1.0955152340251764
2.0 1.0781296253242232
3.0 1.1516725971234494
4.0 1.1565302402176556
5.0 1.1545677335457083
6.0 1.1414363981923508
7.0 1.0573780143172673
8.0 1.0931652513464363
9.0 1.0696519468745784
10.0 1.0210996206128096
11.0 1.0030617063295506
12.0 1.0138007194503154
13.0 0.9657362465319191
14.0 0.9501427363035845
15.0 0.9056277570039705
16.0 0.8913321439522008
17.0 0.8839666534978662
18.0 0.862904141482309
19.0 0.8275038460311228
20.0 0.8872069158883005
21.0 0.8746353842316783
22.0 0.9233787948730201
23.0 0.9646047578843976
24.0 0.996771080551159
25.0 1.0043681056870792
26.0 1.0535183651446938
27.0 1.1009283733366697
28.0 1.0770767095894223
29.0 1.1089767834942261
30.0 1.1203215375040583
31.0 1.143440563625101
32.0 1.1508327481531495
33.0 1.1228669816455423
34.0 1.0901732198385206
35.0 1.0282553817203952
36.0 1.0608452743827712
37.0 1.0380422656130435
38.0 1.0188298360836656
39.0 0.931804801826487
40.0 0.930236251629202
41.0 0.9238991563833011
42.0 0.8817624411545186
43.0 0.8709434119563048
44.0 0.8367112773857789
45.0 0.8598654098758212
46.0 0.8921633891106693
47.0 0.9294096142652918
48.0 0.8982367941925666
49.0 0.9294492672129653
50.0 0.9743019542968334
51.0 0.9689751245602399
52.0 1.0309122744582933
53.0 1.0347137724435087
54.0 1.0748950162356579
55.0 1.1147209768640138
56.0 1.098806320110596
57.0 1.1211176143636983
58.0 1.1268377628661037
59.0 1.1419392345616195
60.0 1.1139561973672212
61.0 1.1076864516915859
62.0 1.0723383311463588
63.0 0.9736274014256845
64.0 0.9884178409860945
65.0 0.9672651324638118
66.0 0.9721334899682572
67.0 0.9068182047939178
68.0 0.8865010015236258
69.0 0.8593853316946953
70.0 0.8559245898419626
71.0 0.8263385332949174
72.0 0.8980767776444326
73.0 0.9103735457714557
74.0 0.964591159895501
75.0 0.9615569036230406
76.0 0.9654004137910861
77.0 1.0254350843423548
78.0 1.0110389142812797
79.0 1.0598256376588364
80.0 1.0940387712162465
81.0 1.0406676085177757
82.0 1.105469621159483
83.0 1.1458531081133232
84.0 1.1003200185772677
85.0 1.0686893994045448
86.0 1.0711444546727322
87.0 1.0930974889265712
88.0 1.019318708611428
89.0 1.0113055102899862
90.0 0.9786704478825085
91.0 1.0018707544242003
92.0 0.9396530067075514
93.0 0.9317200035730522
94.0 0.906428934968907
95.0 0.9101348136035513
96.0 0.8807627373918204
97.0 0.8618263869032547
98.0 0.8466787707938948
99.0 0.9342726523840106
100.0 0.9487842507590456
101.0 0.917877878314634
102.0 0.9321506351389189
103.0 1.0254364854829423
104.0 1.0013205426787235
105.0 1.0645436488627593
106.0 1.0570801833200443
107.0 1.0912643846519454
108.0 1.0976036346912805
109.0 1.1394462192442827
110.0 1.1180933520119454
111.0 1.1319405984288116
112.0 1.1068358077877174
113.0 1.102763710610514
114.0 1.0413118885974724
115.0 1.0539787009584434
116.0 1.0437044651775413
117.0 0.9990954420473466
118.0 0.9299233281550005
119.0 0.9240677606140649
120.0 0.9142830639861302
