Time NormalisedFlux
0.0 0.9220160537855665
1.0 0.8741998754721355
2.0 0.882482398864492
3.0 0.8933934310619575
4.0 0.8955415548955864
5.0 0.8043476724564885
6.0 0.9008018220590277
7.0 0.8030363236668873
8.0 0.8803750328691051
9.0 0.8417079262568492
10.0 0.8542577472185413
11.0 0.8779330090914869
12.0 0.8240258665299937
13.0 0.843069683483785
14.0 0.7641459113280409
15.0 0.8249481192227999
16.0 0.7844722913281504
17.0 0.8472114716557533
18.0 0.7923980378108291
19.0 0.8003474055566117
20.0 0.7875714214749752
21.0 0.8517851955585656
22.0 0.7950590263760248
23.0 0.8347687761749562
24.0 0.8335342654334845
25.0 0.7804828613894802
26.0 0.8238662802170366
27.0 0.8609219453476075
28.0 0.9089019339927731
29.0 0.8306945372679698
30.0 0.8492826160412178
31.0 0.8445673540826386
32.0 0.8999237664516457
33.0 0.8907929068773898
34.0 0.8742817330419856
35.0 0.8717011070323694
36.0 0.9129891779195384
37.0 0.9043292993139984
38.0 0.9337216318933107
39.0 0.9676260154825699
40.0 0.9927970166987957
41.0 0.9933438862160447
42.0 0.9848347969130603
43.0 1.0249390188912078
44.0 1.0712838275126986
45.0 1.1050598725674028
46.0 1.0410609985935815
47.0 1.0360886143974963
48.0 1.0420289300068208
49.0 1.0841498075137614
50.0 1.1186867586578195
51.0 1.0579060024749836
52.0 1.12854860691154
53.0 1.0971832030241957
54.0 1.026958957246337
55.0 1.1918759900050293
56.0 1.1368791199264092
57.0 1.238449982778974
58.0 1.2290893905471387
59.0 1.1710368926841723
60.0 1.1492284340943033
61.0 1.2056314845434906
62.0 1.197619571536004
63.0 1.1986944022819725
64.0 1.0930629601156152
65.0 1.1808743789953156
66.0 1.1540996787932152
67.0 1.1456292391528842
68.0 1.205894680409579
69.0 1.2109906680644837
70.0 1.136774004946477
71.0 1.2022748668841134
72.0 1.1899373630731178
73.0 1.1590114124231141
74.0 1.2382376054028006
75.0 1.1569852074058233
76.0 1.1803121802261525
77.0 1.1470385506426906
78.0 1.2099385247943344
79.0 1.1078096136326736
80.0 1.166041679202477
81.0 1.1337125682084748
82.0 1.107182414060442
83.0 1.116663228650485
84.0 1.0667495666326685
85.0 1.079561542597154
86.0 1.0967600068919345
87.0 1.0655419668118646
88.0 1.0542255354238264
89.0 1.0383836926137895
90.0 1.0222744557220456
91.0 1.0265818069369466
92.0 1.0016847457884412
93.0 0.9772846482788959
94.0 0.9937513546000621
95.0 0.9299636890852239
96.0 0.9517561972222414
97.0 0.9832061257179743
98.0 0.9205206580656126
99.0 0.9231979358650068
100.0 0.921127223668496
101.0 0.8484245416502975
102.0 0.8387487832877156
103.0 0.9324222078638191
104.0 0.805930523254081
105.0 0.8148449158041584
106.0 0.8364143088845678
107.0 0.7811431650574039
108.0 0.8505721070175652
109.0 0.8479661737015671
110.0 0.8511534348569383
111.0 0.7859057274329201
112.0 0.8334025211964592
113.0 0.7697177538149276
114.0 0.8054963689635788
115.0 0.7597488576904957
116.0 0.827172207968116
117.0 0.7259652375721768
118.0 0.795369723215916
119.0 0.8380310520829276
120.0 0.8337798808930889
