Time NormalisedFlux
0.0 1.0345492622956742
1.0 1.0080444865328704
2.0 0.9602513072662798
3.0 0.9118792249437644
4.0 0.932561835412493
5.0 0.8988342022125864
6.0 0.8812977314267665
7.0 0.8594847814753249
8.0 0.8448627528250615
9.0 0.933523307873281
10.0 0.8960616050988244
11.0 0.9448084671680501
12.0 0.9741601658854817
13.0 0.9275621348236451
14.0 1.0088158926723119
15.0 1.0529102057274062
16.0 1.092892294264373
17.0 1.1018361868506905
18.0 1.0761091174725357
19.0 1.158390661062828
20.0 1.1657900736019131
21.0 1.1087482759298242
22.0 1.081740846258331
23.0 1.0680383223757741
24.0 1.0370172049375483
25.0 1.041067282445756
26.0 0.9896501662893464
27.0 1.0108302887547749
28.0 0.9362034285990618
29.0 0.9533085844137861
30.0 0.9293259321737003
31.0 0.8349367803881741
32.0 0.8307816945738475
33.0 0.8624579015674807
34.0 0.8787460836986228
35.0 0.9118122319711626
36.0 0.9145972899800678
37.0 0.9021338242806018
38.0 0.9428403677448794
39.0 0.9591009179919676
40.0 1.0582667665560233
41.0 1.0154248419873018
42.0 1.0929143564540544
43.0 1.1112888827193255
44.0 1.1043758243636506
45.0 1.1262258035907495
46.0 1.1132341705123308
47.0 1.104823862136009
48.0 1.0914629516545384
49.0 1.071908238824041
50.0 1.0593176930882662
51.0 1.0021019499030057
52.0 0.9916231217243616
53.0 0.9822548829890722
54.0 0.9193999035187524
55.0 0.9051965130947257
56.0 0.8593458849408965
57.0 0.9039291989570974
58.0 0.8683159478254927
59.0 0.8667794503837126
60.0 0.9206059246403417
61.0 0.915906510899522
62.0 0.9673306318434578
63.0 0.9871531148920003
64.0 1.0025094425791423
65.0 1.0362521568298226
66.0 1.0304804026583732
67.0 1.0584750086368966
68.0 1.0968756880985568
69.0 1.0753138298579938
70.0 1.1466457018119955
71.0 1.105621374131151
72.0 1.1313258489000486
73.0 1.0667761723123714
74.0 1.0268408595633365
75.0 1.0543998780395736
76.0 1.0560429876119029
77.0 1.0039194627039256
78.0 0.9901711377546571
79.0 0.9524318863181089
80.0 0.956919381194841
81.0 0.906729244556796
82.0 0.8315441815293947
83.0 0.8312081729765121
84.0 0.9077580795823694
85.0 0.9037419998422559
86.0 0.9119795990112216
87.0 0.9614403886589673
88.0 0.9591463339904301
89.0 0.9820961756240253
90.0 1.0201220820302666
91.0 1.0508600002321637
92.0 1.0852511968104568
93.0 1.1260336727908633
94.0 1.0958807754977975
95.0 1.1427778364319452
96.0 1.146588050906425
97.0 1.081500844727211
98.0 1.1389524333423577
99.0 1.0715091434260897
100.0 1.030962969823496
101.0 1.0471303764985493
102.0 1.0034064487975696
103.0 0.9641171864145117
104.0 0.9499607075575401
105.0 0.9159244247096214
106.0 0.9401322162117187
107.0 0.8829196978841726
108.0 0.8607717696860054
109.0 0.8566882871982763
110.0 0.8608820867256279
111.0 0.9029637428301603
112.0 0.9203729296250069
113.0 0.9709158791550102
114.0 0.9958939161438568
115.0 0.9922818181318537
116.0 1.0052416571822993
117.0 1.054135563933875
118.0 1.0946104690417138
119.0 1.147855475896796
120.0 1.1144570181364666
