Time NormalisedFlux
0.0 1.0705793345109933
1.0 1.042000071291968
2.0 1.0527389399676814
3.0 0.9772362020365253
4.0 0.9571003019738306
5.0 0.9295089427614199
6.0 0.9558975955717891
7.0 0.8946803132123603
8.0 0.8763082617338311
9.0 0.8258159375525426
10.0 0.8808509545095257
11.0 0.8912337075164274
12.0 0.9298261716323272
13.0 0.9302963293132505
14.0 0.9666040639821913
15.0 1.0215062099727716
16.0 0.9969244791578855
17.0 1.0711683984822384
18.0 1.057820935876553
19.0 1.111130935566137
20.0 1.123197028038545
21.0 1.122341934919424
22.0 1.1671797320877415
23.0 1.1394842184702156
24.0 1.0699836300424712
25.0 1.027768981129123
26.0 1.0398633062318796
27.0 1.0055035778723798
28.0 0.9473764062693811
29.0 0.9945255327056367
30.0 0.9741395747561001
31.0 0.9674516631744376
32.0 0.8876272684362221
33.0 0.8519891727184755
34.0 0.8818249946065027
35.0 0.863505805945793
36.0 0.8609241798842566
37.0 0.9360933404697518
38.0 0.944987694174342
39.0 0.9739013306402625
40.0 0.9489679025143882
41.0 0.9375481384317819
42.0 1.0363015967516698
43.0 1.0831849896987316
44.0 1.0766782866248394
45.0 1.1308223783177744
46.0 1.1436718276331181
47.0 1.1395486855482455
48.0 1.1130887499024884
49.0 1.1507315212061617
50.0 1.0456677991359267
51.0 1.1091083917677054
52.0 1.0287928004327946
53.0 0.9607242527620892
54.0 0.9750889936039586
55.0 0.9748942484876124
56.0 0.9306256231416592
57.0 0.8951435890238337
58.0 0.898643513588605
59.0 0.8461906730188606
60.0 0.8405962502667067
61.0 0.8950962266039028
62.0 0.8807087831369158
63.0 0.8768118260585
64.0 0.9166684873198158
65.0 0.9948371180219944
66.0 0.9955939853750633
67.0 1.0224028888774064
68.0 1.053260504855095
69.0 1.0836090745600009
70.0 1.1034295606569948
71.0 1.143575977232256
72.0 1.1423147976429413
73.0 1.0547531871408453
74.0 1.1017555872393476
75.0 1.057131487330467
76.0 1.0652317613045474
77.0 1.0028008551115684
78.0 1.011828410110367
79.0 0.9885750718003186
80.0 0.9718901207087793
81.0 0.9453692107957998
82.0 0.8921512144588877
83.0 0.852877785514344
84.0 0.8281850216600505
85.0 0.8727639623645894
86.0 0.9193601192545523
87.0 0.8813413657269095
88.0 0.9436870993357306
89.0 0.996620400723329
90.0 0.9689936952864334
91.0 1.0244090859843034
92.0 1.0180254022221933
93.0 1.065834730195993
94.0 1.118019088947057
95.0 1.1447710197897623
96.0 1.1197331062496
97.0 1.1080899456441549
98.0 1.153098738743996
99.0 1.1194230396319258
100.0 1.0651709508405023
101.0 1.0493778256103263
102.0 1.0309076473153063
103.0 0.9977858582484874
104.0 0.9768282772090624
105.0 0.9499317074674307
106.0 0.945301630767561
107.0 0.9210692920613608
108.0 0.8911280924713114
109.0 0.8594576054706735
110.0 0.8729295272831585
111.0 0.8586477067981937
112.0 0.9133987548329701
113.0 0.9386423764879417
114.0 0.9739340404690373
115.0 1.0550281804032995
116.0 0.9643146341527138
117.0 1.0497442954682428
118.0 1.0186687379648924
119.0 1.1283146653973635
120.0 1.1333181404568455
