Time NormalisedFlux
0.0 1.057085361730582
1.0 1.1057281926749905
2.0 1.088127161224281
3.0 1.0780608035412702
4.0 1.1005043463649242
5.0 1.0614296489523518
6.0 1.071293768820381
7.0 1.029643003929907
8.0 1.0128076872587193
9.0 1.0137526688240652
10.0 1.0882379658026
11.0 1.0347806448057848
12.0 1.0352424807302159
13.0 1.0667704485798604
14.0 1.0520999816404937
15.0 1.0454493708050978
16.0 1.0356581461224426
17.0 1.013772833388238
18.0 1.0370904436369628
19.0 1.0125759855036527
20.0 1.01781566077203
21.0 1.0085687537035337
22.0 1.020636555434016
23.0 0.9968119029421545
24.0 1.0244097446683043
25.0 0.9990799013019247
26.0 0.9487550665593546
27.0 0.9833276648485606
28.0 0.9593004192401875
29.0 0.9385510998417306
30.0 0.9605954979026631
31.0 0.9706263053060559
32.0 0.9432034199930162
33.0 0.960217891763329
34.0 0.9593808830396152
35.0 0.9603752363662107
36.0 0.9575639262259488
37.0 0.9196774610727239
38.0 0.9132082856419816
39.0 0.9074548066387048
40.0 0.8902569173029972
41.0 0.9073113572574181
42.0 0.8965105001606387
43.0 0.9547688388451729
44.0 0.9949232762937987
45.0 1.0405279373942484
46.0 1.0885320931429026
47.0 1.0672947059087972
48.0 1.09241794660156
49.0 1.099788981867623
50.0 1.080595322229022
51.0 1.0756975686903694
52.0 1.093955220194195
53.0 1.0663982951856605
54.0 1.0385937853919178
55.0 1.0557573263482227
56.0 1.0246878119457705
57.0 1.0500594762903037
58.0 1.0581748497959853
59.0 1.0500654129278335
60.0 1.0412354061961024
61.0 1.0332569827511278
62.0 1.017044669934773
63.0 1.0415937273863443
64.0 1.0164990257977606
65.0 1.0013658469787257
66.0 1.0080094647398923
67.0 1.0005036487192684
68.0 0.9667980482617187
69.0 0.9900456784054738
70.0 1.019352227065821
71.0 1.0096020915942863
72.0 1.0187988201246208
73.0 0.9669030373740648
74.0 0.9545518545410642
75.0 0.9628161663917402
76.0 0.9548130296478207
77.0 0.9614920809035973
78.0 0.9543560641145059
79.0 0.9524810576685093
80.0 0.9356453166578559
81.0 0.9642810493295306
82.0 0.9293737372046157
83.0 0.9530741478808904
84.0 0.8748243052024396
85.0 0.9099228486047467
86.0 0.890154874223978
87.0 0.9117267134229248
88.0 0.948146006150762
89.0 0.9584154584984178
90.0 1.0000681655431163
91.0 1.0056133958035822
92.0 1.0570906782277092
93.0 1.0473441742048584
94.0 1.097635329410979
95.0 1.0929731767677222
96.0 1.0979998511983573
97.0 1.08717570747742
98.0 1.0483265839362907
99.0 1.0725080325275418
100.0 1.0450104940067622
101.0 1.044867229032529
102.0 1.0439887505537748
103.0 1.0434151771303155
104.0 1.0538971990507802
105.0 1.0376441422204168
106.0 1.0224817951803977
107.0 1.0336469743909988
108.0 1.0376121083162055
109.0 1.0082135649036221
110.0 0.9971385870680562
111.0 1.0146023726053932
112.0 1.028289044416218
113.0 0.9616188600477255
114.0 0.9961678531327042
115.0 0.977764919854878
116.0 1.0023428603073976
117.0 0.9702535381164904
118.0 0.9860216489465646
119.0 0.9821756529225406
120.0 0.9651045394002739
