Time NormalisedFlux
0.0 1.0222572592455605
1.0 1.038158929847115
2.0 1.0063630656002576
3.0 1.0623571102423697
4.0 1.0232933384734082
5.0 1.0480343279100945
6.0 1.085743926142557
7.0 1.1010634534145465
8.0 1.1257220163882369
9.0 1.0820023295334928
10.0 1.1458161481961844
11.0 1.0927058957748637
12.0 1.0685761001206557
13.0 1.0638400389824865
14.0 1.0126655073594055
15.0 1.0133258558461078
16.0 0.9570284104610209
17.0 0.9731938603363779
18.0 0.9468567789266825
19.0 0.9122758195704738
20.0 0.8724842550391205
21.0 0.8411144952948901
22.0 0.8620710783336099
23.0 0.8485869887755996
24.0 0.8908190678545126
25.0 0.9548090488900063
26.0 0.9699022757177063
27.0 0.9395798435180306
28.0 1.0199108727660207
29.0 1.0654741975105522
30.0 1.026503759276498
31.0 1.052487110708451
32.0 1.0851351098893716
33.0 1.1236501820457134
34.0 1.1069538636102199
35.0 1.181876990921094
36.0 1.142651836760879
37.0 1.144948811643426
38.0 1.113710676446093
39.0 1.0826051597074835
40.0 1.0579792655679097
41.0 1.0175911616025997
42.0 0.9889932666063346
43.0 0.9624420414814778
44.0 1.0102825528434953
45.0 0.9301783215242749
46.0 0.9166290218475017
47.0 0.9109042952248478
48.0 0.8178890119196294
49.0 0.860031615457668
50.0 0.8746073133653667
51.0 0.9232732888217502
52.0 0.9429751820977138
53.0 0.9199318151441442
54.0 0.9843028660495926
55.0 0.9993634133914364
56.0 1.005854064185422
57.0 0.9809527766325206
58.0 1.0473121701716785
59.0 1.0967466468059421
60.0 1.15458931574876
61.0 1.1064390623538098
62.0 1.1331456198545835
63.0 1.1252601444914794
64.0 1.087902234872544
65.0 1.0505640424955416
66.0 1.0686284743524177
67.0 1.015150950304795
68.0 1.04266742214568
69.0 0.9761102246809891
70.0 0.9606459309018033
71.0 0.8985046439377279
72.0 0.917427042133967
73.0 0.8920265889893038
74.0 0.8717972399554959
75.0 0.872547347612711
76.0 0.7906027836142898
77.0 0.8921655234362817
78.0 0.9066949276667666
79.0 0.9255924831076223
80.0 0.9841362704195117
81.0 0.9459532039337543
82.0 1.0227350568842186
83.0 1.0113119903358783
84.0 1.0361912319600726
85.0 1.1109977489379574
86.0 1.0714219775065235
87.0 1.1276302001844931
88.0 1.1375825989242232
89.0 1.1855505303531968
90.0 1.1234606942490122
91.0 1.0730994250604686
92.0 1.0768708735189756
93.0 1.0787930339014795
94.0 1.069479383885673
95.0 0.9825102451271804
96.0 0.9578123882105762
97.0 0.9349691720310174
98.0 0.9369514599061334
99.0 0.9096287541323699
100.0 0.8685291418114305
101.0 0.9014891646159625
102.0 0.8597940281951555
103.0 0.874566159501689
104.0 0.8743264438033871
105.0 0.9300372295893792
106.0 0.9319538160571611
107.0 0.9859344929616609
108.0 0.9778317171613378
109.0 1.0415610932570052
110.0 1.0381267340344513
111.0 1.0716492924343508
112.0 1.0956700294969162
113.0 1.09562300046514
114.0 1.0837126301010418
115.0 1.101672782662586
116.0 1.1388755261808934
117.0 1.1553128385381077
118.0 1.0917369845437854
119.0 1.0754270832416954
120.0 1.07071582069802
