Time NormalisedFlux
0.0 1.0316524363397734
1.0 1.0315909717143195
2.0 1.0048814570674656
3.0 0.9909738231609954
4.0 0.9896992134314715
5.0 1.0121515075207994
6.0 0.9912070407174314
7.0 0.9926628670352384
8.0 0.9771170297320982
9.0 0.9726171760666393
10.0 0.9557931776720103
11.0 0.9603381277139503
12.0 0.9572215126463167
13.0 0.9310354900562612
14.0 0.9424382743481804
15.0 0.9687400894601924
16.0 0.9335203679360325
17.0 0.9448568559432745
18.0 0.9393408336149592
19.0 0.927894795406009
20.0 0.9332357232289729
21.0 0.8947709002721234
22.0 0.9330590195319077
23.0 0.942910803257809
24.0 0.9178743790094717
25.0 1.008285469282064
26.0 1.0168973943012263
27.0 1.0370715219066196
28.0 1.0803389145542384
29.0 1.0752969459194244
30.0 1.0747494954950185
31.0 1.1039177285625363
32.0 1.06408525229572
33.0 1.0480040193922706
34.0 1.0597034321270935
35.0 1.0420923853421782
36.0 1.0674495363919487
37.0 1.0226323848813594
38.0 1.0482564562786976
39.0 1.0111970800718222
40.0 1.0484003891114333
41.0 1.0337961891501677
42.0 1.012309587135887
43.0 1.022684912933945
44.0 1.0029867552779665
45.0 0.9974961630414347
46.0 1.0041826262067313
47.0 1.0019084068820165
48.0 1.0038268710891967
49.0 1.027419935331506
50.0 0.9967731338948742
51.0 1.0170339547415728
52.0 0.9983881479218749
53.0 0.9508384907287788
54.0 0.9828791335307423
55.0 0.9606014506645415
56.0 0.9526492663751797
57.0 0.9524420777712035
58.0 0.960345336469785
59.0 0.992085308247389
60.0 0.9879828534525754
61.0 0.9688656840037535
62.0 0.9577533054762152
63.0 0.9374662645120143
64.0 0.9179850434146837
65.0 0.9100761176343182
66.0 0.8841343390287703
67.0 0.9151236965167557
68.0 0.9081658149156386
69.0 0.934079872601936
70.0 0.9733786730265278
71.0 1.0264792372374314
72.0 1.0525216533300379
73.0 1.086862903593229
74.0 1.0964313115907913
75.0 1.1128669827629967
76.0 1.1360899116226229
77.0 1.0818701515784135
78.0 1.0789503843575659
79.0 1.050237216774391
80.0 1.0787269407006563
81.0 1.0600104032831534
82.0 1.0641071652974798
83.0 1.0225693394673727
84.0 1.043185054613295
85.0 1.0523498208122735
86.0 1.05794460380665
87.0 1.0209135613642542
88.0 1.0318964187259638
89.0 1.0420585337586012
90.0 1.041797888406405
91.0 1.0055495504919276
92.0 1.0120227937609492
93.0 0.9835067031963332
94.0 1.0171105771244573
95.0 0.9927368534299267
96.0 1.028978669812091
97.0 0.9860900356029167
98.0 0.994791481450445
99.0 0.9482355980399381
100.0 0.9765728136927944
101.0 0.963639194033066
102.0 0.933810778154359
103.0 0.9866824851641058
104.0 0.9584389712956216
105.0 0.9711242948473559
106.0 0.9575010245611931
107.0 0.9671744660466107
108.0 0.94352453045083
109.0 0.9243656400758786
110.0 0.9228255131436237
111.0 0.8929869324304252
112.0 0.9119480687024367
113.0 0.8907779255524362
114.0 0.9091643095465961
115.0 0.9673904428715845
116.0 1.0193994659542478
117.0 1.0096803549593825
118.0 1.0396100788594749
119.0 1.0510018854801122
120.0 1.0702339370358684
