Time NormalisedFlux
0.0 0.7630038142986825
1.0 0.8412335914810191
2.0 0.7422534234673553
3.0 0.8252232284351472
4.0 0.8133573451027272
5.0 0.8396234176407769
6.0 0.8333312349364177
7.0 0.8621960565200752
8.0 0.8498228946146151
9.0 0.8568666299012621
10.0 0.8211169981847851
11.0 0.8908208636236935
12.0 0.9208646754701417
13.0 0.9284803190693398
14.0 0.9194647533127763
15.0 0.9044076036982895
16.0 0.9324071977713033
17.0 0.9712659925672
18.0 1.0396284838498489
19.0 0.9739751346336902
20.0 1.0367566835904747
21.0 0.9994777006734696
22.0 1.0998743195548917
23.0 1.061030198854458
24.0 1.0410666390851926
25.0 1.1130937755490034
26.0 1.0630458552394833
27.0 1.0564340383824586
28.0 1.1109173863386361
29.0 1.1530256230774876
30.0 1.117581704008124
31.0 1.164239719777287
32.0 1.1607227151432054
33.0 1.1324006208710744
34.0 1.2428930040216755
35.0 1.1125640881846086
36.0 1.1283741084778578
37.0 1.222322247793628
38.0 1.150812866160939
39.0 1.2231084402301253
40.0 1.2278314314050673
41.0 1.2148937410078273
42.0 1.1938988826617227
43.0 1.1666935468937012
44.0 1.1547485613451711
45.0 1.1581674697412567
46.0 1.2387778965473852
47.0 1.1819450163285958
48.0 1.1521195134801239
49.0 1.2068991048379023
50.0 1.1542261641742124
51.0 1.1955717110821538
52.0 1.18653481611031
53.0 1.1635648942459376
54.0 1.1382088541110444
55.0 1.1511930074676504
56.0 1.1362769689984247
57.0 1.1551619706255936
58.0 1.1320232766158127
59.0 1.0982331141042116
60.0 1.085850202231892
61.0 1.0630518765991446
62.0 1.0690872972928913
63.0 1.0922918216534225
64.0 1.079595687095295
65.0 0.9974972041978454
66.0 1.0414711394309992
67.0 0.9827702900449895
68.0 1.0379382975401628
69.0 0.9759260576103186
70.0 0.9861990039926815
71.0 1.0086456297631363
72.0 0.904522187850191
73.0 0.9182450282404994
74.0 0.8685086603547401
75.0 0.9102154410460862
76.0 0.9287962332206516
77.0 0.8607675844901733
78.0 0.8315289054916257
79.0 0.8449184657994928
80.0 0.8226577877367058
81.0 0.8590090432178583
82.0 0.8785677436402689
83.0 0.8556951692477109
84.0 0.8292824941998351
85.0 0.836217217731974
86.0 0.7829846833598395
87.0 0.7578428086300636
88.0 0.7339795117930412
89.0 0.751010074688427
90.0 0.8206059500126704
91.0 0.7685560871156369
92.0 0.8281948395792069
93.0 0.7786474050481679
94.0 0.7909038120611107
95.0 0.7637627242454331
96.0 0.8025659844862796
97.0 0.8150400863547134
98.0 0.8358852525736751
99.0 0.8155602011730777
100.0 0.8847767562897453
101.0 0.8727525445458272
102.0 0.8486853924889038
103.0 0.8514099638194216
104.0 0.8846657506244212
105.0 0.8319596381880162
106.0 0.8925022045781651
107.0 0.9301920435803467
108.0 0.9117030379171859
109.0 0.9106886236926469
110.0 0.9834131020961507
111.0 0.9677409745583158
112.0 1.0025557936228684
113.0 1.015988764614815
114.0 1.0262197397474664
115.0 1.0282504408647335
116.0 1.0061096184146272
117.0 1.0487608998494016
118.0 1.050742393849582
119.0 1.0146913766628018
120.0 1.0788460650030107
