Time NormalisedFlux
0.0 0.9115500708076956
1.0 0.8084518587051684
2.0 0.9171711837493555
3.0 0.9188231230050499
4.0 0.9060297011978925
5.0 0.9479195884211228
6.0 0.9128095843328903
7.0 0.9701103591008307
8.0 0.9359246223329404
9.0 1.005951293702992
10.0 0.9597371360739229
11.0 0.9701400789112484
12.0 0.9868695265177628
13.0 1.0260023126221456
14.0 1.0734872106066993
15.0 0.9954064863128901
16.0 1.0011647452635666
17.0 1.1146024373445431
18.0 1.051338390710728
19.0 1.0483439582828316
20.0 1.1266765916597894
21.0 1.0969776654909336
22.0 1.1269332850081677
23.0 1.1645057110245347
24.0 1.1353791549314907
25.0 1.107083755365119
26.0 1.13746619070063
27.0 1.1932785678557776
28.0 1.204376521616214
29.0 1.173368299253954
30.0 1.1939657930698147
31.0 1.1859327686719991
32.0 1.222195728309687
33.0 1.2308354660226029
34.0 1.22302730417298
35.0 1.203686169230476
36.0 1.2342161960277693
37.0 1.2039076174630707
38.0 1.1652543594544915
39.0 1.1887592633537531
40.0 1.2136227806693
41.0 1.1569906369295542
42.0 1.1389389921690074
43.0 1.1885852342571035
44.0 1.1707498931295572
45.0 1.18792971837883
46.0 1.1894296894289171
47.0 1.173513822954529
48.0 1.1788862513511356
49.0 1.1021492753506035
50.0 1.0497702997408374
51.0 1.1379244172177563
52.0 1.0860970851159588
53.0 1.1213333356946242
54.0 1.0434080224073676
55.0 1.112701710105806
56.0 1.0561023659437163
57.0 1.0340245912131456
58.0 1.1113496800315676
59.0 1.040393451398877
60.0 1.0157468519918846
61.0 0.9665341784459075
62.0 0.9701397602554866
63.0 0.9576191744352415
64.0 0.9866692261311493
65.0 0.9315943268829096
66.0 0.9641645983526648
67.0 0.9182242771125746
68.0 0.8989344228370715
69.0 0.9154478763682902
70.0 0.9339120781478536
71.0 0.8592970271386177
72.0 0.8984773408493628
73.0 0.9286582187252973
74.0 0.8644831493528412
75.0 0.8428317813077704
76.0 0.8672504377492383
77.0 0.8361107097131016
78.0 0.8284327118802942
79.0 0.7620914956790432
80.0 0.8549959308851326
81.0 0.7266065604658465
82.0 0.8153106188501282
83.0 0.804243194038529
84.0 0.8453839510743762
85.0 0.8375612080879644
86.0 0.7291848844940738
87.0 0.8063997828659659
88.0 0.7823272937360874
89.0 0.7971548389058609
90.0 0.8409834499858735
91.0 0.8486508638198996
92.0 0.823320307690451
93.0 0.8292071744444854
94.0 0.7974663768768038
95.0 0.8711136513701764
96.0 0.8100149831332067
97.0 0.8057964698474942
98.0 0.8733235389607592
99.0 0.8843287624984835
100.0 0.8370567391682519
101.0 0.8852982903428629
102.0 0.8240073774578981
103.0 0.857713299955928
104.0 0.9118468361195913
105.0 0.9678183790699053
106.0 0.9609686610378355
107.0 0.9128597719263359
108.0 0.9415087635847486
109.0 0.9219689092377681
110.0 0.9316613885505196
111.0 0.9839086304001234
112.0 0.9798469294486537
113.0 1.0430468174840466
114.0 0.9934121944863923
115.0 1.021369477785103
116.0 1.029111552699658
117.0 1.0503024495453646
118.0 1.0110780108314705
119.0 1.0411905281598692
120.0 1.1285288318542899
