Time NormalisedFlux
0.0 1.1128394873687015
1.0 1.102221190170364
2.0 1.103586642303993
3.0 1.028722313059195
4.0 1.0279456516347516
5.0 1.036882625734207
6.0 0.994904699601347
7.0 0.9712770061271513
8.0 0.8973193208887938
9.0 0.946836676790626
10.0 0.8863882427066099
11.0 0.8917043843677096
12.0 0.8553341103448356
13.0 0.8402315245137557
14.0 0.8701396737263022
15.0 0.9346904973829373
16.0 0.9796520351215035
17.0 0.9757311778176712
18.0 0.959554209343096
19.0 1.0279275797954033
20.0 1.0726467062767286
21.0 1.0510408392304467
22.0 1.0879595951499548
23.0 1.1340557996408978
24.0 1.1343343252058304
25.0 1.1906886808479802
26.0 1.149100048174595
27.0 1.1239200989927598
28.0 1.0138993224441444
29.0 1.0272969689811584
30.0 0.9954865564609109
31.0 1.049379268103021
32.0 0.9843170686151308
33.0 1.0042316277801757
34.0 0.9703078184343638
35.0 0.925870320288417
36.0 0.8962097738433397
37.0 0.8989476414238089
38.0 0.8586986820910402
39.0 0.8564383184093087
40.0 0.8713249962652275
41.0 0.9314525160740441
42.0 0.9803431177398697
43.0 0.9540496306166528
44.0 0.9597852944459044
45.0 1.0407647708659364
46.0 1.0562211077937314
47.0 1.0283586093617716
48.0 1.058393856852761
49.0 1.0914152997577238
50.0 1.1318651141463958
51.0 1.1448133344374327
52.0 1.1628585610061655
53.0 1.0852644081447462
54.0 1.1379883823687877
55.0 1.0635902445465517
56.0 1.02210650860154
57.0 0.9726120519978976
58.0 0.9885130307698591
59.0 0.9952389258504225
60.0 0.9689899041432236
61.0 0.9400542504362078
62.0 0.9229445636722016
63.0 0.8983928163501391
64.0 0.8454661103740357
65.0 0.8601546927158862
66.0 0.8948115250627122
67.0 0.9096561443906771
68.0 0.9364454042253797
69.0 0.9709596002291668
70.0 0.9794765347889468
71.0 1.014922171254126
72.0 1.0178696025047083
73.0 1.030388763292031
74.0 1.0412596365574793
75.0 1.0657850881735296
76.0 1.1035416756243084
77.0 1.1114961655103797
78.0 1.1369703292294921
79.0 1.1276570684499636
80.0 1.0865543252483245
81.0 1.0259048401760662
82.0 1.0509688471261638
83.0 0.9922534352564198
84.0 0.9690285647544776
85.0 0.9918327181826355
86.0 0.9610748353972405
87.0 0.9426319515084569
88.0 0.877206168870461
89.0 0.8473448290250453
90.0 0.9036844878970586
91.0 0.8603638743750355
92.0 0.9263447360561277
93.0 0.8837496398936376
94.0 0.9144250263026724
95.0 0.9772183595973544
96.0 0.9456283798509951
97.0 1.0118059747298176
98.0 1.0506851361606553
99.0 1.064846931949947
100.0 1.0873086733890274
101.0 1.1091710834070343
102.0 1.1168294579114006
103.0 1.1468051535851422
104.0 1.1490940848402105
105.0 1.1329565304336664
106.0 1.1273473662109101
107.0 1.0506052659212057
108.0 1.001420621555389
109.0 0.9718563001771713
110.0 1.023376437613443
111.0 0.9544615180584092
112.0 0.9703167406702177
113.0 0.9553487643455719
114.0 0.9415183063895726
115.0 0.8832564963426748
116.0 0.8682601363335561
117.0 0.8325957519126743
118.0 0.8743755566319484
119.0 0.9461672295015596
120.0 0.929612159969776
