Time NormalisedFlux
0.0 0.8485311003792249
1.0 1.10262562345866
2.0 1.050294557153327
3.0 1.122777566456547
4.0 0.9358292757933016
5.0 0.9198939024820872
6.0 0.9902898502887733
7.0 0.9209234915977135
8.0 0.8263234744341694
9.0 0.968236980921256
10.0 0.9555075731225136
11.0 0.9026075155644357
12.0 1.1027119433153574
13.0 1.0224960362547895
14.0 1.096306364627487
15.0 0.9651687214959609
16.0 1.0373751174182397
17.0 0.9512798775025724
18.0 1.1353844537631543
19.0 0.9076910410226451
20.0 1.0114000179077922
21.0 1.0521490689242692
22.0 0.9745481691640439
23.0 1.016074221948801
24.0 0.7999617130948531
25.0 1.0443907105847081
26.0 0.9627216104538185
27.0 1.0779199218714453
28.0 1.1194180815226427
29.0 0.8635230740988491
30.0 0.8452874471648439
31.0 1.0336613822280323
32.0 0.99565626718981
33.0 1.1322354909411483
34.0 1.0671551849926946
35.0 1.0871254516959403
36.0 1.123444258033095
37.0 0.9602329633388312
38.0 1.0017493302172003
39.0 1.0160264671157329
40.0 1.0223669876220285
41.0 1.0288512434022472
42.0 0.8065185056378695
43.0 1.0356860445595708
44.0 0.9360006416136449
45.0 1.0232745116394055
46.0 0.9300809659128607
47.0 1.1153876088536587
48.0 0.9410965644590693
49.0 1.0433426991519572
50.0 1.0059570667972684
51.0 1.0380458509501318
52.0 0.8519243189423731
53.0 1.1435944319221076
54.0 1.0365786520931193
55.0 0.9036132962343861
56.0 1.1268218413836562
57.0 1.0890236796745922
58.0 0.9752989757340118
59.0 1.110923460063916
60.0 0.8463910730163037
61.0 0.9903063076377467
62.0 0.9348587281185582
63.0 0.9998664829062298
64.0 1.0350531207232345
65.0 0.9764511712133042
66.0 1.0015391577401533
67.0 0.848987373529192
68.0 1.093244857334848
69.0 1.1584139864654535
70.0 0.9101145971423037
71.0 0.9210934783738545
72.0 0.9665707588411094
73.0 1.0885505876823618
74.0 1.1232481073959326
75.0 0.9082210815082992
76.0 1.0417615368140976
77.0 1.0149163183667875
78.0 1.0975613868374765
79.0 0.9630504914394343
80.0 0.8066184580179317
81.0 0.8874843694132255
82.0 1.0322036837370177
83.0 0.9969840914470676
84.0 1.1639889970055937
85.0 0.9714713688600863
86.0 1.133272278684707
87.0 1.2191195898414746
88.0 1.033337487642921
89.0 0.9167308814567857
90.0 1.041994359545546
91.0 1.1656211058033459
92.0 0.9074879618513703
93.0 0.9412643831253324
94.0 1.0180433267386468
95.0 1.0285918564486325
96.0 0.931637566707497
97.0 0.8621226856245348
98.0 0.9252695373903916
99.0 1.1009531503970877
100.0 1.0659472465661244
101.0 1.0269817817764384
102.0 0.9912239747261989
103.0 0.9482453892773818
104.0 1.098805254556394
105.0 0.8944614408582479
106.0 1.171366024057262
107.0 1.0815002920983128
108.0 1.1266515971241207
109.0 0.9868419869327342
110.0 0.9392203266231188
111.0 1.1241595316105946
112.0 1.0726207072730234
113.0 0.9882624245000364
114.0 1.065864345327431
115.0 0.9738437286948921
116.0 0.9258694627415979
117.0 0.9821990607757849
118.0 0.9082978738655063
119.0 0.9251061146849688
120.0 0.9803391819098153
