Time NormalisedFlux
0.0 0.9286347799648109
1.0 0.9972104246196714
2.0 1.0167431644572327
3.0 1.0292380058836106
4.0 1.046224755406212
5.0 1.0646619025049575
6.0 1.1174791488854499
7.0 1.0982232002558112
8.0 1.1758200342428118
9.0 1.153276773975225
10.0 1.0881667009643898
11.0 1.0435956857987954
12.0 1.0428817049203543
13.0 1.06423029240832
14.0 1.0026277234236234
15.0 1.0071749074602934
16.0 0.9744781922075577
17.0 0.9624131200205251
18.0 0.9322226235831899
19.0 0.9286341763862217
20.0 0.8631424034586778
21.0 0.8877186120890086
22.0 0.8952725678284459
23.0 0.9090816060127339
24.0 0.9178753837051241
25.0 0.9472397344261119
26.0 0.9818803812767398
27.0 0.991597393181958
28.0 0.9949224996276533
29.0 1.050218818089944
30.0 1.016752504417513
31.0 1.083000359188162
32.0 1.0946748691964878
33.0 1.1303517940580672
34.0 1.1795461067398199
35.0 1.1481560420784918
36.0 1.1153330170511753
37.0 1.0657040873336039
38.0 1.0572427505702178
39.0 1.0336527841499608
40.0 0.9958298245513498
41.0 0.9552963745022179
42.0 0.9524524846837173
43.0 0.9137478668562865
44.0 0.9210122799727394
45.0 0.8969067048321431
46.0 0.8513087425513556
47.0 0.8638574723771509
48.0 0.9051903915967187
49.0 0.9380365688290812
50.0 0.8981785844375542
51.0 0.9360095885813627
52.0 0.970650548479155
53.0 0.9361236971419086
54.0 1.037904617976295
55.0 1.0283112849624922
56.0 1.0596771715042885
57.0 1.0711255669712256
58.0 1.124285599242892
59.0 1.140697837083635
60.0 1.1357261653683834
61.0 1.1308204174545968
62.0 1.1062384642437932
63.0 1.096551597000716
64.0 1.0849184911688816
65.0 1.00027500936162
66.0 0.999151976669038
67.0 0.9582694179919323
68.0 0.9657832155612961
69.0 0.9136001197234156
70.0 0.9282269118486972
71.0 0.8700167592581544
72.0 0.874979106939731
73.0 0.8627212499267267
74.0 0.8675465259686452
75.0 0.8784993158948108
76.0 0.9557639482161508
77.0 0.964949186356211
78.0 0.9833849743694406
79.0 0.9699339811901507
80.0 1.0399002641338282
81.0 1.0594287972709082
82.0 1.1073518232189214
83.0 1.093075882731279
84.0 1.065179565934548
85.0 1.1462245650921046
86.0 1.186917062249707
87.0 1.1450122569624896
88.0 1.026307092579395
89.0 1.0690897970267925
90.0 1.003805898511534
91.0 1.0132786472503719
92.0 1.0055898789877054
93.0 0.9390960314100205
94.0 0.9420368576577065
95.0 0.9128663767312728
96.0 0.8803770208419109
97.0 0.8729863241798275
98.0 0.8417184099668845
99.0 0.8370271463212386
100.0 0.8659636680573777
101.0 0.9292532507545239
102.0 0.9102665428422083
103.0 0.9625196373890063
104.0 0.9838408670335052
105.0 0.9919270333187878
106.0 1.0108847333368047
107.0 1.0407349467109186
108.0 1.0683767672086013
109.0 1.130630588323027
110.0 1.096384045960261
111.0 1.1355406442597096
112.0 1.1568416667146486
113.0 1.1170382102580068
114.0 1.065588382366223
115.0 1.0352791332614244
116.0 1.0282498918475416
117.0 0.9879625190247676
118.0 0.9919388733216183
119.0 0.9917128224631852
120.0 0.9543670505462123
