Time NormalisedFlux
0.0 0.8652594868070139
1.0 0.8736090807822485
2.0 0.9010513673975103
3.0 0.9276551263800563
4.0 0.9279087019792398
5.0 0.9613642958319801
6.0 0.9268728440486159
7.0 0.9816298175383896
8.0 1.0164195014632615
9.0 1.0669187003280527
10.0 1.0459107404043635
11.0 1.1253549519531094
12.0 1.111585315514246
13.0 1.1395405411361588
14.0 1.1140343066729372
15.0 1.1396520434045552
16.0 1.1063262909484255
17.0 1.073315978443845
18.0 1.0315651565411041
19.0 1.028698765998969
20.0 1.0413113335572226
21.0 1.0165908119706477
22.0 0.9974500479352011
23.0 0.9977749787978293
24.0 0.9435993256652809
25.0 0.9527722448616216
26.0 0.9014837843761797
27.0 0.8611323131844594
28.0 0.867146623637882
29.0 0.8409880076527387
30.0 0.8523848507312496
31.0 0.9218872796477602
32.0 0.9529214269736478
33.0 0.9442876950672671
34.0 0.9532277876516284
35.0 0.9908091059069389
36.0 0.9990711391593354
37.0 1.035217584974568
38.0 1.0737731761534846
39.0 1.1107899217774417
40.0 1.092689395134144
41.0 1.1104532392856779
42.0 1.114230155181566
43.0 1.1370557271140858
44.0 1.1271639864496599
45.0 1.083752790768523
46.0 1.0452721174801989
47.0 1.0247803626126575
48.0 1.0082001196819192
49.0 0.9819840156798162
50.0 0.9999364575091384
51.0 0.949717717399212
52.0 0.9428463158498517
53.0 0.8617018019350019
54.0 0.8528735369137139
55.0 0.8663069557238204
56.0 0.8568681152836255
57.0 0.9081783277324399
58.0 0.8912719054877747
59.0 0.9253040297528689
60.0 0.9798925775655535
61.0 0.9330627392313309
62.0 0.9954270721741201
63.0 1.0130084595693276
64.0 1.0276199426664723
65.0 1.143405644943692
66.0 1.0875583675097171
67.0 1.0895219604761381
68.0 1.0816366014806273
69.0 1.1015578446685557
70.0 1.1099104355014966
71.0 1.0704582578356878
72.0 1.0709005948317813
73.0 1.0738022567711032
74.0 1.04074635466346
75.0 1.0209831232987079
76.0 0.9884861850716362
77.0 0.9812264910024382
78.0 0.9791446874575579
79.0 0.9513617107727675
80.0 0.9595208374868861
81.0 0.8890332157914286
82.0 0.8961622985958984
83.0 0.8649899122419448
84.0 0.9399203384530372
85.0 0.8766324861740121
86.0 0.934668260831807
87.0 0.9769103124759647
88.0 0.9646552906076331
89.0 1.0243978388284878
90.0 0.9722017059603175
91.0 1.0629128685537483
92.0 1.0771690268513576
93.0 1.1274216278225566
94.0 1.1058291834546636
95.0 1.139153366437529
96.0 1.0892233498750516
97.0 1.153395914796729
98.0 1.1180821069939089
99.0 1.1097769363145815
100.0 1.1033470993824364
101.0 1.0514671094945502
102.0 1.0699804149853769
103.0 0.9960068786087984
104.0 1.0264989138514502
105.0 1.004590127754255
106.0 0.9207583249362581
107.0 0.940272419487964
108.0 0.9019872639173221
109.0 0.8393846584008748
110.0 0.7896141569789622
111.0 0.8682777397643212
112.0 0.8535183552242661
113.0 0.8835030532809374
114.0 0.94187302623924
115.0 0.9304785137941491
116.0 0.9609146394459996
117.0 1.0030039906595432
118.0 1.0294260226449696
119.0 1.0927494724948354
120.0 1.0744637091430695
