Time NormalisedFlux
0.0 1.0181133641509383
1.0 0.9833991401176195
2.0 0.9777616096444387
3.0 1.0119705990529642
4.0 1.0411154161142342
5.0 1.012115132652853
6.0 0.9962084264403932
7.0 0.9760836795238769
8.0 0.9982956113778111
9.0 0.9506874434326205
10.0 0.9740600790446187
11.0 0.9467319233526795
12.0 0.9286476715522504
13.0 0.959556322343942
14.0 0.9640415300446156
15.0 0.9645811083300458
16.0 0.9367019872050951
17.0 0.9494517731732475
18.0 0.927560581064854
19.0 0.9285896223920944
20.0 0.8860502041125673
21.0 0.9144342754390492
22.0 0.8988548263994935
23.0 0.8873154907491846
24.0 0.8704448106881185
25.0 0.9524328077236065
26.0 0.9575563134319145
27.0 0.9908251156476875
28.0 1.0581729908034654
29.0 1.0858254986100362
30.0 1.0711876106893568
31.0 1.076772695680749
32.0 1.1259107653545
33.0 1.0970167035268927
34.0 1.0809309700130418
35.0 1.075998775531176
36.0 1.0770975116134212
37.0 1.0345172894010777
38.0 1.0468948272275702
39.0 1.03961683066511
40.0 1.0551520006809443
41.0 1.0411609594062106
42.0 1.046569254147397
43.0 1.0312914451074804
44.0 1.0210673757919628
45.0 1.0219391528339357
46.0 1.019363490822275
47.0 1.0392337895299582
48.0 1.0102294778356093
49.0 0.9892745199236488
50.0 1.0251862098408118
51.0 0.999885396510298
52.0 1.0024854996182941
53.0 0.9940538542105394
54.0 1.0126737163946948
55.0 1.0031252618246373
56.0 1.0049837982659355
57.0 0.9942799415833307
58.0 0.9675189208641589
59.0 0.9696747956167717
60.0 0.9487601052592158
61.0 0.9719647639440729
62.0 0.977476390929353
63.0 0.9384450486179808
64.0 0.9686751529482202
65.0 0.9761385864667095
66.0 0.9623269156411179
67.0 0.95000738579313
68.0 0.9488106480054551
69.0 0.9561236649267942
70.0 0.9097305597102077
71.0 0.9066541095102107
72.0 0.8957264412360461
73.0 0.9080199797259623
74.0 0.9185501024618865
75.0 0.9515532713531433
76.0 0.9674774780144261
77.0 1.003138730879735
78.0 1.025067238899649
79.0 1.0775256302485487
80.0 1.0828122954248363
81.0 1.0946660995323012
82.0 1.1018893213770309
83.0 1.0854816683212232
84.0 1.0955070266585494
85.0 1.0880524620613616
86.0 1.036027814716257
87.0 1.060573895470039
88.0 1.0674959525620527
89.0 1.0615898383026028
90.0 1.0651184447361504
91.0 1.031390383935501
92.0 1.0602364955936492
93.0 1.00990638934301
94.0 1.0204164945988918
95.0 1.0345023985444748
96.0 0.9983377656092596
97.0 1.0204636961306013
98.0 1.01044568637188
99.0 1.0117002920385725
100.0 0.9844161854061801
101.0 1.002966173489193
102.0 0.9877104706606208
103.0 1.005866090593927
104.0 1.0085905589074184
105.0 0.9931741896816652
106.0 0.9823702248632772
107.0 0.9753750284908143
108.0 0.9805760717283485
109.0 0.9911483274585807
110.0 0.9481382013741081
111.0 0.9703604487055113
112.0 0.9681469520817148
113.0 0.9618305537596769
114.0 0.9499934467596982
115.0 0.9545902885135481
116.0 0.9472999682078337
117.0 0.9067020702500643
118.0 0.9362108057755777
119.0 0.9418556157117735
120.0 0.9334680887021714
