Time NormalisedFlux
0.0 0.8591997402634879
1.0 0.9997184796044964
2.0 0.9539225797520663
3.0 1.001205436455929
4.0 0.8862163137962831
5.0 0.9502983985007669
6.0 0.9569839713956769
7.0 0.8245731829551222
8.0 0.921135406111243
9.0 0.9860190570117551
10.0 1.106688742765975
11.0 0.8698688088672439
12.0 0.9933090961113799
13.0 1.159531302974325
14.0 0.7972516312804385
15.0 1.0732260242868934
16.0 0.8782354881276412
17.0 1.0005826377230393
18.0 1.0355114069854354
19.0 1.0740315417058606
20.0 1.0895914713704913
21.0 0.9693417055349576
22.0 1.1441514788708234
23.0 1.0201643513297913
24.0 1.0867074391574703
25.0 0.9507304072249664
26.0 0.9764557022007844
27.0 0.9926942580941902
28.0 0.8708886879870064
29.0 1.004023964876981
30.0 1.1106369028666463
31.0 1.0525718127243406
32.0 1.1105723562714107
33.0 1.0609833203317471
34.0 0.9286220465588988
35.0 1.0743608569519396
36.0 1.0287559675729958
37.0 0.9732440541056697
38.0 0.8509396472185801
39.0 1.2212999718816362
40.0 1.066507277704567
41.0 1.0765269939036006
42.0 0.9320684642187158
43.0 1.0365083972554747
44.0 0.910099472117412
45.0 0.9107529918919579
46.0 0.8765468511013306
47.0 0.90239285768949
48.0 0.8486828619711654
49.0 0.9357745683861768
50.0 1.0518585577435313
51.0 1.2699826496355358
52.0 0.9786660861650567
53.0 0.911974209503223
54.0 1.026189947094913
55.0 0.9104624069120116
56.0 0.9757281045627071
57.0 0.949862560433644
58.0 1.1606744273772658
59.0 1.0645679409373896
60.0 0.9145675083021972
61.0 1.126372866912064
62.0 0.9229135224772234
63.0 1.0571771467664655
64.0 1.1478021176165984
65.0 0.8698197780388373
66.0 0.9598426041430905
67.0 0.981755467593259
68.0 1.0583406607650467
69.0 0.9012142086219437
70.0 0.8250230409537082
71.0 0.9094953413472486
72.0 0.9243987350946085
73.0 1.2711932134692214
74.0 1.0724562644306692
75.0 1.2480498655056733
76.0 0.982268916690688
77.0 0.9214972121097342
78.0 1.378845236295203
79.0 0.9286002602942014
80.0 0.8712792984122434
81.0 0.9117000930496607
82.0 0.8986967730670947
83.0 1.0691946537881416
84.0 0.9679251056090232
85.0 1.080046713957934
86.0 1.0336336180558312
87.0 0.891448233731144
88.0 0.95890117834983
89.0 0.828892999568998
90.0 0.8149253724454891
91.0 1.041724414164903
92.0 1.1369467664294906
93.0 0.9894883409390781
94.0 1.0554737708035384
95.0 1.0117831850046128
96.0 0.9799071667765501
97.0 0.9822277491118414
98.0 1.1683977356576378
99.0 0.8695759354350955
100.0 0.8465300060396683
101.0 0.9386570358388818
102.0 0.8715768303306148
103.0 0.8538145720505824
104.0 1.0286071699368908
105.0 0.905514817889466
106.0 1.003702552574938
107.0 1.1111048830824126
108.0 0.9235735260549952
109.0 0.9838963375175841
110.0 0.9775868361193061
111.0 1.0367882459835183
112.0 0.9273638974749414
113.0 0.9159648177936878
114.0 0.9884691498875371
115.0 1.1316772923003553
116.0 0.9772992610995739
117.0 0.8167125153045703
118.0 0.984494471602303
119.0 0.9772714459745122
120.0 1.1415461878639335
