Time NormalisedFlux
0.0 0.9919306892280485
1.0 1.0552104859117344
2.0 0.8933590052963505
3.0 1.2276406337830201
4.0 0.8666911274448655
5.0 1.0251899791724415
6.0 1.1049149076484877
7.0 0.9786393175307606
8.0 0.8786775568649465
9.0 1.0115335008997675
10.0 0.9806228682993812
11.0 0.9841091837966407
12.0 0.9676145806336858
13.0 0.9426332957988108
14.0 1.143886357685492
15.0 0.9807316846679602
16.0 1.0442002303427576
17.0 0.950262405949125
18.0 0.9604698443273024
19.0 0.9048980501007357
20.0 1.2107917167651554
21.0 1.0670136644352435
22.0 0.9361230068975069
23.0 1.0819870212240728
24.0 1.013880602819429
25.0 1.1716035257159776
26.0 0.7946550672797225
27.0 0.9750001009483928
28.0 0.8610613999086909
29.0 1.1525070300908222
30.0 0.9563160215058927
31.0 1.2000983729805739
32.0 1.0465146197714752
33.0 1.0193990792271874
34.0 0.8928500590978966
35.0 1.0949481498422846
36.0 0.9603692244909696
37.0 0.8994427413299002
38.0 1.0161394712104492
39.0 0.9063806433033498
40.0 0.9146636955672517
41.0 0.8541557899850647
42.0 0.8748527982313881
43.0 1.0015164008960837
44.0 0.9421361089015071
45.0 1.0570984142887219
46.0 0.938134025017432
47.0 0.9379529072875642
48.0 0.9522402033348019
49.0 1.0640941077866912
50.0 1.1930687069706174
51.0 1.06081484506712
52.0 1.096141854610908
53.0 0.9150218151876826
54.0 1.096398719734214
55.0 0.8882907189862623
56.0 0.9116967109943858
57.0 0.9257586769867497
58.0 1.0945216544091187
59.0 0.8390675266313952
60.0 1.0383210717696787
61.0 1.1017131994429636
62.0 1.0120786034553924
63.0 0.9791487757363959
64.0 1.0116477897597285
65.0 0.9764407721806116
66.0 1.0733370731369032
67.0 1.1420971901649144
68.0 1.0728791061992553
69.0 0.8850278781223558
70.0 1.1168474891709534
71.0 1.0814835706231731
72.0 1.0374088504397443
73.0 0.9386622516631056
74.0 1.0144332441697699
75.0 1.129291419171311
76.0 0.969289178686304
77.0 0.9519468009445244
78.0 0.9744197133103103
79.0 1.0234645209391457
80.0 1.039218838880793
81.0 0.974485670477216
82.0 1.1517996468481544
83.0 1.151905097673658
84.0 1.0230892574943935
85.0 0.8881527704258799
86.0 1.002118009378543
87.0 0.9949489362528517
88.0 0.7898512155330952
89.0 0.981078942934808
90.0 1.0373532252093383
91.0 0.9533569454403631
92.0 1.0597732443931367
93.0 1.1362041535415777
94.0 0.7535961181308987
95.0 0.893041631901205
96.0 0.9670446738412024
97.0 0.9319996925612901
98.0 1.0604984636342922
99.0 0.853756489504752
100.0 1.0562688937213498
101.0 1.1017109957913525
102.0 0.9458246556870065
103.0 1.3147865529705083
104.0 0.9998164340412226
105.0 0.977130473540431
106.0 0.8881456553585223
107.0 0.9508910710406522
108.0 0.9263976814251987
109.0 0.7866097954377665
110.0 0.9325319386226397
111.0 0.8940519060365395
112.0 0.7003563749400736
113.0 0.963386556284175
114.0 1.0479459422195065
115.0 0.9685237001447109
116.0 0.9751197140462899
117.0 0.874087638577936
118.0 0.8754483175680776
119.0 0.9948788369999162
120.0 1.0081577250474663
