Time NormalisedFlux
0.0 1.0256001436039686
1.0 0.9941357331043079
2.0 0.9917066942065055
3.0 0.9733912663765825
4.0 0.9447437391246825
5.0 0.9644174171496039
6.0 0.91764087641266
7.0 0.9043201679691919
8.0 0.8800717679709321
9.0 0.9051329240347279
10.0 0.902767290374882
11.0 0.8626054246788956
12.0 0.9237423391983298
13.0 0.9359434370798313
14.0 0.9434189707680035
15.0 0.9746874080455256
16.0 1.0219450123634661
17.0 1.028325519113914
18.0 1.0678937434705424
19.0 1.0964022992384943
20.0 1.1195264095930555
21.0 1.1284054721285883
22.0 1.1584716141589584
23.0 1.1689333154667256
24.0 1.1259182447615597
25.0 1.0937005628345007
26.0 1.0761596597669714
27.0 1.0441503147191606
28.0 1.036784858728147
29.0 1.0098986809697208
30.0 0.9278542212416847
31.0 0.9513291607671515
32.0 0.9412959504185888
33.0 0.9703017603041596
34.0 0.9134461546768508
35.0 0.8711186774986298
36.0 0.8306775829366589
37.0 0.8890636554555568
38.0 0.8727098415104141
39.0 0.9154455275149023
40.0 0.9342510555624547
41.0 0.97709393634189
42.0 0.982986807061787
43.0 0.9984353542929426
44.0 1.0326563548866825
45.0 1.0573163240118386
46.0 1.0869594545477854
47.0 1.0587920856582524
48.0 1.122195073019232
49.0 1.1513834292271077
50.0 1.1921021124499205
51.0 1.1780723837890212
52.0 1.0904920683574846
53.0 1.0619622203697723
54.0 1.0811588748472618
55.0 1.0200935904712616
56.0 1.0346632635295523
57.0 0.9749074034228464
58.0 0.9997855114669952
59.0 0.9404827912939482
60.0 0.9249136526842132
61.0 0.9294435881231474
62.0 0.8453910724538466
63.0 0.844044285325122
64.0 0.8453811057723912
65.0 0.8810197064667588
66.0 0.8958666965866938
67.0 0.9201861483461397
68.0 0.9311515563867535
69.0 0.9409760285791523
70.0 0.9776906724544341
71.0 0.9739772390653919
72.0 1.0654707557722642
73.0 1.1185784743269176
74.0 1.100065364259869
75.0 1.1134043324890952
76.0 1.1374272111121677
77.0 1.1806586506287555
78.0 1.151374022506459
79.0 1.10666055701145
80.0 1.0501415439762638
81.0 1.0724669567414273
82.0 1.0424095514395053
83.0 1.0040666266583793
84.0 1.0381040629826024
85.0 0.977440991864703
86.0 0.9932157082678706
87.0 0.9295014741519549
88.0 0.8836863451483108
89.0 0.9352938012976842
90.0 0.9260203702617749
91.0 0.847049243182122
92.0 0.8694891681604879
93.0 0.9112025548527318
94.0 0.90414753764186
95.0 0.8940792087891074
96.0 0.9570567438776559
97.0 0.9688919463435574
98.0 1.0214484747368744
99.0 1.046918606140236
100.0 1.05081071850342
101.0 1.0355970658979368
102.0 1.0989278338848023
103.0 1.1035434004618117
104.0 1.1398942823451588
105.0 1.1124860963930536
106.0 1.1018953506475213
107.0 1.1111109986671632
108.0 1.117886478198974
109.0 1.0761105728444167
110.0 1.0365815882706781
111.0 1.060293906258448
112.0 0.9799368160435588
113.0 0.9738031620038606
114.0 0.9450756350341523
115.0 0.9375405708224029
116.0 0.9403092596985405
117.0 0.910948360742617
118.0 0.8726246578691272
119.0 0.8947781898962235
120.0 0.827847566825605
