Time NormalisedFlux
0.0 0.8577350319302777
1.0 0.7976692029947414
2.0 0.851782846853337
3.0 0.7903004544938403
4.0 0.8743128764174141
5.0 0.837477749638745
6.0 0.7499442385325356
7.0 0.7852731836402889
8.0 0.8591162550179642
9.0 0.7834703425714826
10.0 0.8137965684259034
11.0 0.8507635255000827
12.0 0.8895160671356841
13.0 0.8469845899077372
14.0 0.8701954606468267
15.0 0.8649529777991096
16.0 0.8962699275834168
17.0 0.8900708941904976
18.0 0.8720097549139287
19.0 0.8733905874337297
20.0 0.912986841672474
21.0 0.910776690531475
22.0 0.993254627062162
23.0 0.931748004153794
24.0 0.9511590558951065
25.0 1.017918348277914
26.0 0.9748558645558922
27.0 0.9873232662477405
28.0 1.0437779480912674
29.0 1.0300074106503188
30.0 1.0535684042226652
31.0 1.0146908891818047
32.0 1.1281372541168389
33.0 1.0896758288795547
34.0 1.154425380535208
35.0 1.0837856181560142
36.0 1.1021372591753826
37.0 1.151930317447168
38.0 1.0896248959469315
39.0 1.1441578197068665
40.0 1.1244607745735273
41.0 1.1610536314746382
42.0 1.0822211226096106
43.0 1.1099407046840193
44.0 1.1426464192337573
45.0 1.202898210070976
46.0 1.24285738682852
47.0 1.2191561477350576
48.0 1.2287639990174413
49.0 1.2329570753790389
50.0 1.2508710634328806
51.0 1.212923018869536
52.0 1.1563043986509398
53.0 1.1806176528224386
54.0 1.177826098857084
55.0 1.2572568452830981
56.0 1.1675783406146953
57.0 1.2376443495947032
58.0 1.2156371695758166
59.0 1.1443036603425885
60.0 1.2180514441840244
61.0 1.2109555536263354
62.0 1.1302358927065517
63.0 1.132970368654874
64.0 1.1622585985611393
65.0 1.1748437941871432
66.0 1.1014288825722778
67.0 1.153588075093058
68.0 1.1305345251475776
69.0 1.153045881729669
70.0 1.091686661615183
71.0 1.1286073417735907
72.0 1.0586202025459726
73.0 1.1026069817340924
74.0 1.0026722555826497
75.0 1.0792602308111303
76.0 0.9791604293117865
77.0 0.9163665220021505
78.0 0.9800305772752618
79.0 0.9918751758881255
80.0 0.9186883234525594
81.0 0.9524020726457232
82.0 0.9339409640200348
83.0 0.9426406098944684
84.0 0.936880528550251
85.0 0.8267165353457367
86.0 0.8989583309014564
87.0 0.8788584155293901
88.0 0.8621811816313727
89.0 0.8293942484532498
90.0 0.8900372017790791
91.0 0.7929479540930654
92.0 0.8473075603351898
93.0 0.9207481318639266
94.0 0.8049344831971558
95.0 0.7824286374063136
96.0 0.8238704545508355
97.0 0.7201912561422922
98.0 0.8239057350748055
99.0 0.8253881879594068
100.0 0.9160913848649727
101.0 0.8323308409966291
102.0 0.7794987622369259
103.0 0.8596870700055941
104.0 0.7357895700605097
105.0 0.772393923499129
106.0 0.7284448071422935
107.0 0.8042461915912381
108.0 0.7701851174719198
109.0 0.7938228000169306
110.0 0.8654181668013626
111.0 0.8144845321815135
112.0 0.9030196130535698
113.0 0.856433626087914
114.0 0.8955072029075188
115.0 0.8463692060077164
116.0 0.8545418962686187
117.0 0.912096908580354
118.0 0.9393803281335916
119.0 0.9159239880742499
120.0 0.8932512142540574
