Time NormalisedFlux
0.0 1.11044250944486
1.0 1.091115517795072
2.0 1.0264905639587645
3.0 0.9397528237947038
4.0 0.9875228128087405
5.0 0.9491387369568802
6.0 0.8946688381668555
7.0 0.9114173068964164
8.0 0.8675637676313477
9.0 0.8528359424328157
10.0 0.905101781097908
11.0 0.9139103974426083
12.0 0.9539449332861529
13.0 0.9958223389603632
14.0 0.9617537025078637
15.0 1.013994813658745
16.0 1.050469204710748
17.0 1.0629100628276666
18.0 1.082463705692516
19.0 1.104658293362161
20.0 1.1485438539634916
21.0 1.1438050640138635
22.0 1.1372092562491811
23.0 1.0741774008467875
24.0 1.083112732451174
25.0 1.0283334844815575
26.0 1.0038941534853585
27.0 0.9927336384504684
28.0 0.9763974643126678
29.0 0.9208578832309023
30.0 0.8838483309707155
31.0 0.9249528044104931
32.0 0.8169513299839707
33.0 0.8272356719389596
34.0 0.847609475851818
35.0 0.9097813042524379
36.0 0.9284488103969227
37.0 0.9723197800975932
38.0 0.97607332853319
39.0 0.9955248744359358
40.0 1.0551727896250802
41.0 1.0666471734513812
42.0 1.065800719126737
43.0 1.0810071830832104
44.0 1.1237307781425245
45.0 1.1229603453125097
46.0 1.1033137846008048
47.0 1.1144973127278281
48.0 1.0598424106976048
49.0 1.035553530280133
50.0 1.0794780038145122
51.0 0.9925023384168429
52.0 0.9778411177332961
53.0 0.9712630512268998
54.0 0.9269220797138085
55.0 0.8690515621245373
56.0 0.9000414475311217
57.0 0.8929322031695152
58.0 0.862067506785842
59.0 0.9090845700182726
60.0 0.906634075003759
61.0 0.9900753526992866
62.0 0.9491176701484589
63.0 0.9955557133715264
64.0 1.0305888201670501
65.0 0.9985247024017333
66.0 1.0602172627841764
67.0 1.1050957783823367
68.0 1.1357988042951446
69.0 1.1248289162386085
70.0 1.1598170393981793
71.0 1.1328268256568372
72.0 1.1144433487374632
73.0 1.0605594849198128
74.0 1.0012410385015176
75.0 1.0330861560293256
76.0 1.0034849586783514
77.0 0.9719396746114256
78.0 0.9530715993033355
79.0 0.8773674876337045
80.0 0.8391204912747328
81.0 0.8895293682279699
82.0 0.9136356121359123
83.0 0.8993948772923649
84.0 0.9003180210878727
85.0 0.9017956960071484
86.0 0.9630099058813006
87.0 0.9519849020386378
88.0 1.0077521159241254
89.0 1.0601636401911974
90.0 1.0393437629886795
91.0 1.0232257579803492
92.0 1.0982599715558972
93.0 1.1426704316428657
94.0 1.1788316401908971
95.0 1.1253343335795063
96.0 1.0779842359065719
97.0 1.053054750693579
98.0 1.0467370700297292
99.0 0.9812411813297981
100.0 0.943264502208522
101.0 0.9849133907102783
102.0 0.9318770785104417
103.0 0.8909157786733749
104.0 0.9300709481293251
105.0 0.8371712015053389
106.0 0.8773766710646373
107.0 0.9074611883974251
108.0 0.9099326582655229
109.0 0.9068402039587952
110.0 0.9699347783278867
111.0 0.9528959713329971
112.0 1.021790915335773
113.0 1.0591153342996418
114.0 1.0516460056694454
115.0 1.0377550351071738
116.0 1.1042773020309693
117.0 1.1571834992813967
118.0 1.1680374478798443
119.0 1.1391254639042292
120.0 1.0897476172458243
