Time NormalisedFlux
0.0 1.0040940305390245
1.0 1.0625911027140447
2.0 1.0017693831153727
3.0 0.8436611021585048
4.0 1.0464446732311086
5.0 1.0710793847151991
6.0 0.9995959739150797
7.0 1.007997509449477
8.0 0.8339872520288705
9.0 0.9612318478771705
10.0 0.8911033475047949
11.0 1.1067033862315965
12.0 1.3288815023276648
13.0 0.9008044389019634
14.0 1.071122178132886
15.0 1.0433932207634102
16.0 0.8829044654728285
17.0 1.1654446749950507
18.0 0.9111255068073423
19.0 1.315841133002907
20.0 1.0207512265255048
21.0 0.9550363090327967
22.0 1.1227422544261123
23.0 0.8687493480726063
24.0 1.0954463860843553
25.0 0.8826129785207396
26.0 1.0856111034902276
27.0 1.0510210472571777
28.0 0.8001848617656934
29.0 1.0737631183240277
30.0 0.977741813535397
31.0 0.979761037375753
32.0 1.102785682634754
33.0 0.7243455993694008
34.0 1.072880097970358
35.0 0.9631319570131461
36.0 0.9057739454511322
37.0 1.0370545379701444
38.0 0.9008260357492024
39.0 1.0413954746087517
40.0 1.1715620444480916
41.0 0.9772356898934788
42.0 0.9300300128795118
43.0 0.9958821612504186
44.0 0.9552104792834464
45.0 1.1363402878844584
46.0 0.8699550876035042
47.0 0.9229972211933423
48.0 0.7053956873728795
49.0 0.9694421947401166
50.0 0.9459945630412002
51.0 0.8357566583907312
52.0 1.1142342107853105
53.0 0.9453195019879406
54.0 1.1082323182219742
55.0 0.8984692514662596
56.0 0.8669505583914691
57.0 0.9038378793297901
58.0 0.8907016083362527
59.0 1.0645395341647763
60.0 0.9406635173913344
61.0 0.8959230208184885
62.0 0.8284172386850248
63.0 0.9714331463285093
64.0 0.8924264533235499
65.0 1.0244428949665483
66.0 1.1092368690008307
67.0 0.9993677804510186
68.0 0.9198963583840422
69.0 1.062145817257727
70.0 0.8491962494435912
71.0 1.0333747490613785
72.0 1.0218051639992716
73.0 0.9645958920404631
74.0 1.0078334981797574
75.0 1.0565567302451622
76.0 0.9695612466317756
77.0 1.0028842445305286
78.0 1.1392123655484838
79.0 1.0168205246197253
80.0 1.0752395239106929
81.0 0.946333404977732
82.0 1.039979968202814
83.0 1.02374458370096
84.0 0.9922857107745017
85.0 0.9287499011124818
86.0 1.1522844684841194
87.0 0.8405810816125946
88.0 1.0137912351131466
89.0 0.9698276334590945
90.0 1.0576236568155106
91.0 0.8579017476596414
92.0 1.1522468174106344
93.0 0.9405411535493138
94.0 1.250624910332996
95.0 1.0679080216183068
96.0 0.9226363847561839
97.0 0.9273317334779959
98.0 1.1163181235470765
99.0 0.90199343297133
100.0 0.9897854742344696
101.0 0.9611555456382374
102.0 1.1011044892961095
103.0 1.0609064780823132
104.0 1.0621770143579228
105.0 1.0190088893436848
106.0 0.940766410066367
107.0 1.074110036570704
108.0 1.039564715652752
109.0 0.9084337452528505
110.0 1.039387330842263
111.0 1.029722815443776
112.0 1.0019379355533846
113.0 1.0596664057542282
114.0 1.1024328411922752
115.0 1.0257705196240254
116.0 1.0238764673038552
117.0 0.9899467200843293
118.0 1.1020267461042086
119.0 1.0475869021204307
120.0 0.9336654961101895
