Time NormalisedFlux
0.0 1.0346368988019734
1.0 1.0631743042758792
2.0 1.015218312267612
3.0 1.0266413739439497
4.0 1.0142342348539053
5.0 1.0000078394473808
6.0 0.9263091393663294
7.0 0.92163667277599
8.0 0.8952139150761186
9.0 0.8645743219276373
10.0 0.8643409294621245
11.0 0.8421252945776863
12.0 0.9123770143064471
13.0 0.9445593942913637
14.0 0.9196746173181813
15.0 0.9330486238838066
16.0 0.9414594195269164
17.0 0.9657443767490196
18.0 1.0089467194867705
19.0 1.0568521177521557
20.0 1.0698264653003775
21.0 1.1002837641592853
22.0 1.0993982733491683
23.0 1.1235654061966747
24.0 1.1463818414715419
25.0 1.185309759917257
26.0 1.0887139837704896
27.0 1.091738823440995
28.0 1.0453507890961122
29.0 1.0660925812410902
30.0 1.017926306342557
31.0 0.9782084122216266
32.0 0.9537165290492909
33.0 0.9640549580810552
34.0 0.9765012649956183
35.0 0.9117386899507162
36.0 0.8387642247724971
37.0 0.8657386397293936
38.0 0.864328247711624
39.0 0.9060083055983806
40.0 0.8635279448479972
41.0 0.9007955872170461
42.0 0.9238092135820286
43.0 0.9560546032372281
44.0 1.0102402491445448
45.0 0.9932346075276872
46.0 1.0244926631593776
47.0 1.0290125021930265
48.0 1.0694319993401527
49.0 1.0847300400985482
50.0 1.1148019996102307
51.0 1.1454565147872804
52.0 1.1452271507267315
53.0 1.0849332632938977
54.0 1.12267070910573
55.0 1.0390193138544297
56.0 1.0431354314860426
57.0 1.0369017589432792
58.0 1.0038464601508659
59.0 0.9670761100734114
60.0 0.9373468308379117
61.0 0.9047192241558111
62.0 0.9353572305567062
63.0 0.8640489682233501
64.0 0.9070539942073832
65.0 0.8757868936686614
66.0 0.9070293506657925
67.0 0.87967436131785
68.0 0.9520129135196808
69.0 0.8855507132130052
70.0 0.9232266304071313
71.0 1.010362623910487
72.0 1.023266784649282
73.0 1.0573221799843553
74.0 1.0695129538035244
75.0 1.0519091764299555
76.0 1.1553183657755577
77.0 1.1418956984855577
78.0 1.162300728733672
79.0 1.1603836290261935
80.0 1.110128763208571
81.0 1.1136783971712876
82.0 1.1127299104104569
83.0 1.06566856167919
84.0 0.9600405190335252
85.0 0.9731228474832447
86.0 1.0300957612158803
87.0 0.9653246225299437
88.0 0.975910876686696
89.0 0.9327851095400592
90.0 0.8842306005901207
91.0 0.8660041642649475
92.0 0.8240877335189922
93.0 0.8505727330162252
94.0 0.8887323930084887
95.0 0.9157191898496284
96.0 0.9502999189361876
97.0 0.9210079526833885
98.0 1.0049412542525893
99.0 0.9734309410489187
100.0 1.0061408503834193
101.0 1.0307231401327805
102.0 1.0670338143356781
103.0 1.1157126692520505
104.0 1.1520682829404487
105.0 1.185886618048623
106.0 1.1454079683172322
107.0 1.0873683843991253
108.0 1.1020522195912381
109.0 1.1122381461894204
110.0 1.0751453172218983
111.0 1.013886381555753
112.0 1.0502534174532148
113.0 0.9789081951177532
114.0 0.9132871415017584
115.0 0.9457942756327157
116.0 0.9183709406140906
117.0 0.9005610181607652
118.0 0.8948236352893862
119.0 0.8688509268426172
120.0 0.8927080408906101
