Time NormalisedFlux
0.0 1.0101595116677935
1.0 0.9808302990779738
2.0 0.997151891896752
3.0 0.9525972527780626
4.0 0.9395753079129203
5.0 0.9725990649302101
6.0 0.9595060392419793
7.0 0.9577067132969793
8.0 0.9578384910407938
9.0 0.921817606924968
10.0 0.9422580943679939
11.0 0.9239418940147127
12.0 0.9546678637107635
13.0 0.9382389260518353
14.0 0.8995158043491585
15.0 0.9262001164412859
16.0 0.8959410350483594
17.0 0.9043967264201994
18.0 0.9082720008790897
19.0 0.94051253865183
20.0 0.9483797341934982
21.0 1.009225810131551
22.0 1.041584775470719
23.0 1.0586801290327648
24.0 1.0853411500613874
25.0 1.10929844989149
26.0 1.0928609099336453
27.0 1.1112898352449572
28.0 1.0747555971296183
29.0 1.055354310083442
30.0 1.0334690339749095
31.0 1.0542653933926185
32.0 1.0279735209030771
33.0 1.0491181848123166
34.0 1.0317558455052955
35.0 1.0415964260074648
36.0 1.0311217894647324
37.0 1.0615366997475812
38.0 1.0322610261555716
39.0 1.0096794327040206
40.0 1.0075213690543066
41.0 1.0126965351536017
42.0 0.972395571064547
43.0 0.9886623064191545
44.0 1.0065257200403346
45.0 1.0293707138783965
46.0 0.9912642350729302
47.0 0.9813297834455954
48.0 1.0036012966038834
49.0 1.0069295507249754
50.0 0.9784231796252316
51.0 0.9458635549987585
52.0 0.9827481871030346
53.0 0.9610217845588178
54.0 0.9813746201085968
55.0 0.9655671500322377
56.0 0.9537295542666798
57.0 0.9717881476491189
58.0 0.947888503158119
59.0 0.9561505961560228
60.0 0.9596149536825422
61.0 0.946878371471745
62.0 0.9245792595847393
63.0 0.9301868204084395
64.0 0.9122966713165636
65.0 0.9103489158183226
66.0 0.8850774983919971
67.0 0.8989173295171039
68.0 0.9518906909549077
69.0 0.9419493680294786
70.0 1.0086254992810235
71.0 1.0641514413866475
72.0 1.0692646518495263
73.0 1.1069513475965538
74.0 1.1204717543144995
75.0 1.1026865199381315
76.0 1.0685950712007515
77.0 1.0930817801186263
78.0 1.107155461370054
79.0 1.0806488025030965
80.0 1.0393319592993875
81.0 1.0778113567543273
82.0 1.0284546198183977
83.0 1.0592004889037858
84.0 1.0494469887802402
85.0 0.9787179412536386
86.0 1.0449212689502567
87.0 1.0426148757857732
88.0 1.0329987605751285
89.0 1.0378591084913957
90.0 0.9911182763525596
91.0 1.0211606403364204
92.0 1.009180922557414
93.0 0.9807805937254862
94.0 0.9851345356380673
95.0 0.9858647131352065
96.0 0.9815902352090582
97.0 0.9871727044416851
98.0 0.9724659183907451
99.0 1.0228445124889773
100.0 0.9794188045931834
101.0 0.9682992583103455
102.0 0.9438453822292163
103.0 0.979554803548375
104.0 0.9248467687890444
105.0 0.9869119124721097
106.0 0.9528985713890921
107.0 0.9520319268535682
108.0 0.9735073750368914
109.0 0.9691641699565443
110.0 0.9638598988583611
111.0 0.909972133974667
112.0 0.9029887734855626
113.0 0.9210358102282756
114.0 0.9047915448629305
115.0 0.8980231648684582
116.0 0.9145514119431981
117.0 0.9387792665176534
118.0 0.9908931267201685
119.0 0.9819143015686724
120.0 1.0321129351359437
