Time NormalisedFlux
0.0 1.068200191285786
1.0 1.0180966397527185
2.0 0.9727329719464425
3.0 1.014435697276579
4.0 0.9726369528244229
5.0 0.9516854240211096
6.0 0.8801932853829761
7.0 0.880244359658704
8.0 0.8809418390142165
9.0 0.8646141154613306
10.0 0.8743555086055533
11.0 0.8707422700301717
12.0 0.9069382515406594
13.0 0.918030862597081
14.0 0.8978885931012547
15.0 0.9633487851059792
16.0 0.9827575214844417
17.0 1.0072384230533733
18.0 1.0347470342363323
19.0 1.077746368490491
20.0 1.0538750542776527
21.0 1.0774337632840192
22.0 1.1203090688575301
23.0 1.1209656205079481
24.0 1.1012883885704565
25.0 1.120073849843885
26.0 1.1044335479789318
27.0 1.0831042282244296
28.0 1.0199588914850195
29.0 1.0294869786223326
30.0 0.999968534348655
31.0 0.9604173229038788
32.0 0.9829481622481031
33.0 0.9594230727752012
34.0 0.9023634215796946
35.0 0.927959408633988
36.0 0.9044096477805441
37.0 0.8337671096286402
38.0 0.9200350103358045
39.0 0.8624197443958695
40.0 0.9053096829606562
41.0 0.9508456009128955
42.0 0.94266758202339
43.0 1.0128886956240897
44.0 0.994006757986548
45.0 1.024004906221284
46.0 1.0235339518740347
47.0 1.0214643990791914
48.0 1.081729636338379
49.0 1.1020421208793238
50.0 1.1367337575935332
51.0 1.0764511871498414
52.0 1.107279210588778
53.0 1.1402243200167763
54.0 1.0965894562145087
55.0 1.0843635331975698
56.0 1.0124155763690696
57.0 1.0248457769768209
58.0 0.9769414452467386
59.0 1.022831155320693
60.0 0.9648541016513401
61.0 0.9531788145832306
62.0 0.8838033530438429
63.0 0.8790729856470272
64.0 0.882689858254615
65.0 0.8728988811188455
66.0 0.8397047950484965
67.0 0.9454778351897474
68.0 0.9111325776528786
69.0 0.9702170709611252
70.0 0.9204820744341814
71.0 0.9719137167656223
72.0 1.0256053300720043
73.0 0.9841838335375612
74.0 1.0374904109630638
75.0 1.0837326426268876
76.0 1.0215703837304793
77.0 1.1126544272351795
78.0 1.0891275311592659
79.0 1.1865722796723612
80.0 1.1066791021970925
81.0 1.114698539108687
82.0 1.0821520361658776
83.0 1.0660899552498166
84.0 1.0334920381057509
85.0 1.0335318168829832
86.0 1.049954098887677
87.0 0.977819957644445
88.0 1.0153894231903502
89.0 0.9625064036673721
90.0 0.899975457684912
91.0 0.9585492566904277
92.0 0.9160009407598463
93.0 0.8778142502212073
94.0 0.8721844679806345
95.0 0.8520893713696855
96.0 0.9132411466327225
97.0 0.9186491658889026
98.0 0.9391001927359504
99.0 0.9787679066188785
100.0 0.9952407600200457
101.0 1.0240058551070053
102.0 1.0631918521100698
103.0 1.0173883130842893
104.0 1.0414084002324457
105.0 1.1313985287913413
106.0 1.1340529631880676
107.0 1.1031537101740791
108.0 1.0934946299634896
109.0 1.122924905569969
110.0 1.1272987954083604
111.0 1.0642667082695534
112.0 1.0722237556564516
113.0 1.0347028901172999
114.0 1.0361954819813115
115.0 1.025529890510411
116.0 0.9424076120675494
117.0 0.9358865755771736
118.0 0.8570754609748991
119.0 0.9205304259624559
120.0 0.8694749176997254
