Time NormalisedFlux
0.0 1.127544876419192
1.0 1.1250528674638114
2.0 1.0754499109913411
3.0 1.0424218959890854
4.0 0.9775161750730983
5.0 0.9691908197290512
6.0 0.9862384515096712
7.0 0.9658905786713927
8.0 0.9369491961576862
9.0 0.902113321626397
10.0 0.9038574040800458
11.0 0.8831686783930451
12.0 0.8263824396319417
13.0 0.8992110253712634
14.0 0.934800250876704
15.0 0.9600215134302664
16.0 0.9577865742569343
17.0 0.965780307269181
18.0 1.0004445911663928
19.0 1.013272359165673
20.0 1.0261033772916774
21.0 1.0457143695845459
22.0 1.1054541417440178
23.0 1.1311839019875178
24.0 1.1539558654697333
25.0 1.1544325547806704
26.0 1.0660401949982619
27.0 1.0846992650547715
28.0 1.1034922366443287
29.0 1.0181615703021194
30.0 1.0527769503046753
31.0 1.0456560426390258
32.0 0.9774703737642235
33.0 0.9723471525505976
34.0 0.9399890818314492
35.0 0.8823132814750051
36.0 0.8833328625789737
37.0 0.8290578933461837
38.0 0.9077007226859132
39.0 0.8858700864641764
40.0 0.8895177286806933
41.0 0.9567403477225481
42.0 0.9199161915988984
43.0 1.0081248714945101
44.0 0.9776909573564216
45.0 1.0450095443400618
46.0 1.0544683162507085
47.0 1.1026472183469278
48.0 1.1068881719686543
49.0 1.1490224158495326
50.0 1.162658773569507
51.0 1.1651551749406786
52.0 1.139121539222334
53.0 1.1318115787600873
54.0 1.0218741417262323
55.0 1.0268255783428413
56.0 0.9789105434298131
57.0 0.9868109423843391
58.0 0.9658569940360051
59.0 0.9366279697305203
60.0 0.8954316220789773
61.0 0.8909327905798635
62.0 0.8609385613001722
63.0 0.8623009470307801
64.0 0.8464438637042339
65.0 0.8969627527036942
66.0 0.9202138316040241
67.0 0.9514867112772839
68.0 0.9817694127660558
69.0 0.9932628144001492
70.0 1.0511983006275336
71.0 1.046396132323758
72.0 1.0915750333081207
73.0 1.0796916688356746
74.0 1.1213833649708413
75.0 1.1695888302859818
76.0 1.1438600168325852
77.0 1.168107372553975
78.0 1.104008535118192
79.0 1.0497262479234677
80.0 1.0681890355857762
81.0 0.9971643103102702
82.0 0.9897369092886622
83.0 1.0094780744826346
84.0 0.9323559117607457
85.0 0.9265831426146609
86.0 0.9302937418543725
87.0 0.8883932261047081
88.0 0.8654639152911209
89.0 0.8651186819525817
90.0 0.8508552784447132
91.0 0.909783300846136
92.0 0.9368865947943793
93.0 0.9385901364876452
94.0 0.9332712809159996
95.0 1.0389713641907996
96.0 0.990043185629536
97.0 1.0044202413273664
98.0 1.0744049339794493
99.0 1.1364026175197925
100.0 1.1518967382259289
101.0 1.190653038585769
102.0 1.0911169021111526
103.0 1.1092129199927823
104.0 1.0964111144399658
105.0 1.0925443446876235
106.0 1.0767204192061686
107.0 0.9624644796154379
108.0 1.0008794439722688
109.0 0.9865473616247592
110.0 0.9357475143770498
111.0 0.9397670717899648
112.0 0.8599795407818419
113.0 0.8487741159517017
114.0 0.8642668456947198
115.0 0.8803051067811859
116.0 0.8848560384172379
117.0 0.9144748025815571
118.0 0.9560213820466689
119.0 0.94533811744434
120.0 0.9740590496759698
