Time NormalisedFlux
0.0 1.2268950633073912
1.0 0.8938425683637738
2.0 0.999239842217389
3.0 0.9044224794360757
4.0 1.035313923231351
5.0 0.9721361698257641
6.0 0.9357673401602277
7.0 1.1500279495421193
8.0 0.8810113364847327
9.0 1.1135671688408362
10.0 0.945744765788593
11.0 0.9652800163449902
12.0 1.127147771952609
13.0 0.9643335753317557
14.0 1.100145570737327
15.0 1.0864963123928864
16.0 1.1440857479186644
17.0 1.0638952939333524
18.0 1.0216424449650772
19.0 0.9306909500340877
20.0 0.8711416268133071
21.0 1.1163701187476984
22.0 0.9241034141753469
23.0 1.0099723659613935
24.0 1.0016649997809455
25.0 1.1339298248946432
26.0 0.9376359828553595
27.0 0.9970113074962795
28.0 0.9500298796913113
29.0 0.9388703452055005
30.0 1.1173158349344199
31.0 1.0764246082015694
32.0 0.8912611598773292
33.0 0.9971183161186704
34.0 0.762382695977587
35.0 1.113913271435318
36.0 0.9981808025989977
37.0 0.9130394989749157
38.0 0.7925417421203953
39.0 0.9119647290656172
40.0 0.8413914296592638
41.0 0.91488409136014
42.0 0.9308288264694454
43.0 0.8979740075452908
44.0 1.062466065474101
45.0 1.0097751217221964
46.0 1.0096534794032528
47.0 1.1667046303883533
48.0 0.9308848786419855
49.0 0.9969809314058787
50.0 1.0070764835413883
51.0 1.012267967365475
52.0 1.122659383313883
53.0 1.0415830881057324
54.0 1.066673829394525
55.0 0.6669011550973563
56.0 0.9725041451141233
57.0 1.045751411359013
58.0 1.0111996725376833
59.0 0.9880820372577026
60.0 1.0019977079591835
61.0 1.0787399390047372
62.0 1.0704034046056763
63.0 1.0623844634115642
64.0 0.9740651483998461
65.0 1.0162559311042503
66.0 1.0559285500237445
67.0 1.0289006615437908
68.0 0.9598587479822376
69.0 0.9713971410562312
70.0 0.9431376928887979
71.0 0.9283175757938117
72.0 0.954732844031131
73.0 1.1147933621859305
74.0 1.0125301803509967
75.0 1.0697640396698385
76.0 0.9318907843718532
77.0 1.2869448504702379
78.0 1.123476735582807
79.0 1.1877039977265802
80.0 1.054527427065257
81.0 1.0898768510735388
82.0 1.0061285453018227
83.0 1.0215852992900583
84.0 0.9127693285630964
85.0 0.9844821149062875
86.0 1.0141146513026273
87.0 0.9771908878773408
88.0 1.062757506229561
89.0 0.9051231857754582
90.0 1.142237268546772
91.0 0.934308573997038
92.0 0.8901349514091961
93.0 0.967488584698074
94.0 1.068094126312576
95.0 1.1123936218448143
96.0 0.9530053635453073
97.0 0.9497327359361993
98.0 0.831115806891899
99.0 1.1198427528161952
100.0 1.0681400693656902
101.0 1.0568176174822517
102.0 1.0612823503413813
103.0 1.065881094751231
104.0 0.9396341388308548
105.0 1.014056404343715
106.0 1.0495374145504865
107.0 0.9194169515673227
108.0 0.9529274947461503
109.0 0.82463067732686
110.0 0.913895838141199
111.0 0.99132622392561
112.0 1.2032420129708332
113.0 0.9261328661029663
114.0 0.9212548594357448
115.0 1.0545966866224616
116.0 1.0044535856282066
117.0 0.9595146290673169
118.0 1.0619301073523408
119.0 0.9747045807984338
120.0 0.9215602029366619
