Time NormalisedFlux
0.0 0.9313136762360174
1.0 0.9594406578328489
2.0 0.9536833605964354
3.0 0.9779854904072867
4.0 1.0193362876281504
5.0 1.0199193871569772
6.0 1.0611486922616133
7.0 1.028157092361418
8.0 1.0433199039653342
9.0 1.1253897636423296
10.0 1.171894945439062
11.0 1.171487738984389
12.0 1.1077454099192057
13.0 1.0761227701908476
14.0 1.1278995626436221
15.0 1.0038852522540709
16.0 1.0697585233807496
17.0 1.0298404345845737
18.0 0.9885818937002276
19.0 0.9658309776780362
20.0 0.9359921093504662
21.0 0.8793927752761742
22.0 0.8545162040054922
23.0 0.8535978364291213
24.0 0.8030448446684301
25.0 0.8727945540241735
26.0 0.9156295603767176
27.0 0.9405355473720529
28.0 0.9800487534999958
29.0 0.9476464177212034
30.0 0.9491567298291061
31.0 0.9761537502733323
32.0 1.0290500511841598
33.0 1.0091545393722754
34.0 1.0780413258050823
35.0 1.0992529623218041
36.0 1.1094809051627952
37.0 1.1399401214431213
38.0 1.1209652972928277
39.0 1.115851779308459
40.0 1.0836947244373005
41.0 1.0467864731638232
42.0 1.0278107971464718
43.0 1.0315184410739917
44.0 0.968426276036056
45.0 0.9884131105543613
46.0 1.0083215704836748
47.0 0.9518596411150393
48.0 0.9241236050579237
49.0 0.8696080279380403
50.0 0.8717432103186573
51.0 0.8237622259102226
52.0 0.9317239434846446
53.0 0.9081156304852375
54.0 0.8797440059826342
55.0 0.984085922147112
56.0 0.967917219662136
57.0 0.9520837979017318
58.0 1.0282434214254201
59.0 1.0467717841796231
60.0 1.0304118460297917
61.0 1.1180621911238748
62.0 1.1151694667011594
63.0 1.1364126307662799
64.0 1.1366675414623142
65.0 1.083923586947505
66.0 1.1160503170347424
67.0 1.1027369534782843
68.0 1.0376678876075718
69.0 1.0379152227970057
70.0 1.0435282077872006
71.0 1.008951218007927
72.0 0.9962938185496912
73.0 0.9548226765909971
74.0 0.9347829919862989
75.0 0.9274967423611729
76.0 0.9418729781009336
77.0 0.823144671365618
78.0 0.8465453589782687
79.0 0.9131062670057468
80.0 0.9643487865857706
81.0 0.9092092038062722
82.0 0.9648111096578494
83.0 0.9166956211872092
84.0 0.9744939499759497
85.0 0.9845942066860912
86.0 1.028344485320006
87.0 1.0586544418218313
88.0 1.078688206265325
89.0 1.1491308623535792
90.0 1.1045050177780042
91.0 1.1847692726733743
92.0 1.1613875918453538
93.0 1.1012236418176689
94.0 1.0976286368490829
95.0 1.0564338067933967
96.0 1.0577317600160978
97.0 1.0529691854073486
98.0 1.0189054867724403
99.0 0.982844371205161
100.0 0.9361015564559183
101.0 0.9106202854345805
102.0 0.9361661088475566
103.0 0.8917642201800934
104.0 0.8748387007436115
105.0 0.8621199147330915
106.0 0.829712379603912
107.0 0.8852934780379992
108.0 0.9404134897747229
109.0 0.9255894354642742
110.0 0.9709867065843725
111.0 0.9387996297648988
112.0 1.000489909355784
113.0 0.9973620042989848
114.0 1.084970916557723
115.0 1.0947668019115384
116.0 1.0850624044930184
117.0 1.1754354071621929
118.0 1.1150269413175151
119.0 1.135669072332913
120.0 1.0885434039082407
