Time NormalisedFlux
0.0 0.8154532055486768
1.0 0.844290130365951
2.0 0.8582695301053777
3.0 0.8728809277436447
4.0 0.8521005035917293
5.0 0.8096019487066428
6.0 0.8104565776698889
7.0 0.8135704907121122
8.0 0.8804690002108922
9.0 0.8609767876878422
10.0 0.7672850166088229
11.0 0.777914059468669
12.0 0.8142995603714441
13.0 0.7667541473033757
14.0 0.8012973024814041
15.0 0.8322424519065785
16.0 0.8020843081715352
17.0 0.8078021629383484
18.0 0.8110166803059387
19.0 0.8141631957716812
20.0 0.7674155905864487
21.0 0.8163893231410244
22.0 0.8904744677842896
23.0 0.857207174270644
24.0 0.8525238380593325
25.0 0.8790809628287723
26.0 0.8671569719766039
27.0 0.9414201587113776
28.0 0.9602346356000275
29.0 0.9818129154876829
30.0 0.9601637661195536
31.0 0.9816962711855848
32.0 1.0235581286780535
33.0 0.970290577645002
34.0 1.0490069444080872
35.0 1.0500690954617928
36.0 1.0759126823405778
37.0 1.0422805414670164
38.0 1.0890872778080876
39.0 1.0663755785141362
40.0 1.1007860378891527
41.0 1.107391231564263
42.0 1.1835792579856181
43.0 1.1356979851327709
44.0 1.1422237337902696
45.0 1.1774724907784948
46.0 1.1754183958254916
47.0 1.2165056509364405
48.0 1.1671046534128782
49.0 1.200666392807681
50.0 1.1365995866897673
51.0 1.1678795503369113
52.0 1.135982252057095
53.0 1.2445456614197532
54.0 1.1667823712192376
55.0 1.2620403048111177
56.0 1.1887288416737847
57.0 1.1325553285695318
58.0 1.2302752395525771
59.0 1.1846094084059449
60.0 1.2150044543206109
61.0 1.1692827847051743
62.0 1.2565382534816456
63.0 1.1645662732346274
64.0 1.1051083522278708
65.0 1.1339323940420334
66.0 1.0991378390894635
67.0 1.0706451717723378
68.0 1.0925965132960502
69.0 1.0494703702504249
70.0 1.0343414427931676
71.0 0.9943762643673023
72.0 1.060664709344089
73.0 1.003655297368915
74.0 0.9684215214944222
75.0 1.0029101618520335
76.0 0.9099083405531205
77.0 0.9628553307930128
78.0 0.9265403801206332
79.0 0.9754103890881589
80.0 0.9763109113916131
81.0 0.9015299221983157
82.0 0.8651100773807249
83.0 0.8102205402527615
84.0 0.8439938987872336
85.0 0.859394412754772
86.0 0.7987740280196617
87.0 0.8495982898733498
88.0 0.7947040933819188
89.0 0.8383760054245776
90.0 0.8341844117508845
91.0 0.8229808473562374
92.0 0.8644758022866285
93.0 0.8480349276615633
94.0 0.7445696506763498
95.0 0.8228404018342163
96.0 0.8058720154214565
97.0 0.8331812183686113
98.0 0.7921884809627172
99.0 0.7341391255752177
100.0 0.8565958432108396
101.0 0.8140092215010634
102.0 0.8413629686261775
103.0 0.8186347034365099
104.0 0.8690235744720136
105.0 0.8792941650635355
106.0 0.8791674312071655
107.0 0.8520040817056048
108.0 0.882607280428056
109.0 0.9360577644930919
110.0 0.9188094506323351
111.0 0.9564401815560575
112.0 0.9785397335505863
113.0 1.0233682218345852
114.0 1.0262346249624856
115.0 0.9683433854442562
116.0 1.058232377379428
117.0 1.0252733865320638
118.0 1.0717965883122724
119.0 1.0465662093167816
120.0 1.0390899104566245
