Time NormalisedFlux
0.0 0.979086307790143
1.0 0.8835013104895159
2.0 0.8783327908769146
3.0 0.9046068319464566
4.0 0.8841568186991796
5.0 0.9020468963945476
6.0 0.9200237816139148
7.0 0.9890859230461498
8.0 0.9570281335019623
9.0 0.9542592641659873
10.0 1.0287585961967667
11.0 1.071444806905042
12.0 1.0733024553595052
13.0 1.1096272659046522
14.0 1.0972885206679448
15.0 1.1492890912505183
16.0 1.1340227592918035
17.0 1.0885027814095605
18.0 1.0852755804203917
19.0 1.052841695172311
20.0 1.0458868517121434
21.0 1.0288215265010205
22.0 0.992738047793209
23.0 0.9631437785141328
24.0 0.9183144177526751
25.0 0.8795230159524646
26.0 0.9228903619939489
27.0 0.860094597610852
28.0 0.8637397182696439
29.0 0.9433827617286948
30.0 0.9270389679962459
31.0 0.9811508789310078
32.0 0.9329381432057872
33.0 0.9870823540959823
34.0 1.0452770771140225
35.0 1.0302100420656
36.0 1.021125806059851
37.0 1.1238362471344105
38.0 1.1266252591510877
39.0 1.0909261547006548
40.0 1.1623987898468324
41.0 1.128655531291049
42.0 1.0639493981344919
43.0 1.0459355689163745
44.0 1.0327451212070853
45.0 1.027957019993495
46.0 0.9793981045870096
47.0 0.9877675157600028
48.0 0.9880766085193892
49.0 0.9299634286477433
50.0 0.8746036152398194
51.0 0.8988915836646617
52.0 0.8311874165565061
53.0 0.8779373727989888
54.0 0.9312869396769196
55.0 0.8970924190594011
56.0 0.9491349033133961
57.0 0.9481324430748583
58.0 1.0003671717269818
59.0 1.03047327691248
60.0 1.0270168449990948
61.0 1.0768702177758023
62.0 1.128428260585505
63.0 1.173512935607282
64.0 1.1506460427546297
65.0 1.1399947158620494
66.0 1.1052512119487379
67.0 1.1095491509161828
68.0 1.0574324375947717
69.0 0.9691376686307005
70.0 1.060581741652755
71.0 0.975156424534869
72.0 0.932065925711186
73.0 0.9061606490292899
74.0 0.9230363955600034
75.0 0.9085765962256125
76.0 0.8583455440775484
77.0 0.8656933167618164
78.0 0.8833528120056419
79.0 0.9179850061782104
80.0 0.9553240581916901
81.0 0.9531444087604212
82.0 1.0656691873738693
83.0 1.071450400553935
84.0 1.013813372274976
85.0 1.1062910295496577
86.0 1.0394430189131851
87.0 1.1236601431214057
88.0 1.1563345595984216
89.0 1.147156863453027
90.0 1.0981848873430604
91.0 1.1203250503381432
92.0 1.0633304521174791
93.0 1.005160887389627
94.0 1.005661924300155
95.0 0.9915354779545267
96.0 0.9502450734241342
97.0 0.9670627213634985
98.0 0.9311060747775245
99.0 0.9101978720593347
100.0 0.8839539866374313
101.0 0.8183789272051347
102.0 0.8736626866084941
103.0 0.8949299525520502
104.0 0.9435440153536016
105.0 0.9578617021272993
106.0 0.9810893716451533
107.0 1.026142525444602
108.0 1.0483441070197705
109.0 1.051275152722006
110.0 1.130002062331859
111.0 1.0899114694824972
112.0 1.1363987750256743
113.0 1.1311661837227562
114.0 1.0894694918892667
115.0 1.08825663976683
116.0 1.1118235082248986
117.0 1.059571281175076
118.0 0.9787892064368313
119.0 1.004511851736462
120.0 0.9800636695061972
