Time NormalisedFlux
0.0 1.1404773889664142
1.0 1.1481256680963394
2.0 1.139329399315903
3.0 1.1000174630864907
4.0 1.0957724466829546
5.0 1.0566038727349873
6.0 1.0690221957389108
7.0 1.053689474768998
8.0 0.9787613250718491
9.0 0.9866305847896737
10.0 0.9641963421980234
11.0 0.9161534200955607
12.0 0.9068012778723059
13.0 0.9014729302460778
14.0 0.8662877116077461
15.0 0.9295930018543921
16.0 0.9156166187075173
17.0 0.9129599502421589
18.0 0.9888112347578567
19.0 1.0156679963488815
20.0 0.9684056303859471
21.0 1.0204152152017119
22.0 1.0049804290480175
23.0 1.0335147626036307
24.0 1.0837990051513438
25.0 1.0968346800492146
26.0 1.1809933177797005
27.0 1.1918977566901865
28.0 1.138903944868566
29.0 1.0847149573369197
30.0 1.0984832341198938
31.0 1.0579227746051056
32.0 1.0235081705749194
33.0 0.9978762440991368
34.0 0.9886980610613902
35.0 0.9594823047917773
36.0 0.9158585462906615
37.0 0.9197606484958616
38.0 0.8814529836675945
39.0 0.8537183195985085
40.0 0.8598797992492322
41.0 0.8466777995796504
42.0 0.9042403029960854
43.0 0.9366221528298586
44.0 0.9868770160517959
45.0 0.971173857786044
46.0 1.0176458363676788
47.0 1.0637359502332882
48.0 1.027031160731418
49.0 1.0480663086877127
50.0 1.0634470604693378
51.0 1.1102615722844094
52.0 1.1556056662484966
53.0 1.1555522707786376
54.0 1.0829568278546207
55.0 1.1191137330843797
56.0 1.0683296442980295
57.0 1.067744462053206
58.0 1.0177030164010994
59.0 1.0024631859631745
60.0 0.9917495518256427
61.0 0.9643038696620835
62.0 0.9148842208947636
63.0 0.9223976373527298
64.0 0.9188369948781324
65.0 0.8736483912033746
66.0 0.8546918346150904
67.0 0.8470217396304071
68.0 0.9490760014364696
69.0 0.9349697508137981
70.0 0.9454035853155367
71.0 0.9675992745659228
72.0 0.9921781960343127
73.0 1.0475049278637762
74.0 1.0773586648218647
75.0 1.0783463523281143
76.0 1.0536057124246698
77.0 1.1202791398734429
78.0 1.1171336223984367
79.0 1.140723617306899
80.0 1.1166621713052982
81.0 1.1440987169589127
82.0 1.1188476818207758
83.0 1.0490184200750854
84.0 0.9919627538139535
85.0 1.0111771774664635
86.0 0.9398237782550649
87.0 0.9826181581206481
88.0 0.9551549463816642
89.0 0.8818705155103532
90.0 0.8653674048669745
91.0 0.8769866475272782
92.0 0.8949600006330738
93.0 0.8919703778463323
94.0 0.8955420871322508
95.0 0.8914076597620597
96.0 0.9150075242156366
97.0 0.9867661769480767
98.0 1.0070350998360196
99.0 1.0383409965080863
100.0 1.0200014162173816
101.0 1.0948786694907886
102.0 1.168354612603499
103.0 1.0879463053797842
104.0 1.1922867086251767
105.0 1.1065539810735292
106.0 1.1036626630967905
107.0 1.0997952531189044
108.0 1.0340418257713053
109.0 1.0814713245343754
110.0 1.0001131974598332
111.0 0.9714533333727681
112.0 0.9907679792204946
113.0 0.9571407765860276
114.0 0.9432157260172481
115.0 0.8968808240560271
116.0 0.8977418615153577
117.0 0.8486102806745293
118.0 0.8750464603118786
119.0 0.8814800187358607
120.0 0.8804892183657341
