Time NormalisedFlux
0.0 1.1576896168824153
1.0 1.1989700520526299
2.0 1.168650395902867
3.0 1.1151369174082577
4.0 1.140232308939083
5.0 1.1189067672537905
6.0 1.1314771789085531
7.0 1.105236389870234
8.0 1.161601071166729
9.0 1.0590835912539582
10.0 1.118921908392837
11.0 1.0532014002083558
12.0 1.029696442782758
13.0 1.0751512979535347
14.0 0.9726593360151166
15.0 0.9994838865911412
16.0 0.9656147604758104
17.0 0.9584978991744233
18.0 0.9456383753709923
19.0 0.9146437482977832
20.0 0.9453775324878719
21.0 0.943339205409209
22.0 0.9429569963566881
23.0 0.8530996790587373
24.0 0.8564093590754768
25.0 0.8158420043009091
26.0 0.8682500019755057
27.0 0.8693150023532131
28.0 0.8274313874500084
29.0 0.7788031408974252
30.0 0.8296526231274862
31.0 0.8558669259361764
32.0 0.8691402802010588
33.0 0.8442651603325048
34.0 0.8575886560356417
35.0 0.8137213016952254
36.0 0.7666743609526933
37.0 0.8174795762373658
38.0 0.8781349066689338
39.0 0.8057235049833549
40.0 0.765028711949151
41.0 0.7787054412451222
42.0 0.769821012666278
43.0 0.7968607346516438
44.0 0.7888517239607742
45.0 0.7965696987783726
46.0 0.8797703039789823
47.0 0.8380858151841147
48.0 0.901713969864795
49.0 0.880491045008005
50.0 0.8606169990675693
51.0 0.8831353262954731
52.0 0.9396889401636807
53.0 0.9329601187423373
54.0 0.9391492445924987
55.0 0.9703771595036987
56.0 0.9503436693025618
57.0 0.9138477830483647
58.0 0.9519834367179112
59.0 1.0282509731372542
60.0 1.0173578894874382
61.0 1.0593479963498105
62.0 1.0362749525179067
63.0 1.1162397882862387
64.0 1.0640633876420575
65.0 1.093486664657128
66.0 1.1047814976439982
67.0 1.0867407647509846
68.0 1.1467343396414995
69.0 1.146203622931094
70.0 1.093989190082613
71.0 1.1034613960826662
72.0 1.1601251757196174
73.0 1.214020320677825
74.0 1.1485373720158143
75.0 1.1625708521134805
76.0 1.1949258513954613
77.0 1.1688989796005271
78.0 1.1893145379667718
79.0 1.163286180713439
80.0 1.1812467696334075
81.0 1.1568641550068701
82.0 1.1742301598752813
83.0 1.1487774355506595
84.0 1.2222576748035296
85.0 1.1714037865991755
86.0 1.2198811681625517
87.0 1.14995612934352
88.0 1.1786552115571727
89.0 1.1923472184192263
90.0 1.1666364239990659
91.0 1.160143729083891
92.0 1.163780899573162
93.0 1.0549334025274089
94.0 1.1116509579346376
95.0 1.1225821007858943
96.0 1.0606540426374478
97.0 1.0819259647595116
98.0 1.0881013775596684
99.0 1.1070309970005225
100.0 1.043556801474727
101.0 1.038763769754655
102.0 1.0381166372952748
103.0 0.9704787420890862
104.0 0.9820223713151816
105.0 0.9846764255957067
106.0 0.9331490779794812
107.0 0.9486534988907227
108.0 0.9779320754007875
109.0 0.9222936488581036
110.0 0.9103445732833773
111.0 0.9152186029032742
112.0 0.9164731166937813
113.0 0.8442095258804115
114.0 0.8623026361195321
115.0 0.8207124924594766
116.0 0.8560835873553556
117.0 0.8604221306436562
118.0 0.8210515860320303
119.0 0.8334657874176099
120.0 0.8026493637326351
