Time NormalisedFlux
0.0 0.997556137041646
1.0 1.0552330721469647
2.0 1.069835500554115
3.0 1.074789500325039
4.0 1.105385051477888
5.0 1.0864360195950684
6.0 1.0914722479404786
7.0 1.0518757462770016
8.0 1.0446647551594308
9.0 1.0480015272444867
10.0 1.0419550160469344
11.0 1.059379148503412
12.0 1.0492879512884796
13.0 1.0380197312817776
14.0 1.0331746288394479
15.0 1.0589965751089263
16.0 1.0353132905462932
17.0 1.0283826652843993
18.0 1.015069667364839
19.0 1.022425891249023
20.0 1.012342144675845
21.0 1.0042605308771049
22.0 0.9868561793915764
23.0 0.990783021739967
24.0 1.0003163498927958
25.0 0.9879237615248763
26.0 0.99020673015973
27.0 0.985565889452972
28.0 0.9478361782350133
29.0 0.9712379440381839
30.0 0.9393846677920639
31.0 0.9445575000301879
32.0 0.9476424360261654
33.0 0.9752509843242662
34.0 0.9427169154324442
35.0 0.9725047658506615
36.0 0.9587393182884466
37.0 0.9457015430304632
38.0 0.9207815802339
39.0 0.9124258870107883
40.0 0.8717144351273052
41.0 0.9127223095781634
42.0 0.9152726696519785
43.0 0.9509522311984284
44.0 1.0125398403471613
45.0 1.0620061389008835
46.0 1.0548241926349597
47.0 1.0906349221467162
48.0 1.0916955880548513
49.0 1.1088638821684553
50.0 1.0936881692911908
51.0 1.0750680592653339
52.0 1.0764015860120217
53.0 1.0658285192822547
54.0 1.0232233775217794
55.0 1.0387318014464444
56.0 1.035829584968389
57.0 1.0245221957094552
58.0 1.0544962337077213
59.0 1.0183644001416035
60.0 1.0129673295976038
61.0 1.0266419236997224
62.0 1.0113987478278623
63.0 1.0160159101532789
64.0 1.0234956674285387
65.0 1.0347042030028237
66.0 1.0185844790334704
67.0 1.0146501182393248
68.0 1.0056295343669424
69.0 0.9739786029140483
70.0 1.0016803812125976
71.0 0.9876704458031107
72.0 0.9660003511075944
73.0 0.966864277307254
74.0 0.9482741826345659
75.0 0.9493823387242742
76.0 0.9532184064871579
77.0 0.9378007791933453
78.0 0.9618528438603678
79.0 0.9459574943795693
80.0 0.9378868532579063
81.0 0.9149046972721915
82.0 0.8952891508490027
83.0 0.9183095732607564
84.0 0.8963536333022728
85.0 0.9188214529575897
86.0 0.9130149023315857
87.0 0.9204200297331029
88.0 0.9721284302441504
89.0 1.018433206612778
90.0 1.036671170421484
91.0 1.0428094529507093
92.0 1.0957267523235243
93.0 1.12757256734899
94.0 1.090658657524562
95.0 1.0787408109832226
96.0 1.0691918435129266
97.0 1.0572204994321452
98.0 1.067332184153366
99.0 1.053291647458532
100.0 1.0327537743905966
101.0 1.0447774870327637
102.0 1.0350050328932014
103.0 1.0401303417403456
104.0 1.0783425474658161
105.0 1.040587768156842
106.0 0.9884578199444928
107.0 1.0220699778244435
108.0 0.9990826100796378
109.0 1.0283388439128223
110.0 0.9859420800506646
111.0 0.9961299511101986
112.0 1.0056595835064266
113.0 0.9938519909576486
114.0 0.985857452748656
115.0 0.9680282713936387
116.0 0.9764300441245677
117.0 0.9763443737370056
118.0 0.9596960505167538
119.0 0.9696318953234168
120.0 0.9660155351974326
