Time NormalisedFlux
0.0 1.005290595414068
1.0 0.9888627725178192
2.0 0.9955190501914601
3.0 1.0157500038267666
4.0 0.9727842209763992
5.0 0.9819013057638392
6.0 0.9795030383422273
7.0 1.0051650789781872
8.0 0.9394170641063241
9.0 0.9570027143264845
10.0 0.9504492435088431
11.0 0.9761204609983498
12.0 0.9556792300506003
13.0 0.9698365665415433
14.0 0.9411821019651262
15.0 0.9902916733880155
16.0 0.9565402552030581
17.0 0.9190968531335499
18.0 0.907710581296228
19.0 0.9128354646036617
20.0 0.9119988010533393
21.0 0.9032606721437073
22.0 0.960010710679752
23.0 1.005512759765892
24.0 1.0386534492285537
25.0 1.0437422490474346
26.0 1.1091917697991418
27.0 1.0976667861339668
28.0 1.0918945839627332
29.0 1.0885437599282428
30.0 1.0630284330484672
31.0 1.0694304296055823
32.0 1.0640046319271004
33.0 1.0222985013326098
34.0 1.0509580105936716
35.0 1.0606870382324443
36.0 1.0570934349394514
37.0 1.0154312791790325
38.0 1.0122621766220516
39.0 1.0392299143568706
40.0 1.0360949473463976
41.0 1.0413537462046079
42.0 1.008646115300338
43.0 1.056579736631732
44.0 0.9954567113914062
45.0 0.9905869314585515
46.0 1.0067883504129578
47.0 0.986049249528482
48.0 1.0108697402965356
49.0 0.9985961646434219
50.0 0.9977704861077024
51.0 0.9725800079803828
52.0 0.9956322568216075
53.0 0.915227272043892
54.0 0.9389166221172263
55.0 0.9459596213846134
56.0 0.9852099628004758
57.0 0.9608629011974887
58.0 0.9541971110151578
59.0 0.9684250569921364
60.0 0.9775745776145636
61.0 0.8858664198857139
62.0 0.9318985297432969
63.0 0.8814368992865131
64.0 0.9259352530462873
65.0 0.888517445729193
66.0 0.887908846383604
67.0 0.9411374483733894
68.0 0.9621963841381153
69.0 1.0120128574441145
70.0 1.023880449901788
71.0 1.0736859515821655
72.0 1.0955050384663994
73.0 1.1309025770826624
74.0 1.087260590344114
75.0 1.1056577283172355
76.0 1.0522943932326787
77.0 1.0397505538217742
78.0 1.0727890527554087
79.0 1.0295558094851247
80.0 1.0610304473083094
81.0 1.0503557896423166
82.0 1.0445195572397485
83.0 1.0182195217462344
84.0 1.0005222290465994
85.0 1.0294509736726951
86.0 1.0175494415095514
87.0 1.0234915349630587
88.0 1.001973647394318
89.0 0.9948885123282117
90.0 0.9981834943412496
91.0 0.9973284303207142
92.0 1.0269869591271743
93.0 1.0100219072321255
94.0 0.9807066117629085
95.0 1.0237516629580516
96.0 0.9781879642120634
97.0 0.9986501000027599
98.0 0.9963549832759836
99.0 0.9700922290291394
100.0 0.954351522214948
101.0 0.9677291347124557
102.0 0.9701604578266636
103.0 0.9671730996707877
104.0 0.9642958094090597
105.0 0.9439367214246386
106.0 0.9468351631563634
107.0 0.9190030091286645
108.0 0.9381383500557009
109.0 0.9149956580712086
110.0 0.8956457859200782
111.0 0.893558682619956
112.0 0.9186723077356782
113.0 0.9891559803705827
114.0 0.9848758123664275
115.0 1.0377760835075949
116.0 1.041314010618751
117.0 1.0509500448309832
118.0 1.1027994721087535
119.0 1.0968060112163514
120.0 1.1254676606267504
