Time NormalisedFlux
0.0 1.0297288365164206
1.0 1.0034270860148589
2.0 1.025497476013248
3.0 0.9565551369637266
4.0 0.9367380819380143
5.0 0.9220395440849378
6.0 0.9226943049950878
7.0 0.8773950636185007
8.0 0.8911255066383812
9.0 0.8679924475094807
10.0 0.8512144530367285
11.0 0.898034297230577
12.0 0.9363822712052775
13.0 0.9294682795873968
14.0 0.9400159477649807
15.0 1.0167603169615675
16.0 1.0243563302730216
17.0 1.0133883109125694
18.0 1.0651027686986605
19.0 1.0977408853666062
20.0 1.0932766273000594
21.0 1.1652832133996671
22.0 1.12010620989076
23.0 1.1260650275628161
24.0 1.139648062161501
25.0 1.052846068533913
26.0 1.1037172239224375
27.0 1.0585895176076656
28.0 0.9788535427437028
29.0 1.0474204543192351
30.0 1.0057661266653886
31.0 0.9848934515795652
32.0 0.9962697182348417
33.0 0.9246646257085462
34.0 0.912197725513137
35.0 0.8358756607980609
36.0 0.8395547463653924
37.0 0.8825600309334298
38.0 0.8969096637096236
39.0 0.9493512849403519
40.0 0.8843077331686184
41.0 0.9410726669001198
42.0 0.9930742324814972
43.0 1.0274744324551752
44.0 1.0455452058440418
45.0 1.0848291999209465
46.0 1.0843559821214517
47.0 1.1143506453756291
48.0 1.1426959117982187
49.0 1.110141545526241
50.0 1.1398798727411439
51.0 1.1089978249501142
52.0 1.137903781384521
53.0 1.0736603573912062
54.0 1.0394422984368328
55.0 1.0339827761689575
56.0 1.011544696195941
57.0 0.9616020607497541
58.0 0.9480549359426025
59.0 0.9798782448398629
60.0 0.893841764821167
61.0 0.8562704208670685
62.0 0.9191001110642835
63.0 0.8455347484366574
64.0 0.9057229133603601
65.0 0.8638938685879856
66.0 0.9083535641428492
67.0 0.9276272536664876
68.0 0.9723006603980838
69.0 0.9905291893170174
70.0 1.0271587395499802
71.0 1.009970744750257
72.0 1.0664682201832831
73.0 1.1141353043426092
74.0 1.0299246161912627
75.0 1.0795200553261872
76.0 1.1068874651374876
77.0 1.1381159708237831
78.0 1.1464116840564111
79.0 1.0957878145485758
80.0 1.0547728387806703
81.0 1.0581023384880937
82.0 1.0589337747398104
83.0 1.0045347428440052
84.0 0.9833800321596033
85.0 0.9549779974436301
86.0 0.9506526564733493
87.0 0.9349522264992834
88.0 0.9197661863605797
89.0 0.8802480394042237
90.0 0.8534475780553515
91.0 0.8680510302929582
92.0 0.9051905433823134
93.0 0.9321386437511912
94.0 0.9570253924442501
95.0 0.9290478513755033
96.0 0.9758703752972965
97.0 1.0125087183655634
98.0 1.0476157455069899
99.0 1.0318460173981592
100.0 1.0535294985532555
101.0 1.0898347756421491
102.0 1.1196802616486516
103.0 1.1591704747598455
104.0 1.1673685462037755
105.0 1.1193186633141163
106.0 1.05419499123791
107.0 1.0352523718666982
108.0 1.0227846620890306
109.0 1.0146451176298172
110.0 0.9893458265341405
111.0 0.9908343645582407
112.0 0.9742423347540027
113.0 0.9935194551869433
114.0 0.9622594521189042
115.0 0.8902857602716141
116.0 0.8574029163285797
117.0 0.855275872798216
118.0 0.9022214128108841
119.0 0.8468443333503497
120.0 0.9470297244719879
