Time NormalisedFlux
0.0 0.9930217092155745
1.0 1.0195820049783961
2.0 0.9591020565428396
3.0 0.9282975756764051
4.0 1.0685048581400811
5.0 0.9890572842401589
6.0 0.9825746596762367
7.0 1.0492837802605957
8.0 1.0805298964552021
9.0 1.1112473606174569
10.0 1.052560989507579
11.0 1.0838837403459902
12.0 1.1169936354035614
13.0 1.1617390643672594
14.0 1.1224797846854118
15.0 1.1196308279778386
16.0 1.1362641673218583
17.0 1.0943148693507945
18.0 1.2176916324850773
19.0 1.136303728241382
20.0 1.1945214232713295
21.0 1.1830389836178872
22.0 1.214765738553367
23.0 1.1746551477603957
24.0 1.1760207495685113
25.0 1.15523881586954
26.0 1.198622293113842
27.0 1.1908019406945916
28.0 1.1977744226665104
29.0 1.2038505051111312
30.0 1.1847911143367154
31.0 1.2221791157282569
32.0 1.195789192130557
33.0 1.182873786934892
34.0 1.2416929271831025
35.0 1.1968156709057984
36.0 1.1686660206258146
37.0 1.1390184293857213
38.0 1.1770283510571358
39.0 1.1548164969369414
40.0 1.175772626241267
41.0 1.1517252594518739
42.0 1.1523764519289768
43.0 1.1557205747561423
44.0 1.1718189472310425
45.0 1.0828149979226158
46.0 1.1131455165904112
47.0 1.1059775714260194
48.0 1.0168952068295947
49.0 1.0139349750429458
50.0 1.0815379271202397
51.0 1.1011725511687696
52.0 1.0560596247126195
53.0 0.9865879596515554
54.0 0.9603101547680711
55.0 0.9557309014655813
56.0 0.9246835635093814
57.0 0.9493385756045173
58.0 0.8939071912524231
59.0 0.9014628014358286
60.0 0.9391646936279787
61.0 0.9172781330537492
62.0 0.8565678989807367
63.0 0.9058570247618142
64.0 0.9559131888791992
65.0 0.8009290213423754
66.0 0.8704876252046587
67.0 0.7758277337412656
68.0 0.849011692363672
69.0 0.835842120712781
70.0 0.8579162810544337
71.0 0.8412078283828447
72.0 0.8187094544901193
73.0 0.7929019636930908
74.0 0.8090286793481858
75.0 0.7534674674464087
76.0 0.7754460844381259
77.0 0.807609781823151
78.0 0.8229126558507457
79.0 0.851837139006262
80.0 0.7484251931364949
81.0 0.8396304831609284
82.0 0.822364888721587
83.0 0.8637498433156483
84.0 0.811539831587085
85.0 0.8123695329284917
86.0 0.797844135556957
87.0 0.9284105829866318
88.0 0.8448906323377322
89.0 0.7610940648065143
90.0 0.835949000789254
91.0 0.8244049395082604
92.0 0.8514559062161664
93.0 0.9329492451934936
94.0 0.8511772704657133
95.0 0.8923288566311405
96.0 0.8721026149265361
97.0 0.849962782848025
98.0 0.9423452568108417
99.0 0.9307515541805186
100.0 0.9526930473690502
101.0 0.9665496943635092
102.0 0.9893964138087821
103.0 1.0009757392864245
104.0 0.981976938902417
105.0 1.0313176738835694
106.0 0.9991192620798073
107.0 0.9649239199720582
108.0 1.0837186941267687
109.0 1.0691719290512016
110.0 1.057836426340009
111.0 1.0991513274037703
112.0 1.1204826088069202
113.0 1.09141664414436
114.0 1.1397370503747495
115.0 1.0950426674131641
116.0 1.1404474331953725
117.0 1.2017118145547439
118.0 1.2535859588291145
119.0 1.2128194199478313
120.0 1.1644482510522827
