Time NormalisedFlux
0.0 1.0952405472713405
1.0 1.0270500360672539
2.0 1.0219798404038962
3.0 0.9797136402705531
4.0 0.9884934965229534
5.0 0.9442201869576647
6.0 0.8935350578325956
7.0 0.9217274860620661
8.0 0.9326079322685312
9.0 0.8779374444521842
10.0 0.8630078730329156
11.0 0.8734295138636263
12.0 0.9098225436044934
13.0 0.934207962149737
14.0 1.024970090332377
15.0 0.9490585012677497
16.0 0.9925408017751243
17.0 1.0533832083309538
18.0 1.0448328091963117
19.0 1.1216386610166058
20.0 1.0971839416251736
21.0 1.0962578479870302
22.0 1.164460977791119
23.0 1.1615868166539722
24.0 1.1149594672949126
25.0 1.08353628260615
26.0 1.0854389584087425
27.0 1.0955096896025078
28.0 1.0531658309233092
29.0 1.0146526082378307
30.0 0.974082241138574
31.0 0.9392737456821267
32.0 0.9287312660310212
33.0 0.9426077451934223
34.0 0.8925481557069379
35.0 0.8873794671898525
36.0 0.8823363428396991
37.0 0.8484522092402802
38.0 0.9222681689788179
39.0 0.9373430460526201
40.0 0.9623444144075182
41.0 0.9824612698321976
42.0 1.017380883765029
43.0 1.0551137825836494
44.0 1.0377559182322205
45.0 1.1026260874114664
46.0 1.0728192695373475
47.0 1.054868322271324
48.0 1.1260417077455576
49.0 1.1406416736525717
50.0 1.1125528846720547
51.0 1.0971884304730373
52.0 1.0838183375382127
53.0 1.057132813443512
54.0 1.032980186378492
55.0 1.0237506964516137
56.0 0.9863896445474627
57.0 0.9424298639754791
58.0 0.9859136193130026
59.0 0.88145645183984
60.0 0.8931887811761531
61.0 0.884173363966688
62.0 0.8657582947083988
63.0 0.8467538396348104
64.0 0.9047244392096175
65.0 0.9071296278667251
66.0 0.9253776026539053
67.0 1.0154552635673826
68.0 1.008610905365419
69.0 0.9728506035198289
70.0 1.051580512791816
71.0 1.0802822323866579
72.0 1.10716215369949
73.0 1.0528732422432563
74.0 1.118033038258522
75.0 1.0906378851327958
76.0 1.121209276961625
77.0 1.1254395797430954
78.0 1.1167083668391884
79.0 1.07317376964534
80.0 1.0579930036687315
81.0 1.0081657290125978
82.0 1.0359168994824934
83.0 1.01342112246702
84.0 0.9313709199868163
85.0 0.9686463074866899
86.0 0.8797796532242153
87.0 0.881786421678517
88.0 0.8580059724048185
89.0 0.8504354554762678
90.0 0.8783010287570413
91.0 0.9117100262040176
92.0 0.9333806349625529
93.0 0.9795380312300785
94.0 0.9754663198861824
95.0 1.0224660995667598
96.0 1.0327555222774554
97.0 1.0464953805593205
98.0 1.1427718574476533
99.0 1.0849227048401107
100.0 1.0698600705902666
101.0 1.1917790272292197
102.0 1.079893416746537
103.0 1.1009017431109507
104.0 1.0578463624373906
105.0 1.042055911618046
106.0 1.0420614687118728
107.0 1.014950062515165
108.0 0.9732750845483122
109.0 0.997924710946293
110.0 0.9792375409160915
111.0 0.8973234747955543
112.0 0.9069296550292305
113.0 0.893517288856972
114.0 0.8637970602924702
115.0 0.864753697022916
116.0 0.8812652836121831
117.0 0.9315467733634284
118.0 0.9487736978464332
119.0 0.9606769639981487
120.0 0.9822168038235033
