Time NormalisedFlux
0.0 0.9217626844612024
1.0 1.0544893599194827
2.0 0.9314778022349537
3.0 0.9327695747215665
4.0 1.0833587430625533
5.0 1.0860700043915172
6.0 0.9174311627648601
7.0 0.9719992787787584
8.0 1.0745530437737798
9.0 1.0182476286523694
10.0 1.0660336204474876
11.0 0.7982965878090362
12.0 1.2463562969252946
13.0 1.0979018731143526
14.0 1.2052855560136353
15.0 0.8602705574620919
16.0 0.9686617003039304
17.0 0.8775337718640424
18.0 1.0662648459246569
19.0 1.053364729739
20.0 1.0163565399536103
21.0 1.0749363461568395
22.0 1.168510704243568
23.0 1.098170260144484
24.0 1.029457437677728
25.0 1.058895337169912
26.0 0.9178765947468795
27.0 0.9418609539432069
28.0 1.054842094755763
29.0 0.8942941618752874
30.0 1.028394868125037
31.0 1.0711928841455456
32.0 0.9800671736352174
33.0 1.008594942142468
34.0 1.0585040317681536
35.0 1.0608497066681557
36.0 0.9940805314700456
37.0 0.9810238136617155
38.0 1.0453538369993902
39.0 0.9162713774168464
40.0 1.1521593357932565
41.0 0.9613958601067087
42.0 1.0018696306046642
43.0 0.9206373519870797
44.0 1.215738476122593
45.0 1.0241341491621463
46.0 1.0600912250271306
47.0 0.9629546419089287
48.0 1.0203155536589128
49.0 1.188896023461981
50.0 0.9780077241255372
51.0 1.026700277294309
52.0 1.1465540709018665
53.0 1.116977669402442
54.0 0.863329780323419
55.0 1.1624209484939363
56.0 0.9328837538645643
57.0 1.0169833091106075
58.0 0.9378590058960161
59.0 1.0659393014573244
60.0 0.8904745085224796
61.0 1.0740471046695037
62.0 0.9619101455742658
63.0 0.8811839668158847
64.0 1.0786679042487626
65.0 1.2155567047269593
66.0 0.9375309621728066
67.0 1.0288464133830681
68.0 1.0260628544470047
69.0 1.085759045716896
70.0 1.1833460021565436
71.0 1.0945962440112393
72.0 1.0426984730258675
73.0 1.002613773478409
74.0 1.1079269799319638
75.0 1.001661146119109
76.0 0.9710431124765525
77.0 0.9576066904286125
78.0 1.0599393759341158
79.0 0.9064164196482298
80.0 0.8424759022495922
81.0 1.0987538612888113
82.0 1.0006026951309166
83.0 0.8198037990824913
84.0 1.0660825912530307
85.0 1.086025115252574
86.0 0.8895337466604473
87.0 0.8886490534417688
88.0 0.9296108422383057
89.0 1.1007775858585218
90.0 0.8030696462019967
91.0 1.2042310242006766
92.0 1.0312036303939074
93.0 1.10964795998627
94.0 0.8435189262506348
95.0 0.8645166742145732
96.0 1.0637525854646308
97.0 0.7836929205303488
98.0 1.0366743361393043
99.0 0.8473413495879873
100.0 0.906257388686161
101.0 0.9868260574083579
102.0 1.1065989597361137
103.0 0.9902977477788726
104.0 1.125048031782222
105.0 0.9647408825975758
106.0 0.9247162642408964
107.0 1.0121203541181025
108.0 0.9151970585099845
109.0 0.9925893820145948
110.0 1.0112061675184554
111.0 0.8897031170753499
112.0 1.1590744301007967
113.0 1.033197331167143
114.0 1.0563622742435284
115.0 0.9256706240134853
116.0 0.8592449126102297
117.0 0.9720679436585454
118.0 1.0585538616843433
119.0 0.8851460281558474
120.0 0.8898351812430302
