Time NormalisedFlux
0.0 1.164051458441565
1.0 1.2427801805052667
2.0 1.1593003350982116
3.0 1.1742671417509751
4.0 1.1835921706228112
5.0 1.196621387225166
6.0 1.1138061521241935
7.0 1.1847995852500968
8.0 1.129788859749728
9.0 1.1140294851143586
10.0 1.0927914980441105
11.0 1.0697344669103237
12.0 1.1065957271587767
13.0 1.0504051109099684
14.0 1.0930960121908782
15.0 1.0179920669659568
16.0 1.116205394128885
17.0 0.9524447377770007
18.0 1.0315371129232624
19.0 0.9483245061665597
20.0 0.991345053324101
21.0 0.9701414773600233
22.0 0.9752372312314598
23.0 0.9859438841885323
24.0 0.9176386438738597
25.0 0.9499216652774878
26.0 0.9061802719099661
27.0 0.9076744417240393
28.0 0.8580227497757469
29.0 0.9320501813801173
30.0 0.8516711378969133
31.0 0.9057446582224082
32.0 0.8239347997233842
33.0 0.8404015898243008
34.0 0.8367345455090757
35.0 0.8868328431659022
36.0 0.8229087493357544
37.0 0.805831892897462
38.0 0.8041904789610578
39.0 0.7856625358227886
40.0 0.7674117618970435
41.0 0.7756574996666386
42.0 0.78880935818198
43.0 0.8506957269218167
44.0 0.8315256216649854
45.0 0.8255659233499422
46.0 0.8203739513622091
47.0 0.8281548492446279
48.0 0.7593114874788404
49.0 0.8274081443974435
50.0 0.8145842109617042
51.0 0.8192259476459778
52.0 0.8328754885666635
53.0 0.8822701690616742
54.0 0.8691106555266388
55.0 0.8396561522678418
56.0 0.8508604537638941
57.0 0.902519244421916
58.0 0.878026852549098
59.0 0.9257214734144388
60.0 0.9533962829157632
61.0 0.9618926592458538
62.0 0.9590523102441126
63.0 0.9063404159298476
64.0 0.8959635830367614
65.0 0.9865828468138742
66.0 0.9642012286744902
67.0 0.9178521464172713
68.0 0.9668922467040185
69.0 1.0511486649771147
70.0 0.9860809694408432
71.0 1.0193253090393313
72.0 1.066312140962078
73.0 1.067461066165704
74.0 1.0222853606672124
75.0 1.0606013740553122
76.0 1.0611505595854092
77.0 1.1594999453739965
78.0 1.0996273793991018
79.0 1.1038918390229855
80.0 1.130749392249112
81.0 1.1584331662488552
82.0 1.1476705310742719
83.0 1.1215614717331228
84.0 1.1923739145932737
85.0 1.1761347142083955
86.0 1.1806682693474706
87.0 1.1699570970966313
88.0 1.1970990098649885
89.0 1.1826996330021005
90.0 1.2256226764413125
91.0 1.183440283068678
92.0 1.197824081664726
93.0 1.23605028956035
94.0 1.1961930626645363
95.0 1.2036789947993323
96.0 1.1825084821573475
97.0 1.2119845696139575
98.0 1.1909923907270192
99.0 1.1775861653094626
100.0 1.1564242361985115
101.0 1.1764349635274536
102.0 1.130709956802166
103.0 1.1756393288829943
104.0 1.1557076709207017
105.0 1.1311228882046371
106.0 1.1621741970126271
107.0 1.1188612977022074
108.0 1.1129352195430542
109.0 1.1125142685305651
110.0 1.1122109814257626
111.0 1.1350851246583402
112.0 1.1106758854849077
113.0 1.1033770805074608
114.0 1.0502230053844899
115.0 1.0796947022356604
116.0 1.0017142548374325
117.0 1.0275877125508452
118.0 1.013708300927093
119.0 0.8777923683893954
120.0 1.0454211894111938
