Time NormalisedFlux
0.0 0.9962935581696507
1.0 0.992584480205903
2.0 0.9881334231387444
3.0 0.9681011351990809
4.0 0.9150621507067904
5.0 0.8810077455056958
6.0 0.8583525190898564
7.0 0.8644309414381453
8.0 0.8459288877076224
9.0 0.8925512231459669
10.0 0.9341955273709659
11.0 0.9352840335193038
12.0 0.9477694854189016
13.0 1.0312673114826245
14.0 1.0254626445942598
15.0 1.0037992607913535
16.0 1.052767601952446
17.0 1.0590016110283385
18.0 1.145111035469343
19.0 1.1055206981105583
20.0 1.1043689395338128
21.0 1.1071401739689624
22.0 1.1199938912738048
23.0 1.0674495863277256
24.0 1.0149631519907771
25.0 1.0374730342540506
26.0 1.0017162778089386
27.0 0.9444531420387612
28.0 0.9784118571703492
29.0 0.9791955194753597
30.0 0.8864774496750951
31.0 0.9017648021275632
32.0 0.855472513505175
33.0 0.8235277699087484
34.0 0.9250127064060631
35.0 0.9355230661932086
36.0 0.8952170568840785
37.0 0.9490441429763854
38.0 0.9489340547806289
39.0 0.9652108500903223
40.0 0.9934844575721242
41.0 1.040491247174264
42.0 1.0558170485189906
43.0 1.0765774914960013
44.0 1.1426109315640636
45.0 1.1456714024266605
46.0 1.1569780102680016
47.0 1.090394320830845
48.0 1.0931603937290288
49.0 1.1305466527074748
50.0 1.0531599199169952
51.0 1.0052320133862882
52.0 1.0677637614393916
53.0 1.006619154296076
54.0 0.949051186127367
55.0 0.9056893717871014
56.0 0.9348539720741501
57.0 0.9293739731205667
58.0 0.8702109133721245
59.0 0.8549191558147489
60.0 0.8396632560854944
61.0 0.8874773171299403
62.0 0.9179485121945906
63.0 0.9400614578983019
64.0 0.9723707368826724
65.0 0.9879514498409754
66.0 1.056161128210162
67.0 1.0462764188212006
68.0 1.0672115310241768
69.0 1.0690271055809348
70.0 1.0891798989399297
71.0 1.1520928645328852
72.0 1.1268313689877674
73.0 1.1239949500537387
74.0 1.152348792028332
75.0 1.062493628173312
76.0 1.0941586797009815
77.0 1.0607234052041195
78.0 1.0267387258891887
79.0 0.9901783219346957
80.0 0.9601297677920728
81.0 1.00584483131226
82.0 0.9662857363819068
83.0 0.8969849660382578
84.0 0.8762615907115399
85.0 0.830341304213042
86.0 0.8664989262562914
87.0 0.8627141968373511
88.0 0.879746200446663
89.0 0.9325817861383253
90.0 0.9413720649404279
91.0 0.9928445577424332
92.0 0.9316981136496453
93.0 1.0511000121602452
94.0 1.0355730956646652
95.0 1.054822431947998
96.0 1.0952947811751874
97.0 1.1372927598291833
98.0 1.1633317666586802
99.0 1.1269692875044217
100.0 1.1134760372184722
101.0 1.1088005702320778
102.0 1.1068716059653156
103.0 1.0626046489045975
104.0 1.0125028292783214
105.0 0.9959173453802512
106.0 0.9268479477201527
107.0 0.9477577951889455
108.0 0.8820095454318228
109.0 0.9052771818666672
110.0 0.8951740958358729
111.0 0.85761729104531
112.0 0.8273105459323751
113.0 0.9210932053682384
114.0 0.8985653526354414
115.0 0.9213013828645118
116.0 0.9528457263411729
117.0 1.0076290965337853
118.0 1.0078580911258155
119.0 1.051846166223524
120.0 1.0361853252333222
