Time NormalisedFlux
0.0 1.1228753320116824
1.0 0.9341327981831871
2.0 0.9482034193465652
3.0 1.109729003667671
4.0 1.0365302429411831
5.0 0.9083954008919636
6.0 1.051943827646623
7.0 1.007317338544882
8.0 0.833443913865586
9.0 0.9862268788085259
10.0 1.0939103547009097
11.0 1.123574900755736
12.0 0.8593321990522399
13.0 0.9613757767298354
14.0 0.983374660015354
15.0 0.9382903994743913
16.0 1.0935094228893463
17.0 1.0150805662597124
18.0 0.9466835530582873
19.0 1.229548709032347
20.0 0.864807020687068
21.0 1.1715514659169157
22.0 1.0858381551950267
23.0 1.0788810860032123
24.0 0.9665041328107556
25.0 0.9502999830002458
26.0 0.8200021347169626
27.0 0.9430868815768312
28.0 1.136927647439591
29.0 1.0342545956916454
30.0 0.9164387233199032
31.0 0.9234663195257762
32.0 0.827704520518799
33.0 1.1492956274805293
34.0 0.9533919708543386
35.0 1.076125815229011
36.0 1.0579409767424648
37.0 0.9769404936347461
38.0 0.9808468595494836
39.0 1.0647300294214883
40.0 1.122450913284951
41.0 0.9700850498422399
42.0 1.0081569456564994
43.0 1.0132146168675198
44.0 0.9649229195607831
45.0 1.0161305157008678
46.0 1.081038929398714
47.0 0.9732394906620274
48.0 0.9463564438553183
49.0 0.9989096467877813
50.0 0.9674054031796173
51.0 0.9563847844527242
52.0 0.9577863660941982
53.0 1.0951856627019385
54.0 1.0741257104295996
55.0 0.8191880070256462
56.0 0.992111212255895
57.0 0.9694122426711004
58.0 1.0125854993899488
59.0 0.790899104319767
60.0 0.8820542562733978
61.0 0.9568038811591959
62.0 1.0672411848802221
63.0 1.1873210473820326
64.0 1.0149019589012316
65.0 1.075881191834592
66.0 1.0163553140921284
67.0 0.8366427778160925
68.0 0.8809238322650635
69.0 1.2290123935088357
70.0 0.9680292014347532
71.0 1.087118244396842
72.0 1.0251534105367899
73.0 1.0193470401788884
74.0 1.027112406773716
75.0 1.0114190246315045
76.0 0.9660697269520538
77.0 1.080532433152503
78.0 1.1232036840727988
79.0 1.09580531322608
80.0 1.1292112591191212
81.0 1.0246109113065762
82.0 0.9739054799211977
83.0 1.1094006661426041
84.0 0.9532925543021069
85.0 1.035269042773963
86.0 0.9707520036633299
87.0 1.224305315879419
88.0 1.1629497178175354
89.0 0.9019058877446513
90.0 0.9807084779412149
91.0 1.0152694661846189
92.0 1.1015844479871035
93.0 1.1879713748559322
94.0 0.9049715148935631
95.0 1.05791634313737
96.0 1.0237279933816081
97.0 1.1353326669980481
98.0 0.9881434351153013
99.0 0.9727369531902614
100.0 1.0446839685029048
101.0 0.8996564965046719
102.0 1.0759523479989084
103.0 1.048952914506581
104.0 0.7620453882914386
105.0 1.1265757218564807
106.0 0.9085676432361136
107.0 1.035792928476139
108.0 0.8846219305213343
109.0 0.9984935851975804
110.0 0.95295708815734
111.0 0.9342922128657032
112.0 0.9933758380911013
113.0 1.001927803492925
114.0 1.0093698188651026
115.0 1.0191084108656485
116.0 0.8910588615976776
117.0 1.2022844428220856
118.0 1.0382821044818733
119.0 1.1977218389326338
120.0 1.1970007160504572
