Time NormalisedFlux
0.0 1.0573207110368743
1.0 1.0374420134766627
2.0 1.0371849096490013
3.0 1.1649665373986715
4.0 0.8966176605143871
5.0 1.061674550214934
6.0 0.9890057862198676
7.0 1.1098978493848612
8.0 0.9971188878207324
9.0 0.8540325006092553
10.0 1.0310602681043728
11.0 0.933445402709389
12.0 0.9042294291729966
13.0 0.9384006619806584
14.0 0.9205488345096812
15.0 0.989267738066861
16.0 0.9869421499305825
17.0 1.1836897157239288
18.0 1.0583341253443632
19.0 0.8001905537088252
20.0 0.9880042883341437
21.0 1.0065904228768192
22.0 0.9475020692300237
23.0 0.8530538658921843
24.0 0.9908436076999051
25.0 0.8496186536656376
26.0 1.175677888607184
27.0 0.9204130485620711
28.0 0.9195109035877145
29.0 0.9366401719944796
30.0 0.960633808776894
31.0 1.0144183784497622
32.0 0.9366653476345922
33.0 0.7983038685817665
34.0 1.1295754017630688
35.0 0.9976327416937004
36.0 0.9457890080165231
37.0 0.9787367487122046
38.0 0.8884629759246263
39.0 0.9249566040800036
40.0 0.919687677248171
41.0 1.0287167811713591
42.0 0.9762375850873317
43.0 1.0602643858062302
44.0 0.8646389001225215
45.0 1.0807498743749249
46.0 1.100169645088197
47.0 1.0017005824257343
48.0 0.8838812742854483
49.0 1.0960279759732523
50.0 0.9915974673166559
51.0 0.8716186753311439
52.0 0.9482345360597454
53.0 0.855902984379536
54.0 0.9946387707887233
55.0 0.9206608232982646
56.0 0.9562953077165194
57.0 0.8665622002561664
58.0 1.0782969395991642
59.0 0.7135619455165039
60.0 0.9466315504989484
61.0 0.9440113214805868
62.0 0.9589681788249905
63.0 1.0503657882722501
64.0 1.0462334312520267
65.0 0.9708094113416149
66.0 0.9088418091093065
67.0 1.026287468365968
68.0 0.9228142527470461
69.0 1.1050763055563577
70.0 0.8546583417827741
71.0 1.0651125002210926
72.0 1.0043051575769717
73.0 1.1154591606332938
74.0 1.0668906478351707
75.0 1.164149179471066
76.0 0.7973468023361587
77.0 0.7944494178527991
78.0 1.073972501103397
79.0 0.839578326849794
80.0 1.0654328953115024
81.0 1.1184134995480735
82.0 1.0192812394461508
83.0 0.94511426093163
84.0 0.9589608582406167
85.0 0.8749066983436995
86.0 0.9564924901193691
87.0 0.8022128468193778
88.0 1.0638901340429585
89.0 1.0280842989778332
90.0 0.902831164653805
91.0 1.0597386239500686
92.0 0.979729226789757
93.0 0.8763468765940473
94.0 0.9537779659564232
95.0 1.025752785751401
96.0 0.9529746201899287
97.0 1.0448660545586197
98.0 1.0418726685194837
99.0 0.9676789848915621
100.0 1.013734061960061
101.0 0.8907365830569368
102.0 1.005144555680342
103.0 0.9494645379276601
104.0 0.9301057688339334
105.0 1.0718151117589754
106.0 1.0382046743420972
107.0 1.039191788272367
108.0 1.0303901324832465
109.0 0.986152232647535
110.0 1.1008985188582687
111.0 0.9708374499010481
112.0 1.0239247827233904
113.0 0.9682305753859786
114.0 0.8676069154436681
115.0 0.9614854317746524
116.0 1.0191868269601114
117.0 0.9222706489840227
118.0 0.9469615084903502
119.0 1.0633724826567248
120.0 1.007792003252427
