Time NormalisedFlux
0.0 1.1937965572519338
1.0 1.1908841293014312
2.0 1.133632684313787
3.0 1.163395850960199
4.0 1.1284636337641953
5.0 1.1478831527936872
6.0 1.10799327104854
7.0 1.1556210480080933
8.0 1.108781021894704
9.0 1.1041935864835342
10.0 1.1451782172198426
11.0 1.025604666163679
12.0 1.1084597753783658
13.0 0.9852553653203462
14.0 1.0593541085459006
15.0 1.0088337686714404
16.0 0.973065947496506
17.0 0.9490838725206703
18.0 0.9753531713161399
19.0 1.0219747092963642
20.0 1.0250840869256785
21.0 0.9567519708042189
22.0 0.895250791957959
23.0 0.9536157076580368
24.0 0.9026725938888095
25.0 0.9028867766740454
26.0 0.8399076946191533
27.0 0.891069889405353
28.0 0.8887227874366993
29.0 0.8281991409501136
30.0 0.8751262896372928
31.0 0.861710872868138
32.0 0.8869809859005382
33.0 0.7815893844105392
34.0 0.7969307525228366
35.0 0.7924705005645256
36.0 0.7995870261189565
37.0 0.8711617018631307
38.0 0.8090022524126196
39.0 0.7970861383885253
40.0 0.7847936736328429
41.0 0.8132455675281597
42.0 0.8322271550783175
43.0 0.8728322553621668
44.0 0.8763604782959212
45.0 0.7932721003503805
46.0 0.7777431145811089
47.0 0.8370651161767072
48.0 0.8148364430105481
49.0 0.8008593450362086
50.0 0.8269785642833195
51.0 0.8870360047681879
52.0 0.9118712135359918
53.0 0.8768061234107205
54.0 0.8533197372918745
55.0 0.9323018737341089
56.0 0.9122719659685062
57.0 0.879527896708833
58.0 0.9150982722594542
59.0 0.8933087469271448
60.0 0.9331260269456673
61.0 0.9326665419415431
62.0 0.9648553489553018
63.0 0.8947365636793346
64.0 0.9469147554042819
65.0 1.001342465094991
66.0 1.0110779345293577
67.0 0.978024138354355
68.0 1.002149364858722
69.0 1.087546988038361
70.0 1.057524026707976
71.0 1.0193843811604009
72.0 1.0888042869926806
73.0 1.079708381208377
74.0 1.1445629441843144
75.0 1.1011866505667236
76.0 1.1573593539691147
77.0 1.1450319932280912
78.0 1.1815796433144805
79.0 1.1636444080005777
80.0 1.130781932532538
81.0 1.2311696554203801
82.0 1.1978913373861673
83.0 1.1430308177517141
84.0 1.1862129987407963
85.0 1.1988288979394888
86.0 1.154735003147438
87.0 1.2203715827496333
88.0 1.258808393851155
89.0 1.158673885300163
90.0 1.2001753406138385
91.0 1.2352706988566229
92.0 1.1562147454250136
93.0 1.14804579032069
94.0 1.1352972066209197
95.0 1.25298295918742
96.0 1.1347952936619836
97.0 1.2239301350835183
98.0 1.1865655739490324
99.0 1.1867994499006778
100.0 1.142063067927541
101.0 1.1228271483415175
102.0 1.1850645444457573
103.0 1.1603093608362964
104.0 1.079770800687071
105.0 1.1729684878486706
106.0 1.1568865981261567
107.0 1.1271211523760563
108.0 1.1118237433141307
109.0 1.0931151233220542
110.0 1.0420156629051327
111.0 1.050689657002748
112.0 1.0060070160927284
113.0 1.0690509021763983
114.0 1.004637846110362
115.0 1.0288233120937826
116.0 0.9851734885757506
117.0 1.0329377234825414
118.0 0.9781024197814807
119.0 0.9488507976383342
120.0 0.9821655929875924
