Time NormalisedFlux
0.0 0.9797130854684791
1.0 0.914183654466746
2.0 0.9021610137850739
3.0 0.8206521653317556
4.0 0.8628159498035083
5.0 0.8795991584319046
6.0 0.8519156209244768
7.0 0.9161860239861789
8.0 0.8947455868513952
9.0 0.8989354861978891
10.0 0.9564659600641796
11.0 0.9395996579569205
12.0 1.0024741675811601
13.0 1.0409966119226002
14.0 1.0220497747000754
15.0 1.0741239468202426
16.0 1.0779290421944578
17.0 1.1082191644997261
18.0 1.1323077322715875
19.0 1.1612868816207529
20.0 1.0823104614414456
21.0 1.0960287434584706
22.0 1.1153096212962055
23.0 1.069140227184688
24.0 1.049398513528554
25.0 0.9954627133405733
26.0 1.0222274341071325
27.0 0.9411680848093295
28.0 0.9808769094395728
29.0 0.9612180792106557
30.0 0.8896574093362799
31.0 0.8699293183082816
32.0 0.9035678580725254
33.0 0.8900977116527098
34.0 0.9012788366902406
35.0 0.9060227217506603
36.0 0.931297008463827
37.0 0.9163453149940897
38.0 0.9938142674128456
39.0 1.0118968491636777
40.0 0.9748891308655495
41.0 1.0335608006540107
42.0 1.0472205773471512
43.0 1.062682539467494
44.0 1.120599041355605
45.0 1.167411231394638
46.0 1.1429418457980856
47.0 1.1247038896115271
48.0 1.1304346285665194
49.0 1.0786376867413559
50.0 1.0547845184631919
51.0 1.0479358817680882
52.0 1.069097702567174
53.0 0.9697426833827195
54.0 0.9772842625974528
55.0 0.9265658680142017
56.0 0.9576192352443182
57.0 0.904643949116438
58.0 0.8889512834634299
59.0 0.8195484842094675
60.0 0.8563996693527509
61.0 0.8795051729516634
62.0 0.850618551096626
63.0 0.8828345340667254
64.0 0.9569800878742127
65.0 0.9887967649639816
66.0 1.0076055010890803
67.0 0.9848682396715677
68.0 1.0427495828537465
69.0 1.0255109577080506
70.0 1.1389947836790033
71.0 1.0869519775164949
72.0 1.1351676456592992
73.0 1.1618343217129494
74.0 1.1206336059300008
75.0 1.0920764195768737
76.0 1.0918346078311265
77.0 1.0859310598210898
78.0 1.0585582486085912
79.0 1.035779793134632
80.0 1.0199462189361581
81.0 0.9592035404696035
82.0 0.946722491454014
83.0 0.9408540289731872
84.0 0.9452850123214368
85.0 0.9224962206161569
86.0 0.836963067595434
87.0 0.9137669026931853
88.0 0.8903048484968995
89.0 0.8730868411267195
90.0 0.898089043215906
91.0 0.8812325087615884
92.0 0.9654529597909969
93.0 0.9938820895360851
94.0 0.9773786365802567
95.0 0.9823104664493726
96.0 0.9987658270817902
97.0 1.0413242260999571
98.0 1.1063862993367315
99.0 1.0892725076929186
100.0 1.1105139525673413
101.0 1.1478334652764541
102.0 1.1521358408718139
103.0 1.1010102208073842
104.0 1.0897010013965205
105.0 1.0538241665261188
106.0 1.0662604581178439
107.0 0.9845618084367748
108.0 0.9831389333779208
109.0 1.0031572398516033
110.0 0.9223304075266585
111.0 0.9388647146926259
112.0 0.8739896655737366
113.0 0.8903249411571242
114.0 0.8465064246535935
115.0 0.8505191828131246
116.0 0.9010839419661013
117.0 0.8968957251064328
118.0 0.8988241261174211
119.0 0.9550150308667474
120.0 0.9689812642798974
