Time NormalisedFlux
0.0 1.147770743461618
1.0 1.1321687974155716
2.0 1.1168385115920065
3.0 1.1725440416146775
4.0 1.1196889136082409
5.0 1.0768179505663182
6.0 1.0358645981207095
7.0 1.0200711930961692
8.0 0.9714950197250461
9.0 0.9612848782855425
10.0 0.918415800510398
11.0 0.9478231061690694
12.0 0.9175231640689442
13.0 0.8305508672539624
14.0 0.8592303801872709
15.0 0.8035318383159327
16.0 0.9157436705472513
17.0 0.9202214348541469
18.0 0.972443546612395
19.0 0.96317613638335
20.0 0.9327399899779747
21.0 1.0434338954060958
22.0 1.0242998839336397
23.0 1.0416068501423468
24.0 1.0734151113696007
25.0 1.0944783272260632
26.0 1.1152986599505277
27.0 1.146020621728955
28.0 1.0857812902098767
29.0 1.1046964740051513
30.0 1.1117088110617819
31.0 1.0566795610371036
32.0 1.0745220572274607
33.0 0.9861833156413373
34.0 0.9450468413789165
35.0 0.9570285982852491
36.0 0.899662691723401
37.0 0.9200809265475445
38.0 0.8732344638768231
39.0 0.8818276447383976
40.0 0.8663381248404204
41.0 0.8805802003045701
42.0 0.897060277915476
43.0 0.9461772803046323
44.0 1.0115177272535631
45.0 0.9831015703698912
46.0 1.0279314760418352
47.0 1.0746484706979897
48.0 1.0499345925175911
49.0 1.0754473959852944
50.0 1.1441596571540067
51.0 1.115573926225402
52.0 1.167089087847531
53.0 1.1400525088372095
54.0 1.1255017237906104
55.0 1.102249939278178
56.0 1.0973996980365486
57.0 1.0177851496141053
58.0 0.990789525826544
59.0 0.9229279809333509
60.0 0.9541909637894469
61.0 0.9376609409418322
62.0 0.9126951685749124
63.0 0.8954325324231363
64.0 0.8625956124385812
65.0 0.8565431199528115
66.0 0.8629109770291432
67.0 0.9489172492251138
68.0 0.9467435033128303
69.0 0.9621862689815991
70.0 0.9468852574015297
71.0 0.9601705146334661
72.0 1.0285699752037019
73.0 1.0304928841067866
74.0 1.0679163670115497
75.0 1.1528316766393671
76.0 1.13622657195903
77.0 1.1175320226256742
78.0 1.1210931317973842
79.0 1.130011951026276
80.0 1.077082673596928
81.0 1.0808880440956496
82.0 1.0282615540713165
83.0 1.02500498197305
84.0 1.015364328979207
85.0 0.9674435766342568
86.0 0.9613017859776767
87.0 0.9082598738952853
88.0 0.8879615139451651
89.0 0.8746822781524276
90.0 0.8310325578763703
91.0 0.8595845977069787
92.0 0.8910200096149401
93.0 0.8946229264935129
94.0 0.9620052569080564
95.0 0.9514833190280013
96.0 1.00797318890569
97.0 0.9922296816213069
98.0 1.0317884406151672
99.0 1.054394498815354
100.0 1.0718659554664074
101.0 1.1209910927028162
102.0 1.1180362870934168
103.0 1.1034399171165394
104.0 1.1416426543523541
105.0 1.0805177533673054
106.0 1.0253595223380547
107.0 1.028710257058021
108.0 1.041244286456161
109.0 0.976375403908246
110.0 0.9463885855927114
111.0 0.9756678031078164
112.0 0.9205202558112745
113.0 0.9293756760154177
114.0 0.8902389569673911
115.0 0.883784141537173
116.0 0.8510121491593776
117.0 0.9017221300628979
118.0 0.8834074702439754
119.0 0.934102395990445
120.0 1.015009586006211
