Time NormalisedFlux
0.0 0.9521543653576257
1.0 0.9869997691352534
2.0 0.9321676635385611
3.0 0.9559642963714811
4.0 0.9501731314683042
5.0 0.913102121242147
6.0 0.990494943147688
7.0 0.9311131076141321
8.0 0.864836659793059
9.0 0.9394492826918669
10.0 0.8658504621394582
11.0 0.9041376974048065
12.0 0.8780332921221785
13.0 0.899064906455157
14.0 0.8682939981938731
15.0 0.9035797533221782
16.0 0.8518698826900727
17.0 0.806044843106271
18.0 0.7782745013946227
19.0 0.7738189017501933
20.0 0.8574208944078293
21.0 0.8154947182832599
22.0 0.7244110977001074
23.0 0.7551385362301013
24.0 0.8091902391813479
25.0 0.7427813745714141
26.0 0.8524758776524897
27.0 0.7913115849561296
28.0 0.8226453491432046
29.0 0.8302015690449213
30.0 0.7963055516062181
31.0 0.7967153517263356
32.0 0.8292132159278848
33.0 0.8141311298897506
34.0 0.7942097941309212
35.0 0.8436921893899161
36.0 0.8668938757990582
37.0 0.788633999282242
38.0 0.9076515667680544
39.0 0.8965442022598344
40.0 0.8478376740541826
41.0 0.8957060544602062
42.0 0.9016149315690928
43.0 0.9605962032672704
44.0 0.9071804226112176
45.0 0.9454256562304509
46.0 0.9359124736838759
47.0 0.9568657624916501
48.0 0.9750773738583326
49.0 0.991960114571217
50.0 0.957694843149942
51.0 1.029184126758202
52.0 1.0490045629049067
53.0 1.0732324144393635
54.0 1.0184311602294698
55.0 1.0973916006303446
56.0 1.0669511015612307
57.0 1.0041111108274703
58.0 1.07900719134897
59.0 1.1195202199747833
60.0 1.1306227480375834
61.0 1.118474278910069
62.0 1.0781959929408576
63.0 1.1644365274698625
64.0 1.1910773780219075
65.0 1.145306902690141
66.0 1.2327883371495818
67.0 1.1818149419275945
68.0 1.1709858680483274
69.0 1.1383583917905113
70.0 1.1714928681887258
71.0 1.2132688617868506
72.0 1.189036076812435
73.0 1.1877971475617888
74.0 1.1744483853775447
75.0 1.2571503730479234
76.0 1.1728093499346328
77.0 1.2180355703266037
78.0 1.224122006230719
79.0 1.1507401959317762
80.0 1.1747452588977507
81.0 1.173945414153266
82.0 1.2098214550235578
83.0 1.2132255422834863
84.0 1.2208518878123251
85.0 1.1691842731854627
86.0 1.1107727068399
87.0 1.1089614403013632
88.0 1.121208161436779
89.0 1.1091705908058456
90.0 1.1075324167233151
91.0 1.0491037188611243
92.0 1.0698275130217858
93.0 1.0727215304927276
94.0 1.08831977893756
95.0 1.0883768348238807
96.0 1.041429286396547
97.0 1.0625263350788992
98.0 1.0823823890347997
99.0 0.986385384940876
100.0 0.999129893598349
101.0 0.9550104811900259
102.0 1.0073480372363453
103.0 0.9583029202779957
104.0 0.9350398439244909
105.0 0.9334458333963794
106.0 0.9350063440005741
107.0 0.9351255654001178
108.0 0.9279366170542837
109.0 0.9064686596094035
110.0 0.8458210841082096
111.0 0.8638476833448886
112.0 0.8658675359856999
113.0 0.840084427038239
114.0 0.8024138736198678
115.0 0.792573524667664
116.0 0.8707365661275427
117.0 0.818120325363361
118.0 0.7338476620721119
119.0 0.7853353633345229
120.0 0.7824738673456249
