Time NormalisedFlux
0.0 1.1286497570911582
1.0 1.0107035420317103
2.0 0.7828350510161532
3.0 0.9456145654937771
4.0 0.9557967471592683
5.0 1.0248749062216898
6.0 1.073370188936032
7.0 0.8040772063501177
8.0 0.8157118501963311
9.0 0.9557767926969608
10.0 1.059427501570188
11.0 0.9889034632218157
12.0 0.9512749874433742
13.0 1.0114112634466188
14.0 0.9074619813740947
15.0 1.0476191077907442
16.0 0.9754562664527385
17.0 0.9921046793818438
18.0 1.111273462675762
19.0 0.8154102683816079
20.0 0.9036137416094546
21.0 1.0813155944382429
22.0 1.1022975115585985
23.0 0.9284530512902439
24.0 0.9440177671682766
25.0 1.2453283013545409
26.0 0.8400397077232683
27.0 0.9332414964808983
28.0 0.9231753489563784
29.0 1.015943041968979
30.0 1.0290631025685983
31.0 1.0003378686365287
32.0 1.1518479620233932
33.0 1.1723301211075872
34.0 0.9669371741867993
35.0 0.7846590022962392
36.0 0.8980329216239484
37.0 1.1919697795512363
38.0 0.9769249888894199
39.0 0.9084136441838155
40.0 0.9951151971254771
41.0 1.1092042012780963
42.0 1.0090907205836306
43.0 0.9856580492677772
44.0 1.0624902560161462
45.0 1.099650473743989
46.0 0.8910188035764346
47.0 0.9104193038552538
48.0 0.9526384442515538
49.0 0.9932149266450796
50.0 1.101747313126833
51.0 1.0610373078122486
52.0 0.907360082377309
53.0 1.1597782247739215
54.0 1.1058709101144761
55.0 0.9656296129642128
56.0 1.1111703928916952
57.0 1.0528858366323963
58.0 0.9630480164016181
59.0 1.006571598060151
60.0 1.036337415015535
61.0 0.9951357849087493
62.0 1.0878161930569963
63.0 1.2198761056252407
64.0 0.9498476871525198
65.0 1.0034649672795206
66.0 1.151057897602181
67.0 0.9602696988876006
68.0 0.9311722960410589
69.0 1.0781965846222035
70.0 0.9860775400824321
71.0 0.8469383087195388
72.0 1.07436780286599
73.0 1.0959590997060717
74.0 0.9147913925328567
75.0 1.1558924080263553
76.0 0.8983920140646682
77.0 1.063467828003962
78.0 1.1463866021996423
79.0 1.0490781333684558
80.0 1.0719047629773943
81.0 0.9776828118904353
82.0 1.0878127270951115
83.0 1.1310185710355305
84.0 0.7938186378802912
85.0 1.0713819482887619
86.0 0.8373442664565524
87.0 1.1153951652355887
88.0 1.0586012806409486
89.0 0.9083247124064834
90.0 0.8895775797890136
91.0 1.0869094432914783
92.0 1.0049859929912026
93.0 1.0265812098189144
94.0 0.990994185351781
95.0 1.0982750477365797
96.0 1.0856451955746127
97.0 0.9043003231519797
98.0 0.9829043629201032
99.0 0.9961397929949811
100.0 1.0859574468707773
101.0 1.216885614853859
102.0 0.9544332266372826
103.0 0.8561294721760121
104.0 0.8340031094890146
105.0 0.8696504722730639
106.0 1.0375139848625132
107.0 0.9145334987155371
108.0 1.0496010902435735
109.0 1.0403687320935329
110.0 0.9811771970965314
111.0 1.203120835094063
112.0 1.0147785392452424
113.0 0.9153735668340008
114.0 1.03078488864382
115.0 1.012463880241297
116.0 0.9044753115037654
117.0 1.0935622601529402
118.0 1.078821455951607
119.0 0.9619145112701166
120.0 1.062427013592628
