Time NormalisedFlux
0.0 0.9573031490483653
1.0 0.9724066267531917
2.0 0.9466219199390029
3.0 0.8397079995968504
4.0 1.098673929361853
5.0 0.9096601444589547
6.0 1.1345118853031912
7.0 1.0572382420737085
8.0 1.04393496602657
9.0 1.0858969499708602
10.0 1.0889552210426956
11.0 0.9494705861738716
12.0 1.0613835114709325
13.0 1.032631152382437
14.0 1.0644590113193473
15.0 1.077663308410161
16.0 0.9889548783449466
17.0 0.9387962368697675
18.0 1.085634478548771
19.0 1.1648588178045989
20.0 0.9010827190367914
21.0 1.1943344130927933
22.0 1.0557910624816342
23.0 1.131260440341376
24.0 1.0334900062769805
25.0 1.0166939387106637
26.0 0.8464872476602501
27.0 0.8936391759474456
28.0 1.0962605524580538
29.0 0.9111214193407179
30.0 0.8261098958925811
31.0 1.1875842355778057
32.0 0.9672192441344626
33.0 1.0681766925833713
34.0 1.126900635652491
35.0 0.9690454330552375
36.0 1.1371880421502367
37.0 1.086719918102789
38.0 0.9460058538706971
39.0 0.9774201551009386
40.0 1.1457633932093867
41.0 1.014111082467131
42.0 0.9655328956624093
43.0 1.0035745290633016
44.0 0.9179516529913332
45.0 1.0924742982475695
46.0 0.8903785069272229
47.0 0.9858423502534477
48.0 1.0330129232608416
49.0 1.030650699647194
50.0 0.9943354289153435
51.0 0.9005029528457082
52.0 0.9600586060995819
53.0 1.0577508716710966
54.0 0.9518377847820628
55.0 0.8655550966610811
56.0 1.0415573773729556
57.0 1.160394879967258
58.0 1.0590291800122662
59.0 1.1576759689155138
60.0 0.9873051552931998
61.0 1.0567539824613428
62.0 1.0448959419938648
63.0 0.9970590160493074
64.0 1.0306431809642165
65.0 0.9247579342714466
66.0 1.0098676357181782
67.0 0.9855913613271096
68.0 0.9207363912797081
69.0 0.9362057046789933
70.0 0.7190067916961709
71.0 1.0663742307158577
72.0 1.0465075960272268
73.0 0.9164297415169123
74.0 1.1385045965986422
75.0 0.7294997283072604
76.0 1.100901473228725
77.0 0.9697483684561666
78.0 1.048728528142967
79.0 1.0124186981711196
80.0 1.1598568226725472
81.0 1.1215876710879198
82.0 0.9360545859853711
83.0 1.0816316674275626
84.0 1.0265362324561296
85.0 1.0135110099135005
86.0 1.0189014239003027
87.0 1.0381738459551608
88.0 0.9779951155624145
89.0 1.0267549181497913
90.0 0.9835690497639049
91.0 1.1411797331402953
92.0 0.9210624905857693
93.0 1.1958023949356371
94.0 1.0579545074051908
95.0 0.9859307680225877
96.0 0.9754991819560823
97.0 0.916266863631202
98.0 1.0539418541909282
99.0 1.0338853983321261
100.0 1.0223782418721994
101.0 0.8367992232868924
102.0 0.9883358735453278
103.0 1.0485233627853712
104.0 0.9335338840894621
105.0 1.0811405366303475
106.0 0.8622820111338809
107.0 0.8092588152821509
108.0 0.9549648618297403
109.0 0.8266198947647359
110.0 0.8636938729849102
111.0 0.9433640186284463
112.0 1.0964645358032923
113.0 0.9904371734254657
114.0 0.9279635376814168
115.0 1.1071235860546742
116.0 1.0156592883026834
117.0 0.9176130358890185
118.0 0.869966347638899
119.0 0.7953124783106362
120.0 0.8144925089380369
