Time NormalisedFlux
0.0 0.9147004468104203
1.0 0.8575117409958871
2.0 0.8827201380676358
3.0 0.839520059541621
4.0 0.9226416955998016
5.0 0.9572467813054095
6.0 0.9367979844552506
7.0 0.9804278767854249
8.0 0.9907756579486274
9.0 0.9900397120260701
10.0 1.049058063234248
11.0 1.0932664710783495
12.0 1.0694121271974129
13.0 1.1126331289494265
14.0 1.1339497945853676
15.0 1.1591639993748166
16.0 1.126610165330615
17.0 1.1168958405554414
18.0 1.0912851971593742
19.0 1.0652320920054632
20.0 1.0321986496688789
21.0 0.9977417149894061
22.0 0.9574237654779975
23.0 0.990080736058172
24.0 0.9488894664391979
25.0 0.9284501608593382
26.0 0.8992020872855163
27.0 0.8483560351931971
28.0 0.8270822521182352
29.0 0.8297871237705553
30.0 0.8683817043583285
31.0 0.8790451039192331
32.0 0.9212018664485079
33.0 0.9207142811034913
34.0 0.9780443779365636
35.0 1.0403511308824236
36.0 1.03628329459934
37.0 1.0589816737846276
38.0 1.0792710270091355
39.0 1.1346549862043653
40.0 1.1374347604582038
41.0 1.101415967153626
42.0 1.1409406287925352
43.0 1.1279441878176244
44.0 1.0479976512014806
45.0 1.068414529914384
46.0 1.0454186532441454
47.0 1.0165670511348814
48.0 0.9804524724513729
49.0 0.9732465750565802
50.0 0.9723841033516766
51.0 0.9557236875193252
52.0 0.9162728582381061
53.0 0.9150681742866167
54.0 0.9053870056644211
55.0 0.8814466355786742
56.0 0.8944950405645941
57.0 0.904058835589161
58.0 0.9468060809822523
59.0 0.9276190890119582
60.0 1.0036995928504688
61.0 0.9764468502026447
62.0 1.014795147378154
63.0 1.0052956491889546
64.0 1.0641951839456814
65.0 1.0439112346781034
66.0 1.1217281980065985
67.0 1.1365617639030394
68.0 1.1297611438895407
69.0 1.172143829364486
70.0 1.043099119012023
71.0 1.1066217415918136
72.0 1.0531692990809662
73.0 1.038401137719256
74.0 0.9998973221137591
75.0 0.9603023110215088
76.0 0.9724921516576314
77.0 0.9447482272338428
78.0 0.9237714327314168
79.0 0.8730134651507817
80.0 0.8449012604091511
81.0 0.8368089469529671
82.0 0.8894530348339555
83.0 0.848964949693958
84.0 0.9609418665981766
85.0 0.9604502976690775
86.0 0.9552342109734084
87.0 0.9475349920346617
88.0 0.9999485710522389
89.0 1.033053650072297
90.0 1.0662518252545166
91.0 1.077890010869612
92.0 1.0755631855374026
93.0 1.1188361988372069
94.0 1.168029243396211
95.0 1.1431607260583538
96.0 1.1258172945090597
97.0 1.0576330310976365
98.0 1.0424582408655505
99.0 1.0645114129779827
100.0 1.002808072384411
101.0 1.0046211343339941
102.0 0.9588887711739356
103.0 0.9610010808061898
104.0 0.8830920677180669
105.0 0.8697350141853575
106.0 0.9264382016132725
107.0 0.8452899567080885
108.0 0.8023328153851988
109.0 0.8755131687727598
110.0 0.8920579958756496
111.0 0.9073302165883642
112.0 0.9539157542342239
113.0 0.9708829833153346
114.0 0.9994620290279652
115.0 1.005746106245106
116.0 1.0833008976888892
117.0 1.0913627482351858
118.0 1.0708939495142658
119.0 1.0788422496990413
120.0 1.154962108198425
