Time NormalisedFlux
0.0 1.1661012406697246
1.0 1.071660419509264
2.0 1.1057818299183946
3.0 1.1197684365333922
4.0 1.0601053934948914
5.0 1.0486063374661283
6.0 1.0341768147165062
7.0 0.9900613221407232
8.0 0.9597733401505643
9.0 0.9213105178387972
10.0 0.9245230244095277
11.0 0.9072598925135998
12.0 0.8622080294087379
13.0 0.8754350605318904
14.0 0.8879067307521062
15.0 0.95294183754619
16.0 0.923484096007129
17.0 0.9688106670256004
18.0 0.9566749615046165
19.0 0.9328336723851616
20.0 1.0407089070901252
21.0 1.0338334577873343
22.0 1.1061126742206946
23.0 1.1030230219083017
24.0 1.1812013486056594
25.0 1.125983458509218
26.0 1.1332074472974527
27.0 1.110409818488899
28.0 1.0518740269710998
29.0 1.0347229480277373
30.0 1.0166568982967885
31.0 0.9986955634587538
32.0 0.9735869810872997
33.0 0.9513940136814514
34.0 0.9148148866504568
35.0 0.9041618388578935
36.0 0.866217405334929
37.0 0.8199471947006256
38.0 0.8791123934535874
39.0 0.9155604104196466
40.0 0.9269998814050091
41.0 0.9396930627068827
42.0 0.9583925984434759
43.0 1.014445100179899
44.0 1.0107327143323193
45.0 1.0447875328820997
46.0 1.0705629323100738
47.0 1.1155175339587002
48.0 1.1122424364685237
49.0 1.1166009845517453
50.0 1.1350070827812047
51.0 1.1097550992906409
52.0 1.1133398647945096
53.0 1.044831112946436
54.0 1.0492647632773497
55.0 1.0217355313228007
56.0 1.024346382128699
57.0 0.9765507229160771
58.0 0.9508944966871969
59.0 0.8991291811686962
60.0 0.8955311626446364
61.0 0.850472911416371
62.0 0.8653813901749914
63.0 0.8563033618815247
64.0 0.9075714438254926
65.0 0.9289636284493156
66.0 0.9390933580900674
67.0 0.9805282531695895
68.0 0.9826083008391712
69.0 1.0493697283261223
70.0 1.0683599012845366
71.0 1.0480754881627399
72.0 1.0536707711492563
73.0 1.1072378735951787
74.0 1.168125902470614
75.0 1.1034164748776092
76.0 1.1607883958439966
77.0 1.089497549900601
78.0 1.0793221997613918
79.0 1.0378517840394683
80.0 1.0420395662259236
81.0 1.0515895375565796
82.0 0.9708826575964612
83.0 0.9410981054433476
84.0 0.966648645711807
85.0 0.8977805349202692
86.0 0.8618111519310077
87.0 0.9143288124876551
88.0 0.8394519320606063
89.0 0.8785594720235694
90.0 0.9285846277437511
91.0 0.9475057023511991
92.0 0.9413976341245507
93.0 0.9607017222748152
94.0 1.028488569187393
95.0 1.0147010235941785
96.0 0.9989737517995866
97.0 1.060039360610995
98.0 1.1186728608273533
99.0 1.1233988925968954
100.0 1.1857697241171106
101.0 1.1273074495955615
102.0 1.1054841069625465
103.0 1.084367187236635
104.0 1.0996492729057794
105.0 0.9717244675840584
106.0 0.9948534918258498
107.0 0.9992948763246683
108.0 0.9493775841817171
109.0 0.8949968481879659
110.0 0.9014027782480243
111.0 0.8566126676226903
112.0 0.8422249996122151
113.0 0.8560805646814921
114.0 0.9293111576901301
115.0 0.965847195808926
116.0 0.9372890400742602
117.0 0.9809527768953663
118.0 0.95463134904546
119.0 1.020442154606042
120.0 1.0251300657274967
