Time NormalisedFlux
0.0 1.0880291662206811
1.0 1.139000184719983
2.0 1.0802553694641206
3.0 1.0145520508452464
4.0 1.0300651662693412
5.0 0.9965314972624801
6.0 0.9664540802597937
7.0 0.9587796263179247
8.0 0.9272343703004094
9.0 0.9091412146941127
10.0 0.8852470822634738
11.0 0.8239170475988197
12.0 0.8880236313446508
13.0 0.8601498094807641
14.0 0.890094893788227
15.0 0.9024416521231964
16.0 0.942123352805184
17.0 0.9500635091854869
18.0 0.9905064986018
19.0 0.945877896787642
20.0 1.0524839097885401
21.0 1.0290475954194414
22.0 1.1281133618411736
23.0 1.0947777951328928
24.0 1.1617455682831221
25.0 1.132500603650469
26.0 1.1462726097312124
27.0 1.1699110790386709
28.0 1.1389748389553471
29.0 1.0790872202261128
30.0 1.087097186297738
31.0 1.0254914579814616
32.0 1.0439399956383135
33.0 0.999536784311957
34.0 0.9752749452020962
35.0 0.9777931099865818
36.0 0.9493604782735833
37.0 0.9137543727358555
38.0 0.9034920786672389
39.0 0.8594159734070385
40.0 0.850152204337556
41.0 0.8892885530961913
42.0 0.8639111278987102
43.0 0.893559827941236
44.0 0.9070547621340904
45.0 0.9718404614049153
46.0 1.0066982923816177
47.0 0.9807391907595667
48.0 1.0399189400882807
49.0 1.014635244273056
50.0 1.009460492667656
51.0 1.0965278539094991
52.0 1.0911478828413794
53.0 1.128065801896414
54.0 1.1222594513752058
55.0 1.1306089519643787
56.0 1.1663334148512692
57.0 1.1027244492649628
58.0 1.0608089333070774
59.0 1.014055287783
60.0 1.0271422754248434
61.0 1.010718008072118
62.0 0.9730029279846828
63.0 1.0097199860314126
64.0 0.9085425530781727
65.0 0.9405764036795398
66.0 0.9188240208619837
67.0 0.888608824019018
68.0 0.881406739293315
69.0 0.8869671918818186
70.0 0.8692909617267676
71.0 0.881092697879329
72.0 0.9278021322721118
73.0 0.9368374629574933
74.0 0.9617357188978235
75.0 0.9846764533485679
76.0 0.95377154544066
77.0 1.0378062308882676
78.0 1.0564768789299117
79.0 1.1094880410094892
80.0 1.097095899604624
81.0 1.148046338765254
82.0 1.1696525539176905
83.0 1.151604488287814
84.0 1.13005114933988
85.0 1.087759657847726
86.0 1.0627558123899778
87.0 1.0787539079732513
88.0 1.0439634557298625
89.0 1.028993703476111
90.0 0.9868622177179693
91.0 1.0067749805199862
92.0 0.9399830286695435
93.0 0.9135137202022936
94.0 0.9172752040094081
95.0 0.9036178480580699
96.0 0.847728138684692
97.0 0.8687025705030434
98.0 0.8858562161444263
99.0 0.8769549487387897
100.0 0.9266261288235231
101.0 0.9692413661877705
102.0 0.938837600572294
103.0 0.9479302989419324
104.0 1.0239212956714079
105.0 1.027591237923901
106.0 1.0312356591887855
107.0 1.0457900674467253
108.0 1.065808838080695
109.0 1.0856068042092653
110.0 1.1434510980241772
111.0 1.0953419334722037
112.0 1.123772476113042
113.0 1.1220011663612979
114.0 1.0484462097659233
115.0 1.042233559939168
116.0 1.03834965056798
117.0 0.9963297007551788
118.0 0.9867539257666551
119.0 0.9354318838090117
120.0 0.9507265603679984
