Time NormalisedFlux
0.0 0.8484492511508092
1.0 0.8465044525287522
2.0 0.8161711275089035
3.0 0.8205788852746461
4.0 0.8123265282035719
5.0 0.8369931389007809
6.0 0.7606380053418929
7.0 0.8633229446002363
8.0 0.8342277639349944
9.0 0.8036252617507931
10.0 0.7787577913110718
11.0 0.7864604535863376
12.0 0.8788583865438104
13.0 0.8071518249772083
14.0 0.7752438333023951
15.0 0.7783452181998194
16.0 0.8177299212270908
17.0 0.7560965258658039
18.0 0.7846930881164277
19.0 0.8563114241335473
20.0 0.8192495410591838
21.0 0.8149476173187057
22.0 0.9055406045819043
23.0 0.8683440927234224
24.0 0.8887005062461875
25.0 0.9281390057008007
26.0 0.8674982949577861
27.0 0.9229112166320436
28.0 0.9169754216996294
29.0 0.9626450751494825
30.0 0.9468240597764891
31.0 1.0101669116982417
32.0 1.0156189699131422
33.0 1.0506324339273931
34.0 1.0119094035296168
35.0 0.9908163538635069
36.0 1.0608424932196916
37.0 1.0948483513523066
38.0 1.0220713801826578
39.0 1.0518737097262407
40.0 1.142204676010167
41.0 1.0659653848251014
42.0 1.1078310475477275
43.0 1.091845666011925
44.0 1.1135514824060546
45.0 1.1468603124015095
46.0 1.1256896611482483
47.0 1.1552209419768484
48.0 1.172763650635142
49.0 1.1608120297835287
50.0 1.187009149855364
51.0 1.2063503742327895
52.0 1.1265922156126436
53.0 1.2001524397368792
54.0 1.1609337818549106
55.0 1.1672960219798632
56.0 1.1835491167156948
57.0 1.1824853586288173
58.0 1.2693810527686584
59.0 1.1491649322557513
60.0 1.2134202688158031
61.0 1.161808218763572
62.0 1.202588045936978
63.0 1.2213490084267595
64.0 1.1544746380290487
65.0 1.1788253632522114
66.0 1.207211534629075
67.0 1.1939423832409135
68.0 1.141208852763201
69.0 1.085346135597903
70.0 1.1259501733805137
71.0 1.1725843378085592
72.0 1.112680286021703
73.0 1.099121261469515
74.0 1.1204766055863076
75.0 1.0516632426154477
76.0 1.1003670008621542
77.0 1.0329905582084695
78.0 0.9868223042716814
79.0 1.038594949187242
80.0 1.0033337813330472
81.0 1.0283024693006015
82.0 1.0509658994774838
83.0 1.0301580491604043
84.0 0.9534681776930953
85.0 0.9847547670968482
86.0 1.0432366889972648
87.0 0.9092979042663181
88.0 0.8904809327477872
89.0 0.9303866610827075
90.0 0.8628084952790279
91.0 0.9128196168709224
92.0 0.9156367049969047
93.0 0.8602123093942428
94.0 0.8523975597767907
95.0 0.8326299890987564
96.0 0.8954917633494668
97.0 0.8751097074839904
98.0 0.8104239632085901
99.0 0.8129966877704332
100.0 0.818388713408077
101.0 0.7993461552689534
102.0 0.85985598661611
103.0 0.764659274576113
104.0 0.789196568705138
105.0 0.7348837003773573
106.0 0.7954284967957095
107.0 0.7895647796032703
108.0 0.7642043037666415
109.0 0.7709721659044708
110.0 0.7836340887691482
111.0 0.7577078761962162
112.0 0.7881281892358651
113.0 0.858670562432174
114.0 0.8487753034102608
115.0 0.8434113456256286
116.0 0.7886678012451984
117.0 0.839444381718804
118.0 0.8388188258353544
119.0 0.8824727611270531
120.0 0.8424298673053074
