Time NormalisedFlux
0.0 1.1012045233804595
1.0 1.1171595717471847
2.0 1.052684061207266
3.0 1.0477939016977362
4.0 1.0097269681940586
5.0 0.9974542580938733
6.0 0.9485616923641004
7.0 1.0029049128372625
8.0 0.8993859271679918
9.0 0.9033043874697089
10.0 0.8958395626850214
11.0 0.8323517990399724
12.0 0.8688911109722741
13.0 0.8875886335534531
14.0 0.9006803606359415
15.0 0.909124024342711
16.0 0.9751187172762356
17.0 0.9891598297199591
18.0 1.0187029251627104
19.0 1.0738400001989028
20.0 1.025120924465433
21.0 1.0995899400251732
22.0 1.1706187729680633
23.0 1.1059499853370252
24.0 1.104506171025252
25.0 1.1650828813843777
26.0 1.0969282482223566
27.0 1.094697399086813
28.0 1.0795212352479946
29.0 1.0435281825248302
30.0 1.0245204568044457
31.0 0.9935795496819096
32.0 0.9581260414880125
33.0 0.9488526598128764
34.0 0.9299663547113656
35.0 0.8971865826386584
36.0 0.8534789970716417
37.0 0.8383584166752103
38.0 0.8931717643764479
39.0 0.8980377618870692
40.0 0.90533783278373
41.0 0.9484372305634937
42.0 0.9441422897536781
43.0 1.0187157289146094
44.0 1.0114370322193655
45.0 1.0262652720381251
46.0 1.0763550767338432
47.0 1.0658372014573925
48.0 1.1539954298299973
49.0 1.0787443790939373
50.0 1.0826644420833142
51.0 1.14461238934331
52.0 1.0760681374893157
53.0 1.1092052016885248
54.0 1.0991567734600536
55.0 1.0422926187477082
56.0 1.011460114601375
57.0 1.0381312281165358
58.0 0.9873341885176458
59.0 0.9566464973115028
60.0 0.9403606648728301
61.0 0.8928018149399448
62.0 0.8585552697533247
63.0 0.8591161124271244
64.0 0.8734355355547898
65.0 0.9278535425345019
66.0 0.912053201212621
67.0 0.9435705730872513
68.0 1.0091353384456092
69.0 1.0018435401268615
70.0 1.0035932587625491
71.0 0.9883701001750145
72.0 1.007172765906093
73.0 1.099516217293895
74.0 1.1146436300598068
75.0 1.1332435357681898
76.0 1.1523507380587723
77.0 1.1525888979116083
78.0 1.102760342896259
79.0 1.0646642828323707
80.0 1.094778645168867
81.0 1.0579675136483835
82.0 0.9860277738182706
83.0 1.0003360336777818
84.0 0.9440258608304434
85.0 0.9735159431803736
86.0 0.9240082437846642
87.0 0.9299535067714046
88.0 0.9395373642680837
89.0 0.8426138722711765
90.0 0.8775929326576568
91.0 0.8579661884846621
92.0 0.9171094929689467
93.0 0.957154561757023
94.0 0.9689462100063054
95.0 0.9910207207102998
96.0 1.0270024078649072
97.0 1.046688757586211
98.0 1.0635174900304767
99.0 1.0636996966580456
100.0 1.0755223886059815
101.0 1.1273189279693545
102.0 1.146107585257811
103.0 1.16330623011909
104.0 1.1203816301758167
105.0 1.0600201098370465
106.0 1.0940678741711838
107.0 1.0870459916022737
108.0 0.9888711620352081
109.0 1.0110719826535484
110.0 0.9590298088961956
111.0 0.9445660978540563
112.0 0.9212014011034081
113.0 0.9268494366001909
114.0 0.845744918948783
115.0 0.850742250888497
116.0 0.8613943674112307
117.0 0.883418074395522
118.0 0.9348493200824923
119.0 0.9621659618100536
120.0 0.9866435606844987
