Time NormalisedFlux
0.0 1.1414010145980382
1.0 1.0475053320245968
2.0 1.1220470741060915
3.0 0.9897032666450376
4.0 0.9803319893586038
5.0 0.9365471935305052
6.0 1.1864173042806079
7.0 0.8701340886252308
8.0 1.1563844493835165
9.0 0.9907813038955058
10.0 1.043376727284895
11.0 0.8775451808072848
12.0 0.929908361651432
13.0 1.0623521448889204
14.0 1.0393180813157121
15.0 0.8741129986238821
16.0 1.0525034112711842
17.0 0.9132527650277504
18.0 1.0105098366196616
19.0 1.2448721603302892
20.0 0.8543814451898819
21.0 0.9306864576397015
22.0 1.0996782902110038
23.0 0.9651514383906619
24.0 1.0566665714735692
25.0 0.9158017933212795
26.0 1.0460723852170875
27.0 0.9028978561592572
28.0 0.9954269702158909
29.0 1.0604933082329007
30.0 0.813204505325233
31.0 0.8739166682921526
32.0 0.9543519119448203
33.0 1.0435739679789309
34.0 1.0286480147768238
35.0 1.0482789842662097
36.0 0.8188562345359646
37.0 1.1440937713090924
38.0 1.249154507511014
39.0 1.0964283681054359
40.0 0.8373246204495475
41.0 1.0260052259434485
42.0 1.0873020504781954
43.0 0.8204995168780217
44.0 0.977262924756044
45.0 0.9299862370894364
46.0 0.9465139410056762
47.0 1.1380754099906103
48.0 1.0474517663968235
49.0 0.9810271950391611
50.0 1.1502135118128394
51.0 0.8971770807874562
52.0 1.0476580774789221
53.0 1.1404903438138843
54.0 1.0162806362944539
55.0 0.8085419575197689
56.0 1.074810947238798
57.0 1.0623366299134678
58.0 1.0346291325676156
59.0 0.9235114840721382
60.0 0.9511545461503002
61.0 1.2133932059913153
62.0 0.9717646875874305
63.0 0.9321730416439458
64.0 1.0418704439769961
65.0 1.0248089049606026
66.0 1.0282479398495616
67.0 1.1398814292044224
68.0 1.1663452750407197
69.0 0.9452372711447524
70.0 0.9846698982323828
71.0 0.9094631963161947
72.0 1.1225029252775287
73.0 0.8330206202419068
74.0 1.1393396890139396
75.0 1.1681125114421487
76.0 0.9307413321008506
77.0 0.8877134485091361
78.0 0.7505201777407202
79.0 1.0622701023638572
80.0 1.0083873984966822
81.0 1.1204223466877408
82.0 0.9811308219368294
83.0 1.0297468483432435
84.0 1.225907955179442
85.0 1.0279484472478255
86.0 1.0450317360343295
87.0 0.8945618902348946
88.0 0.8809014483640675
89.0 1.1995908968956208
90.0 0.8671173500331816
91.0 0.9597387612941756
92.0 1.085178470615844
93.0 0.9872871535450808
94.0 0.9332461350694751
95.0 1.0625637440173972
96.0 0.9367699518385737
97.0 0.988944723138712
98.0 1.0848088895552694
99.0 1.0254293972109882
100.0 1.1129550329574407
101.0 0.856701081596527
102.0 1.0220164083473302
103.0 1.07321730333721
104.0 1.0008333628288333
105.0 0.9608605293274757
106.0 1.1832274197314587
107.0 0.8545086266699695
108.0 1.0860544109811159
109.0 1.058981354940228
110.0 0.982533167835362
111.0 0.9584428495935645
112.0 0.8970610876162152
113.0 1.095473510867096
114.0 1.0029445151717868
115.0 1.1443477763175443
116.0 0.9895356286214633
117.0 0.903073384484589
118.0 0.9844467834704044
119.0 0.8991983401804751
120.0 0.9415996800777595
