Time NormalisedFlux
0.0 1.0042590540115706
1.0 1.0452419042925236
2.0 0.9309202715697811
3.0 0.9659707388693682
4.0 0.90142098841545
5.0 0.8899674991556658
6.0 0.865835349637068
7.0 0.8290860430818401
8.0 0.8500901775953539
9.0 0.8443295142957027
10.0 0.9396509203364881
11.0 0.9396757918181381
12.0 0.9514096125480639
13.0 0.9691175893221182
14.0 1.013859184056475
15.0 1.0347067305967037
16.0 1.0489414053933779
17.0 1.0230422151998262
18.0 1.1127520342246027
19.0 1.0914852628954481
20.0 1.091806068185336
21.0 1.171335050146894
22.0 1.1440726681838205
23.0 1.1090484380041759
24.0 1.0926098637074646
25.0 1.0310419565333884
26.0 1.0245622591942347
27.0 1.0004604942883426
28.0 0.9804849243419789
29.0 0.9488316067275896
30.0 0.9379905856557539
31.0 0.9656315877074076
32.0 0.9057498281834317
33.0 0.9338165196753624
34.0 0.8491673472736367
35.0 0.8343487712446923
36.0 0.8912738501642374
37.0 0.8838482353681439
38.0 0.9460924465005767
39.0 0.9607691027769277
40.0 0.9564830670240301
41.0 1.0411868267633246
42.0 1.0149276289189468
43.0 0.9572870290569334
44.0 1.0837763976191719
45.0 1.122799504397028
46.0 1.1129146139248185
47.0 1.121511676579974
48.0 1.1824899553519208
49.0 1.081984509221976
50.0 1.114668130840504
51.0 1.0805592662737027
52.0 1.0501949085134392
53.0 1.0068943512666246
54.0 1.0531898084451818
55.0 0.9999566220382755
56.0 0.9442137323120217
57.0 0.97370336550106
58.0 0.884836380616156
59.0 0.9143964144278213
60.0 0.8283694493214991
61.0 0.839405713642807
62.0 0.8598806657270969
63.0 0.8923360018677529
64.0 0.9019482441599731
65.0 0.9720897306322529
66.0 0.9446514619462324
67.0 0.9857456655397105
68.0 0.9511274035754558
69.0 1.0505195699206928
70.0 1.000246310883592
71.0 1.0563066169939297
72.0 1.0772566383513504
73.0 1.1153316131068327
74.0 1.1709103754261052
75.0 1.1306183619032772
76.0 1.119621023084517
77.0 1.0859510931407619
78.0 1.1055694445629602
79.0 1.0380458400469819
80.0 0.9893358194096615
81.0 0.9985640044579887
82.0 0.9762489811025292
83.0 0.9766345529012476
84.0 0.9680025437467591
85.0 0.9235181899622568
86.0 0.8821656826576146
87.0 0.8431363604737313
88.0 0.8934778382812474
89.0 0.8802511059361889
90.0 0.9046744584309364
91.0 0.9108306043906002
92.0 0.9277064199598546
93.0 0.9538731510408146
94.0 0.9927620155952922
95.0 1.0489436177049494
96.0 0.9931990028963031
97.0 1.1287954632970159
98.0 1.098196569094386
99.0 1.0440195063645092
100.0 1.102710201564807
101.0 1.1504206642258952
102.0 1.1425636309266693
103.0 1.091427455182504
104.0 1.0732353928317577
105.0 1.0666255500054371
106.0 0.9768603219995066
107.0 1.008284761128605
108.0 0.9887808815709921
109.0 0.9508458947334646
110.0 0.9839187455970191
111.0 0.9449813248695433
112.0 0.9312393614396651
113.0 0.8553862674668211
114.0 0.8500726718443598
115.0 0.8903980892574008
116.0 0.9782142744069746
117.0 0.928734315600128
118.0 0.9083569118586678
119.0 0.9233819919553018
120.0 0.9952095268563701
