Time NormalisedFlux
0.0 1.1068895477805822
1.0 1.1114500503069937
2.0 1.0857796582376227
3.0 0.9710341243700186
4.0 0.9352225103266354
5.0 0.8369160005821973
6.0 0.9493381598645011
7.0 0.9521071698069874
8.0 1.0060267173871547
9.0 1.0840317238571653
10.0 1.2271422834711414
11.0 0.964849335857709
12.0 1.0073024026550876
13.0 1.1686910661303913
14.0 1.0410880620363678
15.0 1.1027267945508599
16.0 0.9921141279417178
17.0 1.2469326685233204
18.0 1.1411851457245814
19.0 0.8339260032913307
20.0 0.9771210518360404
21.0 0.9257412615918831
22.0 0.9217555116408841
23.0 1.000136279094982
24.0 0.9611078474671552
25.0 0.9477821390562837
26.0 1.0730834375012566
27.0 0.9363527321090631
28.0 1.0156561834527724
29.0 0.9001615733250115
30.0 0.9982534038351146
31.0 1.050091325725003
32.0 1.0665769362433066
33.0 0.9927235059806053
34.0 0.9722968085489737
35.0 0.9738153554164948
36.0 0.9327059792168284
37.0 0.9207011360893279
38.0 1.0913935812880977
39.0 0.8493853342822743
40.0 1.032600189191201
41.0 1.068594929409822
42.0 1.0345929561646936
43.0 1.0637766466078231
44.0 1.0557849147914808
45.0 0.9529478966240854
46.0 0.9030869001195454
47.0 0.9243288015517718
48.0 0.9651662241809702
49.0 1.104821192399425
50.0 1.0046607944849384
51.0 1.114872633660286
52.0 1.0747889510868425
53.0 0.9442076770864416
54.0 0.981519267095808
55.0 1.114692402452648
56.0 0.8520103352461704
57.0 1.0496968007847811
58.0 0.9426456863171806
59.0 1.127707380313328
60.0 0.9160731310820072
61.0 0.9146633060086033
62.0 0.8800674688076872
63.0 1.0880762722578705
64.0 0.9312352545503855
65.0 0.9951903292688713
66.0 0.972327614544798
67.0 0.9758326314187126
68.0 0.954045523168801
69.0 0.9829971654771911
70.0 1.0780766638849142
71.0 1.0914891341734285
72.0 0.8199447989232085
73.0 0.9535339570970928
74.0 1.0577879957600818
75.0 1.1505128639491655
76.0 1.1108411844412232
77.0 0.9938570088043868
78.0 1.086244045375214
79.0 1.0264157845254724
80.0 1.035052281727737
81.0 1.0089047695399518
82.0 1.0814483349562471
83.0 1.0417429051465394
84.0 1.0498100184224237
85.0 0.9629979563280463
86.0 0.9768504074817267
87.0 0.8946017600853468
88.0 0.8694167815020228
89.0 1.1353012799147162
90.0 0.9691849170028536
91.0 0.9659641559416349
92.0 1.059233283592407
93.0 1.0206442004465157
94.0 1.0152199619391162
95.0 0.9839966707789379
96.0 1.1524133662010128
97.0 0.9759548898147699
98.0 0.8297311348905849
99.0 0.9453691282102588
100.0 0.9449956990275975
101.0 1.0674255801847399
102.0 0.9067579199409734
103.0 0.9535109646039243
104.0 1.1628569264011428
105.0 0.9831200674895361
106.0 0.9493077687169083
107.0 1.0869345547587894
108.0 1.0310674530443509
109.0 1.0228842164922871
110.0 0.9504249265111204
111.0 0.9870717254459386
112.0 0.977530312701559
113.0 0.8590353575375715
114.0 0.917971730025787
115.0 0.9712941258843932
116.0 0.9371412413507137
117.0 1.0955749511091604
118.0 1.1488464838597507
119.0 0.8956531428879314
120.0 1.0070020422270365
