Time NormalisedFlux
0.0 0.9137242236533206
1.0 0.9045584091266857
2.0 0.8919089445494262
3.0 0.9177434068247026
4.0 0.9327520936150439
5.0 0.9226473753782475
6.0 0.9587790329191426
7.0 1.0112702760524026
8.0 1.0416752700324492
9.0 1.0842061232875582
10.0 1.075752085585502
11.0 1.105505221585199
12.0 1.1106142292142125
13.0 1.0697061043423282
14.0 1.0890223575518798
15.0 1.0720948581620766
16.0 1.0383105293157446
17.0 1.039777169704157
18.0 1.0611487035545346
19.0 1.033417794334072
20.0 1.051173453616755
21.0 1.0443606116592234
22.0 1.0472541924387946
23.0 1.0394624033018396
24.0 1.0290443489752326
25.0 1.0507898661012964
26.0 1.0376918922929543
27.0 1.0175446993743746
28.0 0.9854931413894248
29.0 0.9979015338040372
30.0 0.9889421926542922
31.0 1.0068226057468217
32.0 1.0151473902550803
33.0 0.9827896166717333
34.0 0.9535053834799088
35.0 1.0177633081624833
36.0 0.9788731852205854
37.0 0.9702815250510306
38.0 0.9508661617219495
39.0 0.9263311984587834
40.0 0.959640567810258
41.0 0.9563840708679645
42.0 0.9551537699063698
43.0 0.9251356275178233
44.0 0.9535247849502039
45.0 0.9581087229388103
46.0 0.9205744167843892
47.0 0.924062274888056
48.0 0.9103991300508495
49.0 0.9242859234472984
50.0 0.9165797491462476
51.0 0.9050155261940065
52.0 0.8719921121761585
53.0 0.9173299658735078
54.0 0.9865459538991289
55.0 1.013714780475221
56.0 1.0204213355751492
57.0 1.078260884428139
58.0 1.0951943950877288
59.0 1.103975615014077
60.0 1.1371492534936731
61.0 1.1010133303872454
62.0 1.0672934492907917
63.0 1.063011357636112
64.0 1.0313762693989819
65.0 1.074617879354099
66.0 1.0521305452895393
67.0 1.0527862119677127
68.0 1.0443019357712628
69.0 1.0549460933117423
70.0 1.054430129313584
71.0 1.0450193200589526
72.0 1.0367089871850612
73.0 1.0433104866603364
74.0 1.0311377038640255
75.0 0.9921018710723758
76.0 0.9594229414673969
77.0 0.9647416303098597
78.0 0.9860818560006328
79.0 0.9854428755426098
80.0 0.980621152938892
81.0 1.0064102809830202
82.0 0.966061508657241
83.0 0.9848217648826163
84.0 0.9910601163109835
85.0 0.9972083955121192
86.0 0.9361318731267687
87.0 0.9451288114726776
88.0 0.9579141382753312
89.0 0.9497158488732116
90.0 0.9443528767208164
91.0 0.9649332973191725
92.0 0.9588422751984148
93.0 0.9700623246091348
94.0 0.9535616546717032
95.0 0.9188169718999047
96.0 0.9049857711996686
97.0 0.8753693506623075
98.0 0.8904154484871134
99.0 0.9192123124070417
100.0 0.907722303553951
101.0 0.9508534082810992
102.0 0.9830502060089037
103.0 0.9836152839933007
104.0 1.0478992452868667
105.0 1.0641393472307874
106.0 1.0766988049363526
107.0 1.095181149367831
108.0 1.0991716761111794
109.0 1.1039575822741359
110.0 1.0467182989059163
111.0 1.0498957140032108
112.0 1.0681416883549204
113.0 1.073388016251267
114.0 1.0322462366308023
115.0 1.0439360761675558
116.0 1.0492688703418516
117.0 1.0696465452181012
118.0 1.0220901335860848
119.0 1.024691181359396
120.0 1.010659831913065
