Time NormalisedFlux
0.0 1.1551737461758804
1.0 1.1221924488684396
2.0 1.1432304661300146
3.0 1.0688434584794442
4.0 1.077733100068326
5.0 1.0374766169633083
6.0 1.0128030460506507
7.0 0.9842429998182026
8.0 0.9428996216577846
9.0 0.9258185569698902
10.0 0.847850777492404
11.0 0.927164408384993
12.0 0.8742090284501394
13.0 0.9374456256285494
14.0 0.8994816528960825
15.0 0.9137266175946909
16.0 0.9463329841261522
17.0 0.9512488062886256
18.0 1.0012292505799674
19.0 0.9664041577909992
20.0 1.054147341096377
21.0 1.0799410247272052
22.0 1.1100373993107897
23.0 1.11181074372125
24.0 1.0815316383017544
25.0 1.173004649298411
26.0 1.1119341633875668
27.0 1.055564555319269
28.0 1.1068598651432167
29.0 1.0522700570070385
30.0 1.0375117454369749
31.0 1.0085145528002857
32.0 0.9732338848652515
33.0 0.9586718972346527
34.0 0.8924156244398728
35.0 0.9029834084090704
36.0 0.8829659103838932
37.0 0.8036786564110382
38.0 0.9191068689336979
39.0 0.9460081189252713
40.0 0.936627956374824
41.0 0.968782947287865
42.0 1.0050598060446694
43.0 0.9890929957799208
44.0 0.9874956081002224
45.0 1.0914780581306633
46.0 1.0872004297336573
47.0 1.1195261266935266
48.0 1.0756864964019843
49.0 1.136621001850867
50.0 1.0937032321932552
51.0 1.125436027267447
52.0 1.0470738281984304
53.0 1.0859165966129427
54.0 0.9707556183055395
55.0 1.0012282614304495
56.0 0.9398392293135143
57.0 0.9497131181047731
58.0 0.9470969103966541
59.0 0.9167940636926009
60.0 0.8587624697855823
61.0 0.8812059746155639
62.0 0.9167906122275084
63.0 0.8876066903855638
64.0 0.9365027135529224
65.0 0.9600370391487546
66.0 0.9537485772224904
67.0 0.9327816223170186
68.0 1.054516022126181
69.0 1.0478106943893675
70.0 1.069003613594913
71.0 1.0778711195274118
72.0 1.1214240120242855
73.0 1.1599976822621563
74.0 1.136058822587937
75.0 1.1284106706664527
76.0 1.0805688368526467
77.0 1.0501354167352313
78.0 1.043087432222967
79.0 0.9857240278745161
80.0 0.9600655901942963
81.0 0.9331059087723864
82.0 0.9129928464409235
83.0 0.9379000697668851
84.0 0.9105857338470391
85.0 0.8882157652293577
86.0 0.8896727750498206
87.0 0.9319983951398849
88.0 0.98655179781252
89.0 0.9874420199244412
90.0 0.9744996041056881
91.0 0.9813853293658575
92.0 1.0338107075026204
93.0 1.0323011289179362
94.0 1.0576411267246608
95.0 1.0925124319511479
96.0 1.1034033411601845
97.0 1.1565108072057113
98.0 1.0913529313572672
99.0 1.096944876027993
100.0 1.1193131601078985
101.0 1.0236865050494723
102.0 1.0658606924331806
103.0 0.965403834673686
104.0 0.999328782232442
105.0 0.9354895847784495
106.0 0.9174322108116775
107.0 0.8471962677962745
108.0 0.8509221389790392
109.0 0.8637682834832308
110.0 0.8967304897265909
111.0 0.9014754718981232
112.0 0.8719007798253063
113.0 0.9152116527086508
114.0 0.9405949224613595
115.0 0.9999452170841214
116.0 1.011752163771032
117.0 1.078757522360446
118.0 1.0631165682063373
119.0 1.0863507602677127
120.0 1.1271803000282306
