Time NormalisedFlux
0.0 1.0228381932866832
1.0 1.0023953900210965
2.0 1.0104864799393367
3.0 0.9889368768225687
4.0 0.9857998577912367
5.0 0.9033188125617128
6.0 0.8897670282491245
7.0 0.8952485739958015
8.0 0.877688919810784
9.0 0.8609756647447901
10.0 0.8941308727574505
11.0 0.933667786816421
12.0 0.9497109820685653
13.0 0.9221603476985324
14.0 0.9413838703868205
15.0 0.9966126384839786
16.0 1.0746781858884742
17.0 1.0299313835513018
18.0 1.059288246596685
19.0 1.1527895081286272
20.0 1.1024658239452196
21.0 1.124493558688369
22.0 1.118996301052112
23.0 1.1578997918151543
24.0 1.058956387501592
25.0 1.0714871460715554
26.0 1.0554719915722481
27.0 1.0004619910217991
28.0 0.9556109850149286
29.0 0.9031303762697982
30.0 0.908320147852194
31.0 0.8801730830353218
32.0 0.9224123959940091
33.0 0.8271678728978169
34.0 0.8545260729325338
35.0 0.8750120212387944
36.0 0.9276089545648407
37.0 0.9257551168989785
38.0 0.9208641480447566
39.0 1.002498704047535
40.0 0.9988154396386938
41.0 0.9815892916166098
42.0 1.0141209412076135
43.0 1.075206345820945
44.0 1.0758186315121618
45.0 1.1397260685443174
46.0 1.1147525270427694
47.0 1.1338792010689012
48.0 1.0860972997491143
49.0 1.064364497849872
50.0 0.9977205233869975
51.0 1.0700514730549806
52.0 1.0284522562194356
53.0 0.9644516806056321
54.0 0.9867612733681034
55.0 0.9144287802386594
56.0 0.935004254637307
57.0 0.8948477193046469
58.0 0.8557951108136307
59.0 0.8446869848236039
60.0 0.8365674848394269
61.0 0.9297343307362594
62.0 0.8969189613930255
63.0 0.9745361058561922
64.0 0.9853335844203848
65.0 0.9748347862532082
66.0 0.9887870467579694
67.0 1.0416289691839509
68.0 1.0650015547492437
69.0 1.0480924203934685
70.0 1.106086501610951
71.0 1.1493983005824135
72.0 1.1132881619561632
73.0 1.106177694264792
74.0 1.1208608807579403
75.0 1.064134773391214
76.0 1.0431746783140265
77.0 1.022269826364999
78.0 0.9666883618401196
79.0 0.9732907419437763
80.0 1.011779746834713
81.0 0.9429562483854798
82.0 0.8663137807777712
83.0 0.8960978509446965
84.0 0.8364859481141373
85.0 0.8552295511272706
86.0 0.8995244407578203
87.0 0.9868473993316098
88.0 0.9880547904674676
89.0 0.9503342810808177
90.0 1.0019641145823406
91.0 1.0236529237048726
92.0 1.028231441043051
93.0 1.0490810471887755
94.0 1.0581527885633695
95.0 1.0763558672463212
96.0 1.1601966362489364
97.0 1.1584650561802297
98.0 1.1261408220013465
99.0 1.1048946712713372
100.0 1.065481243188347
101.0 1.0258144008592365
102.0 0.9721894126858013
103.0 0.9900115025266046
104.0 0.9995319950491799
105.0 0.9195859336321189
106.0 0.896401339854807
107.0 0.8908219807636886
108.0 0.8970786476999265
109.0 0.8311121003116001
110.0 0.8625231857749999
111.0 0.9351525849871706
112.0 0.9304195154483201
113.0 0.9514355541531665
114.0 0.9846543649343672
115.0 0.9806884235151683
116.0 1.025676267126175
117.0 1.0897791731405917
118.0 1.1039705165707108
119.0 1.150706466178443
120.0 1.1325489671507052
