Time NormalisedFlux
0.0 1.1124071265589228
1.0 1.0401639166623884
2.0 1.0816848597224438
3.0 1.03328110254309
4.0 0.9955060713452801
5.0 0.9324344659960436
6.0 0.9798263992079932
7.0 0.9282521025942194
8.0 0.9131396294602676
9.0 0.9088861484894587
10.0 0.8700323933183705
11.0 0.8902139741874159
12.0 0.9234483146920766
13.0 0.9416234602686192
14.0 0.9777695564818837
15.0 0.9682314620341754
16.0 0.9913809022633094
17.0 0.9725665837164905
18.0 1.0366324236658115
19.0 1.0824601242681362
20.0 1.127144925483487
21.0 1.143177680342827
22.0 1.1285445125917004
23.0 1.1334992173490555
24.0 1.1213808097341293
25.0 1.0829508755235315
26.0 1.0887643638250306
27.0 1.028991641891814
28.0 1.0150414674005495
29.0 0.9826234192213193
30.0 0.9104578373803565
31.0 0.9050388258403858
32.0 0.895417953191196
33.0 0.862276393364191
34.0 0.8176253633018492
35.0 0.8764000034824286
36.0 0.9093488899236364
37.0 0.9232453874401078
38.0 0.9608052608587352
39.0 1.015472865313317
40.0 1.0297143871734236
41.0 1.0099944181728309
42.0 1.0630680634069127
43.0 1.1467914817609037
44.0 1.1204777429941015
45.0 1.094106021408946
46.0 1.1411906793902518
47.0 1.0777076356586541
48.0 1.1274411210172146
49.0 1.0585379256739584
50.0 1.0535577990514526
51.0 1.011928946891489
52.0 0.9831775477752686
53.0 0.9824536366476452
54.0 0.9598997701670704
55.0 0.9437206524565669
56.0 0.8811129864156549
57.0 0.8581727858133462
58.0 0.8440868555399988
59.0 0.882624118735856
60.0 0.8953512781715537
61.0 0.9334707448231941
62.0 0.9493366101884619
63.0 0.9690349171569557
64.0 1.0041640973360197
65.0 1.0113694964018782
66.0 1.0531553122719408
67.0 1.085106884342843
68.0 1.1448128801731907
69.0 1.0757253798884527
70.0 1.1454989506952886
71.0 1.0773085496999137
72.0 1.1200245019307207
73.0 1.0628072770332164
74.0 1.0273876542716924
75.0 0.9882472153301334
76.0 0.9869277658128653
77.0 0.9668213078988998
78.0 0.9269223861859828
79.0 0.9153029479806142
80.0 0.9197745453396241
81.0 0.8396025940489372
82.0 0.8556920949300008
83.0 0.9227846646967227
84.0 0.9055834538052193
85.0 0.9091054679484628
86.0 0.9694093821532344
87.0 0.9790453440175368
88.0 0.9941774264331977
89.0 1.0005621859641542
90.0 1.0248805104960024
91.0 1.088675349606851
92.0 1.1084773825045409
93.0 1.1158934972548231
94.0 1.1472184473782854
95.0 1.1176119771386908
96.0 1.072184128043334
97.0 1.0966915543940787
98.0 1.0146230050295257
99.0 0.9741654686521917
100.0 0.986740632611578
101.0 0.9526331480552179
102.0 0.9568708973249139
103.0 0.9666443474394019
104.0 0.8901999494267325
105.0 0.8703237921460368
106.0 0.8606832654514064
107.0 0.8908506986512222
108.0 0.8857336605514241
109.0 0.9580976214130877
110.0 0.9377480158782684
111.0 0.9750615207450021
112.0 0.9985550114271012
113.0 1.0128008948732452
114.0 1.0726656171614495
115.0 1.0957728247988372
116.0 1.0608465947946255
117.0 1.1473486501525134
118.0 1.157066099445812
119.0 1.1259001843989198
120.0 1.1018624525673966
