Time NormalisedFlux
0.0 1.1449625563566446
1.0 1.1381973384709512
2.0 1.0759770714034305
3.0 1.069080085148981
4.0 1.0833665681919042
5.0 1.0438227600898442
6.0 1.0026453167634428
7.0 1.0120097965561172
8.0 0.9547495321391986
9.0 0.9219837477100132
10.0 0.9226241530474011
11.0 0.8849034701968972
12.0 0.9006187990928274
13.0 0.8322476508007471
14.0 0.842748098055835
15.0 0.8971825962900456
16.0 0.9084440397681379
17.0 0.9376158837345292
18.0 0.9612024342506068
19.0 0.9317523979780145
20.0 0.9990617259452016
21.0 1.0114422872582616
22.0 1.0720258765977186
23.0 1.0847494276257987
24.0 1.1286161556651457
25.0 1.1670559920108958
26.0 1.0911585160467734
27.0 1.1304084929897278
28.0 1.1181368946873986
29.0 1.0488857092445194
30.0 1.0277177008807763
31.0 1.0190993523549725
32.0 0.9860843345331778
33.0 0.9307738371683036
34.0 0.9337438394450372
35.0 0.9121510159174356
36.0 0.9242099757925281
37.0 0.9019948787327182
38.0 0.8471839166356256
39.0 0.8736136282891482
40.0 0.8943510928863042
41.0 0.8651966294095443
42.0 0.9167234168612585
43.0 0.9678414631909338
44.0 0.9585102509736818
45.0 1.0036607359522967
46.0 1.0579662434713373
47.0 1.0662374493474094
48.0 1.0814944270104334
49.0 1.0836193134943688
50.0 1.106833143758135
51.0 1.201094450103755
52.0 1.1374191416172035
53.0 1.0712026323818693
54.0 1.0790433265914465
55.0 0.959289366279788
56.0 1.0283082684872789
57.0 1.0381013996960295
58.0 0.9704501156600267
59.0 0.9374271804967458
60.0 0.9283798372644404
61.0 0.9750247657311506
62.0 0.8998888287845083
63.0 0.9076432689834194
64.0 0.8793819632658293
65.0 0.888235195506884
66.0 0.9075804742258822
67.0 0.948091034154008
68.0 0.9483816828528164
69.0 0.9379943160961859
70.0 1.014819569097006
71.0 1.0132636969218685
72.0 1.004894175839116
73.0 1.0455283854276265
74.0 1.0663396213996599
75.0 1.0691311696292982
76.0 1.1079587174385008
77.0 1.1714601596870828
78.0 1.121618006734367
79.0 1.1166030844431543
80.0 1.095951336893617
81.0 1.0674889413025133
82.0 1.0297494649215875
83.0 1.003902713526613
84.0 0.989319966082321
85.0 0.9671490785759976
86.0 0.943959891713274
87.0 0.8880465637218221
88.0 0.8726768163954068
89.0 0.8728163286243568
90.0 0.7954113496406814
91.0 0.8866365271040209
92.0 0.9115655044618342
93.0 0.9538744403559622
94.0 0.9419358921769887
95.0 0.9907781282988791
96.0 1.007629517313678
97.0 1.0036158114593523
98.0 1.0655961040184998
99.0 1.0690406918728876
100.0 1.0865210731874972
101.0 1.1217664032139953
102.0 1.1326626712971186
103.0 1.0937098896725288
104.0 1.1612160261354538
105.0 1.0735570873955147
106.0 1.0735535902733357
107.0 1.019152505146602
108.0 1.0616629107957576
109.0 1.0297965176156147
110.0 0.9750213473717574
111.0 0.9402855731122358
112.0 0.9273262098024962
113.0 0.9040941046448899
114.0 0.9112528705539089
115.0 0.844409502417128
116.0 0.8742879612890548
117.0 0.8354559667091738
118.0 0.9164853236738032
119.0 0.9198509471493831
120.0 0.9469344495311117
