Time NormalisedFlux
0.0 0.9207471706238155
1.0 0.9790127839025464
2.0 0.9938190625805846
3.0 1.0530637712398172
4.0 1.0466311018071135
5.0 1.0750574020411985
6.0 1.0620138222653928
7.0 1.1141778621061502
8.0 1.1427779709868668
9.0 1.0868797096573648
10.0 1.1175084874222383
11.0 1.0709126985981057
12.0 1.0809444365838043
13.0 1.0794141553795669
14.0 1.0419281164782406
15.0 1.059306479766589
16.0 0.9796043088110753
17.0 0.9233547435153715
18.0 0.9268769612337898
19.0 0.9005162249009688
20.0 0.9128679345665297
21.0 0.8230157168493675
22.0 0.8208594360718884
23.0 0.8989954718488183
24.0 0.9481700671917924
25.0 0.934348032749
26.0 0.9457139364304006
27.0 1.017864875661815
28.0 0.9719144638902814
29.0 0.9925042253976277
30.0 1.0199876586763856
31.0 1.0312762272238365
32.0 1.070844365449934
33.0 1.0605256064893789
34.0 1.136761995944934
35.0 1.1565993969570798
36.0 1.1068211845582072
37.0 1.0715434293111936
38.0 1.0777776014566172
39.0 1.0204847871792528
40.0 1.036811701885267
41.0 0.9904848334542087
42.0 0.9267534882219651
43.0 0.9597337365424309
44.0 0.912727433211346
45.0 0.864525631879213
46.0 0.9135426449957507
47.0 0.8677238090867285
48.0 0.8555154757124369
49.0 0.8727919139298603
50.0 0.9070452489508316
51.0 0.9189635692813486
52.0 0.9383983313706622
53.0 1.0379383909832052
54.0 1.0014655480510934
55.0 1.0144812837955832
56.0 1.021480342470655
57.0 1.085040805139311
58.0 1.0471816646386751
59.0 1.1241912438719055
60.0 1.1608965590350413
61.0 1.1613423766589652
62.0 1.1131731842594204
63.0 1.1010861193292198
64.0 1.0224753720392807
65.0 1.061448342029477
66.0 1.0019994991013768
67.0 0.9596728254263815
68.0 0.9508051602214246
69.0 0.8947725928796472
70.0 0.9220990559657135
71.0 0.9061431436565255
72.0 0.8646114993729692
73.0 0.8309167412847824
74.0 0.8786587338853382
75.0 0.9008567811590932
76.0 0.8890749312476088
77.0 0.9156871795236021
78.0 0.9652597870567294
79.0 0.9552223164818818
80.0 1.0250385139267444
81.0 1.0406536625286322
82.0 1.0198278804842602
83.0 1.089532904739547
84.0 1.1692127555063232
85.0 1.1137265984757854
86.0 1.123002409895847
87.0 1.1397504312178213
88.0 1.1358972001260865
89.0 1.1197689398826465
90.0 1.064055807997618
91.0 1.0510536919899711
92.0 1.0023218013769999
93.0 1.0031977417131501
94.0 0.9424475260514252
95.0 0.976616094175897
96.0 0.9327567168905331
97.0 0.9195138810655754
98.0 0.8121207153311423
99.0 0.8435160321966774
100.0 0.8551903278297655
101.0 0.9182264435113036
102.0 0.8850098977866355
103.0 0.9531537782183568
104.0 0.9144970379836569
105.0 0.942643809755044
106.0 0.9986952497066707
107.0 1.046092187882272
108.0 1.047003916871708
109.0 1.0939963541225803
110.0 1.1039062781828213
111.0 1.1017862665730032
112.0 1.154978381426575
113.0 1.160627666763261
114.0 1.1324114700447119
115.0 1.0914482103614271
116.0 1.0743808140317819
117.0 1.046538530255837
118.0 1.003227607865233
119.0 1.007783080373723
120.0 0.9918940197446893
