Time NormalisedFlux
0.0 1.0167035978203536
1.0 1.007929596202114
2.0 1.0427840599629559
3.0 0.9484802210764485
4.0 0.941409313165973
5.0 0.9185134533405379
6.0 0.9170260996035012
7.0 0.8835450931143665
8.0 0.8287176351875447
9.0 0.8956083342532021
10.0 0.8823901749213174
11.0 0.8853493634353632
12.0 0.9130557759604775
13.0 0.9706833666358359
14.0 1.0256674870225553
15.0 1.0088220038811813
16.0 1.0500705123339635
17.0 1.0918872475496062
18.0 1.078765887459719
19.0 1.1289603281050078
20.0 1.1409996380421545
21.0 1.1653171589591989
22.0 1.1010536420391657
23.0 1.069991175810446
24.0 1.0796185122609596
25.0 1.0795274364061058
26.0 1.010915914057977
27.0 0.9491689581190258
28.0 0.9701523927454965
29.0 0.9417785719612801
30.0 0.9607281888039384
31.0 0.8935076409205857
32.0 0.8441655866180893
33.0 0.8732372395803911
34.0 0.8820294836388682
35.0 0.867786146859574
36.0 0.9270297436949425
37.0 0.9345492845990475
38.0 0.969739348440028
39.0 0.9979416267938834
40.0 1.0242622176149356
41.0 1.02885112036618
42.0 1.0762149676608308
43.0 1.143672019336127
44.0 1.110528500358808
45.0 1.1062141524579217
46.0 1.1150670887696292
47.0 1.1582264796854254
48.0 1.0292988177881748
49.0 1.0446340866239547
50.0 1.0317472409950603
51.0 1.0051062730961735
52.0 0.9490271363249881
53.0 0.9396573307454378
54.0 0.9823946675446755
55.0 0.8829877150957686
56.0 0.8729437121577438
57.0 0.8519034561063398
58.0 0.8662426651718824
59.0 0.8581482128611191
60.0 0.9055556748110474
61.0 0.8859921511302205
62.0 0.9871167899105042
63.0 0.9911954961439783
64.0 1.0705709909508865
65.0 1.0735653484602417
66.0 1.0518894767592082
67.0 1.0994272801728744
68.0 1.138913919569623
69.0 1.1534679999807904
70.0 1.126806607485244
71.0 1.1595789674642036
72.0 1.0798156867917144
73.0 1.0693701071285708
74.0 1.0370020840395267
75.0 1.0232183005221116
76.0 1.0214249678998526
77.0 0.9083409505714868
78.0 0.9486718060097766
79.0 0.9281593297552476
80.0 0.9172105884645205
81.0 0.8583047594045816
82.0 0.9065971402477966
83.0 0.8768160979146292
84.0 0.911403066060007
85.0 0.8850988986579578
86.0 0.9045670862126808
87.0 0.9779729025366161
88.0 0.9972113188724467
89.0 0.9861444590402274
90.0 1.0403182749215758
91.0 1.0572397890416367
92.0 1.0984585311684802
93.0 1.0909298172482547
94.0 1.2072066719391603
95.0 1.1874888316180034
96.0 1.1472336757838333
97.0 1.0815588260505864
98.0 1.0625678712559283
99.0 1.0178325523009149
100.0 1.0123833455561464
101.0 1.0134031102234948
102.0 0.9659229365519567
103.0 0.9608721260192614
104.0 0.891895132965889
105.0 0.9037436615653226
106.0 0.8579023371662005
107.0 0.8962251464960964
108.0 0.9365057055559336
109.0 0.8898414455644061
110.0 0.9268555734422993
111.0 0.9559697880502467
112.0 0.9914806255562374
113.0 0.9951132494245365
114.0 1.035184579778836
115.0 1.0619731440174902
116.0 1.0462310766173404
117.0 1.1033311117552045
118.0 1.157714141681282
119.0 1.1063664969888165
120.0 1.1082325227224643
