Time NormalisedFlux
0.0 1.215261000518886
1.0 1.1930953958074504
2.0 1.213041076105141
3.0 1.17923238254585
4.0 1.2290943951807323
5.0 1.2025990286672896
6.0 1.172306350735544
7.0 1.1433445661675754
8.0 1.1579771423285492
9.0 1.0932645327598853
10.0 1.2120901146608756
11.0 1.2082202285811714
12.0 1.1603164773731662
13.0 1.1585069490627509
14.0 1.1808205715777311
15.0 1.1786388009631696
16.0 1.1033430627452199
17.0 1.1414087323178683
18.0 1.1104654352915706
19.0 1.1751637918666547
20.0 1.1474945199652826
21.0 1.1110431213748888
22.0 1.1364162559946154
23.0 1.1163213513167378
24.0 1.0982945476379475
25.0 1.0361233538119772
26.0 1.086537017201879
27.0 0.986688683283655
28.0 0.9601488146946577
29.0 0.9908151594468418
30.0 1.0239861439734483
31.0 0.9951452139569683
32.0 0.9552882983449043
33.0 0.950817969069381
34.0 0.867422073320846
35.0 0.8608687607655618
36.0 0.9058005217294933
37.0 0.8966551460865883
38.0 0.9258430043256283
39.0 0.9039567296677117
40.0 0.8253514306311052
41.0 0.8516365514524668
42.0 0.7608553347867639
43.0 0.7989678229346148
44.0 0.9061071099242256
45.0 0.789429762869218
46.0 0.795495386118223
47.0 0.7980397690919828
48.0 0.8582425664685432
49.0 0.7892720392164758
50.0 0.8204597109251133
51.0 0.8410579659813681
52.0 0.8123352503614191
53.0 0.8188768059517608
54.0 0.7880215864392616
55.0 0.8058866313600381
56.0 0.8143110100753802
57.0 0.8388808047499139
58.0 0.8489293112572107
59.0 0.8404637674949428
60.0 0.7802341567761675
61.0 0.8237614957344471
62.0 0.8752099538995609
63.0 0.879699208728137
64.0 0.8624920741057922
65.0 0.8712751021016895
66.0 0.8550460555769281
67.0 0.8822716656862383
68.0 0.9384760170945875
69.0 0.9642379703548176
70.0 0.9382776196462882
71.0 0.9586890224054462
72.0 0.9171267095868666
73.0 0.9730264159375921
74.0 1.0009614791854222
75.0 1.0042799339713928
76.0 0.994227930056889
77.0 0.9836802009086508
78.0 1.0221036822163754
79.0 1.0428655833650808
80.0 1.0597379088385757
81.0 1.0500714232586668
82.0 1.0820399233420666
83.0 1.1064226127507877
84.0 1.075330926367937
85.0 1.088524798512844
86.0 1.1763384419584269
87.0 1.2255887074572904
88.0 1.1174366304439811
89.0 1.0977517913112116
90.0 1.1850235971532814
91.0 1.1457248994884672
92.0 1.1864200231528204
93.0 1.1881304638903376
94.0 1.1822979254824613
95.0 1.2327350052395392
96.0 1.2520739947725432
97.0 1.101574423091998
98.0 1.1974204992451245
99.0 1.1807990042704646
100.0 1.2065898402616764
101.0 1.1854134216992143
102.0 1.2389128825538407
103.0 1.1886924527230773
104.0 1.195355031436182
105.0 1.2109126864402882
106.0 1.2041588283611049
107.0 1.2302792543541403
108.0 1.1277194668882506
109.0 1.177002148381597
110.0 1.1009309744107894
111.0 1.1727436784438896
112.0 1.1193560416854962
113.0 1.120148927438001
114.0 1.1051456477906325
115.0 1.0990993619138174
116.0 1.063259214637006
117.0 1.0311150884519653
118.0 1.069058834118768
119.0 1.09011376465411
120.0 1.0426836782573974
