Time NormalisedFlux
0.0 1.0292052743144329
1.0 0.9176952528568831
2.0 0.968829909069203
3.0 0.9284097839567821
4.0 0.98454228190363
5.0 1.0824840796385122
6.0 0.838310661320748
7.0 1.1613458398786503
8.0 0.985753758618111
9.0 1.0500663450475878
10.0 1.1977285147999974
11.0 0.7844913292383221
12.0 1.2832205152150713
13.0 1.0505496709974638
14.0 0.9326635522579938
15.0 0.9630621606874842
16.0 1.0237327738434834
17.0 1.195136970766454
18.0 1.0107190632699092
19.0 1.0884886255703465
20.0 1.0496046726020514
21.0 1.1506495225937656
22.0 0.9481352162043155
23.0 1.0191296008567854
24.0 0.9927573042826195
25.0 0.8751878660284287
26.0 0.9675047967954391
27.0 1.1387073221090542
28.0 0.9254447258600151
29.0 0.890371715018961
30.0 1.1097017771434794
31.0 1.0989742629250787
32.0 1.0115912062410484
33.0 1.1127972542995423
34.0 0.9871716380836331
35.0 1.0288118833632316
36.0 1.0032811120294105
37.0 0.8706883377580121
38.0 1.057837517684539
39.0 0.9667795913839689
40.0 0.8561295928571591
41.0 1.0500632690351461
42.0 1.0829725979933087
43.0 1.1428561589221649
44.0 1.0869228247673404
45.0 1.0524582958511493
46.0 1.0541825489606682
47.0 1.0400331372529716
48.0 0.8431517393828734
49.0 1.151020253515982
50.0 0.9692879380390264
51.0 0.9419229428066302
52.0 0.9801564583709799
53.0 0.9698082075474559
54.0 1.0163277773346224
55.0 0.8856177617652075
56.0 1.1361666939766066
57.0 0.8799949424925563
58.0 0.9840832356811954
59.0 1.0881218275541713
60.0 1.2453760717277895
61.0 1.053285608606943
62.0 0.9272014248610305
63.0 1.027247450019765
64.0 0.9957194743105785
65.0 1.1266357238570415
66.0 1.1292712145846657
67.0 0.8958842810103322
68.0 1.043905895320613
69.0 1.0468934885215235
70.0 0.9648266474493065
71.0 1.0294594331381755
72.0 1.1087624588796507
73.0 1.1974807234017864
74.0 0.8526262227940248
75.0 1.1279918064111103
76.0 1.0221300587975761
77.0 1.1410658471149844
78.0 1.1598891955661208
79.0 0.9938768315639018
80.0 0.8674727470823042
81.0 1.016155850105089
82.0 1.020033964935371
83.0 0.9854763105226135
84.0 0.9634155736133613
85.0 1.0400716412198632
86.0 1.006587966598869
87.0 1.1032898413698793
88.0 1.0830281743575825
89.0 1.1290172506843612
90.0 1.0900266285799702
91.0 1.0530970828787252
92.0 1.125990220594826
93.0 0.9097079387532943
94.0 1.1432016538674588
95.0 1.0598604205828797
96.0 1.084826024784596
97.0 1.1219949057837983
98.0 0.8246619373050648
99.0 0.908905250898292
100.0 1.0562668140224343
101.0 0.9672971009920994
102.0 0.9944710553205381
103.0 1.0237631408593009
104.0 1.1936384409906156
105.0 1.168933306111749
106.0 1.0933248361249004
107.0 0.9620922842287256
108.0 1.1077366593491866
109.0 0.9086756137285521
110.0 0.8757339907978922
111.0 1.13793110147336
112.0 1.094316687582019
113.0 1.1465581695639198
114.0 0.8488918436756044
115.0 1.1072324683744272
116.0 1.1732136338118924
117.0 0.7777757428077802
118.0 1.091327873051723
119.0 0.8364726395791509
120.0 0.8599956261847673
