Time NormalisedFlux
0.0 0.9629129382211848
1.0 0.9310585598009687
2.0 0.952688266045949
3.0 0.9626837581288971
4.0 0.8842381689597877
5.0 0.8653425599157869
6.0 0.8490956621732789
7.0 0.8983732761699808
8.0 0.8775974911629509
9.0 0.911681414625569
10.0 0.9528461479021479
11.0 0.9801161097682092
12.0 0.9875635568860455
13.0 0.9670404627998561
14.0 1.0384378806991845
15.0 1.072995792954591
16.0 1.0691353386046696
17.0 1.091301087214437
18.0 1.1334803653871532
19.0 1.1436160528424282
20.0 1.1786350969678125
21.0 1.1068871753168383
22.0 1.0699589246307677
23.0 1.0812390017790705
24.0 1.0725763601162785
25.0 1.0740420029791882
26.0 1.0454690213989268
27.0 1.0304366937984475
28.0 0.9499475096895198
29.0 0.9275369124741272
30.0 0.9489377513947487
31.0 0.9097787748399406
32.0 0.9081765149811529
33.0 0.8721797127807956
34.0 0.8555707337988674
35.0 0.8968732043736128
36.0 0.9135111759326315
37.0 0.9334296411657353
38.0 0.9406170572076321
39.0 0.9463172403885779
40.0 0.9736756071519769
41.0 1.0117621612126713
42.0 1.0301863050232853
43.0 1.0615826005880613
44.0 1.1210388228588066
45.0 1.1281615912777736
46.0 1.1083954979141366
47.0 1.1429080330876775
48.0 1.1548248178156935
49.0 1.1353282043597286
50.0 1.151055770114066
51.0 1.0261133616789324
52.0 1.0433691907917524
53.0 1.0751362790257408
54.0 1.0139194907562128
55.0 1.019653680768034
56.0 0.9658378885494218
57.0 0.9193149886158809
58.0 0.9314901508163038
59.0 0.9266753617900556
60.0 0.8548666470216782
61.0 0.8743040690809376
62.0 0.8332268132566794
63.0 0.846981185491148
64.0 0.9424405313840118
65.0 0.9109313516571755
66.0 0.9709327385046893
67.0 0.9609498843043016
68.0 0.9909986984024574
69.0 0.9666638605859783
70.0 1.0561972247127118
71.0 1.071345511444608
72.0 1.06652565790744
73.0 1.1548203577564455
74.0 1.131512229814916
75.0 1.1567387131059477
76.0 1.1022774177354515
77.0 1.123685210542194
78.0 1.0532466037059744
79.0 1.077387488892987
80.0 1.0378803296430286
81.0 1.0418797574064378
82.0 1.0373899082530058
83.0 0.9344109025206531
84.0 0.9523109856530072
85.0 0.9330489645130884
86.0 0.8867004335670137
87.0 0.9133040871218752
88.0 0.8594555593657127
89.0 0.848695067535643
90.0 0.8546092911007535
91.0 0.8945442164907624
92.0 0.8955709313610359
93.0 0.9754508687927007
94.0 0.9458030419057238
95.0 0.9814507841028871
96.0 1.0416397417151428
97.0 1.025933129327654
98.0 1.0554202520643066
99.0 1.079633459156094
100.0 1.0926173631046532
101.0 1.094129200150148
102.0 1.136282983583445
103.0 1.1412305859525886
104.0 1.1113812551954256
105.0 1.079373565095066
106.0 1.091694031264236
107.0 1.0412479242797583
108.0 1.0135092921796114
109.0 1.002320954323822
110.0 0.9694941520030825
111.0 0.9820408673329711
112.0 0.9374116079933921
113.0 0.9351416195866756
114.0 0.8543531034515266
115.0 0.898977344359903
116.0 0.8793608798032874
117.0 0.8235821958681986
118.0 0.8994715450787121
119.0 0.890547179968298
120.0 0.9174696217562959
