Time NormalisedFlux
0.0 0.983201114754125
1.0 0.9480421247757492
2.0 0.9633372516375924
3.0 0.9252438558550219
4.0 0.9272048713772904
5.0 0.8912494765343404
6.0 0.8990696382291995
7.0 0.9081420364343995
8.0 0.9111182215821908
9.0 0.9385469625415219
10.0 0.964960671188292
11.0 1.0313709623759573
12.0 1.0076669948375547
13.0 1.0518125677459829
14.0 1.1031179021990052
15.0 1.0873499588919728
16.0 1.0907606023292162
17.0 1.1097922868940413
18.0 1.0915926549799977
19.0 1.0699558465235088
20.0 1.069596099421494
21.0 1.0279193978995065
22.0 1.0356063614186466
23.0 1.0522607732082325
24.0 1.069320497981667
25.0 1.0489290298750493
26.0 1.0545082293135155
27.0 1.0593404656126217
28.0 1.06666337027519
29.0 1.023068866828131
30.0 1.03318298460175
31.0 1.0399462960636192
32.0 1.0076114897975017
33.0 0.9777361251806052
34.0 0.9966226689704497
35.0 1.008221135103706
36.0 0.9869073658357255
37.0 1.0141092991749245
38.0 1.0067019039292018
39.0 0.9713708643500674
40.0 0.9733842608044584
41.0 0.9542200840017561
42.0 0.9491755044996327
43.0 0.9762926796709983
44.0 0.9585541290040337
45.0 0.966358770217569
46.0 0.9183993079060538
47.0 0.9824823579545744
48.0 0.9788394243963807
49.0 0.9306251168567612
50.0 0.9565732858402717
51.0 0.9248041139253247
52.0 0.9085558129725475
53.0 0.9091311156510838
54.0 0.9036402638815888
55.0 0.9054195708035122
56.0 0.9331766228830972
57.0 0.9507387222420027
58.0 0.9587419028660972
59.0 1.0163302389788154
60.0 1.039779312336522
61.0 1.0660437031313559
62.0 1.0779925924493194
63.0 1.1049552504914024
64.0 1.0860583319711679
65.0 1.0769789499499107
66.0 1.0888194426803768
67.0 1.0691639773890325
68.0 1.0510734088322664
69.0 1.042944149076895
70.0 1.0366765615956706
71.0 1.0286734320692803
72.0 1.0725628757928578
73.0 1.020824843218501
74.0 1.0480250543587437
75.0 1.0380397983501188
76.0 1.046493660896205
77.0 1.017486488155284
78.0 1.0161061992081473
79.0 0.9979930883304006
80.0 0.9777427025886458
81.0 1.0147694526340134
82.0 1.011753212923704
83.0 1.012518764438012
84.0 0.9869870486919747
85.0 0.9912155383522657
86.0 0.9662288162291398
87.0 0.9723796481727112
88.0 0.9856418286317782
89.0 0.9601058863419701
90.0 0.9591190331306737
91.0 0.9602166893919115
92.0 0.9518572390299338
93.0 0.9444749797564362
94.0 0.9607739304974128
95.0 0.9613443039935727
96.0 0.9722664958073824
97.0 0.9313626319676127
98.0 0.9207049252663155
99.0 0.9310995718657076
100.0 0.9156233841883297
101.0 0.8929267935100098
102.0 0.9084495195589875
103.0 0.9388747142052989
104.0 0.9380404296432303
105.0 0.9990710729195976
106.0 1.008388758576847
107.0 1.0571557816033947
108.0 1.065212741489064
109.0 1.0657812643432096
110.0 1.0883498408666799
111.0 1.1111871489649705
112.0 1.0976819105101194
113.0 1.074795895300001
114.0 1.089813023581459
115.0 1.0479584828951274
116.0 1.0313970886298984
117.0 1.0437050678803848
118.0 1.0589712234649662
119.0 1.0594434148172416
120.0 1.0352370440058762
