Time NormalisedFlux
0.0 0.948216052472583
1.0 0.9478136788463891
2.0 0.9471722115426777
3.0 0.9365383528327171
4.0 0.8962601678623223
5.0 0.8754212616412747
6.0 0.9175270161430623
7.0 0.9043171748559271
8.0 0.9539844373629689
9.0 0.9610193938562321
10.0 0.9906878201246423
11.0 1.0126535634412297
12.0 1.0417467190175753
13.0 1.0832034494797127
14.0 1.0584000685210653
15.0 1.1141115973894398
16.0 1.0887487588435456
17.0 1.093228034183463
18.0 1.0959234415852266
19.0 1.0764384666002005
20.0 1.0715414373791186
21.0 1.056217440428106
22.0 1.0548656118818176
23.0 1.0540852160084673
24.0 1.0469882569670066
25.0 1.0474940483800887
26.0 1.0566424123806806
27.0 1.0530332942487983
28.0 1.0319947340935232
29.0 1.0561014025382993
30.0 1.0013208634297073
31.0 0.972400925985333
32.0 0.98477552587729
33.0 1.0133681245413322
34.0 1.0049823341873698
35.0 0.9811813687458318
36.0 1.0000654472422221
37.0 0.9769851829318084
38.0 0.9563949546579417
39.0 0.9639621863515591
40.0 0.9850989675655039
41.0 0.9749687840903484
42.0 0.944773667464902
43.0 0.9766187764516439
44.0 0.9559430021281449
45.0 0.9535673278103804
46.0 0.9776371084531006
47.0 0.965684610459451
48.0 0.9374346144070985
49.0 0.9604574064610989
50.0 0.9305131117321092
51.0 0.9173687451906748
52.0 0.8947783540975722
53.0 0.8854825256558648
54.0 0.9126141758844204
55.0 0.8955825329670785
56.0 0.9233905438345238
57.0 0.9555680068108025
58.0 1.006509342064067
59.0 1.035578934092669
60.0 1.0610394455196392
61.0 1.105901479769324
62.0 1.064518027654196
63.0 1.0996028515699152
64.0 1.0932435838796446
65.0 1.0729732065803161
66.0 1.060799985278814
67.0 1.071016459845971
68.0 1.041763482070438
69.0 1.0426324970729581
70.0 1.0308094818484836
71.0 1.030586623906123
72.0 1.0502917253113484
73.0 1.0274907781412095
74.0 1.057215191239126
75.0 1.0553829300824953
76.0 1.03956606225632
77.0 0.9964885970132141
78.0 1.0002381499861634
79.0 0.9986723990499449
80.0 0.989467269305063
81.0 0.9845541767115408
82.0 0.9782361298492411
83.0 0.9982779852384717
84.0 0.9920734986863367
85.0 0.9790871298676589
86.0 0.9980686824972352
87.0 0.9817118082313725
88.0 0.9550667409218273
89.0 0.9589630558721532
90.0 0.9671949000891831
91.0 0.9672129461979002
92.0 0.9816406216851632
93.0 0.9517519231817512
94.0 0.925030160515659
95.0 0.932980843118257
96.0 0.9411934279962015
97.0 0.9163865552173699
98.0 0.9022444161596191
99.0 0.8897002844019881
100.0 0.9084719216355368
101.0 0.916920467064559
102.0 0.9099652983425534
103.0 0.9415957992060996
104.0 0.9675368214155161
105.0 1.0123093670057168
106.0 1.0458017199605816
107.0 1.0626613307620343
108.0 1.0950369215593272
109.0 1.119282685945461
110.0 1.0979716901032217
111.0 1.1002165961387322
112.0 1.0908614879312941
113.0 1.0740209852801146
114.0 1.0763310132184392
115.0 1.0192873378826726
116.0 1.011129143868225
117.0 1.0330962703877302
118.0 1.0370874992060015
119.0 1.043888650885218
120.0 1.0359079096333015
