Time NormalisedFlux
0.0 0.9195643314572977
1.0 1.1047549883780663
2.0 1.0862547749901226
3.0 1.0324688016903638
4.0 1.189942447423369
5.0 0.9286372636101595
6.0 1.0030273787077695
7.0 0.9046585429965344
8.0 0.8831064370658753
9.0 0.9786870848995157
10.0 0.9510372690696113
11.0 1.0788513047803208
12.0 1.10983076487183
13.0 0.7859846047855733
14.0 1.1737674833384604
15.0 1.1079077058580482
16.0 0.898166535496142
17.0 1.10201061102686
18.0 1.0055596559719562
19.0 1.0433954832295274
20.0 0.9679403518398467
21.0 1.0732830715083068
22.0 1.0359447156920945
23.0 1.0298485619688775
24.0 0.8499074083861751
25.0 1.224699615819075
26.0 1.0561400867150461
27.0 0.9415797274346676
28.0 0.8140269587772804
29.0 0.8627584078709509
30.0 1.078480307707927
31.0 1.298392912914573
32.0 0.9654791680014712
33.0 1.1974957474753023
34.0 1.1185244623028865
35.0 1.177565258442936
36.0 0.8661366023108877
37.0 0.9499367343439306
38.0 1.0153537467186649
39.0 1.0019708509686
40.0 1.0180979505666439
41.0 1.0499399360372461
42.0 0.9342367246479678
43.0 1.1403297466739997
44.0 0.8158260835550468
45.0 0.8972748079097769
46.0 1.1305903244724806
47.0 1.1154571654344219
48.0 0.9648134905710252
49.0 0.9732926928914418
50.0 1.017323305636416
51.0 0.8387690207799301
52.0 1.1226224462996233
53.0 1.025271721510108
54.0 1.0267294551788322
55.0 1.1446621300503228
56.0 0.8912834374362986
57.0 1.0804040900451446
58.0 0.9870375078103878
59.0 1.2073523412087908
60.0 0.9879139949189749
61.0 0.8503829843312798
62.0 1.033167226116951
63.0 0.843699416579362
64.0 0.876437639604204
65.0 0.8249431524975914
66.0 0.8255154367592349
67.0 0.8942220034615597
68.0 0.9841200377489896
69.0 0.9613564933857908
70.0 0.8056167504018321
71.0 0.9213835233496356
72.0 1.0792036899583062
73.0 0.9931324571154867
74.0 0.9163786813099225
75.0 1.0678623992501688
76.0 0.7814717882719971
77.0 1.0484150885116506
78.0 1.0705918296528598
79.0 0.9455710145868621
80.0 1.032121352237146
81.0 1.0366811137408323
82.0 1.0247434793575176
83.0 0.8530646949839846
84.0 1.0257675063011336
85.0 1.063735777999709
86.0 1.008750644933914
87.0 0.9818610572889133
88.0 1.1645034998785895
89.0 1.0597919102890476
90.0 0.914300369803334
91.0 1.1814536431804565
92.0 0.9478887297500245
93.0 1.1572397185095809
94.0 1.0152395069690474
95.0 0.9389375512533623
96.0 1.0040386221838016
97.0 0.9704852544373469
98.0 1.0013702505621602
99.0 1.0865602524630522
100.0 0.977764726292976
101.0 0.9711189223836046
102.0 1.1155409854883556
103.0 0.900172245588213
104.0 0.8769825426693862
105.0 0.8842356651714348
106.0 1.081437154014987
107.0 1.0616746470426643
108.0 1.1070100436815402
109.0 0.9118339292722099
110.0 0.9197693607294299
111.0 0.9526669357360401
112.0 1.0319780106778995
113.0 0.9732124098723185
114.0 0.9036410136475522
115.0 0.9924899844511501
116.0 1.0073749283617932
117.0 1.038575894033755
118.0 1.0550666882359157
119.0 0.9797850598861706
120.0 0.9671912132549213
