Name Equatorial Polar BlueF GreenF RedF Parallax RadialVelocity Variable?
S400974 200.5444 55.5682 6.325e-21 9.215e-21 1.484e-20 0.0 40.73 0.0
S400975 200.5258 55.4989 1.2260000000000001e-20 1.735e-20 2.5210000000000002e-20 0.0 43.06 0.0
S400979 200.5674 55.5228 2.126e-21 3.747e-21 8.855e-21 0.0 41.0 0.0
S400980 200.7547 55.6022 2.4140000000000002e-20 3.1080000000000005e-20 3.7930000000000004e-20 0.0 40.86 0.0
S400982 200.5125 55.4642 7.339000000000001e-20 8.787e-20 9.093000000000001e-20 0.0 43.97 0.0
S400988 200.5428 55.5038 4.0989999999999994e-22 7.505999999999999e-22 1.936e-21 0.0 42.57 0.0
S400990 200.4891 55.3341 1.055e-21 1.9230000000000002e-21 4.7e-21 0.0 43.69 0.0
S400991 200.5477 55.559 3.71e-21 6.076e-21 1.2090000000000001e-20 0.0 40.5 0.0
S400993 200.5292 55.4793 4.0999999999999995e-22 8.108e-22 2.447e-21 0.0 43.59 0.0
S400995 200.5236 55.5028 4.1069999999999994e-22 8.088999999999999e-22 2.354e-21 0.0 42.77 0.0
S400997 200.6011 55.6874 1.1960000000000002e-20 1.7070000000000002e-20 2.5490000000000002e-20 0.0 40.28 0.0
S400998 200.4687 55.4929 2.613e-21 4.225e-21 8.153e-21 0.0 42.76 0.0
S401000 200.5352 55.5344 4.772e-21 7.746e-21 1.4890000000000002e-20 0.0 41.42 0.0
S401001 200.6186 55.4687 2.463e-22 4.948e-22 1.567e-21 0.0 42.08 1.0
S401002 200.4444 55.3525 1.905e-18 2.951e-18 5.316e-18 0.0 44.22 0.0
S401003 200.5428 55.4738 6.79e-19 6.69e-19 4.927e-19 0.0 42.99 0.0
S401004 200.5694 55.5474 4.092e-20 5.2830000000000005e-20 6.447000000000001e-20 0.0 40.11 0.0
S401006 200.555 55.4842 2.754e-19 3.225e-19 3.171e-19 0.0 43.18 0.0
S401010 200.5426 55.5134 1.344e-22 2.4749999999999996e-22 6.523999999999999e-22 0.0 42.05 0.0
S401011 200.5339 55.4759 2.2e-21 3.897e-21 9.024000000000001e-21 0.0 43.52 0.0
S401013 200.5371 55.4849 1.07e-22 2.4749999999999996e-22 1.025e-21 0.0 43.28 0.0
S401015 200.6754 55.7149 3.911e-18 3.35e-18 1.79e-18 0.0 39.7 0.0
S401016 200.5178 55.546 4.405e-19 4.83e-19 4.123e-19 0.0 41.47 0.0
S401018 200.5492 55.5008 1.7029999999999999e-22 3.394e-22 1.008e-21 0.0 42.56 0.0
S401019 200.5388 55.5264 9.419e-19 1.735e-18 4.434e-18 0.0 41.11 0.0
S401023 200.5465 55.5102 7.092e-21 1.0150000000000001e-20 1.538e-20 0.0 43.21 0.0
S401024 200.5499 55.5078 9.076e-19 1.336e-18 2.106e-18 0.0 42.21 0.0
S401026 200.6377 55.6394 2.7e-21 4.457e-21 9.037e-21 0.0 39.75 0.0
S401027 200.5858 55.5684 1.058e-22 2.2019999999999997e-22 7.192999999999999e-22 0.0 39.88 0.0
S401029 200.5652 55.5415 3.117e-22 5.946999999999999e-22 1.641e-21 0.001 40.31 0.0
S401030 200.5346 55.4922 2.409e-18 2.161e-18 1.286e-18 0.0 43.41 0.0
S401033 200.5232 55.503 5.826999999999999e-22 1.144e-21 3.204e-21 0.0 43.31 0.0
S401034 200.4936 55.4244 1.228e-18 1.182e-18 7.874e-19 0.0 43.96 0.0
S401037 200.5737 55.5479 2.581e-20 3.4460000000000005e-20 4.6210000000000004e-20 0.0 40.05 0.0
S401038 200.6346 55.5942 1.805e-18 3.204e-18 7.476e-18 0.0 40.19 1.0
S401041 200.5622 55.526 2.4580000000000003e-20 3.2340000000000004e-20 4.0350000000000003e-20 0.0 40.61 0.0
S401042 200.5767 55.5524 7.765e-22 1.393e-21 3.341e-21 0.0 40.37 0.0
S401043 200.5446 55.5192 1.359e-22 2.956e-22 1.084e-21 0.0 40.91 0.0
S401046 200.6059 55.498 1.1830000000000001e-20 1.5990000000000002e-20 2.164e-20 0.0 41.73 0.0
S401047 200.5224 55.501 2.064e-22 4.536999999999999e-22 1.632e-21 0.0 43.29 0.0
S401051 200.5567 55.5227 1.484e-20 2.119e-20 3.128e-20 0.0 41.12 0.0
S401052 200.5405 55.5146 7.868e-22 1.404e-21 3.5e-21 0.0 41.89 0.0
S401056 200.6543 55.4921 2.808e-19 3.097e-19 2.636e-19 0.0 41.67 0.0
S401060 200.5289 55.5224 1.1900000000000001e-20 1.8620000000000002e-20 3.3450000000000003e-20 0.0 41.47 0.0
S401063 200.5547 55.5975 5.986999999999999e-22 1.12e-21 3.008e-21 0.0 40.73 0.0
S401064 200.5416 55.5381 3.954e-21 6.494e-21 1.3470000000000001e-20 0.0 41.08 0.0
S401065 200.508 55.5042 6.033999999999999e-22 1.033e-21 2.3390000000000002e-21 0.0 42.86 0.0
S401066 200.5898 55.4245 6.480999999999999e-22 1.2140000000000001e-21 3.203e-21 0.0 42.55 0.0
S401067 200.529 55.5443 2.5590000000000002e-21 4.2030000000000004e-21 8.151e-21 0.0 41.44 0.0
S401068 200.5407 55.5766 4.737e-19 4.984e-19 4.014e-19 0.0 40.74 0.0
S401069 200.5338 55.5204 1.105e-19 1.232e-19 1.095e-19 0.0 41.73 0.0
S401070 200.5859 55.5212 1.3929999999999998e-22 2.924e-22 9.763e-22 0.0 41.22 0.0
S401071 200.5427 55.5066 6.218000000000001e-20 7.328e-20 7.142000000000001e-20 0.0 42.87 0.0
S401073 200.5576 55.4676 1.013e-18 9.994e-19 6.824e-19 0.0 42.76 0.0
S401075 200.6283 55.5932 3.276e-18 6.723e-18 2.22e-17 0.0 40.05 0.0
S401076 200.5601 55.496 6.634e-21 1.0530000000000001e-20 1.949e-20 0.0 42.27 0.0
S401077 200.4963 55.4965 2.299e-18 4.749e-18 1.554e-17 0.0 43.52 0.0
S401079 200.5417 55.514 6.188e-19 6.246e-19 4.602e-19 0.0 41.23 0.0
S401080 200.4479 55.4591 1.387e-21 2.329e-21 4.972e-21 0.0 43.31 0.0
S401084 200.5235 55.5131 3.4099999999999995e-22 6.967999999999999e-22 2.144e-21 0.0 42.26 0.0
S401086 200.5456 55.5605 2.1900000000000002e-20 2.885e-20 3.6820000000000004e-20 0.0 40.68 1.0
S401087 200.4937 55.2973 7.674e-14 6.738e-14 3.839e-14 0.0 43.54 1.0
S401088 200.5595 55.4918 2.8800000000000005e-20 4.0800000000000006e-20 5.966e-20 0.0 42.38 0.0
S401094 200.5455 55.523 2.746e-21 4.279e-21 7.67e-21 0.0 40.67 0.0
S401095 200.5653 55.5411 3.023e-22 5.511e-22 1.341e-21 0.0 40.24 0.0
S401097 200.6456 55.6463 3.1569999999999995e-22 5.437e-22 1.2170000000000001e-21 0.0 39.66 0.0
S401098 200.5401 55.4913 6.054e-19 6.102e-19 4.48e-19 0.0 43.36 0.0
S401099 200.5431 55.516 1.326e-22 3.0989999999999996e-22 1.26e-21 0.0 41.78 0.0
S401100 200.6112 55.5552 1.2760000000000001e-20 1.856e-20 2.988e-20 0.0 40.63 0.0
S401102 200.6955 55.6757 1.632e-21 2.7730000000000002e-21 5.916e-21 0.0 39.85 0.0
S401105 200.543 55.4985 3.6339999999999996e-22 7.0499999999999995e-22 2.111e-21 0.0 42.85 0.0
S401106 200.5286 55.5255 1.588e-20 2.188e-20 3.098e-20 0.001 41.79 0.0
S401107 200.554 55.5117 1.7009999999999997e-22 3.3199999999999995e-22 9.840999999999998e-22 0.0 41.48 0.0
S401109 200.4827 55.4142 1.581e-18 1.524e-18 1.035e-18 0.0 44.0 0.0
S401110 200.4284 55.365 4.892e-20 6.276e-20 7.501e-20 0.0 44.16 0.0
S401111 200.5081 55.5416 3.447e-19 3.548e-19 2.842e-19 0.0 41.71 0.0
S401113 200.5606 55.5458 8.893999999999999e-22 1.5470000000000001e-21 3.479e-21 0.0 40.16 0.0
S401115 200.5051 55.4143 1.4640000000000003e-20 1.942e-20 2.539e-20 0.0 43.81 0.0
S401117 200.5431 55.5289 1.774e-18 1.632e-18 9.851e-19 0.0 41.05 0.0
S401118 200.5655 55.5147 4.3860000000000004e-20 5.906e-20 7.556000000000001e-20 0.0 41.38 0.0
S401119 200.5386 55.5096 2.439e-19 2.597e-19 2.168e-19 0.0 42.22 0.0
S401120 200.6165 55.5194 8.086e-20 9.720000000000001e-20 1.036e-19 0.0 41.32 0.0
S401121 200.5535 55.4705 8.46e-20 1.04e-19 1.168e-19 0.0 42.98 0.0
S401122 200.5279 55.4761 1.242e-17 1.021e-17 5.056e-18 0.0 43.56 0.0
S401123 200.5919 55.5712 6.824999999999999e-22 1.291e-21 3.46e-21 0.0 39.83 0.0
S401125 200.521 55.5921 2.3930000000000002e-20 2.9780000000000004e-20 3.387e-20 0.0 41.0 0.0
S401128 200.537 55.5137 2.872e-21 4.878e-21 1.059e-20 0.0 42.02 0.0
S401129 200.6052 55.4843 2.7439999999999997e-22 5.844999999999999e-22 2.014e-21 0.0 41.94 0.0
S401131 200.5503 55.5098 1.73e-22 3.5059999999999995e-22 1.138e-21 0.0 43.05 0.0
S401132 200.5352 55.5074 3.866e-18 8.591e-18 3.194e-17 0.0 42.66 0.0
S401134 200.5492 55.5176 2.381e-21 4.017e-21 8.267e-21 0.0 41.01 0.0
S401136 200.552 55.5186 1.3299999999999998e-22 2.807e-22 9.670999999999999e-22 0.0 41.21 0.0
S401137 200.5324 55.4888 1.515e-20 2.1380000000000002e-20 3.2110000000000006e-20 0.0 43.4 0.0
S401138 200.56 55.4915 9.339e-21 1.4200000000000002e-20 2.505e-20 0.0 42.28 0.0
S401142 200.5785 55.5189 1.37e-19 1.518e-19 1.399e-19 0.0 41.3 0.0
S401143 200.5405 55.5122 4.053e-14 2.728e-14 9.047e-15 0.0 42.7 0.0
S401145 200.4646 55.5133 1.1450000000000001e-20 1.7060000000000002e-20 2.7490000000000005e-20 0.0 42.2 0.0
S401146 200.5428 55.5034 4.6540000000000005e-20 6.039e-20 7.647000000000001e-20 0.0 42.93 0.0
S401147 200.733 55.6462 7.322e-19 7.443e-19 5.557e-19 0.0 40.44 0.0
S401148 200.5208 55.5001 3.3729999999999995e-22 7.022e-22 2.27e-21 0.0 42.71 0.0
S401150 200.4932 55.5246 1.543e-17 1.177e-17 4.97e-18 0.001 42.14 0.0
S401152 200.5707 55.5647 4.933e-20 6.133e-20 6.603e-20 0.0 40.17 0.0
S401154 200.6025 55.5578 3.051e-21 4.933e-21 9.345000000000001e-21 0.0 40.29 0.0
S401157 200.4381 55.4578 5.3259999999999995e-22 9.925e-22 2.554e-21 0.0 43.12 0.0
S401158 200.5817 55.5767 6.148e-18 5.256e-18 2.689e-18 0.0 39.81 0.0
S401159 200.4912 55.4658 1.0479999999999999e-22 2.4299999999999996e-22 9.549999999999999e-22 0.0 43.73 0.0
S401161 200.5588 55.5372 3.004e-18 2.661e-18 1.546e-18 0.0 40.34 0.0
S401162 200.5538 55.5281 4.46e-21 6.911e-21 1.2090000000000001e-20 0.0 40.93 0.0
S401163 200.5577 55.5087 3.695e-21 6.1050000000000004e-21 1.2290000000000001e-20 0.0 41.84 0.0
S401165 200.5431 55.5127 2.269e-18 2.005e-18 1.155e-18 0.0 42.02 0.0
S401166 200.547 55.4978 4.252e-20 5.2840000000000004e-20 6.014e-20 0.0 43.19 0.0
S401167 200.5975 55.5419 4.252e-20 5.458000000000001e-20 6.819000000000001e-20 0.0 40.55 0.0
S401169 200.5425 55.5196 3.998e-18 7.089e-18 1.619e-17 0.0 40.83 0.0
S401170 200.5536 55.7242 1.187e-20 1.69e-20 2.4560000000000002e-20 0.0 40.66 0.0
S401172 200.6012 55.5001 1.4e-19 1.629e-19 1.586e-19 0.0 41.74 0.0
S401173 200.4902 55.3633 3.6499999999999997e-22 7.473999999999999e-22 2.35e-21 0.0 43.85 0.0
S401175 200.5668 55.5027 9.539e-22 1.756e-21 4.492e-21 0.0 41.87 0.0
S401178 200.5525 55.52 3.271e-20 4.312e-20 5.441e-20 0.0 40.75 0.0
S401180 200.5412 55.4773 5.993e-19 6.013e-19 4.291e-19 0.0 43.48 0.0
S401181 200.5791 55.5558 3.236e-19 3.506e-19 2.841e-19 0.0 39.94 0.0
S401183 200.5375 55.5221 1.0209999999999998e-22 2.399e-22 9.899999999999998e-22 0.0 41.61 0.0
S401184 200.618 55.6074 2.7269999999999996e-22 5.734e-22 1.961e-21 0.0 39.67 0.0
S401185 200.5168 55.5339 2.66e-18 2.436e-18 1.476e-18 0.0 41.78 0.0
S401187 200.5113 55.4283 5.909000000000001e-20 7.371000000000001e-20 8.586e-20 0.0 43.77 0.0
S401188 200.5214 55.5011 2.834e-18 2.563e-18 1.479e-18 0.0 43.02 0.0
S401189 200.5227 55.4676 2.5779999999999995e-22 5.246999999999999e-22 1.73e-21 0.0 43.89 0.0
S401190 200.5404 55.5168 1.659e-19 1.811e-19 1.542e-19 0.0 40.76 0.0
S401191 200.5524 55.5371 9.221999999999999e-22 1.635e-21 3.794e-21 0.0 40.64 0.0
S401192 200.558 55.5392 1.951e-18 3.675e-18 9.653e-18 0.0 40.29 0.0
S401193 200.4961 55.4082 1.8359999999999998e-22 4.0289999999999997e-22 1.5350000000000001e-21 0.0 43.93 0.0
S401194 200.5521 55.5096 2.8040000000000005e-20 3.7090000000000005e-20 4.6670000000000006e-20 0.0 40.69 0.0
S401195 200.5371 55.5206 1.0099999999999999e-22 2.287e-22 8.699e-22 0.0 41.09 0.0
S401196 200.5507 55.5494 1.753e-20 2.4270000000000003e-20 3.2550000000000003e-20 0.0 40.13 0.0
S401198 200.4583 55.4517 1.646e-13 1.208e-13 4.533e-14 0.0 43.6 0.0
S401201 200.509 55.5381 4.666e-19 4.87e-19 3.72e-19 0.001 41.76 0.0
S401202 200.5265 55.5224 4.7740000000000003e-20 5.865000000000001e-20 6.461000000000001e-20 0.0 41.81 0.0
S401203 200.5698 55.5294 2.71e-22 5.691999999999999e-22 1.87e-21 0.0 40.48 0.0
S401204 200.5318 55.4876 3.378e-22 6.502e-22 1.735e-21 0.0 43.42 0.0
S401205 200.5637 55.5349 6.027e-20 7.342e-20 7.727000000000001e-20 0.0 40.42 0.0
S401206 200.5147 55.4621 2.635e-19 3.031e-19 2.873e-19 0.0 43.97 0.0
S401207 200.545 55.5174 4.709e-18 4.089e-18 2.215e-18 0.0 41.0 0.0
S401209 200.5018 55.4936 6.996e-18 5.996e-18 3.153e-18 0.0 43.0 0.0
S401211 200.5644 55.5385 2.5350000000000002e-21 4.359e-21 9.496e-21 0.0 40.45 0.0
S401213 200.5623 55.5402 3.391e-19 3.583e-19 2.948e-19 0.0 40.27 0.0
S401216 200.5423 55.5144 1.11e-22 2.2839999999999997e-22 7.471999999999999e-22 0.0 41.83 0.0
S401218 200.4752 55.5232 4.473e-21 6.78e-21 1.1650000000000002e-20 0.0 42.29 0.0
S401220 200.5279 55.5445 8.195e-22 1.478e-21 3.771e-21 0.0 41.34 0.0
S401221 200.4534 55.4199 5.492e-20 6.526e-20 6.565e-20 0.0 43.99 0.0
S401223 200.5447 55.5034 2.528e-19 2.878e-19 2.785e-19 0.0 42.63 0.0
S401224 200.5469 55.5308 5.676e-20 7.282000000000001e-20 9.037000000000001e-20 0.0 40.95 0.0
S401225 200.5601 55.5535 4.265e-20 5.2020000000000003e-20 5.803e-20 0.0 40.11 0.0
S401228 200.5743 55.5142 1.666e-20 2.3680000000000003e-20 3.5590000000000003e-20 0.0 41.31 0.0
S401229 200.6333 55.6235 9.356e-20 1.137e-19 1.243e-19 0.0 39.67 0.0
S401231 200.5254 55.5071 5.499999999999999e-22 1.0030000000000001e-21 2.499e-21 0.0 42.59 0.0
S401232 200.541 55.5032 5.53e-21 8.441000000000001e-21 1.4960000000000002e-20 0.0 42.55 0.0
S401233 200.5162 55.5178 2.377e-19 2.541e-19 2.125e-19 0.0 42.24 0.0
S401236 200.5528 55.5068 1.6049999999999998e-22 3.6269999999999996e-22 1.4250000000000001e-21 0.0 42.03 0.0
S401237 200.549 55.5304 2.2009999999999997e-22 4.4939999999999995e-22 1.41e-21 0.0 40.7 0.0
S401239 200.5461 55.5132 2.417e-19 2.754e-19 2.624e-19 0.0 40.98 0.0
S401240 200.5918 55.5501 1.414e-20 2.0240000000000002e-20 3.107e-20 0.0 40.26 0.0
S401241 200.5317 55.5157 3.059e-20 4.0390000000000006e-20 5.0710000000000003e-20 0.0 42.89 0.0
S401242 200.55 55.519 2.289e-18 2.066e-18 1.166e-18 0.0 41.09 0.0
S401243 200.535 55.5402 7.813e-14 5.435e-14 1.857e-14 0.0 41.31 0.0
S401244 200.4972 55.4888 3.3059999999999995e-22 6.480999999999999e-22 1.823e-21 0.0 43.14 0.0
S401246 200.5381 55.5181 1.3030000000000002e-20 1.8200000000000002e-20 2.7350000000000005e-20 0.0 41.29 0.0
S401247 200.5387 55.523 7.462999999999999e-22 1.397e-21 3.634e-21 0.0 40.64 1.0
S401249 200.5458 55.5957 4.869e-22 9.456999999999999e-22 2.625e-21 0.0 40.62 0.0
S401250 200.6348 55.6003 7.848999999999999e-22 1.424e-21 3.5010000000000004e-21 0.0 40.0 0.0
S401251 200.5343 55.5128 1.087e-19 1.259e-19 1.197e-19 0.0 42.18 0.0
S401253 200.4906 55.4544 4.948e-21 7.376e-21 1.2050000000000001e-20 0.0 43.98 0.0
S401254 200.5344 55.4443 4.713e-21 7.6e-21 1.411e-20 0.0 43.38 0.0
S401255 200.5496 55.5124 3.53e-21 6.008e-21 1.244e-20 0.0 41.71 0.0
S401257 200.5497 55.4812 3.47e-21 5.424e-21 1.0200000000000002e-20 0.0 42.69 0.0
S401258 200.5298 55.5476 1.2480000000000001e-20 1.7240000000000002e-20 2.4490000000000002e-20 0.0 41.15 0.0
S401259 200.5043 55.5374 2.278e-19 2.446e-19 1.988e-19 0.0 41.8 0.0
S401261 200.5432 55.5092 2.19e-22 4.641999999999999e-22 1.64e-21 0.0 42.57 0.0
S401262 200.5003 55.5271 1.346e-21 2.316e-21 5.16e-21 0.0 42.07 0.0
S401263 200.5363 55.4694 3.542e-21 5.706e-21 1.0770000000000002e-20 0.0 43.14 0.0
S401265 200.5393 55.4901 1.006e-22 2.1209999999999998e-22 7.426999999999999e-22 0.0 43.2 0.0
S401266 200.5481 55.5265 1.833e-19 2.061e-19 1.825e-19 0.0 40.75 0.0
S401267 200.5566 55.5124 1.881e-18 4.155e-18 1.503e-17 0.0 41.67 0.0
S401269 200.5128 55.5032 1.807e-18 2.753e-18 4.889e-18 0.0 43.02 0.0
S401270 200.5988 55.6075 1.999e-19 2.274e-19 2.157e-19 0.0 39.86 0.0
S401271 200.4981 55.4658 4.893999999999999e-22 9.06e-22 2.293e-21 0.0 43.89 0.0
S401273 200.5383 55.5195 3.255e-19 3.636e-19 3.295e-19 0.0 40.95 0.0
S401274 200.5324 55.4954 5.386e-19 5.514e-19 4.029e-19 0.0 43.3 0.0
S401276 200.5317 55.4914 1.6609999999999998e-22 3.548e-22 1.27e-21 0.0 43.46 0.0
S401277 200.5402 55.4127 2.795e-21 4.789e-21 1.037e-20 0.0 43.2 0.0
S401279 200.5649 55.5374 1.104e-19 1.242e-19 1.14e-19 0.0 40.19 0.0
S401282 200.562 55.5111 2.0499999999999997e-22 4.249e-22 1.34e-21 0.0 41.63 0.0
S401283 200.5018 55.4596 5.658e-18 4.93e-18 2.655e-18 0.0 43.8 0.0
S401287 200.4459 55.4526 3.199e-21 5.339e-21 1.142e-20 0.0 43.19 0.0
S401288 200.5413 55.4976 1.3280000000000001e-20 1.9820000000000003e-20 3.2190000000000005e-20 0.0 42.81 0.0
S401289 200.5047 55.4938 2.218e-22 4.673e-22 1.603e-21 0.0 43.2 0.0
S401291 200.5287 55.5051 2.361e-22 4.592999999999999e-22 1.365e-21 0.0 42.99 0.0
S401293 200.5342 55.4967 3.968e-21 6.0690000000000004e-21 1.0650000000000001e-20 0.0 43.11 0.0
S401295 200.5681 55.5275 3.363e-22 6.476e-22 1.904e-21 0.0 40.66 0.0
S401297 200.5812 55.5731 9.309e-18 1.519e-17 3.006e-17 0.0 39.9 0.0
S401298 200.5349 55.5092 2.0520000000000002e-20 2.6300000000000003e-20 3.237e-20 0.0 42.39 0.0
S401299 200.5637 55.5327 1.188e-21 2.076e-21 4.684e-21 0.0 40.55 0.0
S401300 200.5594 55.5574 2.303e-22 5.087999999999999e-22 1.862e-21 0.0 40.44 0.0
S401301 200.5829 55.5226 1.688e-18 2.7e-18 4.993e-18 0.0 41.11 0.0
S401305 200.4716 55.4075 1.431e-13 1.128e-13 5.273e-14 0.0 44.14 1.0
S401306 200.5327 55.5418 5.0600000000000007e-20 6.141000000000001e-20 6.721000000000001e-20 0.0 41.2 0.0
S401309 200.556 55.5005 1.884e-20 2.6970000000000002e-20 4.0340000000000004e-20 0.0 42.24 0.0
S401310 200.5702 55.5444 9.120000000000001e-20 1.054e-19 1.012e-19 0.0 40.07 0.0
S401311 200.5483 55.5152 8.838e-21 1.249e-20 1.7440000000000002e-20 0.0 40.79 0.0
S401312 200.5494 55.5026 1.987e-21 3.049e-21 5.491e-21 0.0 42.26 0.0
S401313 200.5444 55.5143 4.9840000000000007e-20 6.346e-20 7.447e-20 0.0 41.7 0.0
S401314 200.5688 55.5335 4.34e-19 4.615e-19 3.773e-19 0.0 40.39 0.0
S401315 200.5101 55.5077 3.931e-18 6.826e-18 1.517e-17 0.001 42.8 0.0
S401316 200.5135 55.4912 8.47e-18 7.29e-18 3.929e-18 0.0 43.18 0.0
S401320 200.5915 55.5685 7.004e-18 1.335e-17 3.543e-17 0.0 39.85 0.0
S401321 200.548 55.5172 1.904e-19 2.12e-19 1.82e-19 0.0 40.94 0.0
S401325 200.5694 55.5367 9.83e-21 1.4470000000000002e-20 2.3510000000000003e-20 0.0 40.43 0.0
S401326 200.538 55.5015 2.537e-18 2.22e-18 1.278e-18 0.0 43.16 0.0
S401329 200.5039 55.5494 1.057e-18 1.013e-18 6.75e-19 0.0 41.67 0.0
S401330 200.5844 55.6129 1.3290000000000002e-20 1.946e-20 3.1240000000000003e-20 0.0 40.09 0.0
S401331 200.5156 55.531 4.1920000000000005e-20 5.0880000000000006e-20 5.619000000000001e-20 0.0 41.72 0.0
S401335 200.5331 55.538 4.064e-20 5.1240000000000005e-20 6.127000000000001e-20 0.0 41.33 0.0
S401337 200.5185 55.4593 1.106e-21 1.896e-21 4.292e-21 0.0 43.76 0.0
S401338 200.5371 55.5084 2.13e-19 2.337e-19 2.078e-19 0.0 42.73 0.0
S401339 200.5182 55.4295 6.404e-19 6.298e-19 4.418e-19 0.0 43.52 0.0
S401340 200.5294 55.5063 3.1529999999999997e-22 6.165999999999999e-22 1.811e-21 0.0 42.46 0.0
S401341 200.46 55.4843 1.083e-19 1.249e-19 1.188e-19 0.0 43.57 0.0
S401344 200.5405 55.519 4.067e-21 6.135e-21 1.0340000000000001e-20 0.0 41.63 0.0
S401345 200.557 55.4833 2.184e-20 2.9300000000000004e-20 3.9520000000000004e-20 0.0 43.38 0.0
S401346 200.5028 55.489 8.468e-19 8.459e-19 6.048e-19 0.001 43.87 0.0
S401347 200.5422 55.4689 1.124e-18 1.079e-18 7.313e-19 0.0 43.73 0.0
S401348 200.5169 55.5344 1.0980000000000001e-20 1.4330000000000003e-20 1.746e-20 0.0 41.41 0.0
S401349 200.5117 55.5098 6.575e-18 5.419e-18 2.631e-18 0.0 42.37 0.0
S401350 200.5278 55.5157 2.452e-18 2.27e-18 1.375e-18 0.0 42.35 0.0
S401351 200.5712 55.5237 1.095e-18 1.065e-18 7.183e-19 0.0 40.73 0.0
S401352 200.5356 55.482 6.291e-21 9.071e-21 1.3890000000000002e-20 0.0 43.51 0.0
S401355 200.5506 55.4933 1.039e-18 1.084e-18 8.33e-19 0.0 42.91 0.0
S401356 200.529 55.4728 1.244e-19 1.393e-19 1.211e-19 0.0 43.93 0.0
S401357 200.5175 55.5204 6.312e-21 9.876e-21 1.766e-20 0.0 42.17 0.0
S401358 200.569 55.4855 5.2820000000000006e-20 6.299e-20 6.336e-20 0.0 42.34 0.0
S401359 200.5111 55.5418 2.443e-18 3.957e-18 7.579e-18 0.0 40.6 0.0
S401360 200.5273 55.5363 5.012999999999999e-22 3.2789999999999997e-22 1.0229999999999999e-22 0.0 40.34 0.0
S401361 200.5355 55.4914 4.0890000000000004e-20 5.4210000000000005e-20 6.944e-20 0.0 43.46 0.0
S401362 200.5601 55.5085 1.9380000000000002e-20 2.6780000000000004e-20 3.718e-20 0.0 41.82 0.0
S401364 200.5098 55.5057 1.7809999999999999e-22 3.5659999999999995e-22 1.031e-21 0.0 43.59 0.0
S401365 200.5618 55.4557 2.677e-18 4.955e-18 1.292e-17 0.0 43.87 0.0
S401367 200.5487 55.4952 2.9079999999999997e-22 6.006999999999999e-22 1.894e-21 0.0 43.19 0.0
S401368 200.5765 55.5345 7.132e-19 7.172e-19 5.221e-19 0.001 40.28 0.0
S401369 200.595 55.5234 2.6909999999999996e-22 5.734e-22 1.931e-21 0.0 40.04 0.0
S401371 200.5413 55.4878 2.1190000000000002e-21 3.5610000000000004e-21 7.851e-21 0.0 42.83 0.0
S401372 200.505 55.5219 5.181e-19 5.43e-19 4.267e-19 0.0 43.65 0.0
S401373 200.4766 55.4923 1.0460000000000001e-20 1.414e-20 1.925e-20 0.0 43.5 0.0
S401374 200.5542 55.525 8.922e-21 1.294e-20 2.0270000000000002e-20 0.0 41.07 0.0
S401375 200.539 55.5174 9.096e-18 7.348e-18 3.517e-18 0.0 41.46 0.0
S401376 200.5469 55.5165 4.4170000000000004e-21 7.017e-21 1.33e-20 0.0 41.65 0.0
S401377 200.5661 55.5406 1.601e-13 1.465e-13 8.866e-14 0.0 40.27 1.0
S401378 200.5503 55.519 1.418e-20 1.9890000000000002e-20 2.877e-20 0.0 40.92 0.0
S401379 200.5447 55.5594 6.807e-18 5.719e-18 2.899e-18 0.0 39.94 0.0
S401380 200.5076 55.4812 1.069e-17 1.847e-17 4.034e-17 0.0 43.53 0.0
S401382 200.5267 55.4939 3.664e-17 3.035e-17 1.514e-17 0.0 43.03 0.0
S401383 200.5512 55.4888 2.9079999999999997e-22 5.718e-22 1.732e-21 0.0 43.02 0.0
S401384 200.5196 55.543 4.408e-17 3.377e-17 1.367e-17 0.0 39.97 1.0
S401385 200.5779 55.564 3.056e-20 4.009e-20 5.107e-20 0.0 40.03 0.0
S401386 200.4931 55.4918 6.525999999999999e-22 1.231e-21 3.4e-21 0.0 43.72 0.0
S401388 200.5002 55.5424 1.1229999999999998e-22 2.397e-22 8.451999999999999e-22 0.0 41.66 0.0
S401389 200.5811 55.5039 1.396e-19 1.658e-19 1.736e-19 0.0 41.61 0.0
S401390 200.5534 55.4993 6.536999999999999e-22 1.194e-21 2.968e-21 0.0 42.84 0.0
S401391 200.5812 55.5204 2.968e-21 5.132e-21 1.109e-20 0.0 40.11 0.0
S401392 200.5217 55.5259 1.456e-21 2.557e-21 5.846e-21 0.0 41.24 0.0
S401393 200.5431 55.4878 1.608e-18 2.894e-18 7.043e-18 0.0 43.28 0.0
S401394 200.5637 55.5323 4.085e-21 6.841e-21 1.395e-20 0.0 40.61 0.0
S401395 200.5227 55.5321 3.1e-18 2.75e-18 1.588e-18 0.0 40.99 0.0
S401397 200.5459 55.5206 1.8549999999999999e-22 3.9839999999999997e-22 1.412e-21 0.0 41.65 0.0
S401398 200.5508 55.5054 4.789e-18 1.019e-17 3.435e-17 0.0 42.29 0.0
S401399 200.5437 55.5195 4.339999999999999e-22 8.396999999999999e-22 2.31e-21 0.0 41.04 0.0
S401401 200.5599 55.561 2.377e-21 4.006e-21 8.225e-21 0.0 39.97 0.0
S401402 200.5726 55.4578 7.761e-14 5.42e-14 1.893e-14 0.0 43.15 0.0
S401405 200.562 55.512 6.356e-22 1.138e-21 2.854e-21 0.0 41.57 0.0
S401406 200.5384 55.4904 4.573e-22 9.047999999999999e-22 2.581e-21 0.0 43.29 0.0
S401407 200.5851 55.5142 1.026e-17 8.503e-18 4.256e-18 0.0 40.26 0.0
S401408 200.5812 55.5419 2.529e-20 3.3310000000000003e-20 4.044e-20 0.0 40.71 0.0
S401409 200.5468 55.5691 1.479e-18 2.55e-18 5.576e-18 0.0 39.99 0.0
S401410 200.5926 55.5158 6.393e-19 6.389e-19 4.636e-19 0.0 40.83 0.0
S401411 200.5142 55.5012 1.052e-17 8.723e-18 4.325e-18 0.0 43.42 0.0
S401412 200.549 55.5268 2.233e-19 2.271e-19 1.694e-19 0.0 40.77 0.0
S401413 200.5447 55.4591 1.189e-17 9.405e-18 4.264e-18 0.0 43.95 0.0
S401414 200.5401 55.5188 5.518e-19 5.563e-19 4.14e-19 0.0 41.04 0.0
S401415 200.5553 55.514 2.632e-21 4.532e-21 9.788e-21 0.0 41.05 0.0
S401416 200.572 55.5206 3.011e-14 2.06e-14 6.848e-15 0.0 40.76 0.0
S401417 200.5549 55.5219 2.166e-19 2.442e-19 2.248e-19 0.0 41.29 0.0
S401418 200.5557 55.5736 2.011e-20 2.7920000000000004e-20 4.0690000000000004e-20 0.0 39.9 0.0
S401419 200.5672 55.5248 1.24e-18 2.301e-18 5.873e-18 0.0 40.92 0.0
S401420 200.5135 55.5243 2.936e-21 4.808e-21 9.853e-21 0.0 42.24 0.0
S401421 200.5101 55.5168 1.095e-18 1.706e-18 3.081e-18 0.0 43.03 0.0
S401422 200.55 55.5231 9.691e-19 9.789e-19 7.139e-19 0.0 40.69 0.0
S401424 200.5532 55.5039 1.35e-21 2.098e-21 3.603e-21 0.0 42.13 0.0
S401425 200.5753 55.5247 9.181e-21 1.294e-20 1.967e-20 0.0 40.37 0.0
S401426 200.5191 55.5298 2.892e-17 2.271e-17 1e-17 0.0 40.54 1.0
S401428 200.5415 55.4927 4.443e-21 7.175e-21 1.415e-20 0.0 42.7 0.0
S401430 200.5359 55.5028 5.762e-18 7.767e-18 1.034e-17 0.0 42.68 0.0
S401432 200.5048 55.5163 5.941e-19 6.098e-19 4.807e-19 0.0 42.86 0.0
S401433 200.4992 55.4778 1.482e-16 3.939e-16 2.2e-15 0.0 43.95 1.0
S401434 200.5431 55.5457 1.489e-22 3.5099999999999997e-22 1.5530000000000001e-21 0.0 40.13 0.0
S401435 200.5405 55.505 6.782e-19 6.609e-19 4.598e-19 0.0 42.36 0.0
S401437 200.5423 55.535 1.3680000000000002e-20 1.8790000000000002e-20 2.5580000000000003e-20 0.0 40.88 0.0
S401438 200.564 55.5383 2.7090000000000004e-20 3.6340000000000004e-20 4.7240000000000005e-20 0.0 40.54 0.0
S401439 200.5447 55.5286 1.213e-21 1.906e-21 3.528e-21 0.0 40.83 0.0
S401440 200.56 55.4764 3.969e-18 5.92e-18 9.559e-18 0.0 43.84 0.0
S401441 200.4725 55.5349 5.99e-21 8.742e-21 1.3720000000000002e-20 0.0 42.35 0.0
S401442 200.5373 55.5066 8.011e-19 1.584e-18 4.72e-18 0.0 42.39 0.0
S401443 200.4861 55.4758 6.5149999999999995e-22 1.258e-21 3.4180000000000004e-21 0.0 43.94 0.0
S401445 200.4998 55.5058 3.937e-18 3.416e-18 1.834e-18 0.0 43.8 0.0
S401446 200.5432 55.5425 1.061e-17 1.526e-17 2.378e-17 0.0 40.22 0.0
S401447 200.5557 55.5078 1.425e-20 1.9030000000000002e-20 2.522e-20 0.0 41.91 0.0
S401448 200.5287 55.5102 5.309e-21 8.435e-21 1.559e-20 0.0 43.02 0.0
S401449 200.5633 55.5289 2.737e-18 2.513e-18 1.499e-18 0.0 40.95 0.0
S401450 200.5426 55.5181 4.3560000000000006e-20 5.370000000000001e-20 5.791e-20 0.0 41.49 0.0
S401451 200.5946 55.4977 9.325e-19 9.092e-19 6.44e-19 0.0 40.82 0.0
S401453 200.5992 55.5639 3.728e-21 6.0090000000000004e-21 1.118e-20 0.0 40.15 0.0
S401454 200.5093 55.534 3.459e-18 2.978e-18 1.603e-18 0.0 41.66 0.0
S401455 200.539 55.5662 9.089e-18 7.555e-18 3.648e-18 0.0 40.07 0.0
S401456 200.5597 55.4796 7.557e-21 1.185e-20 2.1970000000000002e-20 0.0 43.07 0.0
S401458 200.5771 55.5211 2.41e-18 2.13e-18 1.227e-18 0.0 40.35 0.0
S401461 200.5564 55.5293 4.765e-18 3.976e-18 2.025e-18 0.0 40.71 0.0
S401462 200.554 55.5633 1.8170000000000002e-20 2.263e-20 2.6250000000000002e-20 0.0 39.89 0.0
S401463 200.5599 55.5672 5.81e-20 6.948000000000001e-20 7.248e-20 0.0 39.86 0.0
S401464 200.541 55.5086 1.013e-19 1.193e-19 1.197e-19 0.0 42.14 0.0
S401467 200.5505 55.5081 2.352e-22 4.635e-22 1.362e-21 0.0 42.27 0.0
S401468 200.5261 55.5029 3.2409999999999996e-22 6.535999999999999e-22 2.052e-21 0.0 43.2 0.0
S401470 200.572 55.5166 2.259e-18 1.972e-18 1.101e-18 0.0 41.15 0.0
S401472 200.5397 55.4856 1.534e-18 1.51e-18 1.042e-18 0.0 43.27 0.0
S401473 200.5964 55.5463 3.817e-18 3.381e-18 1.939e-18 0.0 40.12 0.0
S401475 200.5267 55.5026 2.037e-18 4.539e-18 1.695e-17 0.0 42.85 0.0
S401476 200.5516 55.4923 1.841e-22 3.9319999999999997e-22 1.358e-21 0.0 42.96 0.0
S401478 200.5311 55.4788 3.621e-18 6.314e-18 1.519e-17 0.0 43.38 0.0
S401479 200.5448 55.5176 5.661e-18 5.035e-18 2.924e-18 0.0 41.54 0.0
S401480 200.5598 55.4968 2.975e-20 3.7450000000000003e-20 4.2890000000000005e-20 0.0 42.38 0.0
S401481 200.5705 55.5632 2.445e-19 2.659e-19 2.249e-19 0.0 39.92 0.0
S401482 200.5216 55.4906 1.146e-13 7.991e-14 2.835e-14 0.0 43.51 0.0
S401483 200.5055 55.511 3.155e-18 2.674e-18 1.44e-18 0.0 42.44 0.0
S401484 200.5138 55.4874 3.417e-18 2.968e-18 1.592e-18 0.0 43.73 0.0
S401485 200.5322 55.4992 1.287e-21 2.243e-21 5.135e-21 0.0 43.14 0.0
S401486 200.5627 55.4917 7.507e-18 6.859e-18 4.047e-18 0.0 42.45 0.0
S401488 200.5002 55.4827 3.801e-18 3.208e-18 1.672e-18 0.0 43.91 0.0
S401489 200.5263 55.4926 2.1580000000000003e-20 2.989e-20 4.052e-20 0.0 42.9 0.0
S401490 200.5511 55.5336 2.491e-18 5.01e-18 1.504e-17 0.0 40.51 0.0
S401491 200.5273 55.5203 5.571e-22 1.088e-21 3.071e-21 0.001 41.96 0.0
S401492 200.536 55.532 3.767e-19 3.857e-19 3.03e-19 0.0 40.61 0.0
S401493 200.5615 55.535 9.685000000000001e-20 1.126e-19 1.107e-19 0.0 40.62 0.0
S401494 200.5243 55.4685 1.412e-20 1.9920000000000003e-20 2.8820000000000003e-20 0.0 43.8 0.0
S401495 200.5356 55.5135 8.181e-21 1.2240000000000001e-20 2.0750000000000003e-20 0.0 42.18 0.0
S401496 200.5609 55.5006 8.586e-20 9.883000000000001e-20 9.362000000000001e-20 0.0 42.16 0.0
S401499 200.5765 55.5517 3.71e-21 5.886e-21 1.085e-20 0.0 39.87 0.0
S401501 200.5861 55.5203 2.771e-19 3.05e-19 2.693e-19 0.0 40.53 0.0
S401502 200.5368 55.4567 1.433e-17 3.077e-17 1.12e-16 0.0 43.76 1.0
S401503 200.562 55.5151 1.285e-22 2.6549999999999997e-22 8.535999999999999e-22 0.0 41.47 0.0
S401504 200.504 55.4781 5.073e-18 1.1e-17 3.791e-17 0.0 43.94 0.0
S401505 200.547 55.5081 4.8340000000000005e-20 5.931e-20 6.594e-20 0.0 42.14 0.0
S401506 200.5191 55.5039 2.5830000000000002e-21 4.413e-21 9.709e-21 0.0 43.31 0.0
S401507 200.5344 55.4859 2.2459999999999997e-22 4.396e-22 1.326e-21 0.0 43.5 0.0
S401508 200.486 55.4978 1.573e-20 2.1510000000000003e-20 3.015e-20 0.0 43.57 0.0
S401509 200.5048 55.5103 3.839e-18 8.324e-18 3.053e-17 0.0 43.15 0.0
S401510 200.5437 55.4939 1.885e-19 2.094e-19 1.811e-19 0.0 43.05 0.0
S401511 200.5806 55.5247 2.813e-17 2.264e-17 1.035e-17 0.0 40.77 0.0
S401512 200.5342 55.4956 4.586e-14 5.585e-14 5.899e-14 0.0 43.23 1.0
S401514 200.5545 55.5059 1.853e-18 2.852e-18 5.097e-18 0.0 42.02 0.0
S401516 200.5292 55.527 7.539e-19 7.32e-19 5.041e-19 0.0 41.47 0.0
S401517 200.5417 55.4868 6.494e-19 1.143e-18 2.672e-18 0.0 42.8 0.0
S401519 200.4744 55.5014 1.4230000000000002e-20 2.004e-20 2.912e-20 0.0 43.47 0.0
S401520 200.559 55.5158 9.533e-14 8.78e-14 5.21e-14 0.0 41.3 1.0
S401521 200.5131 55.5065 2.1650000000000003e-20 2.933e-20 3.8530000000000006e-20 0.0 42.8 0.0
S401522 200.5799 55.5098 2.995e-18 5.822e-18 1.67e-17 0.0 41.33 0.0
S401524 200.5517 55.5181 1.685e-19 1.83e-19 1.583e-19 0.0 41.24 0.0
S401525 200.5414 55.5057 3.426e-19 3.699e-19 3.193e-19 0.0 42.55 1.0
S401526 200.5366 55.5274 3.496e-18 3e-18 1.623e-18 0.0 41.35 0.0
S401527 200.5429 55.5233 2.9090000000000004e-20 3.9870000000000003e-20 5.659000000000001e-20 0.0 41.42 0.0
S401528 200.5442 55.5178 6.497e-18 1.161e-17 2.667e-17 0.0 41.6 0.0
S401530 200.5466 55.493 1.936e-18 4.011e-18 1.286e-17 0.0 42.86 0.0
S401532 200.5444 55.5014 2.275e-18 4.324e-18 1.183e-17 0.0 42.63 0.0
S401533 200.5538 55.5024 2.706e-18 2.475e-18 1.506e-18 0.0 42.18 0.0
S401534 200.5503 55.4996 4.733e-14 5.323e-14 4.983e-14 0.0 42.54 0.0
S401535 200.5512 55.5017 1.276e-13 8.864e-14 3.198e-14 0.001 42.31 0.0
S401536 200.5386 55.529 5.074e-19 5.408e-19 4.425e-19 0.0 41.31 0.0
S401537 200.5446 55.5153 2.4890000000000003e-20 3.3090000000000004e-20 4.3040000000000004e-20 0.0 41.72 0.0
S401539 200.5526 55.4929 1.805e-19 1.936e-19 1.626e-19 0.0 42.71 0.0
S401540 200.5341 55.52 2.022e-19 2.406e-19 2.521e-19 0.0 41.81 0.0
S401542 200.5451 55.5088 3.141e-20 4.528e-20 6.888e-20 0.0 42.25 0.0
S401543 200.5393 55.5208 2.355e-22 4.387999999999999e-22 1.132e-21 0.0 41.55 0.0
S401545 200.5505 55.505 1.263e-19 1.449e-19 1.372e-19 0.0 42.21 0.0
S401546 200.5565 55.5034 2.937e-21 4.534e-21 7.999e-21 0.0 42.12 0.0
S401547 200.5477 55.5205 4.985e-18 4.309e-18 2.444e-18 0.0 41.25 0.0
S401550 200.5451 55.5223 3.726e-20 4.9800000000000004e-20 6.639000000000001e-20 0.0 41.48 0.0
S401551 200.546 55.5103 1.187e-18 1.175e-18 8.113e-19 0.0 42.09 0.0
S401552 200.5556 55.5097 4.816e-18 4.273e-18 2.362e-18 0.0 41.71 0.0
S401554 200.5403 55.5257 5.76e-19 6.046e-19 4.752e-19 0.0 41.33 0.0
S401556 200.5479 55.4984 3.098e-20 4.065e-20 4.8770000000000004e-20 0.0 42.43 0.0
S401559 200.536 55.5143 5.946999999999999e-22 1.1190000000000001e-21 3.041e-21 0.0 42.05 0.0
S401560 200.5455 55.5 7.105999999999999e-22 1.4250000000000001e-21 4.231e-21 0.0 42.52 0.0
S401561 200.5412 55.5214 8.439e-20 1.018e-19 1.108e-19 0.0 41.61 0.0
S401563 200.5457 55.4994 6.853e-20 8.509e-20 9.508e-20 0.0 42.62 0.0
S401564 200.5503 55.4998 5.828e-21 8.956e-21 1.584e-20 0.0 42.52 0.0
S401565 200.5451 55.5068 2.979e-17 2.233e-17 9.026e-18 0.0 42.5 0.0
S401566 200.5579 55.5096 2.764e-19 3.069e-19 2.707e-19 0.0 41.7 0.0
S401567 200.5352 55.5297 1.457e-21 2.5470000000000002e-21 5.932e-21 0.0 41.36 0.0
S401568 200.542 55.5388 1.898e-18 1.724e-18 1.015e-18 0.0 40.88 0.0
S401569 200.5556 55.4837 3.942e-18 3.305e-18 1.678e-18 0.0 42.71 0.0
S401570 200.547 55.5052 7.044e-14 5.062e-14 1.885e-14 0.0 42.22 0.0
S401571 200.5436 55.5265 3.409e-20 4.0400000000000005e-20 4.084e-20 0.0 41.21 0.0
S401574 200.5441 55.5284 8.493e-21 1.194e-20 1.6860000000000002e-20 0.0 41.19 0.0
S401577 200.5457 55.5191 1.567e-18 1.531e-18 1.02e-18 0.0 41.53 0.0
S401579 200.559 55.4919 2.811e-18 2.585e-18 1.517e-18 0.0 42.59 0.0
S401580 200.5506 55.4975 2.985e-21 4.625e-21 8.423e-21 0.0 42.64 0.0
S401582 200.5354 55.5228 1.0599999999999998e-22 2.324e-22 8.324999999999999e-22 0.0 41.66 0.0
S401584 200.5452 55.5314 6.994e-21 1.0270000000000001e-20 1.6710000000000003e-20 0.0 41.02 0.0
S401585 200.5507 55.4944 7.922e-18 6.581e-18 3.37e-18 0.0 42.77 0.0
S401586 200.5398 55.5255 1.147e-13 9.884e-14 5.235e-14 0.0 41.42 1.0
S401587 200.5506 55.496 2.106e-19 2.395e-19 2.292e-19 0.0 42.5 0.0
S401589 200.5362 55.5255 3.888e-18 6.937e-18 1.624e-17 0.0 41.67 0.0
S401590 200.5536 55.5114 4.5980000000000006e-20 6.256e-20 8.368000000000001e-20 0.0 41.77 0.0
S401591 200.5433 55.5291 1.148e-13 8.474e-14 3.318e-14 0.0 41.29 0.0
S401592 200.5444 55.5324 2.657e-18 4.511e-18 9.466e-18 0.0 41.09 0.0
S401593 200.5368 55.5269 1.094e-17 8.423e-18 3.637e-18 0.0 41.38 0.0
S401594 200.5408 55.5331 6.888e-14 5.083e-14 2.023e-14 0.0 40.97 0.0
S401595 200.5537 55.4948 4.104e-21 6.467e-21 1.2330000000000001e-20 0.0 42.5 0.0
S401596 200.5376 55.5309 2.845e-19 3.113e-19 2.752e-19 0.001 41.18 0.0
S401597 200.5433 55.5319 1.9399999999999998e-22 3.9879999999999994e-22 1.265e-21 0.0 41.22 0.0
S401598 200.5334 55.5322 1.3330000000000001e-21 2.402e-21 5.6530000000000004e-21 0.0 41.35 0.0
S401599 200.537 55.5311 1.287e-17 1.028e-17 4.634e-18 0.0 41.21 0.0
S401600 200.5457 55.4956 2.0130000000000003e-20 2.836e-20 4.0050000000000005e-20 0.0 42.75 0.0
S401601 200.5421 55.5285 2.857e-17 2.251e-17 1.003e-17 0.0 41.31 1.0
S401604 200.541 55.5383 1.644e-18 1.565e-18 1.018e-18 0.0 41.01 0.0
S401605 200.5444 55.533 1.708e-19 1.97e-19 1.916e-19 0.0 40.96 0.0
S401608 200.5334 55.5273 1.174e-13 1.172e-13 8.479e-14 0.0 41.56 1.0
S401609 200.5527 55.5006 1.9049999999999997e-22 4.2289999999999996e-22 1.6480000000000001e-21 0.0 42.31 0.0
S401610 200.548 55.4916 1.643e-17 1.322e-17 6.403e-18 0.0 42.77 0.0
S401611 200.5474 55.5254 1.7789999999999997e-22 3.8199999999999996e-22 1.301e-21 0.0 41.21 0.0
S401612 200.5532 55.491 2.834e-17 2.301e-17 1.083e-17 0.0 42.64 0.0
S401613 200.5411 55.5306 4.5710000000000004e-21 7.641e-21 1.6090000000000003e-20 0.0 41.11 0.0
S401615 200.5463 55.4919 4.597e-21 7.113e-21 1.2550000000000001e-20 0.0 42.77 0.0
S401616 200.5418 55.4973 9.266e-18 7.575e-18 3.798e-18 0.0 42.72 0.0
S401617 200.5487 55.4959 3.87e-19 4.059e-19 3.287e-19 0.0 42.57 0.0
S401618 200.536 55.5278 8.233e-18 1.497e-17 3.705e-17 0.0 41.45 0.0
S401619 200.5448 55.5359 3.481e-18 3.095e-18 1.725e-18 0.0 40.93 0.0
S401620 200.536 55.5256 2.432e-18 2.295e-18 1.415e-18 0.0 41.5 0.0
S401622 200.5448 55.4913 1.093e-21 1.999e-21 5.086e-21 0.0 42.85 0.0
S401623 200.546 55.4868 4.8400000000000006e-20 6.014e-20 6.850000000000001e-20 0.0 42.66 0.0
S401624 200.5394 55.5351 1.422e-20 2.011e-20 2.947e-20 0.0 40.96 0.0
S401625 200.5478 55.5279 4.074e-18 6.557e-18 1.251e-17 0.0 41.11 0.0
S401626 200.5413 55.5237 4.9570000000000006e-20 6.107e-20 6.927000000000001e-20 0.0 41.41 0.0
S401627 200.5594 55.501 5.266e-18 4.582e-18 2.417e-18 0.0 42.1 0.0
S401629 200.5275 55.5316 3.747e-18 7.842e-18 2.695e-17 0.0 41.57 0.0
S401631 200.536 55.523 2.726e-18 2.474e-18 1.51e-18 0.0 41.58 0.0
S401632 200.5395 55.5246 1.067e-21 1.745e-21 3.575e-21 0.0 41.38 0.0
S401633 200.5496 55.4886 7.079e-18 6.16e-18 3.385e-18 0.0 42.58 0.0
S401635 200.5418 55.5398 3.873e-18 3.494e-18 1.991e-18 0.0 40.98 0.0
S401636 200.5504 55.4889 4.209e-19 4.61e-19 4.008e-19 0.0 42.73 0.0
S401637 200.5335 55.5249 1.901e-18 3.825e-18 1.152e-17 0.0 41.56 0.0
S401638 200.5401 55.5402 4.033e-18 3.609e-18 2.053e-18 0.0 40.95 0.0
S401639 200.5564 55.4943 3.175e-18 5.994e-18 1.639e-17 0.0 42.45 0.0
S401641 200.5552 55.501 2.5959999999999997e-22 5.271e-22 1.597e-21 0.0 42.16 0.0
S401642 200.5289 55.5202 1.387e-21 2.358e-21 4.97e-21 0.0 41.91 0.0
S401643 200.5261 55.5229 2.7840000000000005e-20 3.746e-20 5.025000000000001e-20 0.0 41.88 0.0
S401645 200.5364 55.5314 3.906e-18 3.513e-18 2.047e-18 0.0 41.36 0.0
S401646 200.5544 55.4985 1.604e-21 2.5590000000000002e-21 4.907e-21 0.0 42.31 0.0
S401647 200.5405 55.5309 4.307e-20 5.481000000000001e-20 6.541000000000001e-20 0.0 41.25 0.0
S401649 200.5452 55.5336 4.01e-20 4.9980000000000007e-20 5.721e-20 0.0 41.12 0.0
S401652 200.5308 55.5222 4.087e-19 4.467e-19 3.773e-19 0.0 41.85 0.0
S401653 200.5395 55.541 2.837e-22 5.598e-22 1.704e-21 0.0 40.92 0.0
S401655 200.5426 55.4822 3.397e-20 4.4330000000000006e-20 5.545e-20 0.0 42.97 0.0
S401656 200.5473 55.4932 4.580999999999999e-22 8.94e-22 2.522e-21 0.0 42.54 0.0
S401659 200.5568 55.4937 2.0440000000000003e-20 2.8880000000000004e-20 4.085e-20 0.0 42.34 1.0
S401661 200.5487 55.4877 1.047e-18 1.061e-18 7.804e-19 0.0 42.89 0.0
S401662 200.5511 55.4921 1.568e-18 1.443e-18 9.065e-19 0.0 42.71 0.0
S401664 200.5404 55.4922 4.161e-18 3.581e-18 1.912e-18 0.0 42.82 0.0
S401665 200.5382 55.5338 2.878e-18 4.636e-18 9.252e-18 0.0 41.2 0.0
S401666 200.5384 55.532 2.614e-22 5.492e-22 1.791e-21 0.0 41.3 0.0
S401667 200.5342 55.5348 3.103e-22 6.241999999999999e-22 1.932e-21 0.0 41.27 0.0
S401668 200.5482 55.4988 5.049e-22 9.547999999999999e-22 2.5470000000000002e-21 0.0 42.39 1.0
S401669 200.5543 55.4954 4.032e-19 4.675e-19 4.436e-19 0.0 42.43 0.0
S401671 200.5338 55.5339 1.681e-17 3.883e-17 1.58e-16 0.0 41.37 1.0
S401672 200.546 55.5339 9.072e-18 7.402e-18 3.582e-18 0.0 40.89 0.0
S401674 200.5533 55.5001 1.054e-18 1.047e-18 7.175e-19 0.0 42.27 0.0
S401675 200.5398 55.486 1.722e-18 1.625e-18 1.011e-18 0.0 42.98 0.0
S401676 200.5436 55.4903 1.4490000000000001e-21 2.514e-21 5.67e-21 0.0 42.8 0.0
S401677 200.5417 55.533 9.94e-18 7.998e-18 3.931e-18 0.0 41.24 0.0
S401678 200.5477 55.5352 1.173e-13 8.265e-14 3.037e-14 0.0 41.03 0.0
S401680 200.5459 55.5436 4.251e-19 4.424e-19 3.356e-19 0.0 40.9 0.0
S401681 200.5503 55.4852 7.168e-18 5.861e-18 2.894e-18 0.0 42.75 0.0
S401682 200.5569 55.4977 8.329e-14 5.992e-14 2.219e-14 0.0 42.17 0.0
S401683 200.5555 55.4875 5.224e-14 3.533e-14 1.167e-14 0.0 42.64 0.0
S401684 200.5346 55.5392 5.114e-20 6.398000000000001e-20 7.287000000000001e-20 0.0 41.19 0.0
S401685 200.5334 55.5348 3.125e-19 3.251e-19 2.526e-19 0.0 41.31 0.0
S401687 200.5542 55.4974 6.553e-19 6.745e-19 5.14e-19 0.0 42.34 0.0
S401688 200.5383 55.5324 2.369e-19 2.602e-19 2.17e-19 0.0 41.31 0.0
S401690 200.5264 55.5398 1.391e-21 2.57e-21 6.304e-21 0.0 41.41 0.0
S401692 200.5348 55.5297 1.037e-18 1.86e-18 4.376e-18 0.0 41.5 0.0
S401694 200.5314 55.5376 2.187e-18 4.257e-18 1.277e-17 0.0 41.47 0.0
S401695 200.5432 55.5344 4.296e-18 3.76e-18 2.07e-18 0.0 41.23 0.0
S401696 200.5535 55.49 4.917e-18 8.957e-18 2.226e-17 0.0 42.52 0.0
S401697 200.5258 55.5376 5.786e-21 8.807e-21 1.469e-20 0.0 41.35 0.0
S401699 200.5453 55.5335 3.9560000000000006e-20 5.2340000000000005e-20 6.727e-20 0.0 41.01 0.0
S401700 200.5515 55.4902 1.087e-13 8.917e-14 4.459e-14 0.0 42.57 1.0
S401701 200.5305 55.531 1.044e-13 8.411e-14 4.097e-14 0.0 41.52 1.0
S401702 200.5264 55.5383 1.616e-18 1.447e-18 8.465e-19 0.0 41.35 0.0
S401703 200.5475 55.4816 9.612000000000001e-20 1.224e-19 1.43e-19 0.0 42.76 0.0
S401706 200.5397 55.5382 2.652e-21 4.679e-21 1.0760000000000001e-20 0.0 41.23 0.0
S401709 200.5668 55.4862 1.13e-18 2.376e-18 8.109e-18 0.0 42.37 0.0
S401711 200.5518 55.4877 7.148e-18 5.753e-18 2.824e-18 0.0 42.5 0.0
S401713 200.5287 55.5357 9.239e-14 7.742e-14 3.939e-14 0.0 41.44 1.0
S401714 200.5255 55.5481 1.107e-18 1.042e-18 6.631e-19 0.0 41.16 0.0
S401715 200.5585 55.4894 2.3270000000000003e-20 3.154e-20 4.362e-20 0.0 42.42 0.0
S401716 200.5609 55.4857 1.0089999999999999e-22 2.144e-22 7.737e-22 0.0 42.51 0.0
S401717 200.5546 55.4813 3.217e-21 5.41e-21 1.1580000000000002e-20 0.0 42.73 0.0
S401718 200.553 55.4967 1.286e-19 1.428e-19 1.221e-19 0.0 42.31 0.0
S401719 200.5335 55.541 7.969e-19 7.385e-19 4.651e-19 0.0 41.28 0.0
S401720 200.5463 55.4874 4.001e-22 8.1639999999999995e-22 2.555e-21 0.0 42.75 0.0
S401721 200.5495 55.4917 3.3949999999999995e-22 6.344999999999999e-22 1.7e-21 0.0 42.47 0.0
S401722 200.5486 55.4836 3.948e-18 8.127e-18 2.604e-17 0.0 42.74 0.0
S401723 200.5283 55.5352 1.926e-17 1.492e-17 6.752e-18 0.0 41.54 1.0
S401724 200.5358 55.5382 2.242e-18 2.101e-18 1.349e-18 0.0 41.24 0.0
S401726 200.5292 55.5388 1.6879999999999999e-22 3.6859999999999996e-22 1.29e-21 0.0 41.4 0.0
S401728 200.5558 55.4769 6.365000000000001e-20 7.896e-20 8.689e-20 0.0 42.78 0.0
S401729 200.5594 55.4917 1.956e-21 3.212e-21 6.471e-21 0.0 42.4 0.0
S401731 200.5621 55.4805 5.061e-22 3.296e-22 1.0389999999999999e-22 0.0 42.5 0.0
S401732 200.5623 55.4817 6.12e-21 8.712e-21 1.3040000000000001e-20 0.0 42.52 0.0
S401734 200.5492 55.4855 4.801e-19 5.181e-19 4.403e-19 0.0 42.68 0.0
S401735 200.5488 55.4821 2.605e-20 3.2950000000000005e-20 3.886e-20 0.0 42.68 0.0
S401737 200.5383 55.5422 9.357e-21 1.28e-20 1.7580000000000002e-20 0.0 41.25 0.0
S401739 200.5298 55.5434 4.457e-20 5.721e-20 6.968e-20 0.0 41.29 0.0
S401740 200.5532 55.478 8.862e-21 1.256e-20 1.873e-20 0.0 42.78 0.0
S401745 200.5525 55.483 2.323e-19 2.506e-19 2.1e-19 0.0 42.71 0.0
S401746 200.551 55.4778 3.244e-18 5.681e-18 1.319e-17 0.0 42.75 0.0
S401747 200.5297 55.5375 3.6549999999999995e-22 7.900999999999999e-22 2.843e-21 0.0 41.55 0.0
S401748 200.5349 55.5437 8.434e-19 7.979e-19 5.316e-19 0.0 41.26 0.0
S401750 200.5567 55.4825 2.716e-19 3.076e-19 2.839e-19 0.0 42.61 0.0
S401751 200.5307 55.5433 7.74e-19 1.494e-18 4.188e-18 0.001 41.37 0.0
S401754 200.5586 55.4754 4.013e-19 4.231e-19 3.505e-19 0.0 42.62 0.0
S401755 200.5491 55.4738 8.540000000000001e-20 1.082e-19 1.291e-19 0.0 42.82 0.0
S401756 200.5583 55.4845 6.195e-18 5.259e-18 2.778e-18 0.0 42.52 0.0
S401757 200.5603 55.4819 1.664e-17 1.353e-17 6.605e-18 0.0 42.5 0.0
S401758 200.5559 55.4828 3.4670000000000005e-20 4.514e-20 5.569e-20 0.0 42.56 0.0
S401759 200.5487 55.4699 3.725e-19 4.115e-19 3.554e-19 0.0 42.81 0.0
S401760 200.5557 55.4769 5.317e-14 3.457e-14 1.03e-14 0.0 42.69 0.0
S401761 200.537 55.5333 1.338e-21 2.213e-21 4.487e-21 0.0 41.42 0.0
S401762 200.5566 55.4691 3.692e-17 2.911e-17 1.313e-17 0.0 42.8 1.0
S401763 200.5336 55.5547 1.8280000000000002e-21 2.9810000000000002e-21 6.189e-21 0.0 41.05 0.0
S401764 200.5182 55.5468 1.295e-13 9.252e-14 3.478e-14 0.0 41.43 0.0
S401766 200.5193 55.5519 1.071e-19 1.274e-19 1.322e-19 0.0 41.33 0.0
S401767 200.5442 55.513 6.811e-19 1.284e-18 3.448e-18 0.0 38.75 0.0
S401768 200.524 55.5431 1.066e-17 9.045e-18 4.572e-18 0.0 41.51 0.0
S401769 200.5614 55.4774 9.092e-16 6.07e-16 1.983e-16 0.0 42.55 0.0
S401770 200.5581 55.4764 2.842e-16 1.973e-16 6.982e-17 0.0 42.54 0.0
S401771 200.5559 55.473 1.81e-16 1.254e-16 4.305e-17 0.0 42.72 0.0
S401772 200.5349 55.5548 1.322e-16 9.686e-17 3.709e-17 0.0 41.05 0.0
S401773 200.5515 55.4628 1.991e-16 1.42e-16 5.174e-17 0.0 42.86 0.0
S401774 200.5416 55.567 2.881e-16 2.019e-16 7.164e-17 0.0 40.78 0.0
S401775 200.5488 55.4548 5.102e-18 4.275e-18 2.262e-18 0.0 42.99 0.0
S401776 200.5486 55.5663 3.311e-18 3.043e-18 1.83e-18 0.0 40.65 0.0
S401777 200.551 55.5711 2.044e-17 1.591e-17 7.183e-18 0.0 40.69 1.0
S401778 200.555 55.5725 2.176e-18 4.21e-18 1.128e-17 0.0 40.53 0.0
S401779 200.5536 55.578 8.394e-17 6.21e-17 2.458e-17 0.0 40.56 0.0
S401780 200.5288 55.4447 1.915e-16 1.327e-16 4.729e-17 0.0 43.48 0.0
S401781 200.5637 55.585 4.619e-18 4.161e-18 2.475e-18 0.0 40.34 0.0
S401782 200.5623 55.5859 5.534e-18 1.011e-17 2.54e-17 0.0 40.33 0.0
S401783 200.5221 55.4331 3.641e-17 2.876e-17 1.289e-17 0.0 43.53 1.0
S401784 200.5691 55.5877 1.472e-19 1.727e-19 1.695e-19 0.0 40.14 0.0
S401785 200.5732 55.596 9.489e-17 6.839e-17 2.523e-17 0.0 40.12 0.0
S401786 200.5778 55.5964 1.522e-17 1.25e-17 6.2e-18 0.0 40.09 0.0
S401787 200.5093 55.426 3.979e-16 2.753e-16 9.639e-17 0.0 43.78 0.0
S401788 200.5044 55.4241 1.225e-16 9.386e-17 3.911e-17 0.0 43.81 0.0
S401789 200.5035 55.4259 6.689e-18 1.426e-17 4.856e-17 0.0 43.91 1.0
S401790 200.5901 55.6021 1.378e-13 1.236e-13 7.202e-14 0.0 39.93 1.0
S401791 200.5927 55.6065 3.37e-17 2.745e-17 1.32e-17 0.0 39.95 0.0
S401792 200.4943 55.4186 1.026e-13 7.596e-14 3.022e-14 0.0 44.03 0.0
S401793 200.5957 55.6044 4.234e-15 2.795e-15 8.761e-16 0.0 39.8 0.0
S401794 200.6026 55.61 5.522e-17 4.177e-17 1.714e-17 0.0 39.83 1.0
S401795 200.6041 55.6082 6.426e-17 4.816e-17 1.952e-17 0.0 39.76 0.0
S401796 200.6056 55.6097 1.674e-16 1.202e-16 4.406e-17 0.0 39.76 0.0
S401797 200.607 55.6072 2.862e-17 2.068e-17 7.907e-18 0.0 39.84 0.0
S401798 200.4777 55.4163 4.843e-18 4.316e-18 2.401e-18 0.0 44.06 0.0
S401799 200.6089 55.6076 1.092e-16 7.833e-17 3.016e-17 0.001 39.72 0.0
S401800 200.4745 55.4161 2.572e-16 1.848e-16 7.105e-17 0.0 44.1 0.0
S401801 200.4749 55.4228 3.27e-17 2.564e-17 1.128e-17 0.0 44.09 1.0
S401802 200.6215 55.6134 3.402e-18 6.085e-18 1.498e-17 0.0 39.82 0.0
S401803 200.6226 55.607 5.966e-16 4.145e-16 1.471e-16 0.0 39.84 0.0
S401804 200.4652 55.4187 9.622e-18 7.75e-18 3.758e-18 0.0 44.09 0.0
S401805 200.6216 55.6026 1.605e-16 1.182e-16 4.747e-17 0.0 39.84 0.0
S401806 200.4613 55.4213 6.408e-16 4.472e-16 1.582e-16 0.0 43.94 0.0
S401807 200.4551 55.4174 5.55e-18 4.875e-18 2.624e-18 0.0 43.97 0.0
S401808 200.4584 55.4236 1.485e-17 1.23e-17 6.138e-18 0.0 43.87 0.0
S401809 200.6219 55.5948 6.508e-18 5.817e-18 3.353e-18 0.0 39.97 0.0
S401810 200.6335 55.6008 4.804e-16 3.366e-16 1.218e-16 0.0 39.99 0.0
S401811 200.6315 55.5937 2.2e-16 1.564e-16 5.666e-17 0.0 40.0 0.0
S401812 200.6314 55.5842 1.959e-18 1.77e-18 1.009e-18 0.0 40.1 0.0
S401813 200.4539 55.4345 7.63e-18 6.36e-18 3.168e-18 0.0 43.69 0.0
S401814 200.4588 55.4452 3.481e-17 2.659e-17 1.148e-17 0.0 43.55 1.0
S401815 200.6275 55.5763 2.661e-16 1.904e-16 6.789e-17 0.0 40.39 0.0
S401816 200.4533 55.4487 1.369e-17 1.095e-17 4.919e-18 0.0 43.59 0.0
S401817 200.6362 55.5763 1.093e-17 8.879e-18 4.156e-18 0.0 40.47 0.0
S401818 200.6243 55.5663 9.082e-18 7.955e-18 4.218e-18 0.0 40.49 0.0
S401819 200.6296 55.5614 2.301e-18 2.091e-18 1.213e-18 0.0 40.54 0.0
S401820 200.626 55.5639 7.688e-18 6.498e-18 3.441e-18 0.0 40.5 0.0
S401821 200.6317 55.559 3.444e-18 7.73e-18 3.019e-17 0.0 40.64 0.0
S401822 200.4651 55.4764 2.6110000000000002e-20 3.4750000000000004e-20 4.5080000000000006e-20 0.0 43.02 0.0
S401823 200.4623 55.4774 1.277e-16 9.171e-17 3.446e-17 0.0 43.09 0.0
S401824 200.4677 55.4837 5.66e-19 5.651e-19 4.099e-19 0.0 42.84 0.0
S401825 200.6211 55.5397 3.314e-18 3.095e-18 1.891e-18 0.0 40.95 0.0
S401826 200.618 55.5324 3.088e-16 2.17e-16 7.802e-17 0.0 41.04 0.0
S401827 200.6155 55.5299 8.837e-17 6.688e-17 2.729e-17 0.0 41.2 1.0
S401828 200.613 55.5285 1.555e-17 1.299e-17 6.289e-18 0.0 41.27 0.0
S401829 200.614 55.5182 9.154e-17 6.682e-17 2.646e-17 0.0 41.42 0.0
S401830 200.4799 55.5126 1.821e-16 1.296e-16 4.835e-17 0.0 42.33 1.0
S401831 200.4787 55.5105 2.378e-16 1.609e-16 5.427e-17 0.0 42.32 0.0
S401832 200.4791 55.5216 1.338e-18 1.232e-18 7.467e-19 0.0 42.15 0.0
S401833 200.5993 55.4958 8.77e-17 6.536e-17 2.589e-17 0.0 41.83 0.0
S401834 200.5998 55.4919 3.2e-14 4.086e-14 4.892e-14 0.0 41.88 0.0
S401835 200.5962 55.4819 2.111e-17 1.687e-17 7.549e-18 0.0 41.97 1.0
S401836 200.591 55.4809 1.983e-16 1.464e-16 5.738e-17 0.0 42.12 0.0
S401837 200.4995 55.5567 4.255e-18 3.607e-18 1.891e-18 0.0 41.63 0.0
S401838 200.5053 55.5575 7.043e-17 5.488e-17 2.372e-17 0.0 41.59 1.0
S401839 200.5803 55.4635 2.397e-16 1.735e-16 6.461e-17 0.0 42.36 1.0
S401840 200.5756 55.4641 6.874e-20 8.985000000000001e-20 1.114e-19 0.0 42.4 0.0
S401841 200.5719 55.4571 4.795e-18 8.223e-18 1.741e-17 0.0 42.51 0.0
S401842 200.5211 55.5741 5.765e-18 1.109e-17 3.19e-17 0.0 41.2 0.0
S401843 200.5652 55.444 2.196e-18 3.577e-18 6.814e-18 0.0 42.75 0.0
S401844 200.5617 55.4378 4.461e-17 3.533e-17 1.578e-17 0.0 42.86 1.0
S401845 200.5538 55.4354 3.67e-17 2.912e-17 1.31e-17 0.0 42.91 1.0
S401846 200.5524 55.4278 9.714e-18 8.09e-18 4.211e-18 0.0 42.94 0.0
S401847 200.5434 55.5967 1.293e-15 8.649e-16 2.787e-16 0.0 40.69 0.0
S401848 200.5475 55.6053 1.823e-19 2.039e-19 1.885e-19 0.0 40.64 0.0
S401849 200.5342 55.4147 9.364e-19 9.319e-19 6.726e-19 0.0 43.23 0.0
S401850 200.5571 55.6153 1.193e-17 9.693e-18 4.805e-18 0.0 40.58 0.0
S401851 200.5634 55.6206 2.765e-18 2.426e-18 1.349e-18 0.0 40.39 0.0
S401852 200.5715 55.6254 3.838e-18 3.461e-18 2.064e-18 0.0 40.32 0.0
S401853 200.5713 55.6239 1.739e-18 1.7e-18 1.175e-18 0.0 40.27 0.0
S401854 200.5109 55.3981 2.213e-18 1.949e-18 1.101e-18 0.0 43.61 0.0
S401855 200.5791 55.6305 3.28e-17 2.497e-17 1.062e-17 0.0 40.26 1.0
S401856 200.5851 55.6362 5.887e-17 4.539e-17 1.945e-17 0.0 40.16 1.0
S401857 200.5928 55.643 8.331e-16 5.569e-16 1.78e-16 0.0 39.94 0.0
S401858 200.596 55.6409 2.789e-18 2.477e-18 1.413e-18 0.0 40.04 0.0
S401859 200.5977 55.6442 6.473e-17 4.77e-17 1.89e-17 0.0 39.84 0.0
S401860 200.4872 55.3812 2.774e-17 2.352e-17 1.201e-17 0.0 43.89 0.0
S401861 200.4785 55.3754 1.976e-16 1.418e-16 5.105e-17 0.0 43.96 0.0
S401862 200.4803 55.3759 1.074e-15 7.134e-16 2.332e-16 0.0 44.03 0.0
S401863 200.4673 55.3674 3.866e-16 2.682e-16 9.83e-17 0.0 44.12 0.0
S401864 200.6214 55.6575 7.197e-17 5.465e-17 2.257e-17 0.0 39.8 0.0
S401865 200.6294 55.6647 1.349e-19 1.459e-19 1.263e-19 0.0 39.73 0.0
S401866 200.4587 55.3674 1.72e-13 1.343e-13 5.992e-14 0.0 44.12 1.0
S401867 200.4548 55.3705 9.373e-18 7.961e-18 4.184e-18 0.0 44.12 0.0
S401868 200.4526 55.3644 4.556e-18 4.184e-18 2.523e-18 0.0 44.17 0.0
S401869 200.6377 55.6584 6.389e-17 4.631e-17 1.75e-17 0.0 39.73 0.0
S401870 200.4478 55.3738 6.798e-18 1.031e-17 1.807e-17 0.0 44.15 0.0
S401871 200.4479 55.3774 3.917e-18 3.475e-18 1.964e-18 0.0 44.15 0.0
S401872 200.6451 55.6503 9.788e-17 6.864e-17 2.426e-17 0.0 39.66 0.0
S401873 200.4456 55.3793 1.2460000000000002e-20 1.7760000000000002e-20 2.775e-20 0.0 44.17 0.0
S401874 200.6473 55.6444 1.767e-16 1.24e-16 4.362e-17 0.0 39.7 0.0
S401875 200.6616 55.6584 2.285e-18 4.002e-18 9.479e-18 0.0 39.72 0.0
S401876 200.653 55.6458 1.64e-16 1.151e-16 4.186e-17 0.0 39.69 0.0
S401877 200.429 55.3787 1.164e-17 9.797e-18 4.878e-18 0.0 44.11 0.0
S401878 200.4266 55.3809 2.082e-18 3.603e-18 7.923e-18 0.0 44.09 0.0
S401879 200.6546 55.6333 1.446e-18 1.38e-18 9.053e-19 0.0 39.8 0.0
S401880 200.4302 55.3926 8.75e-16 5.894e-16 1.977e-16 0.0 43.94 0.0
S401881 200.6668 55.6317 1.36e-19 1.561e-19 1.542e-19 0.0 39.87 0.0
S401882 200.4285 55.405 1.136e-16 8.25e-17 3.205e-17 0.0 43.93 0.0
S401883 200.4146 55.3918 3.504e-18 7.584e-18 2.762e-17 0.0 43.92 0.0
S401884 200.6645 55.6239 3.41e-18 2.976e-18 1.673e-18 0.0 40.07 0.0
S401885 200.4271 55.4128 1.622e-17 1.294e-17 6.191e-18 0.0 43.72 0.0
S401886 200.672 55.619 8.503e-18 7.094e-18 3.671e-18 0.0 40.1 1.0
S401887 200.6649 55.6076 2.752e-19 3.032e-19 2.554e-19 0.0 40.21 0.0
S401888 200.4289 55.4294 8.935e-17 6.331e-17 2.275e-17 0.0 43.59 0.0
S401889 200.6605 55.5962 1.459e-17 1.163e-17 5.449e-18 0.0 40.33 0.0
S401890 200.6681 55.5935 2.339e-17 1.795e-17 7.701e-18 0.0 40.43 1.0
S401891 200.6604 55.5857 9.066e-18 7.726e-18 4.154e-18 0.0 40.5 0.0
S401892 200.4292 55.4455 4.609e-17 3.552e-17 1.538e-17 0.0 43.17 1.0
S401893 200.4352 55.4528 6.408e-17 4.709e-17 1.803e-17 0.0 43.22 0.0
S401894 200.6612 55.5713 7.808e-17 5.622e-17 2.153e-17 0.0 40.62 0.0
S401895 200.4317 55.4581 2.702e-18 2.386e-18 1.365e-18 0.0 43.02 0.0
S401896 200.6558 55.5618 2.632e-18 2.47e-18 1.56e-18 0.0 40.86 0.0
S401897 200.4376 55.4784 8.643e-17 6.683e-17 2.783e-17 0.0 42.9 0.0
S401898 200.4444 55.4841 5.628e-17 4.144e-17 1.629e-17 0.0 42.78 0.0
S401899 200.6473 55.5408 6.118e-18 4.984e-18 2.34e-18 0.001 41.13 0.0
S401900 200.446 55.4926 8.317e-17 6.4e-17 2.636e-17 0.0 42.56 0.0
S401901 200.4515 55.508 1.98e-19 2.182e-19 1.947e-19 0.0 42.44 0.0
S401902 200.6325 55.5118 8.75e-16 6.093e-16 2.072e-16 0.0 41.52 1.0
S401903 200.6268 55.5062 6.374e-17 4.865e-17 2.016e-17 0.0 41.65 1.0
S401904 200.6226 55.4954 6.408e-17 4.825e-17 2.039e-17 0.0 41.71 1.0
S401905 200.6202 55.4932 1.176e-17 9.758e-18 4.762e-18 0.0 41.72 0.0
S401906 200.4725 55.5376 5.188e-17 3.938e-17 1.645e-17 0.0 41.98 1.0
S401907 200.479 55.5366 1.17e-13 8.239e-14 2.877e-14 0.0 41.93 0.0
S401908 200.6086 55.4788 1.419e-17 1.094e-17 4.834e-18 0.0 41.98 0.0
S401909 200.4864 55.5629 5.023e-16 3.471e-16 1.184e-16 0.0 41.66 0.0
S401910 200.4934 55.5656 2.254e-18 4.041e-18 9.929e-18 0.0 41.63 0.0
S401911 200.4944 55.5749 2.521e-17 1.908e-17 7.854e-18 0.0 41.52 1.0
S401912 200.5032 55.5787 2.939e-19 3.169e-19 2.656e-19 0.0 41.4 0.0
S401913 200.5789 55.4412 2.877e-18 2.7e-18 1.763e-18 0.0 42.58 0.0
S401914 200.5723 55.4404 4.616e-18 3.836e-18 1.876e-18 0.0 42.64 1.0
S401915 200.57 55.4205 2.854e-16 2.006e-16 7.114e-17 0.0 42.78 0.0
S401916 200.565 55.4151 1.439e-16 1.003e-16 3.538e-17 0.0 42.82 0.0
S401917 200.5328 55.6085 2.313e-17 1.721e-17 6.862e-18 0.0 40.96 0.0
S401918 200.5521 55.409 1.893e-16 1.373e-16 5.299e-17 0.0 43.06 0.0
S401919 200.5464 55.3957 2.166e-19 2.366e-19 2.061e-19 0.0 43.2 0.0
S401920 200.5449 55.6327 4.125e-17 3.301e-17 1.522e-17 0.0 40.73 0.0
S401921 200.5547 55.6383 1.771e-16 1.221e-16 4.301e-17 0.0 40.59 0.0
S401922 200.5601 55.639 1.325e-18 1.326e-18 9.094e-19 0.0 40.51 0.0
S401923 200.521 55.3757 1.603e-18 2.994e-18 7.466e-18 0.0 43.38 0.0
S401924 200.5688 55.6482 3.566e-18 3.088e-18 1.682e-18 0.0 40.4 0.0
S401925 200.5751 55.6559 1.607e-16 1.103e-16 3.848e-17 0.0 40.37 0.0
S401926 200.5794 55.6611 3.856e-18 5.627e-18 8.968e-18 0.0 40.27 0.0
S401927 200.5899 55.6616 1.092e-16 7.936e-17 3.006e-17 0.0 40.13 0.0
S401928 200.6051 55.6763 7.642e-18 1.395e-17 3.589e-17 0.0 40.06 0.0
S401929 200.4867 55.3492 4.074e-17 3.15e-17 1.321e-17 0.0 43.79 1.0
S401930 200.4824 55.3411 5.661e-16 3.851e-16 1.256e-16 0.0 43.89 0.0
S401931 200.6078 55.6762 2.633e-13 2.125e-13 9.846e-14 0.0 39.91 1.0
S401932 200.4683 55.3427 8.291000000000001e-20 1.086e-19 1.369e-19 0.0 44.02 0.0
S401933 200.469 55.3457 1.808e-18 1.539e-18 8.186e-19 0.0 44.01 0.0
S401934 200.4592 55.342 2.798e-18 2.488e-18 1.397e-18 0.0 43.99 0.0
S401935 200.6232 55.6768 2.866e-18 2.569e-18 1.467e-18 0.0 39.93 0.0
S401936 200.6311 55.6805 1.013e-18 2.027e-18 6.02e-18 0.0 39.85 0.0
S401937 200.4494 55.3335 4.649e-17 3.435e-17 1.38e-17 0.0 44.22 0.0
S401938 200.429 55.3221 2.829e-18 5.335e-18 1.438e-17 0.0 44.11 0.0
S401939 200.4408 55.3448 1.902e-16 1.321e-16 4.742e-17 0.001 44.15 0.0
S401940 200.4316 55.3355 6.225e-19 6.398e-19 4.96e-19 0.0 44.17 0.0
S401941 200.6625 55.6954 4.489e-18 3.867e-18 2.117e-18 0.0 39.68 0.0
S401942 200.4273 55.3361 1.135e-18 1.047e-18 6.52e-19 0.0 44.24 0.0
S401943 200.4226 55.3371 7.273e-18 6.052e-18 2.985e-18 0.0 44.3 0.0
S401944 200.4133 55.3296 2.204e-17 1.682e-17 7.028e-18 0.0 44.21 1.0
S401945 200.6743 55.6882 1.686e-18 1.563e-18 9.978e-19 0.0 39.6 0.0
S401946 200.4139 55.3452 1.372e-16 9.508e-17 3.385e-17 0.0 44.21 0.0
S401947 200.4173 55.3538 8.11e-16 5.604e-16 1.848e-16 0.0 44.13 0.0
S401948 200.4163 55.3549 1.274e-16 9.244e-17 3.571e-17 0.0 44.22 0.0
S401949 200.6864 55.6784 1.554e-18 3.415e-18 1.257e-17 0.0 39.74 0.0
S401950 200.6865 55.6703 1.157e-16 8.504e-17 3.206e-17 0.0 39.76 0.0
S401951 200.5496 55.4707 4.6070000000000004e-20 5.92e-20 6.880000000000001e-20 0.0 42.82 0.0
S401952 200.5376 55.5619 2.726e-18 4.537e-18 9.547e-18 0.0 40.99 0.0
S401953 200.5464 55.4607 2.448e-21 3.91e-21 7.564e-21 0.0 42.98 0.0
S401954 200.5465 55.4686 1.563e-19 1.821e-19 1.817e-19 0.0 42.99 0.0
S401955 200.547 55.4559 6.63e-14 7.94e-14 8.024e-14 0.0 43.11 0.0
S401956 200.5416 55.4609 6.533e-17 4.792e-17 1.875e-17 0.0 43.14 0.0
S401957 200.5483 55.5713 4.758e-16 3.326e-16 1.171e-16 0.001 40.76 0.0
S401958 200.5511 55.5725 2.066e-18 1.949e-18 1.202e-18 0.0 40.65 0.0
S401961 200.5241 55.4481 4.209e-16 2.926e-16 1.007e-16 0.0 43.48 0.0
S401963 200.5227 55.4376 2.6510000000000003e-20 3.566e-20 4.865e-20 0.0 43.53 0.0
S401964 200.5271 55.4514 7.321e-14 5.083e-14 1.803e-14 0.0 43.38 0.0
S401965 200.567 55.5871 3.611e-18 3.321e-18 2.096e-18 0.0 40.17 0.0
S401967 200.5733 55.5908 1.342e-13 1.013e-13 4.148e-14 0.0 40.07 1.0
S401968 200.5739 55.5899 2.688e-18 5.151e-18 1.418e-17 0.0 40.07 0.0
S401969 200.5763 55.5934 4e-18 3.456e-18 1.884e-18 0.0 40.12 0.0
S401970 200.5778 55.5891 1.92e-18 1.759e-18 1.069e-18 0.0 39.97 0.0
S401971 200.5753 55.5944 4.706e-18 6.958e-18 1.124e-17 0.0 40.03 0.0
S401972 200.5767 55.5988 4.691e-18 4.034e-18 2.143e-18 0.0 40.08 0.0
S401973 200.5871 55.5975 1.1690000000000001e-20 1.7000000000000002e-20 2.5850000000000004e-20 0.0 39.86 0.0
S401974 200.5005 55.4224 1.75e-18 3.032e-18 6.744e-18 0.0 43.9 0.0
S401976 200.5896 55.5954 1.414e-16 1.038e-16 4.024e-17 0.0 39.9 0.0
S401977 200.5852 55.5996 4.08e-19 4.203e-19 3.235e-19 0.0 39.92 0.0
S401978 200.5924 55.5943 1.502e-19 1.684e-19 1.579e-19 0.0 39.88 0.0
S401980 200.4904 55.4176 2.499e-21 4.079e-21 7.913e-21 0.0 44.03 0.0
S401982 200.6003 55.6067 2.281e-20 3.0250000000000005e-20 3.8690000000000004e-20 0.0 39.77 0.0
S401983 200.4785 55.4161 1.804e-17 1.433e-17 6.463e-18 0.0 44.06 0.0
S401984 200.4839 55.4198 9.396e-18 7.603e-18 3.625e-18 0.0 44.13 0.0
S401985 200.6089 55.6113 2.216e-17 1.854e-17 9.038e-18 0.0 39.69 0.0
S401986 200.6047 55.6034 3.144e-18 5.059e-18 9.446e-18 0.0 39.67 0.0
S401987 200.4765 55.4202 1.916e-18 1.754e-18 1.072e-18 0.0 44.14 0.0
S401989 200.4729 55.4237 1.079e-17 2.187e-17 6.592e-17 0.0 44.1 1.0
S401990 200.6168 55.6105 4.762e-19 5.031e-19 4.223e-19 0.0 39.83 0.0
S401991 200.6148 55.601 5.333e-18 1.022e-17 2.725e-17 0.0 39.8 0.0
S401992 200.4693 55.4212 1.562e-13 1.305e-13 6.611e-14 0.0 44.06 1.0
S401993 200.4771 55.4336 2.117e-18 4.057e-18 1.143e-17 0.0 44.04 0.0
S401994 200.4663 55.4151 1.461e-19 1.706e-19 1.645e-19 0.0 44.06 0.0
S401995 200.4623 55.4191 6.951e-20 8.353000000000001e-20 8.718000000000001e-20 0.0 43.96 0.0
S401997 200.6267 55.5972 3.218e-19 3.519e-19 3.045e-19 0.0 39.85 0.0
S401998 200.4557 55.4223 1.8279999999999998e-22 3.9319999999999997e-22 1.381e-21 0.0 43.91 0.0
S401999 200.6223 55.5961 1.195e-22 2.331e-22 6.803999999999999e-22 0.0 39.97 0.0
S402000 200.6273 55.5966 2.283e-17 1.773e-17 7.55e-18 0.0 39.91 1.0
S402002 200.4441 55.4221 9.222e-19 8.625e-19 5.559e-19 0.0 43.86 0.0
S402003 200.4554 55.439 1.447e-18 1.337e-18 8.31e-19 0.0 43.79 0.0
S402004 200.611 55.5733 5.134e-22 9.682e-22 2.603e-21 0.0 40.18 0.0
S402005 200.4633 55.4475 2.706e-18 4.947e-18 1.286e-17 0.0 43.68 0.0
S402006 200.6403 55.5974 3.603e-18 3.034e-18 1.615e-18 0.0 40.19 0.0
S402007 200.6315 55.5844 9.824e-19 9.823e-19 7.163e-19 0.0 40.25 0.0
S402008 200.6254 55.5741 2.379e-18 3.381e-18 5.019e-18 0.0 40.28 0.0
S402009 200.6236 55.5755 9.167e-19 8.855e-19 5.833e-19 0.0 40.24 0.0
S402010 200.4494 55.4426 5.962e-18 5.306e-18 3.177e-18 0.0 43.49 0.0
S402011 200.4507 55.4449 3.07e-18 5.173e-18 1.106e-17 0.0 43.49 0.0
S402012 200.634 55.5624 2.292e-21 3.9050000000000004e-21 8.53e-21 0.0 40.48 0.0
S402013 200.4525 55.45 5.474e-18 8.703e-18 1.63e-17 0.0 43.42 0.0
S402014 200.4693 55.4729 1.684e-19 1.901e-19 1.758e-19 0.0 43.15 0.0
S402015 200.4624 55.4639 2.888e-18 4.525e-18 8.095e-18 0.0 43.25 0.0
S402016 200.4621 55.474 5.055e-18 4.401e-18 2.309e-18 0.0 43.17 0.0
S402018 200.4745 55.4884 1.1e-17 9.295e-18 4.68e-18 0.0 42.74 0.0
S402020 200.6155 55.5506 7.107e-18 5.883e-18 2.991e-18 0.0 40.81 0.0
S402021 200.4642 55.4949 1.478e-18 1.43e-18 9.356e-19 0.0 42.69 0.0
S402023 200.4661 55.4878 2.468e-16 1.782e-16 6.622e-17 0.0 42.86 0.0
S402024 200.4666 55.4976 2.378e-16 1.69e-16 6.176e-17 0.0 42.65 0.0
S402025 200.6134 55.5252 1.582e-16 1.112e-16 4.092e-17 0.0 41.29 0.0
S402026 200.4723 55.5026 3.5679999999999997e-22 7.029999999999999e-22 2.049e-21 0.0 42.64 0.0
S402027 200.6207 55.518 8.116e-17 5.774e-17 2.127e-17 0.0 41.39 0.0
S402028 200.6115 55.5178 1.511e-18 2.802e-18 7.128e-18 0.0 41.38 0.0
S402029 200.4903 55.5155 1.482e-21 2.693e-21 6.684e-21 0.0 42.29 0.0
S402030 200.6095 55.5023 8.044e-19 8.208e-19 5.914e-19 0.0 41.68 0.0
S402031 200.4898 55.519 4.041e-18 6.52e-18 1.268e-17 0.0 42.25 0.0
S402032 200.6054 55.4996 2.946e-18 5.171e-18 1.247e-17 0.0 41.72 0.0
S402034 200.5973 55.4819 7.948e-18 1.943e-17 8.71e-17 0.0 42.03 1.0
S402037 200.5 55.5552 2.421e-18 4.006e-18 8.163e-18 0.0 41.61 0.0
S402039 200.5813 55.4604 2.208e-18 5.233e-18 2.307e-17 0.0 42.37 0.0
S402040 200.5085 55.5597 1.068e-19 1.277e-19 1.286e-19 0.0 41.5 0.0
S402041 200.5056 55.5725 5.53e-18 4.544e-18 2.248e-18 0.0 41.34 0.0
S402042 200.5773 55.4473 7.179999999999999e-22 1.3240000000000001e-21 3.28e-21 0.0 42.48 0.0
S402043 200.5175 55.5737 7.769000000000001e-20 9.712000000000001e-20 1.102e-19 0.0 41.28 0.0
S402044 200.5254 55.5681 1.63e-17 1.331e-17 6.343e-18 0.0 41.24 0.0
S402045 200.5269 55.5791 2.232e-18 1.954e-18 1.075e-18 0.0 41.2 0.0
S402046 200.5624 55.44 1.459e-18 3.292e-18 1.305e-17 0.0 42.87 0.0
S402047 200.5547 55.4447 9.176e-18 1.329e-17 2.048e-17 0.0 42.9 0.0
S402048 200.5333 55.5916 3.585e-21 5.801e-21 1.0980000000000001e-20 0.0 40.97 0.0
S402050 200.5387 55.596 4.9520000000000004e-20 6.635e-20 8.722e-20 0.0 40.73 0.0
S402051 200.5531 55.6041 1.201e-18 1.11e-18 6.861e-19 0.0 40.69 0.0
S402053 200.5436 55.4137 2.216e-18 4.75e-18 1.733e-17 0.0 43.22 0.0
S402054 200.5527 55.6043 3.01e-19 3.222e-19 2.635e-19 0.0 40.59 0.0
S402055 200.5566 55.6143 2.572e-21 4.1e-21 7.65e-21 0.0 40.5 0.0
S402056 200.5244 55.402 2.95e-14 1.971e-14 6.419e-15 0.0 43.41 0.0
S402057 200.5261 55.406 9.589e-19 8.965e-19 5.699e-19 0.0 43.39 0.0
S402059 200.5214 55.4026 9.941e-17 7.436e-17 2.947e-17 0.001 43.63 0.0
S402060 200.509 55.3994 2.174e-19 2.31e-19 1.917e-19 0.0 43.71 0.0
S402061 200.5761 55.6283 8.314e-22 1.551e-21 4.1070000000000004e-21 0.0 40.28 0.0
S402063 200.5121 55.3929 3.006e-18 5.878e-18 1.722e-17 0.0 43.63 0.0
S402064 200.4973 55.3783 1.483e-18 2.793e-18 7.793e-18 0.0 43.9 0.0
S402065 200.4899 55.3777 7.307e-18 6.145e-18 3.165e-18 0.0 43.93 0.0
S402066 200.5027 55.3936 7.698999999999999e-22 1.464e-21 4.055e-21 0.0 43.66 0.0
S402067 200.4903 55.383 3.97e-19 4.051e-19 3.049e-19 0.0 43.85 0.0
S402068 200.4825 55.3922 1.161e-17 9.547e-18 4.63e-18 0.001 43.99 0.0
S402070 200.6045 55.6419 2.911e-21 4.392e-21 7.396e-21 0.0 39.77 0.0
S402071 200.6036 55.638 8.885e-19 8.84e-19 6.207e-19 0.0 39.82 0.0
S402072 200.4846 55.379 7.642e-19 7.563e-19 5.643e-19 0.0 43.87 0.0
S402073 200.485 55.3838 1.853e-17 1.47e-17 6.645e-18 0.0 44.06 1.0
S402074 200.4599 55.3639 1.525e-20 2.0450000000000002e-20 2.7010000000000002e-20 0.0 44.12 0.0
S402075 200.6138 55.6417 3.497e-21 5.457e-21 9.976e-21 0.0 39.84 0.0
S402076 200.6322 55.6589 1.994e-18 1.818e-18 1.074e-18 0.0 39.69 0.0
S402077 200.6318 55.6537 5.004e-18 9.635e-18 2.646e-17 0.0 39.72 0.0
S402078 200.633 55.6522 7.794e-22 1.265e-21 2.611e-21 0.001 39.72 0.0
S402079 200.4507 55.367 1.504e-21 2.269e-21 3.951e-21 0.0 44.22 0.0
S402080 200.4581 55.3841 2.968e-18 5.512e-18 1.399e-17 0.0 44.15 0.0
S402081 200.4461 55.3687 7.568e-19 7.629e-19 5.732e-19 0.0 44.15 0.0
S402082 200.4394 55.3611 1.205e-18 2.162e-18 5.104e-18 0.0 44.08 0.0
S402083 200.6298 55.6331 1.744e-17 1.343e-17 5.8e-18 0.0 39.71 0.0
S402084 200.6573 55.666 2.855e-18 2.527e-18 1.427e-18 0.0 39.62 0.0
S402085 200.6349 55.6355 6.182e-17 4.623e-17 1.928e-17 0.0 39.71 0.0
S402087 200.6573 55.6548 5.791e-18 1.23e-17 4.183e-17 0.0 39.75 0.0
S402088 200.6473 55.6431 2.724e-21 4.38e-21 8.079e-21 0.0 39.64 0.0
S402090 200.6573 55.6423 5.277e-18 4.61e-18 2.569e-18 0.0 39.67 0.0
S402091 200.4419 55.3983 6.447e-19 1.376e-18 4.951e-18 0.0 44.06 0.0
S402093 200.429 55.3863 1.129e-18 1.794e-18 3.555e-18 0.0 44.09 0.0
S402094 200.6531 55.6271 2.641e-18 6.128e-18 2.563e-17 0.0 39.85 0.0
S402095 200.4384 55.4026 2.178e-17 1.697e-17 7.41e-18 0.0 43.96 0.0
S402096 200.4339 55.4063 1.811e-20 2.571e-20 3.863e-20 0.0 43.93 0.0
S402097 200.6638 55.6258 2.07e-21 3.588e-21 8.004e-21 0.0 39.95 0.0
S402098 200.4182 55.3821 1.91e-19 2.157e-19 1.918e-19 0.0 43.96 0.0
S402099 200.4219 55.4016 5.192e-19 5.462e-19 4.422e-19 0.0 43.82 0.0
S402100 200.4259 55.4044 1.787e-20 2.3380000000000002e-20 2.8740000000000004e-20 0.0 43.81 0.0
S402101 200.6549 55.6079 6.65e-17 4.898e-17 1.933e-17 0.0 40.16 0.0
S402102 200.422 55.4112 4.127e-18 6.033e-18 9.423e-18 0.0 43.8 0.0
S402103 200.4166 55.4163 7.621e-18 1.533e-17 4.606e-17 0.0 43.63 0.0
S402104 200.4332 55.4402 8.810000000000001e-21 1.2720000000000002e-20 1.943e-20 0.0 43.43 0.0
S402106 200.6643 55.601 7.474e-18 6.455e-18 3.497e-18 0.0 40.31 0.0
S402107 200.4359 55.4368 3.964e-16 2.807e-16 1.032e-16 0.0 43.49 0.0
S402108 200.4239 55.4305 3.0329999999999996e-22 6.09e-22 1.885e-21 0.0 43.46 0.0
S402110 200.43 55.4433 1.16e-18 1.083e-18 6.925e-19 0.0 43.35 0.0
S402111 200.6521 55.5724 3.171e-18 2.76e-18 1.571e-18 0.0 40.7 0.0
S402112 200.6766 55.5761 1.05e-21 1.84e-21 4.228e-21 0.0 40.72 0.0
S402113 200.4249 55.4414 7.979e-21 1.1760000000000001e-20 1.9200000000000002e-20 0.0 43.3 0.0
S402114 200.6579 55.5684 3.318e-19 3.736e-19 3.298e-19 0.0 40.73 0.0
S402115 200.6621 55.5835 1.726e-17 1.397e-17 6.813e-18 0.0 40.59 0.0
S402116 200.4555 55.4784 4.975e-18 4.18e-18 2.159e-18 0.0 42.87 0.0
S402118 200.4391 55.47 1.133e-21 1.985e-21 4.676e-21 0.0 42.96 0.0
S402119 200.6402 55.54 1.487e-16 1.026e-16 3.525e-17 0.0 41.05 0.0
S402120 200.6518 55.5358 1.432e-19 1.647e-19 1.627e-19 0.0 41.19 0.0
S402123 200.4549 55.5124 3.7020000000000005e-20 4.8560000000000004e-20 6.010000000000001e-20 0.0 42.37 0.0
S402124 200.4593 55.5204 1.801e-20 2.4690000000000002e-20 3.2550000000000003e-20 0.0 42.25 0.0
S402125 200.6225 55.5183 2.359e-18 2.221e-18 1.407e-18 0.0 41.41 0.0
S402126 200.6312 55.5007 6.598e-17 4.83e-17 1.948e-17 0.0 41.64 0.0
S402127 200.4649 55.5368 3.6390000000000006e-20 4.2350000000000004e-20 4.2050000000000006e-20 0.0 41.98 0.0
S402128 200.4716 55.5268 4.921e-20 6.088e-20 6.707000000000001e-20 0.0 42.14 0.0
S402130 200.6102 55.4722 5.916e-19 5.88e-19 4.052e-19 0.0 42.05 0.0
S402131 200.6144 55.4681 5.56e-19 5.588e-19 4.193e-19 0.0 42.02 0.0
S402132 200.4814 55.5507 8.218e-21 1.123e-20 1.5850000000000003e-20 0.0 41.81 0.0
S402133 200.4828 55.5717 1.889e-17 1.509e-17 7.061e-18 0.0 41.55 0.0
S402134 200.594 55.4714 4.596e-19 4.975e-19 4.273e-19 0.0 42.17 0.0
S402136 200.4974 55.5742 1.1830000000000001e-20 1.6550000000000002e-20 2.4340000000000003e-20 0.0 41.45 0.0
S402137 200.5079 55.5688 4.347e-18 3.616e-18 1.852e-18 0.0 41.48 0.0
S402139 200.5786 55.4335 5.843e-19 6.372e-19 5.514e-19 0.0 42.56 0.0
S402140 200.5143 55.5938 7.314999999999999e-22 1.311e-21 3.179e-21 0.0 41.2 0.0
S402141 200.5215 55.5915 2.489e-17 1.928e-17 8.292e-18 0.0 41.19 0.0
S402142 200.5625 55.4315 3.164e-17 2.439e-17 1.015e-17 0.0 42.88 1.0
S402143 200.5342 55.5998 4.265e-20 5.478e-20 6.408000000000001e-20 0.0 41.02 0.0
S402144 200.5319 55.6035 5.916000000000001e-20 7.049e-20 7.251e-20 0.0 40.9 0.0
S402145 200.5456 55.4212 4.885e-18 1.016e-17 3.423e-17 0.0 42.97 0.0
S402146 200.5471 55.4064 2.661e-21 4.314e-21 8.489000000000001e-21 0.0 43.04 0.0
S402147 200.5353 55.6308 2.05e-18 1.853e-18 1.076e-18 0.0 40.86 0.0
S402148 200.55 55.6311 3.777e-17 2.869e-17 1.191e-17 0.0 40.63 1.0
S402149 200.534 55.4048 2.76e-18 4.7e-18 1.04e-17 0.0 43.3 0.0
S402150 200.5337 55.4044 8.984e-19 9.024e-19 6.491e-19 0.0 43.26 0.0
S402153 200.5664 55.653 4.496e-19 4.767e-19 4.023e-19 0.0 40.43 0.0
S402154 200.5751 55.66 3.791e-16 2.713e-16 1.022e-16 0.0 40.33 0.0
S402155 200.5066 55.3639 3.383e-18 3.02e-18 1.745e-18 0.0 43.73 0.0
S402156 200.4928 55.3602 4.151e-18 3.535e-18 1.836e-18 0.0 43.71 0.0
S402157 200.5054 55.3683 1.991e-18 1.808e-18 1.071e-18 0.0 43.69 0.0
S402158 200.5026 55.3817 2.7e-17 1.918e-17 7.247e-18 0.0 43.77 0.0
S402160 200.487 55.3523 3.122e-19 3.319e-19 2.825e-19 0.001 43.93 0.0
S402161 200.4906 55.3544 1.377e-18 2.828e-18 9.123e-18 0.0 43.85 0.0
S402163 200.4731 55.3549 2.522e-18 2.233e-18 1.273e-18 0.001 44.04 0.0
S402164 200.4707 55.3512 2.336e-20 3.0680000000000004e-20 3.8540000000000005e-20 0.0 43.94 0.0
S402165 200.4637 55.3361 5.093e-17 3.754e-17 1.484e-17 0.0 44.05 0.0
S402166 200.4688 55.3429 6.135e-19 6.529e-19 5.377e-19 0.0 43.91 0.0
S402167 200.4656 55.3485 3.453e-17 1.015e-16 6.938e-16 0.0 44.03 1.0
S402168 200.6109 55.6643 1.335e-13 9.999e-14 4.092e-14 0.0 39.86 0.0
S402169 200.4552 55.3309 8.046e-17 5.741e-17 2.081e-17 0.0 44.03 0.0
S402170 200.6273 55.6749 1.218e-13 8.926e-14 3.382e-14 0.0 39.85 0.0
S402171 200.4478 55.3446 2.57e-18 2.305e-18 1.339e-18 0.0 44.18 0.0
S402172 200.646 55.6831 5.873e-18 9.537e-18 1.905e-17 0.0 39.72 0.0
S402173 200.4494 55.3394 8.739e-19 8.565e-19 5.884e-19 0.0 44.15 0.0
S402175 200.4297 55.3299 2.231e-17 1.795e-17 8.004e-18 0.0 44.1 1.0
S402177 200.6577 55.6953 2.682e-19 2.8e-19 2.207e-19 0.0 39.72 0.0
S402178 200.438 55.3524 4.645e-20 5.689e-20 6.309000000000001e-20 0.0 44.19 0.0
S402179 200.6761 55.6955 1.6e-16 1.11e-16 3.937e-17 0.0 39.72 0.0
S402180 200.6681 55.6868 6.284e-19 6.572e-19 5.033e-19 0.0 39.57 0.0
S402181 200.6704 55.6856 7.96e-19 7.65e-19 5.141e-19 0.0 39.61 0.0
S402182 200.6758 55.6888 2.8120000000000004e-20 3.801e-20 5.0950000000000006e-20 0.0 39.68 0.0
S402183 200.6809 55.6865 1.139e-19 1.355e-19 1.4e-19 0.0 39.72 0.0
S402184 200.3976 55.3336 2.6800000000000002e-20 3.734e-20 5.315000000000001e-20 0.0 44.18 0.0
S402186 200.6819 55.6747 3.05e-18 2.81e-18 1.734e-18 0.0 39.72 0.0
S402187 200.4034 55.3461 1.256e-20 1.8680000000000003e-20 2.9230000000000004e-20 0.0 44.02 0.0
S402189 200.3988 55.355 5.867e-22 1.18e-21 3.576e-21 0.0 44.08 0.0
S402191 200.4045 55.3627 6.089e-19 6.458e-19 5.069e-19 0.0 43.94 0.0
S402192 200.4055 55.3755 2.2410000000000002e-20 3.062e-20 4.0750000000000005e-20 0.0 43.97 0.0
S402193 200.7108 55.6826 4.203e-18 3.546e-18 1.829e-18 0.0 39.93 0.0
S402194 200.6901 55.6472 5.016e-19 5.377e-19 4.425e-19 0.0 39.94 0.0
