Name Equatorial Polar BlueF GreenF RedF Parallax RadialVelocity Variable?
S047741 337.2927 61.8677 1.128e-20 1.6270000000000002e-20 2.4850000000000003e-20 0.0 92.6 0.0
S047742 337.2838 61.8551 3.9909999999999996e-22 7.544999999999999e-22 2.041e-21 0.0 92.31 0.0
S047743 337.283 61.8668 4.008e-20 5.1180000000000004e-20 6.160000000000001e-20 0.0 91.61 0.0
S047744 337.1925 61.9478 6.555e-21 1.061e-20 2.0380000000000002e-20 0.0 95.18 0.0
S047745 337.2559 61.903 9.508e-19 1.609e-18 3.481e-18 0.0 94.43 0.0
S047746 337.2859 61.8579 7.016000000000001e-20 8.563e-20 9.748000000000001e-20 0.0 92.75 0.0
S047747 337.0314 62.0931 1.2349999999999999e-22 2.852e-22 1.142e-21 0.0 95.11 0.0
S047749 337.2785 61.8729 5.159e-19 5.213e-19 3.981e-19 0.0 94.54 0.0
S047752 337.2537 61.8965 5.7569999999999995e-22 1.108e-21 3.092e-21 0.0 94.69 1.0
S047753 337.3567 61.7932 1.793e-22 3.9359999999999994e-22 1.476e-21 0.0 91.17 0.0
S047754 337.3618 61.8031 1.657e-20 2.274e-20 3.2190000000000005e-20 0.0 91.22 0.0
S047755 337.2946 61.8576 2.072e-19 2.33e-19 2.183e-19 0.0 91.96 0.0
S047758 337.2864 61.8709 1.553e-19 1.731e-19 1.519e-19 0.0 92.28 0.0
S047760 337.2777 61.8669 1.2789999999999998e-22 2.5729999999999997e-22 7.580999999999999e-22 0.0 92.41 0.0
S047761 337.2268 61.8907 4.206e-19 4.157e-19 2.998e-19 0.0 94.49 0.0
S047763 337.1821 61.9421 6.903e-21 1.0620000000000001e-20 1.8340000000000002e-20 0.0 95.32 0.0
S047765 337.3279 61.8343 7.441000000000001e-20 9.076000000000001e-20 9.873e-20 0.0 91.1 0.0
S047766 337.3149 61.8801 2.32e-18 2.074e-18 1.21e-18 0.0 92.75 0.0
S047767 337.2841 61.8584 1.048e-19 1.237e-19 1.255e-19 0.0 92.16 0.0
S047768 337.2397 61.89 1.2899999999999998e-22 2.7659999999999997e-22 9.418e-22 0.0 94.91 0.0
S047770 337.3094 61.8604 8.938e-18 7.394e-18 3.529e-18 0.0 92.25 0.0
S047772 337.3104 61.8421 1.129e-21 1.847e-21 3.72e-21 0.0 91.33 0.0
S047774 337.2246 61.8858 2.906e-19 3.044e-19 2.448e-19 0.0 94.55 0.0
S047775 337.2302 61.9553 1.5279999999999998e-22 3.4389999999999995e-22 1.311e-21 0.0 94.34 0.0
S047776 337.3193 61.8515 1.8739999999999999e-22 3.7909999999999997e-22 1.182e-21 0.0 91.51 0.0
S047779 337.2809 61.8712 2.116e-18 1.924e-18 1.129e-18 0.0 96.24 0.0
S047780 337.1549 61.9473 3.422e-18 5.344e-18 9.623e-18 0.0 95.38 0.0
S047781 337.3066 61.8251 7.697e-21 1.1080000000000002e-20 1.766e-20 0.0 91.9 0.0
S047782 337.2895 61.8738 1.0999999999999998e-22 2.3199999999999997e-22 7.995999999999999e-22 0.0 91.79 0.0
S047783 337.2502 61.8682 2.6300000000000003e-20 3.465e-20 4.452e-20 0.0 93.58 0.0
S047784 337.2857 61.8459 6.943000000000001e-21 9.756e-21 1.3780000000000002e-20 0.0 92.63 0.0
S047785 337.2385 61.902 1.381e-21 2.396e-21 5.256e-21 0.0 94.98 0.0
S047789 337.2692 61.8484 3.881e-18 3.375e-18 1.83e-18 0.0 92.91 0.0
S047790 337.2506 61.8846 6.8569999999999995e-22 1.259e-21 3.2070000000000002e-21 0.0 94.69 0.0
S047793 337.2528 61.8987 2.5789999999999996e-22 5.3109999999999995e-22 1.712e-21 0.0 94.77 0.0
S047794 337.341 61.8543 4.8480000000000005e-20 6.025e-20 6.624e-20 0.0 91.79 0.0
S047795 337.2698 61.8903 1.829e-20 2.5620000000000003e-20 3.6410000000000004e-20 0.0 94.3 0.0
S047797 337.2925 61.8582 5.451e-22 1.0240000000000001e-21 2.715e-21 0.0 91.94 0.0
S047799 337.3562 61.8227 3.135e-21 5.297e-21 1.0980000000000001e-20 0.0 90.95 0.0
S047800 337.3229 61.8471 1.0739999999999998e-22 2.316e-22 8.118999999999999e-22 0.0 91.27 0.0
S047801 337.3031 61.835 1.219e-19 1.475e-19 1.501e-19 0.001 91.89 0.0
S047802 337.288 61.8588 5.576e-20 7.067000000000001e-20 8.028000000000001e-20 0.0 92.47 0.0
S047804 337.281 61.866 9.067e-14 6.467e-14 2.336e-14 0.0 92.18 0.0
S047805 337.2911 61.8607 9.717e-19 9.444e-19 6.674e-19 0.0 92.66 0.0
S047807 337.3065 61.8464 1.949e-20 2.717e-20 3.899e-20 0.0 91.52 0.0
S047809 337.3931 61.7444 1.18e-18 1.182e-18 8.374e-19 0.0 91.24 0.0
S047811 337.2319 61.9102 5.923e-18 1.311e-17 4.84e-17 0.0 94.95 1.0
S047812 337.2653 61.8553 1.8990000000000003e-20 2.7420000000000005e-20 4.334e-20 0.0 93.16 0.0
S047814 337.2391 61.9216 3.5650000000000004e-20 4.6410000000000005e-20 5.713000000000001e-20 0.0 94.6 0.0
S047815 337.2349 61.8812 1.535e-13 1.147e-13 4.631e-14 0.0 93.91 0.0
S047818 337.276 61.8614 2.59e-19 2.825e-19 2.461e-19 0.0 92.96 0.0
S047819 337.2564 61.8986 1.257e-17 3.363e-17 1.808e-16 0.0 94.32 1.0
S047820 337.2375 61.9022 2.236e-20 3.002e-20 3.9790000000000004e-20 0.0 95.06 0.0
S047821 337.3306 61.8356 7.288e-20 8.331e-20 7.918000000000001e-20 0.0 91.23 0.0
S047824 337.3062 61.8472 4.587e-21 6.84e-21 1.142e-20 0.0 91.52 0.0
S047825 337.3934 61.859 2.368e-22 4.609999999999999e-22 1.375e-21 0.0 92.37 0.0
S047826 337.3129 61.8492 3.72e-22 6.994e-22 1.875e-21 0.0 91.41 0.0
S047828 337.3511 61.861 3.413e-14 2.331e-14 7.495e-15 0.0 92.12 0.0
S047829 337.2211 61.9105 2.607e-22 4.9849999999999995e-22 1.426e-21 0.0 95.18 0.0
S047831 337.3729 61.8277 1.377e-18 2.268e-18 4.654e-18 0.0 91.66 0.0
S047833 337.2875 61.8747 6.179e-20 6.791000000000001e-20 5.893000000000001e-20 0.0 93.07 0.0
S047834 337.2874 61.8739 1.247e-13 9.457e-14 4.04e-14 0.0 92.94 1.0
S047835 337.2758 61.8707 4.204e-20 5.397e-20 6.297e-20 0.0 94.09 0.0
S047838 337.2706 61.8677 6.162e-22 1.133e-21 2.833e-21 0.0 93.42 0.0
S047845 337.2825 61.8638 8.301e-21 1.2410000000000002e-20 2.0660000000000002e-20 0.001 92.65 0.0
S047846 337.347 61.7638 1.103e-22 2.2689999999999997e-22 7.247999999999999e-22 0.0 92.01 0.0
S047847 337.1983 61.9465 2.8979999999999996e-22 6.018999999999999e-22 1.93e-21 0.0 94.89 0.0
S047852 337.2873 61.8652 1.86e-22 3.801e-22 1.196e-21 0.0 91.69 0.0
S047853 337.2907 61.8632 6.852999999999999e-22 1.219e-21 2.8560000000000002e-21 0.0 92.46 0.0
S047854 337.1933 61.9529 2.8250000000000005e-20 3.774e-20 4.8620000000000005e-20 0.0 94.66 0.0
S047855 337.2788 61.8709 2.032e-21 3.674e-21 8.718e-21 0.0 93.46 0.0
S047856 337.228 61.896 1.083e-17 1.517e-17 2.177e-17 0.0 94.92 0.0
S047857 337.3382 61.8255 6.891e-20 8.194000000000001e-20 8.003000000000001e-20 0.0 91.26 0.0
S047859 337.281 61.8692 1.026e-21 1.766e-21 3.8100000000000004e-21 0.0 92.99 0.0
S047860 337.2711 61.8791 3.054e-21 5.055e-21 1.016e-20 0.0 94.35 0.0
S047862 337.3186 61.8846 3.951e-17 3.036e-17 1.296e-17 0.0 92.79 1.0
S047863 337.2756 61.8693 5.509000000000001e-20 6.602000000000001e-20 6.764e-20 0.0 94.51 0.0
S047864 337.2849 61.8676 1.098e-18 1.098e-18 7.838e-19 0.001 92.64 0.0
S047866 337.2362 61.8999 7.486999999999999e-22 1.398e-21 3.669e-21 0.0 94.83 0.0
S047867 337.365 61.843 2.783e-22 5.392e-22 1.5260000000000001e-21 0.0 91.4 0.0
S047868 337.3499 61.8326 1.955e-18 1.869e-18 1.212e-18 0.0 90.89 0.0
S047871 337.1762 61.9383 2.358e-18 5.236e-18 1.947e-17 0.0 95.43 0.0
S047872 337.2778 61.9006 5.452e-20 6.641000000000001e-20 7.065000000000001e-20 0.0 93.75 0.0
S047874 337.3488 61.8658 2.143e-19 2.355e-19 1.987e-19 0.0 92.41 0.0
S047876 337.3007 61.855 1.554e-13 1.119e-13 4.277e-14 0.0 92.33 1.0
S047878 337.2961 61.859 6.995e-21 1.0690000000000001e-20 1.8020000000000003e-20 0.0 92.29 0.0
S047880 337.291 61.8638 1.621e-21 2.713e-21 5.656e-21 0.0 91.74 0.0
S047882 337.2011 61.923 3.0170000000000002e-21 4.718e-21 8.583000000000001e-21 0.0 95.21 0.0
S047883 337.2693 61.8589 1.237e-19 1.445e-19 1.468e-19 0.0 94.4 0.0
S047884 337.292 61.878 1.182e-19 1.4e-19 1.421e-19 0.0 93.0 0.0
S047886 337.2682 61.9078 5.316e-21 8.214000000000001e-21 1.4100000000000002e-20 0.0 93.84 0.0
S047888 337.3346 61.8383 2.075e-19 2.278e-19 2.067e-19 0.001 91.64 0.0
S047889 337.2605 61.8552 9.492000000000001e-20 1.125e-19 1.109e-19 0.0 93.18 0.0
S047891 337.1399 61.9674 1.188e-21 2.056e-21 4.596e-21 0.0 95.51 0.0
S047893 337.2862 61.8587 6.237e-19 6.572e-19 5.45e-19 0.0 91.78 0.0
S047894 337.4651 61.7549 2.877e-20 3.6620000000000004e-20 4.438e-20 0.0 90.69 0.0
S047896 337.2919 61.856 1.206e-20 1.7370000000000002e-20 2.6380000000000002e-20 0.0 92.27 0.0
S047897 337.7096 61.612 1.044e-17 1.456e-17 2.166e-17 0.0 90.88 0.0
S047898 337.2829 61.8596 1.0439999999999999e-22 2.1779999999999996e-22 7.247e-22 0.0 92.13 0.0
S047899 337.2335 61.9045 1.9300000000000003e-20 2.636e-20 3.493e-20 0.0 94.93 0.0
S047900 337.2983 61.8522 1.951e-21 3.388e-21 7.477e-21 0.0 91.67 0.0
S047903 337.2777 61.8858 1.467e-21 2.585e-21 5.943e-21 0.0 94.07 0.0
S047904 337.3078 61.8496 3.189e-19 3.59e-19 3.175e-19 0.0 91.44 0.0
S047905 337.4345 61.7447 1.275e-19 1.368e-19 1.171e-19 0.0 90.73 0.0
S047906 337.3039 61.8661 2.999e-22 5.492e-22 1.378e-21 0.0 91.97 0.0
S047907 337.2727 61.8652 1.033e-13 7.503e-14 2.828e-14 0.0 93.16 0.0
S047908 337.243 61.9152 8.63e-21 1.2340000000000002e-20 1.7650000000000002e-20 0.0 94.9 0.0
S047909 337.1852 61.9247 1.8340000000000002e-20 2.4560000000000002e-20 3.252e-20 0.0 95.15 0.0
S047911 337.2841 61.8624 2.01e-21 3.221e-21 6.289e-21 0.0 91.92 0.0
S047912 337.2965 61.8705 8.923999999999999e-22 1.536e-21 3.459e-21 0.0 92.03 0.0
S047914 337.3196 61.8556 5.104e-22 9.467e-22 2.502e-21 0.0 91.28 0.0
S047916 337.2883 61.8253 1.392e-18 2.367e-18 4.984e-18 0.0 92.6 0.0
S047917 337.1466 61.9467 5.167e-22 9.502e-22 2.3510000000000002e-21 0.0 95.13 0.0
S047918 337.3874 61.7968 1.039e-13 8.212e-14 3.706e-14 0.0 90.72 1.0
S047919 337.3146 61.8527 5.438e-18 1.226e-17 4.73e-17 0.0 91.87 1.0
S047920 337.0088 61.9939 2.962e-20 3.741e-20 4.305e-20 0.0 94.73 0.0
S047923 337.2248 61.9611 2.181e-20 3.16e-20 4.81e-20 0.001 94.2 0.0
S047924 337.2492 61.909 2.48e-18 4.99e-18 1.525e-17 0.0 94.52 0.0
S047928 337.1761 61.9705 7.482e-22 1.308e-21 2.935e-21 0.0 95.2 0.0
S047931 337.2993 61.8759 2.722e-18 4.896e-18 1.179e-17 0.0 92.7 0.0
S047932 337.3468 61.7944 1.533e-22 3.2929999999999996e-22 1.14e-21 0.0 91.06 0.0
S047934 337.2862 61.8753 1.1250000000000001e-21 1.913e-21 4.253e-21 0.0 93.06 0.0
S047938 337.1913 61.9044 2.223e-19 2.273e-19 1.754e-19 0.0 94.75 0.0
S047943 337.277 61.8907 8.302e-19 8.055e-19 5.609e-19 0.0 93.89 0.0
S047944 337.2558 61.8901 1.8719999999999998e-22 4.032e-22 1.413e-21 0.0 94.49 0.0
S047947 337.2988 61.8792 1.021e-20 1.553e-20 2.718e-20 0.0 92.89 0.0
S047948 337.2761 61.8701 1.838e-19 2.118e-19 2.095e-19 0.0 94.55 0.0
S047950 337.2088 61.9533 3.321e-21 5.446e-21 1.0640000000000001e-20 0.0 94.86 0.0
S047952 337.2689 61.877 2.515e-18 4.271e-18 9.611e-18 0.0 93.52 0.0
S047956 337.2807 61.8757 3.567e-18 6.915e-18 2.055e-17 0.0 94.37 0.0
S047957 337.2777 61.8611 1.991e-21 3.346e-21 6.978000000000001e-21 0.0 92.18 0.0
S047962 337.3833 61.7704 1.412e-19 1.616e-19 1.536e-19 0.0 91.27 0.0
S047963 337.2674 61.8757 2.605e-22 5.247999999999999e-22 1.6e-21 0.0 94.4 0.0
S047964 337.2886 61.8773 7.428e-20 8.328000000000001e-20 7.473e-20 0.0 91.81 0.0
S047965 337.2785 61.8727 5.756e-20 6.788e-20 7.101e-20 0.0 93.82 0.0
S047966 337.2731 61.8703 4.2229999999999997e-22 8.2089999999999995e-22 2.286e-21 0.0 94.6 0.0
S047968 337.2169 61.9162 9.365e-21 1.282e-20 1.794e-20 0.0 95.23 0.0
S047969 337.269 61.8696 9.421e-18 7.7e-18 3.587e-18 0.0 94.47 0.0
S047970 337.2888 61.8638 3.192e-18 2.768e-18 1.488e-18 0.0 92.11 0.0
S047971 337.3146 61.8559 1.553e-18 1.42e-18 8.901e-19 0.0 92.16 0.0
S047973 337.2094 61.9137 1.28e-21 2.225e-21 5.119e-21 0.0 95.17 0.0
S047975 337.2856 61.8747 2.6029999999999997e-22 5.305999999999999e-22 1.675e-21 0.0 91.79 0.0
S047977 337.2638 61.8861 6.224e-19 6.047e-19 4.107e-19 0.0 94.56 0.0
S047978 337.4984 61.6944 6.25e-21 9.421e-21 1.587e-20 0.0 91.0 0.0
S047979 337.4818 61.7686 1.22e-13 8.508e-14 2.921e-14 0.0 91.25 0.0
S047980 337.264 61.8756 2.4619999999999997e-22 4.794e-22 1.37e-21 0.0 93.68 0.0
S047982 337.2772 61.866 1.0050000000000001e-20 1.3780000000000002e-20 1.8690000000000002e-20 0.0 92.47 0.0
S047986 337.2347 61.8843 7.258e-20 8.915000000000001e-20 9.869000000000001e-20 0.0 94.33 0.0
S047987 337.2263 61.8778 1.181e-19 1.346e-19 1.314e-19 0.0 93.99 0.0
S047988 337.3043 61.8617 3.2799999999999998e-22 5.988999999999999e-22 1.5500000000000001e-21 0.0 91.66 0.0
S047990 337.2235 61.8909 7.293e-20 8.889000000000001e-20 9.654000000000001e-20 0.0 94.76 0.0
S047991 337.2794 61.8678 6.188e-19 6.198e-19 4.474e-19 0.0 92.84 0.0
S047992 337.2914 61.8679 2.137e-19 2.345e-19 1.984e-19 0.0 91.85 0.0
S047993 337.2542 61.8425 5.478e-22 1.085e-21 3.099e-21 0.0 93.08 0.0
S047995 337.2273 61.9322 2.855e-18 2.507e-18 1.352e-18 0.0 94.67 0.0
S047996 337.2941 61.8603 1.393e-20 1.8850000000000003e-20 2.5210000000000002e-20 0.0 91.79 0.0
S047997 337.2989 61.8727 1.295e-22 2.9139999999999996e-22 1.127e-21 0.0 91.78 0.0
S047998 337.2504 61.891 2.751e-17 7.549e-17 4.441e-16 0.0 94.55 1.0
S047999 337.2969 61.8571 3.5299999999999996e-22 7.220999999999999e-22 2.311e-21 0.0 91.67 0.0
S048000 337.0976 62.0139 6.107e-21 9.014e-21 1.497e-20 0.0 95.61 0.0
S048004 337.2946 61.8631 1.6680000000000002e-20 2.3540000000000003e-20 3.3910000000000005e-20 0.0 91.75 0.0
S048005 337.2403 61.8913 1.858e-21 3.051e-21 6.18e-21 0.0 94.94 0.0
S048006 337.3403 61.7974 1.9609999999999997e-22 4.0399999999999994e-22 1.287e-21 0.0 91.28 0.0
S048007 337.2848 61.8702 4.718e-19 4.757e-19 3.654e-19 0.0 92.92 0.0
S048008 337.2466 61.8938 5.863e-21 8.964e-21 1.512e-20 0.0 94.83 0.0
S048011 337.2041 61.9237 8.288999999999999e-22 1.451e-21 3.456e-21 0.0 95.29 0.0
S048014 337.2572 61.9142 7.409e-18 1.213e-17 2.44e-17 0.0 94.1 0.0
S048016 337.2788 61.8674 1.253e-21 2.171e-21 4.872e-21 0.0 92.66 0.0
S048018 337.2669 61.8583 3.317e-21 5.565e-21 1.1500000000000001e-20 0.0 93.33 0.0
S048020 337.3218 61.8578 7.969e-20 1.005e-19 1.131e-19 0.0 91.29 0.0
S048021 337.2665 61.8955 3.891e-18 3.343e-18 1.803e-18 0.0 94.57 0.0
S048023 337.2616 61.8891 9.155e-19 8.979e-19 6.279e-19 0.0 94.07 0.0
S048024 337.2588 61.9001 1.422e-22 3.0309999999999995e-22 1.051e-21 0.0 94.59 0.0
S048025 337.2351 61.8663 3.03e-18 2.675e-18 1.502e-18 0.0 94.47 0.0
S048026 337.2793 61.8439 2.629e-22 5.319999999999999e-22 1.676e-21 0.0 92.54 0.0
S048028 337.242 61.8875 1.888e-18 3.269e-18 7.245e-18 0.0 94.9 0.0
S048029 337.3442 61.8598 4.802999999999999e-22 8.761e-22 2.272e-21 0.0 91.49 0.0
S048030 337.3014 61.8373 5.929e-21 9.393000000000001e-21 1.7240000000000002e-20 0.0 91.46 0.0
S048031 337.3472 61.8248 1.3e-18 1.276e-18 9.055e-19 0.0 91.52 0.0
S048032 337.2504 61.8694 3.277e-21 5.441e-21 1.1070000000000001e-20 0.0 94.26 0.0
S048034 337.2704 61.8563 9.346e-21 1.381e-20 2.1830000000000002e-20 0.0 93.0 0.0
S048036 337.3053 61.8713 2.102e-17 3.559e-17 7.547e-17 0.0 92.34 0.0
S048038 337.267 61.9064 1.023e-17 8.484e-18 4.11e-18 0.0 94.82 0.0
S048039 337.2913 61.9099 1.459e-19 1.608e-19 1.445e-19 0.0 94.01 0.0
S048040 337.3156 61.8707 1.583e-17 1.252e-17 5.805e-18 0.0 91.8 0.0
S048042 337.2978 61.8984 4.538e-18 9.079e-18 2.731e-17 0.0 94.71 0.0
S048043 337.3439 61.8129 6.204e-18 5.219e-18 2.652e-18 0.0 90.98 0.0
S048044 337.3301 61.846 1.239e-22 2.56e-22 8.227999999999999e-22 0.0 91.18 0.0
S048045 337.2663 61.8973 6.904e-20 7.87e-20 7.241e-20 0.0 94.0 0.0
S048047 337.3022 61.8703 1.877e-17 1.544e-17 7.501e-18 0.001 92.29 0.0
S048048 337.3349 61.8567 1.264e-21 2.192e-21 5.033e-21 0.0 91.65 0.0
S048049 337.3077 61.8333 2.199e-22 4.501e-22 1.376e-21 0.0 91.16 0.0
S048050 337.2508 61.8802 2.347e-21 3.848e-21 7.494e-21 0.0 94.45 0.0
S048051 337.2447 61.8182 1.018e-19 1.193e-19 1.235e-19 0.0 92.93 0.0
S048052 337.2323 61.8911 2.079e-22 4.614e-22 1.707e-21 0.0 94.68 0.0
S048053 337.3293 61.8592 4.278e-20 5.531e-20 6.748e-20 0.0 91.47 0.0
S048054 337.3142 61.8419 3.2330000000000004e-20 4.2970000000000004e-20 5.448e-20 0.0 91.23 0.0
S048055 337.3549 61.8596 2.989e-18 2.591e-18 1.442e-18 0.0 90.94 0.0
S048057 337.3163 61.8798 6.931e-19 7.046e-19 5.222e-19 0.0 92.23 0.0
S048058 337.2597 61.8719 1.238e-17 1.007e-17 4.973e-18 0.0 94.48 0.0
S048059 337.281 61.936 5.58e-21 8.725000000000001e-21 1.6380000000000002e-20 0.0 95.01 0.0
S048061 337.2311 61.8594 5.026e-18 4.376e-18 2.39e-18 0.0 94.91 0.0
S048063 337.2548 61.8577 1.312e-17 1.018e-17 4.404e-18 0.0 93.57 0.0
S048064 337.2848 61.9236 1.883e-18 4.08e-18 1.432e-17 0.0 93.99 0.0
S048065 337.251 61.8481 3.099e-18 2.697e-18 1.475e-18 0.0 93.78 0.0
S048066 337.2764 61.8467 1.285e-13 9.726e-14 3.978e-14 0.0 92.38 1.0
S048068 337.2889 61.902 7.905e-18 1.603e-17 4.94e-17 0.0 93.9 1.0
S048069 337.3106 61.8632 4.353e-18 3.764e-18 1.999e-18 0.0 91.54 0.0
S048072 337.2432 61.9229 3.473e-18 6.073e-18 1.345e-17 0.0 94.71 0.0
S048073 337.3025 61.9228 8.09e-21 1.1710000000000001e-20 1.825e-20 0.0 94.43 0.0
S048074 337.2724 61.8514 7.522e-14 8.159e-14 6.792e-14 0.0 92.77 0.0
S048075 337.2232 61.8634 7.846000000000001e-20 9.802000000000001e-20 1.137e-19 0.0 94.92 0.0
S048076 337.2422 61.9105 1.977e-17 4.616e-17 1.888e-16 0.0 94.9 1.0
S048077 337.2629 61.879 1.008e-17 8.44e-18 4.337e-18 0.0 93.62 0.0
S048078 337.268 61.855 3.579e-18 7.196e-18 2.268e-17 0.0 93.05 0.0
S048079 337.282 61.869 2.839e-19 3.033e-19 2.523e-19 0.0 90.93 0.0
S048080 337.2742 61.9447 2.071e-18 1.865e-18 1.089e-18 0.0 94.67 0.0
S048081 337.2405 61.8795 8.359e-20 1.025e-19 1.131e-19 0.0 94.8 0.0
S048082 337.2536 61.8498 9.667e-18 7.874e-18 3.932e-18 0.0 93.35 0.0
S048083 337.2878 61.8462 2.636e-22 4.471e-22 9.485999999999999e-22 0.0 91.53 0.0
S048084 337.2627 61.8791 8.935e-21 1.3040000000000001e-20 2.1090000000000003e-20 0.0 94.14 0.0
S048086 337.2772 61.8504 1.924e-18 4.153e-18 1.449e-17 0.0 92.62 0.0
S048087 337.2866 61.8912 4.1590000000000004e-20 5.1e-20 5.578e-20 0.0 93.47 0.0
S048088 337.2956 61.8517 1.27e-18 2.5e-18 7.079e-18 0.0 91.91 0.0
S048089 337.2584 61.8787 5.894e-20 7.757000000000001e-20 9.901e-20 0.0 94.26 0.0
S048090 337.296 61.9023 1.8899999999999997e-22 4.48e-22 1.898e-21 0.0 93.66 0.0
S048091 337.2508 61.8656 1.408e-17 1.149e-17 5.584e-18 0.0 94.44 0.0
S048092 337.2801 61.8532 1.214e-18 1.122e-18 6.926e-19 0.0 92.69 0.0
S048093 337.2824 61.838 1.812e-17 4.649e-17 2.414e-16 0.0 91.74 1.0
S048095 337.2834 61.8576 7.270999999999999e-22 1.334e-21 3.416e-21 0.0 92.6 0.0
S048096 337.236 61.8563 5.981e-19 5.964e-19 4.139e-19 0.0 93.8 0.0
S048097 337.3207 61.8521 1.603e-14 1.089e-14 3.591e-15 0.0 91.84 0.0
S048102 337.2781 61.87 4.63e-20 5.766e-20 6.377000000000001e-20 0.0 93.22 0.0
S048103 337.29 61.918 1.1339999999999998e-22 2.4079999999999996e-22 8.176999999999999e-22 0.0 94.06 0.0
S048104 337.2426 61.8787 3.6e-18 4.889e-18 6.712e-18 0.0 94.63 0.0
S048105 337.2687 61.885 3.518e-19 3.86e-19 3.312e-19 0.0 94.4 0.0
S048106 337.2971 61.8802 2.067e-17 1.573e-17 6.619e-18 0.0 92.61 0.0
S048108 337.2284 61.8863 1.708e-18 1.601e-18 1.005e-18 0.0 95.03 0.0
S048109 337.2116 61.8579 6.035999999999999e-22 1.082e-21 2.64e-21 0.0 95.12 0.0
S048110 337.3359 61.834 3.903e-19 4.046e-19 3.006e-19 0.0 91.33 0.0
S048111 337.2996 61.8728 2.051e-18 1.777e-18 9.766e-19 0.0 91.95 0.0
S048112 337.2226 61.9085 4.341999999999999e-22 8.853e-22 2.805e-21 0.0 94.9 0.0
S048113 337.3217 61.8356 9.1e-21 1.37e-20 2.17e-20 0.0 91.1 0.0
S048114 337.285 61.8821 2.465e-21 4.063e-21 8.133e-21 0.0 93.4 0.0
S048115 337.246 61.833 7.194e-14 4.973e-14 1.769e-14 0.0 93.1 0.0
S048116 337.2804 61.8316 1.1039999999999998e-22 2.1139999999999998e-22 6.126999999999999e-22 0.0 91.31 0.0
S048117 337.2666 61.8404 1.2269999999999998e-22 2.605e-22 8.748999999999999e-22 0.001 92.51 0.0
S048119 337.2684 61.8821 2.696e-19 2.865e-19 2.323e-19 0.0 94.2 0.0
S048121 337.2489 61.8396 1.04e-18 1.539e-18 2.384e-18 0.0 93.33 0.0
S048122 337.2449 61.8494 8.643e-15 5.673e-15 1.756e-15 0.0 94.42 0.0
S048123 337.2597 61.8846 1.058e-21 2.0360000000000002e-21 5.628e-21 0.0 94.2 0.0
S048124 337.2566 61.9072 7.434000000000001e-20 8.928e-20 9.433e-20 0.0 94.37 0.0
S048125 337.2894 61.8367 2.3579999999999997e-22 4.655999999999999e-22 1.359e-21 0.0 91.42 0.0
S048126 337.322 61.8359 2.437e-19 2.487e-19 1.905e-19 0.0 91.59 0.0
S048127 337.27 61.9203 2.464e-19 2.732e-19 2.444e-19 0.0 94.76 0.0
S048128 337.2672 61.8389 4.692e-18 7.959e-18 1.725e-17 0.0 92.67 0.0
S048129 337.2445 61.8777 1.27e-18 1.15e-18 6.887e-19 0.0 94.76 0.0
S048130 337.2418 61.8981 1.765e-18 1.691e-18 1.133e-18 0.0 94.77 0.0
S048131 337.3087 61.8995 3.38e-18 3.154e-18 1.89e-18 0.0 93.06 0.0
S048132 337.2764 61.9048 1.367e-17 1.175e-17 6.235e-18 0.0 94.4 0.0
S048133 337.2199 61.9262 2.407e-17 1.928e-17 8.822e-18 0.0 94.89 1.0
S048134 337.2674 61.8268 9.237e-19 8.76e-19 5.779e-19 0.0 92.51 0.0
S048135 337.2901 61.8514 2.434e-18 2.095e-18 1.128e-18 0.0 91.85 0.0
S048136 337.2825 61.842 7.466e-20 8.583000000000001e-20 8.260000000000001e-20 0.0 92.03 0.0
S048138 337.2613 61.8691 8.499e-19 7.99e-19 5.166e-19 0.0 94.45 0.0
S048139 337.2972 61.8859 2.209e-18 3.71e-18 7.806e-18 0.0 92.96 0.0
S048141 337.3115 61.8702 1.667e-20 2.4100000000000003e-20 3.693e-20 0.001 91.95 0.0
S048142 337.2951 61.8542 9.116e-22 1.574e-21 3.459e-21 0.0 92.16 0.0
S048144 337.3344 61.87 5.39e-18 4.757e-18 2.814e-18 0.0 91.14 0.0
S048145 337.2544 61.882 1.369e-17 1.14e-17 5.56e-18 0.0 94.13 0.0
S048146 337.2955 61.8611 4.781e-21 7.645e-21 1.449e-20 0.0 92.09 0.0
S048147 337.2454 61.8455 1.192e-18 1.092e-18 6.708e-19 0.0 93.78 0.0
S048148 337.2822 61.8461 4.194e-18 7.287e-18 1.637e-17 0.0 91.54 0.0
S048149 337.2788 61.8768 1.001e-21 1.749e-21 4.052e-21 0.0 93.43 0.0
S048150 337.3093 61.9045 6.274e-19 6.369e-19 4.892e-19 0.0 93.42 0.0
S048151 337.2807 61.8864 2.452e-19 2.575e-19 2.022e-19 0.0 94.41 0.0
S048153 337.2905 61.892 8.227000000000001e-21 1.2170000000000001e-20 1.9130000000000003e-20 0.0 93.98 1.0
S048154 337.2453 61.891 1.1770000000000002e-20 1.588e-20 2.108e-20 0.0 94.48 0.0
S048155 337.2691 61.9006 2.978e-18 2.628e-18 1.479e-18 0.001 94.55 0.0
S048156 337.3493 61.8744 5.51e-18 4.967e-18 2.853e-18 0.0 91.01 0.0
S048157 337.2743 61.8529 9.845e-18 7.913e-18 3.806e-18 0.0 92.65 0.0
S048158 337.2655 61.8627 3.882e-18 6.859e-18 1.6e-17 0.0 93.69 0.0
S048159 337.248 61.9063 8.083e-21 1.1260000000000001e-20 1.5510000000000002e-20 0.0 95.0 0.0
S048160 337.2339 61.8602 1.765e-19 2.085e-19 2.057e-19 0.0 94.98 0.0
S048161 337.2796 61.8948 1.425e-20 2.1100000000000002e-20 3.328e-20 0.0 93.81 0.0
S048162 337.2787 61.8578 2.315e-18 2.145e-18 1.321e-18 0.0 92.75 0.0
S048163 337.282 61.8772 4.268e-18 3.472e-18 1.734e-18 0.0 93.36 0.0
S048164 337.2873 61.8681 2.523e-18 2.349e-18 1.485e-18 0.0 92.79 0.0
S048165 337.283 61.8733 1.372e-18 2.671e-18 7.563e-18 0.0 93.11 0.0
S048167 337.2736 61.879 1.237e-22 2.6539999999999996e-22 9.201e-22 0.0 93.75 0.0
S048169 337.2859 61.8683 5.714e-19 6.105e-19 5.293e-19 0.0 92.83 0.0
S048170 337.2843 61.8695 1.492e-22 3.0529999999999995e-22 9.310999999999999e-22 0.0 92.9 0.0
S048171 337.2828 61.8758 1.422e-19 1.691e-19 1.712e-19 0.0 93.21 0.0
S048172 337.2792 61.8788 1.2229999999999998e-22 2.6609999999999996e-22 9.854e-22 0.0 93.54 0.0
S048173 337.2794 61.8761 3.719e-19 4.027e-19 3.445e-19 0.0 93.34 0.0
S048174 337.2835 61.8744 6.784e-19 6.491e-19 4.388e-19 0.0 93.12 0.0
S048175 337.277 61.8707 4.359e-19 4.571e-19 3.597e-19 0.0 93.35 0.0
S048176 337.2829 61.8608 1.31e-13 9.041e-14 3.08e-14 0.0 92.72 0.0
S048177 337.2652 61.8769 4.754e-21 7.187e-21 1.2410000000000002e-20 0.0 93.94 0.0
S048178 337.2833 61.877 3.534e-20 4.2270000000000005e-20 4.486e-20 0.0 93.2 0.0
S048180 337.2818 61.8784 3.252e-18 3.019e-18 1.832e-18 0.0 93.36 0.0
S048181 337.2743 61.8564 8.257000000000001e-20 1.029e-19 1.172e-19 0.0 92.9 0.0
S048182 337.2802 61.864 6.592000000000001e-20 7.907000000000001e-20 8.149e-20 0.0 92.73 0.0
S048184 337.2772 61.8721 3.496e-21 5.505e-21 1.049e-20 0.0 93.28 0.0
S048185 337.2762 61.8776 9.797000000000001e-21 1.401e-20 2.195e-20 0.0 93.51 0.0
S048186 337.297 61.8714 1.179e-18 2.606e-18 9.446e-18 0.0 92.57 0.0
S048188 337.2773 61.8824 4.411e-21 6.61e-21 1.149e-20 0.0 93.53 0.0
S048189 337.2826 61.882 5.741e-18 5.052e-18 2.71e-18 0.0 93.44 0.0
S048190 337.2782 61.8838 1.159e-21 2.055e-21 4.67e-21 0.0 93.55 0.0
S048191 337.2842 61.8606 7.188e-18 5.989e-18 2.999e-18 0.0 92.71 0.0
S048192 337.2704 61.867 4.063e-18 7.304e-18 1.85e-17 0.0 93.35 0.0
S048196 337.278 61.8607 8.628e-19 8.28e-19 5.704e-19 0.001 92.85 0.0
S048197 337.2869 61.8708 5.912e-18 4.894e-18 2.514e-18 0.0 92.79 0.0
S048198 337.2777 61.8754 3.255e-18 6.904e-18 2.317e-17 0.0 93.28 0.0
S048199 337.2905 61.879 5.717e-14 3.955e-14 1.409e-14 0.001 93.04 0.0
S048200 337.2712 61.8719 4.162e-19 4.371e-19 3.601e-19 0.0 93.54 0.0
S048202 337.2773 61.8621 4.463999999999999e-22 8.303999999999999e-22 2.157e-21 0.0 92.94 0.0
S048203 337.2946 61.8664 5.07e-19 5.248e-19 4.065e-19 0.0 92.49 0.0
S048207 337.2742 61.8748 4.843e-19 4.939e-19 3.692e-19 0.001 93.43 0.0
S048210 337.2754 61.8746 4.172e-18 3.761e-18 2.139e-18 0.0 93.59 0.0
S048211 337.286 61.8809 3.005e-19 3.237e-19 2.77e-19 0.0 93.25 0.0
S048213 337.2759 61.8807 5.344e-19 5.386e-19 3.857e-19 0.0 93.59 0.0
S048214 337.2836 61.8691 1.694e-19 1.874e-19 1.663e-19 0.0 92.93 0.0
S048215 337.2738 61.864 4.172e-19 4.539e-19 3.935e-19 0.0 93.15 0.0
S048216 337.2845 61.8843 3.965e-18 7.122e-18 1.695e-17 0.0 93.4 0.0
S048218 337.2816 61.8808 5.774e-17 4.27e-17 1.755e-17 0.0 93.35 0.0
S048219 337.2704 61.8815 1.321e-22 2.7489999999999995e-22 9.168e-22 0.0 93.83 0.0
S048220 337.2658 61.8673 9.991e-19 9.149e-19 5.565e-19 0.0 93.39 0.0
S048221 337.2733 61.8765 5.801e-21 8.532e-21 1.384e-20 0.0 93.56 0.0
S048222 337.2927 61.8698 7.012e-21 1.0220000000000001e-20 1.5130000000000002e-20 0.0 92.7 0.0
S048224 337.2706 61.861 3.5490000000000006e-20 4.6550000000000005e-20 5.866e-20 0.0 93.13 0.0
S048225 337.2833 61.8771 1.015e-18 1.873e-18 4.664e-18 0.0 93.18 0.0
S048226 337.2803 61.8729 1.008e-18 9.702e-19 6.561e-19 0.0 93.23 0.0
S048227 337.2856 61.878 1.195e-18 2.132e-18 5.067e-18 0.0 93.19 0.0
S048228 337.2705 61.8571 1.796e-21 3.009e-21 6.375e-21 0.0 93.04 0.0
S048229 337.2753 61.8863 3.776e-20 4.9530000000000004e-20 6.149e-20 0.0 93.67 0.0
S048230 337.2834 61.8744 1.193e-17 2.812e-17 1.259e-16 0.0 93.14 1.0
S048231 337.2811 61.8818 6.681e-19 6.254e-19 4.033e-19 0.0 93.39 0.0
S048233 337.2723 61.8683 3.252e-19 3.577e-19 3.212e-19 0.0 93.35 0.0
S048234 337.285 61.8725 2.056e-21 3.633e-21 8.263e-21 0.0 93.04 0.0
S048235 337.2749 61.8583 1.359e-18 1.307e-18 8.863e-19 0.0 92.97 0.0
S048236 337.2837 61.8642 8.336e-21 1.3050000000000001e-20 2.3470000000000003e-20 0.0 92.84 0.0
S048237 337.2858 61.8704 2.813e-18 2.579e-18 1.564e-18 0.0 92.87 0.0
S048238 337.2736 61.87 4.345e-18 8.521e-18 2.518e-17 0.0 93.24 0.0
S048240 337.2754 61.8708 1.137e-17 2.189e-17 6.099e-17 0.0 93.27 0.0
S048241 337.261 61.8688 7.229e-18 9.233e-18 1.114e-17 0.0 93.55 0.0
S048245 337.2748 61.8736 8.762e-19 8.769e-19 6.267e-19 0.0 93.36 0.0
S048246 337.2749 61.8662 9.293e-14 6.628e-14 2.467e-14 0.0 93.14 0.0
S048250 337.2755 61.8549 7.170000000000001e-20 8.871000000000001e-20 9.614000000000001e-20 0.0 92.87 0.0
S048251 337.2928 61.873 4.345e-17 3.224e-17 1.258e-17 0.0 92.84 0.0
S048252 337.292 61.8772 2.759e-19 3.154e-19 3.032e-19 0.0 92.97 0.0
S048254 337.2708 61.864 2.122e-18 5.091e-18 2.338e-17 0.001 93.22 1.0
S048255 337.282 61.8764 1.366e-18 2.292e-18 4.755e-18 0.0 93.21 0.0
S048256 337.3012 61.8712 4.355999999999999e-22 7.307e-22 1.527e-21 0.0 92.5 0.0
S048258 337.2779 61.8628 7.7e-18 1.893e-17 8.649e-17 0.0 93.02 1.0
S048259 337.2826 61.8743 2.1160000000000003e-20 2.856e-20 3.774e-20 0.0 93.14 0.0
S048260 337.2848 61.8824 1.2100000000000001e-20 1.787e-20 2.8610000000000004e-20 0.0 93.34 0.0
S048262 337.2681 61.8765 1.07e-17 9.065e-18 4.647e-18 0.0 93.57 0.0
S048264 337.2834 61.8552 2.751e-19 2.937e-19 2.39e-19 0.0 92.64 0.0
S048265 337.272 61.8621 3.231e-18 2.83e-18 1.594e-18 0.0 93.13 0.0
S048267 337.2766 61.8617 4.51e-18 1.038e-17 4.11e-17 0.0 93.0 1.0
S048268 337.2792 61.8627 6.73e-21 1.0330000000000001e-20 1.884e-20 0.0 92.96 0.0
S048270 337.2931 61.875 9.813e-19 1.835e-18 4.945e-18 0.0 92.92 0.0
S048272 337.3114 61.8756 8.272e-21 1.2340000000000002e-20 2.0860000000000002e-20 0.0 92.53 0.0
S048273 337.293 61.8653 1.1270000000000002e-20 1.618e-20 2.4350000000000002e-20 0.0 92.57 0.0
S048275 337.2654 61.8691 2.0830000000000002e-20 2.7350000000000005e-20 3.534e-20 0.001 93.42 0.0
S048276 337.2923 61.884 1.8480000000000002e-20 2.543e-20 3.5700000000000006e-20 0.0 93.12 0.0
S048277 337.2801 61.8639 4.7380000000000004e-21 7.685e-21 1.48e-20 0.0 92.93 0.0
S048278 337.2641 61.8611 1.4929999999999997e-22 3.1369999999999996e-22 1.043e-21 0.0 93.29 0.0
S048280 337.2703 61.8621 8.802999999999999e-22 1.555e-21 3.591e-21 0.0 93.17 0.0
S048281 337.2766 61.8889 3.1290000000000005e-20 3.7990000000000005e-20 3.907e-20 0.0 93.75 0.0
S048282 337.2872 61.8793 3.631e-18 6.222e-18 1.37e-17 0.0 93.12 1.0
S048283 337.294 61.8783 2.6619999999999997e-22 5.479e-22 1.7270000000000002e-21 0.0 92.95 0.0
S048284 337.2705 61.8529 2.168e-18 3.669e-18 7.905e-18 0.0 92.94 0.0
S048285 337.2733 61.8607 7.065e-18 6.125e-18 3.288e-18 0.0 93.05 0.0
S048286 337.2653 61.8611 2.0919999999999998e-22 4.365e-22 1.415e-21 0.0 93.23 0.0
S048287 337.2796 61.8555 2.634e-21 4.106e-21 7.402e-21 0.0 92.82 0.0
S048288 337.2569 61.852 1.908e-19 2.226e-19 2.186e-19 0.0 93.21 0.0
S048290 337.3008 61.8821 6.705e-21 9.754e-21 1.463e-20 0.0 92.91 0.0
S048291 337.2793 61.8677 1.092e-19 1.213e-19 1.118e-19 0.0 93.07 0.0
S048292 337.2723 61.8716 3.679e-20 4.693e-20 5.745e-20 0.0 93.35 0.0
S048293 337.2688 61.8689 1.49e-21 2.58e-21 5.9380000000000004e-21 0.0 93.3 0.0
S048294 337.2699 61.8527 1.0779999999999998e-22 2.3339999999999996e-22 8.440999999999999e-22 0.0 93.0 0.0
S048295 337.2886 61.8666 1.508e-18 1.455e-18 9.401e-19 0.0 92.86 0.0
S048296 337.2919 61.8789 1.075e-17 8.63e-18 4.119e-18 0.0 93.02 0.0
S048297 337.2765 61.8599 1.003e-18 1.97e-18 5.835e-18 0.0 92.96 0.0
S048298 337.2663 61.8544 3.424e-18 3.007e-18 1.634e-18 0.0 93.04 0.0
S048300 337.2909 61.8847 7.294e-19 7.243e-19 5.237e-19 0.0 93.2 0.0
S048302 337.2644 61.8584 1.462e-20 2.0240000000000002e-20 2.7990000000000004e-20 0.0 93.19 0.0
S048303 337.2931 61.8762 5.438e-20 6.821000000000001e-20 7.675000000000001e-20 0.0 92.92 0.0
S048304 337.2649 61.8601 1.068e-17 1.903e-17 4.738e-17 0.0 93.25 0.0
S048306 337.2888 61.8761 1.596e-13 1.276e-13 5.992e-14 0.0 93.04 1.0
S048307 337.2888 61.8657 1.37e-21 2.336e-21 5.134e-21 0.0 92.8 0.0
S048308 337.2826 61.8577 6.230999999999999e-22 1.175e-21 3.077e-21 0.0 92.79 0.0
S048309 337.2748 61.862 7.019e-19 6.672e-19 4.426e-19 0.001 93.07 0.0
S048310 337.294 61.8878 9.656e-19 9.576e-19 6.648e-19 0.0 93.13 0.0
S048311 337.2902 61.8863 1.2259999999999998e-22 2.8009999999999995e-22 1.171e-21 0.0 93.24 0.0
S048312 337.2897 61.8818 1.468e-21 2.545e-21 5.911e-21 0.0 93.09 0.0
S048315 337.2815 61.8789 3.653e-22 6.966e-22 1.895e-21 0.0 93.23 0.0
S048316 337.289 61.8773 1.316e-17 1.074e-17 5.016e-18 0.0 93.04 0.0
S048317 337.269 61.8576 6.409e-20 8.154e-20 9.313000000000001e-20 0.0 93.09 0.0
S048318 337.2941 61.8784 4.017e-18 3.594e-18 2.061e-18 0.0 92.96 0.0
S048321 337.2874 61.8875 2.218e-19 2.631e-19 2.632e-19 0.0 93.25 0.0
S048322 337.2867 61.8855 4.662e-18 8.178e-18 1.859e-17 0.0 93.26 0.0
S048323 337.2936 61.8754 7.352e-18 6.024e-18 2.921e-18 0.0 92.95 0.0
S048324 337.2615 61.8639 5.209e-22 3.4339999999999996e-22 1.0709999999999998e-22 0.0 93.32 0.0
S048325 337.2714 61.8602 1.737e-22 3.5389999999999997e-22 1.111e-21 0.0 93.07 0.0
S048326 337.2933 61.8797 3.023e-18 6.672e-18 2.47e-17 0.0 93.03 0.0
S048328 337.2684 61.8632 8.761e-19 1.603e-18 4.168e-18 0.0 93.21 0.0
S048329 337.291 61.8735 4.476e-17 3.485e-17 1.527e-17 0.0 92.9 1.0
S048330 337.2907 61.8806 4.575e-21 6.784e-21 1.118e-20 0.0 93.1 0.0
S048331 337.2759 61.8615 2.069e-18 3.656e-18 8.811e-18 0.0 93.01 0.0
S048332 337.2643 61.8625 3.546e-21 5.752e-21 1.175e-20 0.0 93.26 0.0
S048333 337.2852 61.8778 1.091e-21 1.908e-21 4.342e-21 0.0 93.16 0.0
S048336 337.2684 61.8567 3.178e-19 3.395e-19 2.802e-19 0.0 93.08 0.0
S048337 337.2689 61.8572 1.341e-13 9.398e-14 3.387e-14 0.0 93.06 0.0
S048338 337.2675 61.8609 1.068e-19 1.206e-19 1.093e-19 0.0 93.21 0.0
S048340 337.2934 61.8786 1.429e-17 1.18e-17 5.561e-18 0.0 93.02 0.0
S048341 337.2902 61.8857 3.86e-22 8.323999999999999e-22 2.895e-21 0.0 93.14 0.0
S048342 337.272 61.8556 1.156e-19 1.352e-19 1.353e-19 0.0 92.99 0.0
S048345 337.3008 61.8836 1.536e-19 1.782e-19 1.703e-19 0.0 92.94 0.0
S048346 337.2982 61.8756 4.2110000000000006e-20 5.308000000000001e-20 6.507e-20 0.0 92.85 0.0
S048348 337.3094 61.885 6.373999999999999e-22 1.186e-21 3.073e-21 0.0 92.85 0.0
S048349 337.2806 61.8702 4.183e-21 6.451e-21 1.1020000000000001e-20 0.001 88.85 0.0
S048350 337.2804 61.8701 9.039e-18 7.711e-18 4.03e-18 0.0 97.13 0.0
S048351 337.2804 61.8702 1.873e-20 2.5750000000000003e-20 3.436e-20 0.0 99.82 0.0
S048352 337.2807 61.8702 2.589e-17 1.953e-17 7.982e-18 0.0 85.09 0.0
S048353 337.2808 61.8702 1.111e-17 9.302e-18 4.619e-18 0.0 89.48 0.0
S048354 337.2805 61.8703 1.165e-17 9.231e-18 4.383e-18 0.0 98.66 0.0
S048355 337.2806 61.8703 1.08e-13 7.415e-14 2.516e-14 0.0 94.91 0.0
S048356 337.2755 61.8509 4.964e-17 3.727e-17 1.553e-17 0.0 92.85 1.0
S048357 337.2693 61.8554 4.604e-17 3.474e-17 1.429e-17 0.0 93.03 1.0
S048358 337.2981 61.8833 9.18e-18 7.366e-18 3.267e-18 0.0 93.0 0.0
S048359 337.3028 61.8789 4.73e-18 4.104e-18 2.253e-18 0.0 92.89 0.0
S048360 337.2512 61.8637 2.583e-18 2.483e-18 1.684e-18 0.0 93.43 0.0
S048361 337.312 61.8707 1.856e-16 1.317e-16 4.779e-17 0.0 92.66 0.0
S048362 337.3178 61.8668 1.992e-17 1.572e-17 7.306e-18 0.0 92.51 0.0
S048363 337.3257 61.8618 7.499e-14 7.283e-14 5.033e-14 0.0 92.31 1.0
S048364 337.3276 61.8593 1.215e-18 2.112e-18 4.73e-18 0.0 92.24 0.0
S048365 337.2267 61.8832 1.344e-13 1.116e-13 5.421e-14 0.0 94.0 1.0
S048366 337.2259 61.8877 1.167e-16 8.728e-17 3.4e-17 0.0 94.07 0.0
S048367 337.2137 61.8966 1.161e-18 1.123e-18 7.328e-19 0.0 94.4 0.0
S048368 337.3509 61.8429 2.496e-18 4.421e-18 1.006e-17 0.0 91.75 0.0
S048369 337.2057 61.9025 1.699e-17 1.436e-17 7.314e-18 0.0 94.57 0.0
S048370 337.3579 61.8346 1.753e-16 1.249e-16 4.726e-17 0.0 91.56 0.0
S048371 337.1969 61.909 5.851e-17 4.435e-17 1.859e-17 0.0 94.68 1.0
S048372 337.1894 61.92 8.814e-18 7.177e-18 3.52e-18 0.0 94.95 0.0
S048373 337.3802 61.8178 7.401e-16 5.067e-16 1.736e-16 0.0 91.21 0.0
S048374 337.3796 61.8188 2.144e-18 4.698e-18 1.717e-17 0.0 91.21 0.0
S048375 337.3876 61.8124 4.85e-16 3.28e-16 1.095e-16 0.0 91.11 0.0
S048376 337.1706 61.9338 2.291e-17 1.78e-17 8.062e-18 0.0 95.2 1.0
S048377 337.3866 61.8056 2.557e-18 4.242e-18 8.637e-18 0.0 91.0 0.0
S048378 337.3995 61.7971 2.189e-21 3.303e-21 5.545e-21 0.0 90.83 0.0
S048379 337.3974 61.7943 1.032e-18 9.44e-19 5.803e-19 0.0 90.78 0.0
S048380 337.1593 61.9479 4.776e-17 3.687e-17 1.547e-17 0.0 95.38 1.0
S048381 337.1599 61.9538 1.052e-17 8.642e-18 4.246e-18 0.0 95.46 0.0
S048382 337.1571 61.9584 1.47e-13 1.22e-13 6.082e-14 0.0 95.44 1.0
S048383 337.4044 61.7852 5.518e-18 4.803e-18 2.751e-18 0.0 90.66 0.0
S048384 337.4028 61.7839 1.499e-18 1.462e-18 9.586e-19 0.0 90.7 0.0
S048385 337.4012 61.7812 6.306e-18 5.547e-18 3.173e-18 0.0 90.67 0.0
S048386 337.4084 61.7768 6.012e-18 5.093e-18 2.714e-18 0.0 90.7 0.0
S048387 337.1598 61.96 1.034e-14 1.391e-14 1.816e-14 0.0 95.49 0.0
S048388 337.1593 61.9654 1.405e-17 1.141e-17 5.482e-18 0.0 95.51 0.0
S048389 337.405 61.7721 4.909e-18 4.158e-18 2.13e-18 0.0 90.76 0.0
S048390 337.1574 61.9677 4.473e-18 3.936e-18 2.163e-18 0.0 95.41 0.0
S048391 337.3932 61.7746 1.392e-17 1.101e-17 5.078e-18 0.0 90.82 1.0
S048392 337.3908 61.7757 8.213e-17 6.141e-17 2.457e-17 0.0 90.92 0.0
S048393 337.3867 61.7789 5.292e-16 3.677e-16 1.335e-16 0.0 90.93 0.0
S048394 337.3877 61.7748 2.2090000000000003e-20 3.023e-20 4.1860000000000004e-20 0.0 90.94 0.0
S048395 337.3882 61.7722 3.611e-18 5.249e-18 8.311e-18 0.0 91.04 0.0
S048396 337.3796 61.7788 3.98e-17 3.101e-17 1.306e-17 0.0 91.19 1.0
S048397 337.3765 61.7822 2.756e-18 2.456e-18 1.458e-18 0.0 91.14 0.0
S048398 337.191 61.958 3.418e-17 2.639e-17 1.142e-17 0.0 94.96 1.0
S048399 337.2015 61.9553 2.93e-17 2.246e-17 9.068e-18 0.0 94.74 1.0
S048400 337.204 61.9563 3.381e-18 3.078e-18 1.763e-18 0.0 94.71 0.0
S048401 337.2147 61.9455 1.567e-16 1.12e-16 4.189e-17 0.0 94.51 0.0
S048402 337.3422 61.7943 5.251e-18 4.631e-18 2.539e-18 0.0 91.77 0.0
S048403 337.2225 61.9424 1.288e-17 1.039e-17 4.821e-18 0.0 94.31 0.0
S048404 337.2346 61.935 4.752e-19 4.936e-19 3.807e-19 0.001 94.19 0.0
S048405 337.2436 61.9334 2.326e-16 1.684e-16 6.187e-17 0.0 94.14 0.0
S048406 337.2477 61.9302 1.317e-13 1.233e-13 7.872e-14 0.0 93.99 1.0
S048407 337.2538 61.9268 2.406e-18 2.082e-18 1.127e-18 0.001 93.9 0.0
S048408 337.3006 61.8206 1.296e-13 9.08e-14 3.289e-14 0.0 92.44 0.0
S048409 337.2867 61.826 4.702e-18 4.084e-18 2.134e-18 0.0 92.65 0.0
S048410 337.2812 61.91 5.232e-18 4.828e-18 2.88e-18 0.0 93.45 0.0
S048411 337.2917 61.9023 3.02e-16 2.158e-16 7.932e-17 0.0 93.31 0.0
S048412 337.2983 61.8972 2.514e-17 1.972e-17 8.751e-18 0.0 93.15 1.0
S048413 337.2542 61.851 2.998e-17 2.28e-17 9.602e-18 0.0 93.18 1.0
S048414 337.2452 61.8562 2.366e-16 1.653e-16 5.922e-17 0.0 93.29 0.0
S048415 337.2327 61.8628 3.843e-16 2.789e-16 1.047e-16 0.0 93.49 0.0
S048416 337.3338 61.8724 5.904e-16 4.227e-16 1.544e-16 0.0 92.62 0.0
S048417 337.219 61.8787 1.558e-17 1.24e-17 5.614e-18 0.0 93.83 1.0
S048418 337.349 61.8635 9.638e-17 7.02e-17 2.726e-17 0.0 92.39 0.0
S048419 337.2005 61.8891 1.572e-17 1.256e-17 5.864e-18 0.0 94.06 0.0
S048420 337.195 61.8955 4.872e-17 3.797e-17 1.632e-17 0.0 94.09 1.0
S048421 337.1849 61.899 1.502e-18 2.47e-18 5.029e-18 0.0 94.26 0.0
S048422 337.1848 61.9028 1.472e-15 9.864e-16 3.319e-16 0.0 94.32 0.0
S048423 337.167 61.9204 6.069e-19 5.873e-19 3.964e-19 0.0 94.55 0.0
S048424 337.1596 61.9232 1.128e-16 8.283e-17 3.286e-17 0.0 94.6 0.0
S048425 337.3962 61.8146 9.389e-14 6.652e-14 2.39e-14 0.0 91.48 1.0
S048426 337.152 61.9311 2.781e-17 2.21e-17 9.759e-18 0.001 94.85 1.0
S048427 337.1444 61.9428 1.108e-16 8.302e-17 3.429e-17 0.0 95.02 0.0
S048428 337.142 61.9405 5.72e-17 4.211e-17 1.609e-17 0.0 95.01 0.0
S048429 337.1382 61.9501 2.225e-17 1.751e-17 7.949e-18 0.0 95.15 1.0
S048430 337.1311 61.9576 1.011e-21 1.72e-21 3.738e-21 0.0 95.15 0.0
S048432 337.4456 61.7723 7.237e-17 5.472e-17 2.272e-17 0.0 90.83 0.0
S048433 337.1103 61.9754 7.301e-17 5.309e-17 2.036e-17 0.0 95.44 0.0
S048434 337.1057 61.9788 6.979e-17 5.197e-17 2.106e-17 0.0 95.48 0.0
S048435 337.4518 61.7592 5.655e-17 4.402e-17 1.982e-17 0.0 90.69 1.0
S048436 337.1079 61.9869 7.435e-16 5.011e-16 1.685e-16 0.0 95.61 0.0
S048437 337.1141 61.9793 6e-18 5.123e-18 2.72e-18 0.0 95.53 0.0
S048438 337.1089 61.9891 3.615e-16 2.482e-16 8.722e-17 0.0 95.64 0.0
S048439 337.1037 61.9958 1.583e-16 1.11e-16 3.923e-17 0.0 95.58 0.0
S048440 337.4556 61.746 2.579e-17 1.999e-17 8.608e-18 0.0 90.64 1.0
S048441 337.1042 62.0008 5.747e-18 4.763e-18 2.29e-18 0.0 95.57 0.0
S048442 337.4512 61.7409 4.664e-17 3.651e-17 1.64e-17 0.0 90.52 1.0
S048443 337.4469 61.7413 2.264e-17 1.737e-17 7.393e-18 0.0 90.58 1.0
S048444 337.1153 61.9987 1.844e-16 1.313e-16 4.766e-17 0.0 95.56 0.0
S048445 337.1201 61.9988 4.35e-18 3.713e-18 1.958e-18 0.0 95.5 0.0
S048446 337.435 61.7418 1.986e-18 3.549e-18 8.566e-18 0.0 90.77 0.0
S048447 337.4228 61.7492 2.317e-16 1.678e-16 6.184e-17 0.0 90.78 0.0
S048448 337.1217 62.0068 5.107e-17 3.636e-17 1.346e-17 0.0 95.43 0.0
S048449 337.4109 61.7502 1.984e-16 1.367e-16 4.775e-17 0.0 90.9 0.0
S048450 337.1512 61.9896 1.37e-16 1.005e-16 4.012e-17 0.0 95.19 0.0
S048451 337.1451 61.9952 2.011e-19 2.205e-19 1.855e-19 0.0 95.14 0.0
S048452 337.411 61.7455 2.061e-17 1.703e-17 8.407e-18 0.0 91.16 0.0
S048453 337.4018 61.7526 2.023e-18 3.698e-18 9.408e-18 0.0 91.18 0.0
S048454 337.1685 61.9896 8.692e-18 7.481e-18 3.913e-18 0.0 94.94 0.0
S048455 337.1796 61.9783 6.406e-19 6.605e-19 4.864e-19 0.0 94.76 0.0
S048456 337.3656 61.7666 1.755e-17 1.471e-17 7.46e-18 0.0 91.59 0.0
S048457 337.3642 61.7704 1.96e-16 1.41e-16 5.068e-17 0.0 91.63 0.0
S048458 337.3565 61.7732 1.24e-17 1.045e-17 5.394e-18 0.0 91.81 0.0
S048459 337.2215 61.9565 1.52e-13 1.085e-13 4.16e-14 0.0 94.28 0.0
S048460 337.3344 61.7833 3.315e-18 2.874e-18 1.6e-18 0.0 92.03 0.0
S048461 337.2369 61.946 3.931e-16 2.728e-16 9.495e-17 0.0 94.07 0.0
S048462 337.31 61.797 3.688e-17 2.915e-17 1.256e-17 0.0 92.36 1.0
S048463 337.3008 61.8042 2.371e-17 1.773e-17 7.098e-18 0.0 92.41 0.0
S048464 337.293 61.8118 6.158e-17 4.686e-17 1.959e-17 0.0 92.58 1.0
S048465 337.28 61.9226 5.137e-18 4.388e-18 2.304e-18 0.0 93.51 0.0
S048466 337.2717 61.8288 6.015e-17 4.548e-17 1.886e-17 0.0 92.89 0.0
S048467 337.302 61.9038 4.842e-18 4.305e-18 2.344e-18 0.0 93.17 0.0
S048468 337.2467 61.8411 8.592e-18 7.201e-18 3.546e-18 0.0 93.14 0.0
S048469 337.2348 61.8512 1.365e-18 1.288e-18 8.246e-19 0.001 93.29 0.0
S048470 337.331 61.878 1.735e-16 1.231e-16 4.572e-17 0.0 92.71 0.0
S048471 337.3519 61.8719 7.544e-18 1.568e-17 5.16e-17 0.0 92.59 1.0
S048472 337.3606 61.8661 5.474e-14 4.024e-14 1.621e-14 0.0 92.4 0.0
S048473 337.1947 61.8806 3.824e-16 2.648e-16 9.488e-17 0.0 93.85 0.0
S048474 337.1814 61.8922 1.395e-17 1.089e-17 4.855e-18 0.0 94.01 0.0
S048475 337.3898 61.8384 1.115e-15 7.446e-16 2.398e-16 0.0 92.01 0.0
S048476 337.1608 61.9105 7.131e-17 5.331e-17 2.217e-17 0.0 94.33 1.0
S048477 337.4129 61.8265 8.156e-17 6.008e-17 2.41e-17 0.0 91.86 0.0
S048478 337.1451 61.9231 1.213e-17 9.704e-18 4.664e-18 0.0 94.51 0.0
S048479 337.1333 61.9361 2.816e-16 1.961e-16 6.894e-17 0.0 94.7 0.0
S048480 337.1257 61.9431 2.035e-17 1.677e-17 8.35e-18 0.0 94.79 0.0
S048481 337.1196 61.947 7.343e-14 5.067e-14 1.773e-14 0.0 94.91 0.0
S048482 337.1084 61.9608 1.376e-17 1.136e-17 5.583e-18 0.0 95.03 0.0
S048483 337.1026 61.966 7.895e-17 5.925e-17 2.403e-17 0.0 95.11 0.0
S048484 337.4691 61.7612 1.338e-16 9.696e-17 3.632e-17 0.0 90.97 0.0
S048485 337.4728 61.7608 2.038e-19 2.229e-19 1.929e-19 0.001 90.94 0.0
S048486 337.0889 61.9822 1.834e-14 1.225e-14 3.95e-15 0.0 95.31 0.0
S048487 337.4821 61.7488 1.13e-16 8.168e-17 3.074e-17 0.0 90.77 0.0
S048488 337.0887 61.9848 1.195e-15 8.044e-16 2.627e-16 0.0 95.41 0.0
S048489 337.0652 62.0073 1.209e-18 2.219e-18 5.485e-18 0.0 95.59 0.0
S048490 337.5041 61.7269 2.404e-13 1.775e-13 6.931e-14 0.0 90.67 0.0
S048491 337.0484 62.0256 8.963e-17 6.556e-17 2.529e-17 0.0 95.64 0.0
S048492 337.0689 62.0109 1.583e-18 1.539e-18 1.028e-18 0.0 95.62 0.0
S048493 337.4951 61.7185 2.745e-18 2.339e-18 1.277e-18 0.0 90.52 0.0
S048495 337.4826 61.7234 4.34e-14 4.626e-14 3.847e-14 0.0 90.51 1.0
S048496 337.3051 61.8759 6.069e-18 4.998e-18 2.487e-18 0.0 92.79 0.0
S048497 337.3101 61.8753 6.697e-18 5.837e-18 3.171e-18 0.0 92.71 0.0
S048498 337.3161 61.8727 4.141e-19 4.229e-19 3.212e-19 0.0 92.58 0.0
S048499 337.244 61.8662 7.205e-18 5.828e-18 2.785e-18 0.0 93.57 0.0
S048500 337.2445 61.8787 2.019e-17 1.641e-17 7.715e-18 0.0 93.75 0.0
S048501 337.237 61.8748 1.873e-18 3.961e-18 1.398e-17 0.0 93.76 0.0
S048502 337.3294 61.8599 8.223e-18 1.213e-17 1.986e-17 0.0 92.19 0.0
S048503 337.23 61.8881 4.371e-18 1.011e-17 4.321e-17 0.001 94.09 1.0
S048504 337.2258 61.887 6.375e-21 9.308000000000001e-21 1.4610000000000002e-20 0.0 94.18 0.0
S048505 337.3397 61.8513 1.053e-21 1.938e-21 5.051e-21 0.0 91.99 0.0
S048506 337.3508 61.8472 4.426e-16 3.148e-16 1.162e-16 0.0 91.86 0.0
S048507 337.211 61.8987 1.093e-19 1.269e-19 1.295e-19 0.0 94.42 0.0
S048508 337.3543 61.8412 1.102e-17 9.316e-18 4.71e-18 0.0 91.69 0.0
S048509 337.2019 61.8989 3.525e-18 5.028e-18 7.438e-18 0.0 94.54 0.0
S048510 337.3678 61.8332 2.1860000000000002e-20 2.8890000000000003e-20 3.754e-20 0.0 91.53 0.0
S048511 337.3661 61.8225 4.629e-16 3.176e-16 1.101e-16 0.0 91.34 0.0
S048512 337.349 61.8426 5.275e-21 7.478000000000001e-21 1.1410000000000001e-20 0.0 91.81 0.0
S048513 337.3659 61.8239 8.772e-19 8.784e-19 6.436e-19 0.0 91.37 0.0
S048514 337.3689 61.8242 6.183e-17 4.659e-17 1.866e-17 0.0 91.36 0.0
S048515 337.3746 61.8226 3.035e-19 3.276e-19 2.84e-19 0.0 91.21 0.0
S048516 337.1829 61.9216 9.327e-18 7.699e-18 3.829e-18 0.0 95.0 0.0
S048517 337.3818 61.8097 6.464e-18 5.645e-18 3.017e-18 0.0 91.02 0.0
S048518 337.1795 61.9315 2.419e-21 4.044e-21 8.393000000000001e-21 0.001 95.19 0.0
S048519 337.3841 61.8117 1.132e-17 1.954e-17 4.424e-17 0.0 91.0 0.0
S048520 337.4008 61.7988 7.852e-19 1.3e-18 2.632e-18 0.0 90.94 0.0
S048524 337.1689 61.943 1.106e-18 2.254e-18 6.985e-18 0.001 95.37 0.0
S048525 337.1638 61.942 8.126e-18 6.839e-18 3.363e-18 0.001 95.38 0.0
S048526 337.1636 61.9577 2.059e-18 3.363e-18 6.642e-18 0.001 95.5 0.0
S048527 337.3988 61.7824 7.094e-18 5.913e-18 2.856e-18 0.0 90.69 0.0
S048529 337.4073 61.7785 2.146e-22 4.415999999999999e-22 1.409e-21 0.0 90.73 0.0
S048530 337.3982 61.7854 3.831e-17 2.876e-17 1.149e-17 0.0 90.71 0.0
S048531 337.1606 61.9576 8.069e-18 1.944e-17 8.718e-17 0.0 95.49 1.0
S048532 337.3857 61.7918 9.340000000000001e-20 1.092e-19 1.115e-19 0.0 90.78 0.0
S048533 337.1593 61.9579 1.391e-21 2.406e-21 5.435e-21 0.0 95.49 0.0
S048534 337.1471 61.9745 1.318e-22 2.9299999999999997e-22 1.136e-21 0.0 95.54 0.0
S048535 337.1734 61.958 2.047e-18 1.957e-18 1.294e-18 0.0 95.37 0.0
S048536 337.4053 61.7643 6.247e-18 1.102e-17 2.611e-17 0.0 90.73 0.0
S048537 337.3849 61.777 4.587e-18 4.135e-18 2.438e-18 0.0 90.82 0.0
S048538 337.1535 61.9736 1.984e-16 1.414e-16 5.242e-17 0.0 95.49 0.0
S048539 337.3928 61.7684 4.335e-17 3.46e-17 1.578e-17 0.0 90.84 0.0
S048541 337.1757 61.9642 3.3910000000000005e-20 4.2970000000000004e-20 5.1020000000000006e-20 0.0 95.21 0.0
S048542 337.374 61.788 9.554e-18 8.148e-18 4.251e-18 0.0 91.02 0.0
S048543 337.3906 61.7724 3.138e-17 2.441e-17 1.033e-17 0.0 91.03 1.0
S048544 337.1757 61.9687 2.317e-22 4.314999999999999e-22 1.129e-21 0.0 95.18 0.0
S048545 337.1873 61.9596 5.923e-18 5.058e-18 2.669e-18 0.0 95.11 0.0
S048546 337.371 61.7815 9.885e-19 9.755e-19 6.908e-19 0.001 91.19 0.0
S048547 337.3675 61.7805 9.082e-18 1.341e-17 2.228e-17 0.0 91.25 0.0
S048548 337.1935 61.9614 8.68e-19 1.3e-18 2.122e-18 0.0 94.85 0.0
S048549 337.3498 61.7952 4.584e-18 4.106e-18 2.365e-18 0.0 91.53 0.0
S048550 337.3655 61.7801 2.356e-19 2.511e-19 2.104e-19 0.0 91.42 0.0
S048551 337.3415 61.7927 1.44e-17 3.915e-17 2.216e-16 0.0 91.6 1.0
S048553 337.2197 61.9463 2.704e-16 1.801e-16 5.549e-17 0.0 94.43 0.0
S048554 337.3439 61.7965 5.45e-19 5.405e-19 3.932e-19 0.0 91.7 0.0
S048555 337.2385 61.9308 9.274e-14 6.545e-14 2.32e-14 0.0 94.21 0.0
S048556 337.3289 61.8017 2.071e-17 1.543e-17 6.167e-18 0.0 91.86 0.0
S048557 337.3175 61.8044 5.151e-21 7.658e-21 1.2810000000000001e-20 0.0 92.15 0.0
S048558 337.2415 61.9283 3.9910000000000006e-20 5.4050000000000007e-20 7.37e-20 0.0 94.05 0.0
S048559 337.315 61.812 2.391e-19 2.522e-19 2.094e-19 0.0 92.18 0.0
S048560 337.2546 61.9209 7.699e-19 7.484e-19 5.142e-19 0.0 93.88 0.0
S048561 337.2946 61.822 7.456e-18 6.415e-18 3.444e-18 0.0 92.46 0.0
S048562 337.2862 61.827 3.086e-18 5.903e-18 1.606e-17 0.001 92.63 0.0
S048563 337.2842 61.8288 7.566e-21 1.113e-20 1.815e-20 0.0 92.67 0.0
S048564 337.2826 61.9049 1.3e-19 1.459e-19 1.389e-19 0.0 93.39 0.0
S048565 337.2711 61.8383 2.33e-18 2.2e-18 1.356e-18 0.0 92.88 0.0
S048566 337.2677 61.847 1.611e-17 1.304e-17 6.205e-18 0.0 93.02 0.0
S048567 337.2572 61.8471 1.252e-18 1.22e-18 8.277e-19 0.0 93.1 0.0
S048568 337.3057 61.8861 2.826e-17 2.158e-17 9.108e-18 0.0 92.99 1.0
S048569 337.2456 61.8555 1.475e-17 3.91e-17 2.164e-16 0.0 93.39 1.0
S048570 337.323 61.8775 1.686e-17 1.422e-17 7.463e-18 0.0 92.7 0.0
S048572 337.3314 61.8722 1.629e-18 3.946e-18 1.798e-17 0.0 92.61 0.0
S048573 337.2206 61.8684 4.5150000000000006e-20 5.649e-20 6.39e-20 0.0 93.6 0.0
S048574 337.3579 61.8632 5.215e-21 8.488e-21 1.7160000000000003e-20 0.0 92.3 0.0
S048575 337.3536 61.8524 1.603e-19 1.887e-19 1.918e-19 0.0 92.18 0.0
S048576 337.2019 61.8844 2.371e-18 2.204e-18 1.375e-18 0.0 93.96 0.0
S048578 337.3712 61.8384 3.9160000000000005e-20 5.315000000000001e-20 6.864000000000001e-20 0.0 91.91 0.0
S048579 337.1745 61.912 4.0569999999999996e-22 7.934999999999999e-22 2.313e-21 0.0 94.47 0.0
S048580 337.3834 61.8345 5.969e-19 6.406e-19 5.241e-19 0.0 91.85 0.0
S048581 337.1606 61.9183 1.414e-17 1.073e-17 4.508e-18 0.0 94.56 1.0
S048582 337.3984 61.8297 1.986e-22 3.9779999999999997e-22 1.204e-21 0.0 91.66 0.0
S048584 337.4174 61.8021 9.815e-19 1.594e-18 3.178e-18 0.0 91.33 0.0
S048585 337.4165 61.8022 2.66e-20 3.836e-20 5.805e-20 0.0 91.13 0.0
S048586 337.4034 61.8141 1.126e-17 9.048e-18 4.16e-18 0.0 91.52 0.0
S048587 337.131 61.9486 1.7990000000000003e-20 2.3030000000000003e-20 2.795e-20 0.0 95.05 0.0
S048588 337.1313 61.9498 8.09e-21 1.1460000000000002e-20 1.7130000000000002e-20 0.0 95.06 0.0
S048589 337.4274 61.7993 3.238e-21 5.102e-21 9.439000000000001e-21 0.0 91.09 0.0
S048590 337.1282 61.9609 5.607e-18 4.741e-18 2.409e-18 0.0 95.26 0.0
S048591 337.4309 61.7804 4.5490000000000007e-20 5.548e-20 6.216000000000001e-20 0.0 90.89 0.0
S048592 337.1294 61.9604 4.682e-21 7.452e-21 1.38e-20 0.0 95.22 0.0
S048593 337.4332 61.784 1.0100000000000001e-20 1.557e-20 2.7650000000000003e-20 0.0 90.85 0.0
S048594 337.4262 61.7782 2.529e-16 1.747e-16 6.191e-17 0.0 90.89 0.0
S048595 337.4639 61.7542 1.337e-17 1.166e-17 6.232e-18 0.0 90.73 0.0
S048596 337.4535 61.7541 3.973e-18 6.519e-18 1.26e-17 0.0 90.74 0.0
S048597 337.0995 61.9884 4.873e-20 5.955e-20 6.487000000000001e-20 0.0 95.54 0.0
S048598 337.4511 61.7649 4.76e-19 5.065e-19 4.047e-19 0.0 90.69 0.0
S048599 337.1237 61.9738 3.023e-17 2.308e-17 9.551e-18 0.0 95.51 1.0
S048600 337.4535 61.7544 3.352e-20 4.153e-20 4.5530000000000003e-20 0.0 90.66 0.0
S048602 337.1093 61.9854 2.457e-17 1.959e-17 8.783e-18 0.0 95.58 1.0
S048603 337.116 61.9959 9.42e-18 7.366e-18 3.337e-18 0.0 95.61 0.0
S048604 337.4294 61.7609 1.069e-17 8.802e-18 4.392e-18 0.0 90.61 0.0
S048605 337.4309 61.7547 4.059e-18 9.046e-18 3.47e-17 0.0 90.66 0.0
S048606 337.4635 61.7327 5.184e-17 4.12e-17 1.933e-17 0.0 90.64 0.0
S048607 337.1417 61.9815 3.54e-20 4.899e-20 6.926e-20 0.001 95.55 0.0
S048609 337.4528 61.7407 8.597e-19 8.473e-19 5.841e-19 0.0 90.59 0.0
S048610 337.0956 62.0192 1.274e-16 9.218e-17 3.509e-17 0.0 95.62 0.0
S048611 337.4233 61.7509 1.034e-19 1.195e-19 1.167e-19 0.0 90.81 0.0
S048614 337.1408 61.9932 1.4709999999999998e-22 3.0789999999999997e-22 1.057e-21 0.0 95.37 0.0
S048615 337.131 62.0 9.063e-18 7.275e-18 3.425e-18 0.0 95.38 0.0
S048616 337.1357 62.0072 8.768e-21 1.2460000000000002e-20 1.943e-20 0.0 95.23 0.0
S048618 337.1513 61.9938 1.064e-17 8.966e-18 4.657e-18 0.0 95.1 0.0
S048619 337.1385 62.0016 2.533e-18 2.23e-18 1.225e-18 0.0 95.14 0.0
S048620 337.1612 61.9809 9.464e-14 6.966e-14 2.69e-14 0.0 95.08 0.0
S048621 337.1546 61.9875 2.208e-18 1.924e-18 1.077e-18 0.0 95.12 0.0
S048622 337.3949 61.7541 1.0229999999999999e-22 1.8529999999999997e-22 4.7319999999999995e-22 0.0 91.12 0.0
S048623 337.3645 61.7592 4.347e-21 6.741e-21 1.206e-20 0.0 91.65 0.0
S048624 337.1681 61.9859 3.759e-18 7.575e-18 2.355e-17 0.0 94.89 1.0
S048625 337.3714 61.7707 4.0190000000000005e-20 5.279e-20 6.694e-20 0.0 91.49 0.0
S048627 337.1839 61.9766 2.875e-18 2.677e-18 1.653e-18 0.0 94.62 0.0
S048628 337.3529 61.7826 1.643e-18 1.528e-18 9.419e-19 0.0 91.74 0.0
S048629 337.2072 61.9604 1.861e-21 3.062e-21 6.071e-21 0.0 94.39 0.0
S048630 337.2134 61.9539 2.745e-21 4.396e-21 8.242e-21 0.0 94.27 0.0
S048632 337.3189 61.7983 6.124e-18 4.998e-18 2.392e-18 0.001 92.23 0.0
S048633 337.248 61.9348 2.468e-19 2.61e-19 2.029e-19 0.0 93.86 0.0
S048634 337.3063 61.7982 5.042e-18 1.096e-17 3.878e-17 0.0 92.27 0.0
S048635 337.2946 61.8029 5.631e-18 4.75e-18 2.488e-18 0.0 92.57 0.0
S048636 337.2808 61.8213 1.243e-16 9.324e-17 3.699e-17 0.0 92.72 0.0
S048637 337.275 61.9155 9.745e-18 8.173e-18 4.313e-18 0.0 93.5 0.0
S048638 337.2751 61.8254 1.361e-17 1.108e-17 5.134e-18 0.0 92.85 0.0
S048639 337.2627 61.8267 1.3009999999999998e-22 2.8319999999999996e-22 1.041e-21 0.0 92.98 0.0
S048640 337.3058 61.9083 1.033e-17 8.768e-18 4.595e-18 0.0 93.19 0.0
S048641 337.2509 61.8426 1.818e-17 1.431e-17 6.191e-18 0.0 93.14 0.0
S048642 337.3233 61.8994 1.3669999999999998e-22 2.7649999999999996e-22 8.541999999999999e-22 0.0 93.01 0.0
S048643 337.2308 61.8555 9.901e-18 2.489e-17 1.27e-16 0.0 93.38 1.0
S048646 337.3511 61.8707 8.571e-17 6.125e-17 2.268e-17 0.0 92.48 0.0
S048647 337.373 61.8621 1.5440000000000001e-21 2.31e-21 3.872e-21 0.0 92.43 0.0
S048648 337.3746 61.8481 2.618e-18 2.307e-18 1.275e-18 0.0 92.19 1.0
S048649 337.3842 61.8353 1.431e-17 1.156e-17 5.256e-18 0.0 91.97 0.0
S048650 337.1781 61.8962 6.617e-18 5.609e-18 2.896e-18 0.0 94.19 0.0
S048651 337.1485 61.9038 4.189e-21 6.347e-21 1.0950000000000001e-20 0.0 94.24 0.0
S048652 337.1779 61.9012 2.822e-22 5.359e-22 1.507e-21 0.0 94.2 0.0
S048653 337.1543 61.9093 1.642e-20 2.332e-20 3.4140000000000003e-20 0.0 94.38 0.0
S048654 337.4134 61.8109 3.44e-18 6.761e-18 2.022e-17 0.0 91.47 0.0
S048655 337.1313 61.9243 1.795e-17 1.437e-17 6.596e-18 0.0 94.56 1.0
S048656 337.1319 61.942 7.305e-19 7.232e-19 5.228e-19 0.0 94.73 0.0
S048658 337.1198 61.9563 4.385e-18 3.945e-18 2.367e-18 0.0 95.03 0.0
S048659 337.4268 61.7975 1.626e-17 1.288e-17 5.658e-18 0.001 91.45 0.0
S048660 337.4435 61.7934 1.112e-17 2.665e-17 1.198e-16 0.0 91.32 1.0
S048661 337.4536 61.7783 1.294e-18 1.266e-18 9.21e-19 0.0 91.1 0.0
S048662 337.4582 61.7772 2.628e-14 1.773e-14 5.792e-15 0.0 91.02 0.0
S048663 337.0991 61.9665 5.982e-19 6.148e-19 4.603e-19 0.0 95.16 0.0
S048664 337.4802 61.7562 1.422e-20 1.9440000000000003e-20 2.6470000000000004e-20 0.0 90.88 0.0
S048665 337.4503 61.7788 7.442e-18 6.032e-18 2.85e-18 0.0 91.08 0.0
S048666 337.0733 61.9995 1.263e-20 1.79e-20 2.5620000000000003e-20 0.0 95.38 0.0
S048668 337.0732 61.9968 7.058999999999999e-22 1.384e-21 3.934e-21 0.0 95.52 0.0
S048669 337.0733 62.0027 7.924999999999999e-22 1.451e-21 3.723e-21 0.0 95.52 0.0
S048670 337.4862 61.7342 9.015e-18 1.83e-17 5.904e-17 0.0 90.61 1.0
S048671 337.4972 61.7288 5.924e-20 7.183e-20 7.508e-20 0.0 90.63 0.0
S048672 337.4955 61.735 1.24e-18 1.852e-18 3.175e-18 0.0 90.67 0.0
S048673 337.0694 62.0113 5.121e-21 7.979e-21 1.438e-20 0.0 95.61 0.0
S048674 337.513 61.7151 1.395e-16 9.827e-17 3.678e-17 0.0 90.56 0.0
S048675 337.0682 62.0159 1.496e-19 1.767e-19 1.81e-19 0.0 95.67 0.0
S048676 337.0557 62.0345 1.927e-18 1.714e-18 1.014e-18 0.0 95.59 0.0
S048678 337.4841 61.7212 1.855e-17 1.464e-17 6.373e-18 0.0 90.55 1.0
S048679 337.0807 62.0179 9.878000000000001e-21 1.4170000000000002e-20 2.1620000000000002e-20 0.0 95.68 0.0
S048680 337.1053 62.0063 3.489e-19 3.729e-19 2.991e-19 0.0 95.65 0.0
S048681 337.5213 61.6852 2.892e-18 6.034e-18 1.983e-17 0.0 90.6 0.0
S048682 337.4746 61.7196 9.438e-19 1.71e-18 4.185e-18 0.0 90.58 0.0
