Name Equatorial Polar BlueF GreenF RedF Size RadialVelocity
DG3869 64.3317 78.0979 7.496e-18 5.913e-18 2.835e-18 95.647 1391.21
DG3870 64.4807 78.1018 1.192e-17 1.059e-17 4.516e-18 48.7171 1393.04
DG3871 64.3908 78.2499 1.288e-17 1.087e-17 4.754e-18 54.3738 1389.8
DG3872 64.3181 78.0728 1.148e-17 9.506e-18 4.11e-18 41.8522 1388.92
DG3873 64.2174 78.0452 1.127e-17 9.08e-18 3.864e-18 37.9726 1390.24
DG3874 64.317 78.1031 1.123e-17 8.69e-18 4.647e-18 50.8371 1391.05
DG3875 64.2947 77.9803 1.13e-17 1.004e-17 4.76e-18 60.4753 1391.22
DG3876 64.3287 78.0225 1.101e-17 9.717e-18 4.359e-18 40.8221 1392.73
DG3877 64.4653 78.0648 1.215e-17 1.084e-17 4.833e-18 45.1813 1390.84
