Time NormalisedFlux
0.0 0.9967148224144405
1.0 0.996661638184504
2.0 0.9657538229078625
3.0 0.9516730011362955
4.0 0.9406500475127155
5.0 0.9387282057111089
6.0 0.9509287864662649
7.0 0.99598803883193
8.0 0.9528825426030917
9.0 0.9620197724407045
10.0 0.9616182412368811
11.0 0.9118180774389318
12.0 0.9086396684731816
13.0 0.8952571539814104
14.0 0.9037492522764204
15.0 0.9358064826606943
16.0 0.9708210164115944
17.0 1.0394620085700355
18.0 1.075149122781881
19.0 1.0764562084921954
20.0 1.1030452222989149
21.0 1.1473860487781347
22.0 1.0810361551462224
23.0 1.0657525279588174
24.0 1.0715131670407225
25.0 1.035654122666664
26.0 1.0306035098060091
27.0 1.0494208674609478
28.0 1.045279565938502
29.0 1.0142491909394449
30.0 1.0705665352969038
31.0 1.012002391439655
32.0 0.9993646984066068
33.0 1.0081146984995424
34.0 0.9714692396182711
35.0 1.0069823932210238
36.0 1.002872541475515
37.0 0.9737929474598848
38.0 1.0108750426680955
39.0 0.9737564528210594
40.0 0.9659675114406209
41.0 0.9372088046097052
42.0 0.9637580765684527
43.0 0.9609874693921656
44.0 0.9499305856344152
45.0 0.9614370983788156
46.0 0.9800470607647846
47.0 0.9340348392434792
48.0 0.949046885784267
49.0 0.9059638016462898
50.0 0.9061854640809176
51.0 0.8992191636026577
52.0 0.8598099368293015
53.0 0.9403012048430178
54.0 0.9654034434001875
55.0 1.040512069039981
56.0 1.0662200819052614
57.0 1.1031034798917012
58.0 1.0853074212357545
59.0 1.096870341505414
60.0 1.071411986273613
61.0 1.0492238822448607
62.0 1.0423896438466977
63.0 1.0583266398864442
64.0 1.0286174977357554
65.0 1.0411287859341747
66.0 1.0719077136944717
67.0 1.0428351526943294
68.0 1.0678074661181578
69.0 1.0352789371471927
70.0 0.9936750458126511
71.0 0.9659026086523619
72.0 0.9918968163024268
73.0 1.0151435030957934
74.0 0.9958672937816462
75.0 1.0078063194351463
76.0 1.0170676466587119
77.0 0.9853493095301741
78.0 0.9602771671794197
79.0 0.9641074191120235
80.0 0.9479395235404473
81.0 0.9275947126458245
82.0 0.9741605334383312
83.0 0.9784566826826888
84.0 0.9462994808242607
85.0 0.9409186697641279
86.0 0.9188617406002036
87.0 0.9185320260866953
88.0 0.8998584789948042
89.0 0.9062186031395587
90.0 0.9550990317594198
91.0 0.9163919830467496
92.0 1.0069017469698287
93.0 1.050486752794209
94.0 1.0802389151514988
95.0 1.1031896875893616
96.0 1.0992032272146868
97.0 1.0618704608913954
98.0 1.0796324645518862
99.0 1.0221289138388083
100.0 1.0385956131983087
101.0 1.059035996333282
102.0 1.0483016754237369
103.0 1.0613484007949423
104.0 1.0615428153772488
105.0 1.0294227149324957
106.0 1.0359692158325673
107.0 1.0132063043338189
108.0 1.0210347660960084
109.0 1.0171607032602288
110.0 0.9989784980462706
111.0 1.013714219220733
112.0 1.0167523411765573
113.0 0.9879419919807555
114.0 0.9821426157852132
115.0 0.9938482656108428
116.0 0.9824540589528239
117.0 0.9272929166154654
118.0 0.959563393217434
119.0 0.9647882521123528
120.0 0.9692330212725097
