Time NormalisedFlux
0.0 1.0099434839333408
1.0 1.2183365442974066
2.0 0.8711186301531498
3.0 1.0842746395495308
4.0 0.9545775666975298
5.0 1.0588629486185797
6.0 1.155885788827301
7.0 1.001035651179633
8.0 0.9845834998821825
9.0 1.0482495277837685
10.0 0.8946144242490826
11.0 1.0897085772917918
12.0 0.9921742474803705
13.0 0.9474151547570647
14.0 1.0510562840554705
15.0 0.7015877016391645
16.0 1.1379515147174424
17.0 0.9040560284588502
18.0 0.7320592056561364
19.0 1.046200926117934
20.0 0.9132892134076489
21.0 1.0865741452339752
22.0 1.007455165105093
23.0 0.8448605042902512
24.0 0.9443924107770344
25.0 1.2269644234934418
26.0 1.1784847582351732
27.0 0.8827439266475393
28.0 1.0927632655619615
29.0 1.0964373240227778
30.0 0.9173853892684569
31.0 1.0763978678820556
32.0 0.9382514195218652
33.0 1.086637563168479
34.0 1.1514778125352314
35.0 1.0986958118019885
36.0 1.1024494201665058
37.0 0.8476775092765397
38.0 1.056064464817298
39.0 1.0421001613128802
40.0 1.115676842683192
41.0 1.0688721987167242
42.0 1.0569482253949734
43.0 0.9010703500651703
44.0 0.9790743127173789
45.0 0.9744679290568681
46.0 1.077890859304776
47.0 1.0486629873452393
48.0 1.0008220021737506
49.0 1.0209829429693733
50.0 1.1628551216606162
51.0 0.8984790345049468
52.0 1.012445477835959
53.0 1.0420504876412895
54.0 1.0800426665490332
55.0 0.8392736427854933
56.0 1.0416116200575667
57.0 0.9905074895476373
58.0 0.9305279356263776
59.0 1.0658343041270404
60.0 0.9552213217715461
61.0 0.9335472170357741
62.0 1.212696652573664
63.0 1.055468109653517
64.0 1.100018567430929
65.0 1.0409460319627932
66.0 0.9280878418994738
67.0 0.9968105240655293
68.0 1.0512618282885207
69.0 0.9413493461674887
70.0 0.8497147722332348
71.0 0.872147155932039
72.0 0.9739422046358406
73.0 1.134654215934642
74.0 0.8869664787449736
75.0 0.9124866647066437
76.0 0.9104169599559562
77.0 1.004683853255474
78.0 0.9676910014608006
79.0 1.013478060376143
80.0 1.190372993335492
81.0 1.0070294526900074
82.0 0.9489797077185518
83.0 1.0349383807482884
84.0 0.8247156566246188
85.0 1.0824003000674491
86.0 1.0338175906192935
87.0 1.0968361496865462
88.0 1.0965140206159654
89.0 1.1271966089696412
90.0 0.9385351729098793
91.0 0.98698920971556
92.0 0.7186530092159442
93.0 0.9981775578897578
94.0 0.8775313911298477
95.0 0.9790152508949308
96.0 0.9173992474711187
97.0 0.9755457003614906
98.0 1.0434013383161993
99.0 1.0559010756898608
100.0 0.9132063380096894
101.0 1.0709812748235363
102.0 0.9783902166495115
103.0 0.8804560010257827
104.0 1.2414589801944054
105.0 1.1888952993554218
106.0 0.9219527418545274
107.0 0.9561517409846229
108.0 1.1174433643516641
109.0 1.0859309611399612
110.0 1.040334640112851
111.0 0.9673350685035644
112.0 1.0123543433623015
113.0 1.0161636763865787
114.0 1.036252075639785
115.0 1.0589385199397614
116.0 0.9851367377002268
117.0 1.1670961431060614
118.0 0.9211903330406958
119.0 1.0264867225410734
120.0 0.9976617421051499
