Time NormalisedFlux
0.0 1.0923914651858313
1.0 1.0505308340429285
2.0 1.0275227516639691
3.0 1.0346000801501003
4.0 0.9684494608249365
5.0 0.9138770365917543
6.0 0.9378185476474096
7.0 0.8915494945367782
8.0 0.8772776626772447
9.0 0.7988240487230738
10.0 0.9061248717620757
11.0 0.931479808072895
12.0 0.9456781698809639
13.0 0.9717636879590984
14.0 1.0044478510108263
15.0 0.9766277196680837
16.0 0.99872254159028
17.0 1.059111949523982
18.0 1.1255457747977358
19.0 1.1026420720742878
20.0 1.135137168701009
21.0 1.166448033697902
22.0 1.0837385864778821
23.0 1.098312934251353
24.0 1.0640716852304584
25.0 1.019098384546628
26.0 1.0091676344379887
27.0 0.9390195904712786
28.0 0.9555262891081526
29.0 0.9281147445284758
30.0 0.8851266925196335
31.0 0.8651260934053819
32.0 0.82405647115784
33.0 0.9133370668211891
34.0 0.9552570357576976
35.0 0.9580359537664715
36.0 0.9513039867082931
37.0 0.9624420406307724
38.0 1.0344293899466748
39.0 1.046065064263756
40.0 1.0226573457440569
41.0 1.0813770160405884
42.0 1.100471679513976
43.0 1.1333942875400893
44.0 1.1615424249980417
45.0 1.0738887643521926
46.0 1.1105688195940198
47.0 1.0988687905031869
48.0 1.029604919134159
49.0 1.034218587879721
50.0 0.9429792771111838
51.0 1.0003533736348154
52.0 0.9797987114766096
53.0 0.9019533855438142
54.0 0.8486639837756188
55.0 0.8358785808214908
56.0 0.8671435075265691
57.0 0.8811097363260317
58.0 0.9212198021804492
59.0 0.9292487272900847
60.0 0.9912141648001114
61.0 0.9854654177229005
62.0 1.0291893187926824
63.0 1.0671662805747402
64.0 1.027517921489376
65.0 1.0971189003607875
66.0 1.128250946291278
67.0 1.1194475122411518
68.0 1.1109156994402136
69.0 1.1122747742046342
70.0 1.092375766668936
71.0 1.0629701764433184
72.0 1.0495553868975283
73.0 0.9854582999010727
74.0 1.0148135617458973
75.0 0.9160989992124372
76.0 0.9202738516349054
77.0 0.8980229226430128
78.0 0.8562355182164529
79.0 0.8580304681176113
80.0 0.883373694823043
81.0 0.9411338267422772
82.0 0.9477482647056478
83.0 0.9475043286498257
84.0 1.012817205522236
85.0 1.0571312359383307
86.0 1.041753265757265
87.0 1.108324725089796
88.0 1.1082995918976084
89.0 1.1338283780548668
90.0 1.108969864760083
91.0 1.1153714858012354
92.0 1.0935682093586645
93.0 1.0442315257048285
94.0 1.0799190711372502
95.0 1.0167037674614618
96.0 1.0151109215641327
97.0 0.9659749968289255
98.0 0.99214687942694
99.0 0.8518463990966829
100.0 0.8814430574049923
101.0 0.8886283780494849
102.0 0.8079183878556414
103.0 0.9237371163542222
104.0 0.9332981358188449
105.0 0.9321792467060794
106.0 0.9594509213843864
107.0 0.9808669022554686
108.0 1.0166653654820959
109.0 1.0664042656231094
110.0 1.1025443523681155
111.0 1.1075364508840062
112.0 1.1604466443517745
113.0 1.1434532594075024
114.0 1.127401318570487
115.0 1.0332410580823745
116.0 1.0486439182774157
117.0 1.0459559948662993
118.0 0.9968277172578759
119.0 1.005743584745606
120.0 1.012467061924946
