Time NormalisedFlux
0.0 0.8486101598842881
1.0 1.0808878844554828
2.0 0.8406889426784406
3.0 0.9790153871442857
4.0 0.8438445447299081
5.0 1.1239516650438486
6.0 0.8565275707148825
7.0 0.7833377019542888
8.0 1.0021090295911694
9.0 1.0409622201040354
10.0 1.1790730213778569
11.0 1.1335486058452127
12.0 1.0141115101343652
13.0 1.083385117959872
14.0 1.1331198771328543
15.0 1.1094156086650317
16.0 1.1599670730924625
17.0 0.9856684261016391
18.0 0.8657896875258317
19.0 0.9174726922473317
20.0 1.1504368412841088
21.0 0.9784252773837767
22.0 0.8822945041708731
23.0 1.059416455122212
24.0 1.0363776290502305
25.0 0.8875158927224217
26.0 0.9626316308215082
27.0 0.9640716198223527
28.0 0.9286581093040501
29.0 0.9204091226974287
30.0 0.9887716468429624
31.0 0.9708107095456857
32.0 1.2014901962788684
33.0 0.9768569440711
34.0 0.9823855376531407
35.0 1.1346461807695083
36.0 0.8251972335214318
37.0 0.9762740047977666
38.0 1.0734818228268312
39.0 1.1579208762598385
40.0 0.9578621223259087
41.0 0.9229659464924098
42.0 0.9387052799751828
43.0 1.0225978321818094
44.0 1.0736754792312617
45.0 0.9880635651042092
46.0 1.1026694180161878
47.0 1.2507843247542725
48.0 0.9366300575399015
49.0 1.166865275929166
50.0 0.9950646494378487
51.0 1.1258188001456886
52.0 1.221823673301527
53.0 0.8605226821745504
54.0 1.0167562676622595
55.0 0.9974233637039328
56.0 0.9409546256145185
57.0 1.157479289993617
58.0 0.9269289587797902
59.0 0.9597970406387537
60.0 0.9828526003831467
61.0 0.7706292139428119
62.0 1.1236960318486313
63.0 0.9858799764534443
64.0 0.9201517174103133
65.0 1.1001200043890247
66.0 0.98349684969364
67.0 0.8753591971988696
68.0 0.9196997897736037
69.0 0.9265533465902354
70.0 1.1055891466403895
71.0 0.8490241245321247
72.0 0.9599453995531569
73.0 1.032157900374542
74.0 0.9383586961265682
75.0 1.1191711104347253
76.0 1.1108783283697967
77.0 1.0627926114556687
78.0 0.8957151058078012
79.0 1.033524104061508
80.0 0.9780879864677763
81.0 0.887194087496744
82.0 1.1575458720673186
83.0 0.988005884240612
84.0 0.9800496528457355
85.0 1.1099230428861737
86.0 1.041291570077549
87.0 0.9008756954429356
88.0 0.8573155810498235
89.0 1.07724919934953
90.0 0.9980334294093836
91.0 0.7713455126430995
92.0 0.7104734606740751
93.0 1.0666429581948091
94.0 0.8915370763705697
95.0 0.9292210718828325
96.0 0.7838393639271509
97.0 0.9947060261764099
98.0 0.9307527950632856
99.0 0.9602354565918488
100.0 0.8871050011029528
101.0 0.8972280469175731
102.0 0.9185819572263059
103.0 0.8756889016776913
104.0 1.0436894404196821
105.0 1.0694338147366176
106.0 0.9164177516799046
107.0 1.134023838006825
108.0 1.1660491420652075
109.0 1.037226318543784
110.0 0.931426480867632
111.0 0.9665814370870198
112.0 0.8306464153719941
113.0 1.1111157379907026
114.0 0.8524290059024473
115.0 0.8382474684309172
116.0 0.8841776873165158
117.0 1.034294637275766
118.0 1.034524536965883
119.0 0.9877001987760959
120.0 0.825689871409473
