Time NormalisedFlux
0.0 0.992380310831954
1.0 0.8949052520790374
2.0 0.911729165689937
3.0 0.9614627476555481
4.0 0.9272205775033875
5.0 0.9236089914331442
6.0 1.0134027922085889
7.0 1.0933865650296215
8.0 0.9277634226378793
9.0 1.0090646724377939
10.0 0.7813104016669948
11.0 1.1183449274793047
12.0 1.1249877241934962
13.0 0.9651629135505896
14.0 0.9064651733521869
15.0 0.9471475142862474
16.0 1.0100463057167675
17.0 1.124452285425026
18.0 1.1344093855590545
19.0 0.8831000848999729
20.0 1.1257590212826805
21.0 1.063708014777526
22.0 0.9674254625553053
23.0 0.8012460861988931
24.0 0.9282598863459298
25.0 0.951293648430751
26.0 0.9484113893464771
27.0 1.0179997611935205
28.0 1.018578849807842
29.0 0.8770880138215749
30.0 0.9680071517737187
31.0 1.1396284916089328
32.0 1.0991094135411654
33.0 0.9774698567523851
34.0 1.009701430549484
35.0 1.067811456260633
36.0 0.8977157887064549
37.0 1.0957088703414393
38.0 1.1279053260987166
39.0 0.9484160246995719
40.0 0.9417522221300227
41.0 0.8472752417618563
42.0 1.0866562394479136
43.0 0.9710337899026554
44.0 1.0547988643175594
45.0 1.0588923827330299
46.0 0.8932218654389371
47.0 0.9697985668861884
48.0 0.8076299177092672
49.0 1.2358267458447152
50.0 0.82746880170685
51.0 1.0134032509861077
52.0 0.8580358612301684
53.0 0.7444426682200995
54.0 0.9663574888585094
55.0 1.070510801462492
56.0 0.8639126216005114
57.0 0.8481611168246429
58.0 1.0615602483315543
59.0 1.0003921751726008
60.0 1.0740932089382509
61.0 1.1233076381623084
62.0 0.9400883499353554
63.0 0.855930784683052
64.0 1.0924478442586303
65.0 1.0795477187519038
66.0 1.227842784533721
67.0 1.0987530770866316
68.0 0.9012257282469643
69.0 0.8542939403548627
70.0 0.9582138645751438
71.0 0.9945492037208408
72.0 0.9895251780047812
73.0 0.8309420131045868
74.0 0.9178954321836972
75.0 1.0235469260755028
76.0 1.028914313767221
77.0 1.008532126710785
78.0 0.9758098177948872
79.0 0.9037244867269187
80.0 0.8659129800993373
81.0 0.8853793676227598
82.0 1.1988364805821887
83.0 0.8763658348221741
84.0 1.0294568252047085
85.0 0.9416203537044745
86.0 0.9313627339726616
87.0 1.137992972897242
88.0 0.944979718997928
89.0 1.0627045508075998
90.0 0.9452582363065479
91.0 1.119908671829083
92.0 0.9270482319234123
93.0 1.1185184536818782
94.0 1.0343299482194321
95.0 0.9490210207909208
96.0 1.0075977902546245
97.0 0.9624874048328557
98.0 0.9853078051272448
99.0 1.1223517814326012
100.0 1.121730583896604
101.0 1.0339309403805734
102.0 0.9750536219715219
103.0 0.914650169119968
104.0 1.1430288538803897
105.0 1.0616134054922088
106.0 0.9650587730906086
107.0 1.0133621245672968
108.0 0.7876122078809616
109.0 1.0202191032550971
110.0 0.848852037774832
111.0 1.2067408377662616
112.0 0.9910148513702386
113.0 1.2031623185929008
114.0 1.1319868785297025
115.0 1.216288779962439
116.0 0.9038782254745776
117.0 1.0252023347813644
118.0 0.9296055899089966
119.0 1.2022138355399832
120.0 1.05542748340237
