Time NormalisedFlux
0.0 0.9753796910708998
1.0 1.0015491169022261
2.0 1.0359387301408007
3.0 1.023874242134104
4.0 1.0156655434910884
5.0 0.9747477253998695
6.0 1.023202438228426
7.0 1.0057196576616145
8.0 1.0474592550744666
9.0 1.0014376980504778
10.0 1.089481411051399
11.0 1.131054302165218
12.0 1.1357917089699414
13.0 1.1361004451567749
14.0 1.0870855157130275
15.0 1.144965904790154
16.0 1.1419743023499898
17.0 1.1339146074876847
18.0 1.143891595117931
19.0 1.1279300823764358
20.0 1.1446092089411217
21.0 1.1477537094640562
22.0 1.134711940874668
23.0 1.1258943927057605
24.0 1.100495171445143
25.0 1.1382665970580665
26.0 1.1322913954131428
27.0 1.110600802722697
28.0 1.0997657389321376
29.0 1.053748680666938
30.0 1.101682640553761
31.0 1.0531020399261912
32.0 1.0914077908731452
33.0 1.0861025543825706
34.0 1.0215156113230515
35.0 1.0477412306377234
36.0 0.9924884376102316
37.0 1.0048179999902942
38.0 0.9503477953443663
39.0 0.9571897029335243
40.0 1.0558233975601516
41.0 1.0047240466511658
42.0 0.9446481067078066
43.0 0.9275642591035613
44.0 0.9604487259072934
45.0 0.9598265270599583
46.0 1.0280866992161994
47.0 0.9487637219913011
48.0 0.9645141069103194
49.0 0.9513485993196384
50.0 0.9759779371884547
51.0 0.9318481618277323
52.0 0.9159667831812098
53.0 0.8900463481400354
54.0 0.9151608317350614
55.0 0.9050147743855875
56.0 0.8670663620859211
57.0 0.9189329759125215
58.0 0.9117691292434336
59.0 0.8952151271000124
60.0 0.8207347051306659
61.0 0.8408853697579993
62.0 0.8524569226660398
63.0 0.9025138241785676
64.0 0.9043129674650427
65.0 0.8997216813986945
66.0 0.877121030738174
67.0 0.8892495072922099
68.0 0.8914228372667534
69.0 0.9229967005912095
70.0 0.9222681889154862
71.0 0.9172141992231636
72.0 0.9073532809865673
73.0 0.9599957168327178
74.0 0.9231614522708781
75.0 0.9188077510554419
76.0 0.9499318051456614
77.0 0.9334543833921234
78.0 0.9524555393320594
79.0 0.9611445492324572
80.0 0.9940898319559797
81.0 0.9520640335768906
82.0 0.9984780327400518
83.0 1.0403991159150476
84.0 0.9818650142664007
85.0 1.0254886256673121
86.0 1.0642479608678477
87.0 1.01874698444406
88.0 1.0137152013815098
89.0 1.0851257239252265
90.0 1.0377623011445036
91.0 1.0777347505365986
92.0 1.0479665891010144
93.0 1.030524228820373
94.0 1.0478310467477099
95.0 1.1240942337590065
96.0 1.1012926013303592
97.0 1.1276753766825307
98.0 1.1094154066904351
99.0 1.1251084826076267
100.0 1.1242870780998868
101.0 1.118213979688139
102.0 1.1500559178287102
103.0 1.1469359744914394
104.0 1.118793494053027
105.0 1.1177756451697838
106.0 1.1327910070194884
107.0 1.1121996351400236
108.0 1.0770492501280593
109.0 1.0648963811507566
110.0 1.1538035698300098
111.0 1.0587983150081455
112.0 1.0802267112193338
113.0 1.0204635066151002
114.0 1.1015802234093282
115.0 1.0596497915690246
116.0 1.0017233930891989
117.0 1.0169785746789128
118.0 1.0622700416050106
119.0 0.9927350746742092
120.0 1.0160917311390278
