Time NormalisedFlux
0.0 0.9383795529283437
1.0 0.90191168370968
2.0 0.866066912461422
3.0 0.8729922817587112
4.0 0.9103908865678715
5.0 1.0067460656942828
6.0 0.9446661122477837
7.0 1.117441974563179
8.0 0.8356175287761264
9.0 0.9538680757707929
10.0 1.0111616746374383
11.0 1.0028097710014303
12.0 1.0039655123451465
13.0 0.8578221210402881
14.0 1.0254381214304675
15.0 1.0909044433747566
16.0 1.0462802176581307
17.0 1.046972106991223
18.0 1.0030213658062532
19.0 1.1443246862910865
20.0 1.1052508027660157
21.0 1.088166948765393
22.0 1.0431743023072162
23.0 1.2243043136826741
24.0 1.0853199693832396
25.0 0.9645429693067241
26.0 1.0290240768764818
27.0 0.9641828252011732
28.0 0.8202249607325998
29.0 1.028706603202693
30.0 1.0782136072725306
31.0 1.0529546334264903
32.0 1.0531601557126178
33.0 0.8721359820679415
34.0 0.8239473369502511
35.0 0.9766369661397486
36.0 1.1254654885125026
37.0 0.9965850234920565
38.0 1.107188119377919
39.0 1.1546514122235818
40.0 0.9194235211943139
41.0 0.8499867406416505
42.0 0.8790933689441816
43.0 0.8044837751304349
44.0 0.8943010368099401
45.0 1.0620947323011891
46.0 1.1447885879473385
47.0 1.0129260270830953
48.0 1.0118332284624518
49.0 1.111110107937025
50.0 1.067083734043065
51.0 1.045780756896325
52.0 0.999986107596922
53.0 1.087695448130898
54.0 1.057887718888284
55.0 1.0870174494951432
56.0 0.9913819522502294
57.0 1.1009825503237698
58.0 0.9566905518076944
59.0 0.9773661007228829
60.0 1.0505976783956192
61.0 1.08269957669757
62.0 1.1546084439219058
63.0 1.129646537027933
64.0 0.8596145655256913
65.0 1.073809286178037
66.0 0.903391872677901
67.0 1.2739179789018318
68.0 0.8083620813951813
69.0 0.8994043457729191
70.0 1.162961921169813
71.0 1.0032331937095103
72.0 0.938444782733662
73.0 1.0946929900766373
74.0 0.9113172655755417
75.0 0.9194972978624092
76.0 1.0072378711416983
77.0 0.8867480154002308
78.0 1.0175179956818023
79.0 0.9366673049980669
80.0 1.1363550929832733
81.0 1.0300067290275299
82.0 0.9303410728856641
83.0 0.9989204090414907
84.0 0.8655018556090133
85.0 0.908826535604044
86.0 0.771155607433667
87.0 1.0919695214841993
88.0 1.1102927486382914
89.0 0.6588320743226181
90.0 0.9241288390111985
91.0 0.9123237036674736
92.0 0.857531713831778
93.0 1.1427561976679173
94.0 0.9492886312249993
95.0 0.9074559738576413
96.0 0.8929129426697839
97.0 0.829899894381593
98.0 1.0564483906508935
99.0 0.8403120555234234
100.0 0.9599163172110311
101.0 0.9003637855281263
102.0 0.9907218921519978
103.0 1.0117354512014483
104.0 0.8391586567262194
105.0 1.1142246358697647
106.0 0.9897366954121131
107.0 1.1378205568600674
108.0 0.8960069197044354
109.0 0.989297507071241
110.0 1.2036027049348847
111.0 1.0184901321494337
112.0 1.0107137299762514
113.0 1.1274889226806073
114.0 1.0112837438337479
115.0 0.8708993052362941
116.0 1.0585258111288984
117.0 0.9451667729666328
118.0 1.010311263394647
119.0 1.0311701746609132
120.0 0.9842987848421817
