Time NormalisedFlux
0.0 1.1736292482804516
1.0 1.1175946822296834
2.0 1.143435483057093
3.0 1.0886759322774533
4.0 1.0766066560003658
5.0 1.0615647347059585
6.0 1.0367575553713873
7.0 1.0524015116828287
8.0 0.9806294126173732
9.0 0.88712134449216
10.0 0.9534462568774459
11.0 0.9285365896313641
12.0 0.9782969094984083
13.0 0.8924437381878493
14.0 0.8593497033964308
15.0 0.7957444045741122
16.0 0.8499507979057009
17.0 0.7939980112515761
18.0 0.7790556270824263
19.0 0.8293478217242696
20.0 0.8058763323729664
21.0 0.79028901049951
22.0 0.824664212933124
23.0 0.7696242178878427
24.0 0.8063665442900397
25.0 0.8508913425864992
26.0 0.8458537791623021
27.0 0.8877019879872364
28.0 0.9119051019661384
29.0 0.821785656880961
30.0 0.9688601196939997
31.0 0.9638243199071611
32.0 0.9815188175579582
33.0 0.9622085513657459
34.0 0.9847344127938575
35.0 0.9862941554406347
36.0 1.0586136241113016
37.0 1.0567687725614907
38.0 1.1236180912613682
39.0 1.1595735700274992
40.0 1.1881591184342875
41.0 1.179274876194127
42.0 1.211866251940227
43.0 1.1774830626507462
44.0 1.2157987975617899
45.0 1.1548500867835556
46.0 1.1990361821897264
47.0 1.1449680509810143
48.0 1.2156462853862022
49.0 1.1464963997972033
50.0 1.1145894126235463
51.0 1.1661957426805876
52.0 1.212701333740306
53.0 1.1899750451823636
54.0 1.0659998540505051
55.0 1.1076840703641657
56.0 1.0660281917549577
57.0 1.0970331774123894
58.0 0.9776837788540083
59.0 0.9973115670123969
60.0 1.0154606095239005
61.0 0.978259275932571
62.0 0.965874797771676
63.0 0.9741472368105911
64.0 0.9791592066001232
65.0 0.9479967939765569
66.0 0.8409846127958572
67.0 0.8541371376999347
68.0 0.8404607231902794
69.0 0.8538813123742666
70.0 0.7939641159055367
71.0 0.8279846192934467
72.0 0.8372259462841536
73.0 0.7924943746585379
74.0 0.7819090243278672
75.0 0.8049364604988459
76.0 0.7980823864893488
77.0 0.8500297627331659
78.0 0.8070641941422241
79.0 0.8357467963714857
80.0 0.7855269273283171
81.0 0.9056168139182612
82.0 0.9170091971653928
83.0 0.8447401311195374
84.0 0.8642643336595286
85.0 0.9634324974443644
86.0 0.9549517404238151
87.0 1.0124919389029305
88.0 0.999418682572551
89.0 1.0430556485019713
90.0 1.0389680004230106
91.0 1.1206745867005934
92.0 1.0889480007601409
93.0 1.1423190340918719
94.0 1.1180691422763631
95.0 1.1194067333207582
96.0 1.2572425516648642
97.0 1.2081473104186116
98.0 1.2069524381672165
99.0 1.172570510671417
100.0 1.202068611011637
101.0 1.2110387384626806
102.0 1.2125008444593053
103.0 1.2109933716254289
104.0 1.1665540755514572
105.0 1.145058498446086
106.0 1.1658993259409733
107.0 1.1216092343413246
108.0 1.1634180307331092
109.0 1.071041785071754
110.0 1.0793150191798502
111.0 1.1014262417874177
112.0 1.083276204884756
113.0 0.9722298498211722
114.0 1.0243429732784026
115.0 0.9728357654411957
116.0 0.9798219434378224
117.0 0.9376295629665005
118.0 0.9550269324599082
119.0 0.9459981111408642
120.0 0.8741453722644394
