Time NormalisedFlux
0.0 0.8012095324451344
1.0 0.7815997966623757
2.0 0.8487597920361889
3.0 0.8055163107092412
4.0 0.8061962082504798
5.0 0.8147409421459748
6.0 0.8061333986541659
7.0 0.8641855678932384
8.0 0.9566398208272917
9.0 0.8837160818620925
10.0 0.9401762029180312
11.0 0.9666292241312655
12.0 0.9748136072681087
13.0 1.0355819400859507
14.0 0.9785324108712243
15.0 1.0310683493104467
16.0 1.0119358697138778
17.0 1.0676727462593711
18.0 1.1259151100043154
19.0 1.1141238865602991
20.0 1.1593663916223353
21.0 1.1410486186365834
22.0 1.0905590044378621
23.0 1.1658683257714675
24.0 1.2215007588089437
25.0 1.1608377588676688
26.0 1.2109799148509341
27.0 1.2513920151862514
28.0 1.253894646924393
29.0 1.1541916512065071
30.0 1.1947821873645805
31.0 1.183431607972552
32.0 1.1416640903373705
33.0 1.1159219560585214
34.0 1.104294385345645
35.0 1.1419615970877859
36.0 1.0757730330829984
37.0 1.0490931448114258
38.0 1.033403378541712
39.0 1.037890951915736
40.0 0.987016311030819
41.0 0.9526945607398729
42.0 0.9524409969213834
43.0 0.9311493154712455
44.0 0.8905923152896299
45.0 0.8573603954549982
46.0 0.9422230380965936
47.0 0.8650819310472019
48.0 0.8599176963266426
49.0 0.7976986655839003
50.0 0.8431616184757031
51.0 0.7931010422319212
52.0 0.8544630634224442
53.0 0.7913725745872171
54.0 0.7872481253981224
55.0 0.8207408170906347
56.0 0.8303694267517263
57.0 0.8300164325342823
58.0 0.8837749385315535
59.0 0.8334108859740841
60.0 0.8972067167067062
61.0 0.8680235404887097
62.0 0.8883170630823126
63.0 1.0112382076517745
64.0 0.8875056669282376
65.0 0.9324815205392271
66.0 0.9396295615658372
67.0 0.9874088549486596
68.0 1.0484082006263877
69.0 1.0485473377246175
70.0 1.1275079665009415
71.0 1.0968503331476978
72.0 1.141842831732808
73.0 1.1437669960289032
74.0 1.180284331577302
75.0 1.1755096853751061
76.0 1.1607459538102654
77.0 1.1490595408486104
78.0 1.2226325593568474
79.0 1.206765899200674
80.0 1.2688992823779675
81.0 1.1835673245497251
82.0 1.1891651172395392
83.0 1.2057984297235211
84.0 1.1908754616716846
85.0 1.1765907097458432
86.0 1.1665211981016932
87.0 1.1685805704068057
88.0 1.0969416053453351
89.0 1.1391422217828069
90.0 1.120330444221943
91.0 1.0252034167104098
92.0 1.0170715746691952
93.0 0.9689402128536975
94.0 0.9801098364336165
95.0 0.9149054467630359
96.0 0.9072977099118096
97.0 0.9371391916723635
98.0 0.9607342001000675
99.0 0.8522677845109705
100.0 0.8612579285094635
101.0 0.8652228133588015
102.0 0.8355775989719831
103.0 0.8692611702198215
104.0 0.8048524650315354
105.0 0.8251964144676909
106.0 0.7969402873145103
107.0 0.7649214658072783
108.0 0.820371638560667
109.0 0.7764735148618446
110.0 0.8128198549611045
111.0 0.7844045789934909
112.0 0.7669543507378301
113.0 0.8200848261675087
114.0 0.8739890297805539
115.0 0.8715984359504527
116.0 0.887185197696535
117.0 0.9878634657918032
118.0 0.9162112374563859
119.0 0.9138738271830404
120.0 0.9727621243060994
