Time NormalisedFlux
0.0 1.0847526896403685
1.0 1.0523588640004138
2.0 1.0557846014132177
3.0 1.0264778817269253
4.0 1.030955646697153
5.0 1.0543519097854581
6.0 1.048636072051336
7.0 1.0202134833790202
8.0 1.00481041065613
9.0 1.0245315240962636
10.0 0.9980938331619353
11.0 0.993706640268335
12.0 0.9952626534531982
13.0 0.9701565818942988
14.0 0.9840223416335508
15.0 0.9868293457399095
16.0 0.9632975309705439
17.0 0.9501736113775504
18.0 0.9442114471213889
19.0 0.9119122969528258
20.0 0.9419235033997624
21.0 0.9154786008076705
22.0 0.9225310824939461
23.0 0.9821491858537752
24.0 1.030865659304836
25.0 1.0676537682143334
26.0 1.106869818729661
27.0 1.0981821872186528
28.0 1.0865612867968524
29.0 1.0374910118899574
30.0 1.0676499211338704
31.0 1.0598665085553274
32.0 1.0192940939080202
33.0 1.033661696390587
34.0 1.0459253436778249
35.0 1.0341068049971567
36.0 0.9973918421867942
37.0 0.9951647216248353
38.0 0.9949944697383117
39.0 0.9846123858398746
40.0 0.9538962856675341
41.0 0.9624128075258886
42.0 0.9767428594434838
43.0 0.9554337847456371
44.0 0.9809348486477885
45.0 0.9475859326936464
46.0 0.9186766851574577
47.0 0.9035097585559669
48.0 0.9097364903478681
49.0 0.9263387270930765
50.0 0.9532236919622179
51.0 1.005780074346068
52.0 1.0548061221548266
53.0 1.1231134334457893
54.0 1.1111446030865717
55.0 1.0732996566076212
56.0 1.045183376467931
57.0 1.0553787833701913
58.0 1.0479988723942626
59.0 1.0479190382591974
60.0 1.0675828593345913
61.0 1.000410520062202
62.0 0.9976269220522287
63.0 0.9766251137911207
64.0 1.0009789941097367
65.0 0.9858644422579177
66.0 0.9830560132808327
67.0 0.9466862750483118
68.0 0.9443048135601149
69.0 0.9557310114905894
70.0 0.965725103042773
71.0 0.9815855375878639
72.0 0.9340384288962401
73.0 0.9563044410238911
74.0 0.8919364680410341
75.0 0.8882210208132569
76.0 0.9351718227162886
77.0 0.9739123847347253
78.0 1.0464869400045402
79.0 1.0729934470183096
80.0 1.0770689946618077
81.0 1.0763635001851157
82.0 1.0543748940887172
83.0 1.0526749259588513
84.0 1.0311057540131963
85.0 1.042350625698616
86.0 1.0358589251454058
87.0 1.0384850522586144
88.0 1.0362850987205003
89.0 0.9967604130728303
90.0 0.9900843354879564
91.0 0.9917393982572453
92.0 1.0259453469452815
93.0 0.9804842310714456
94.0 0.9935666235928704
95.0 0.9695634665499642
96.0 0.9490167531219802
97.0 0.9411974635353194
98.0 0.9522730363692339
99.0 0.9472053326436095
100.0 0.9190353515814184
101.0 0.9081130151554357
102.0 0.912526959597654
103.0 0.9181100708646953
104.0 0.9881434549457667
105.0 1.0164324339950077
106.0 1.106241971632531
107.0 1.0871600557393242
108.0 1.058496530597665
109.0 1.037093887241319
110.0 1.0264259435355438
111.0 1.0254487503908618
112.0 1.0574359753426965
113.0 1.0305746757213095
114.0 1.0453786897906434
115.0 1.03399879754913
116.0 1.0227138630939656
117.0 1.0032141929537726
118.0 0.9823473225694883
119.0 0.9909297632779304
120.0 0.9940111791862407
