Time NormalisedFlux
0.0 1.059426517289788
1.0 1.0228236373506814
2.0 1.01907338599133
3.0 1.019986528006892
4.0 1.0332469357986587
5.0 0.9791944175029016
6.0 0.9980769804381312
7.0 0.9863430675913659
8.0 0.9835189896889349
9.0 0.9652784205111561
10.0 0.9701328477795754
11.0 0.9578370732565246
12.0 0.9583830868155132
13.0 0.8919632597532189
14.0 0.9441407928736416
15.0 1.0071955465382085
16.0 1.0865716881020067
17.0 1.1009410412091545
18.0 1.1038385634302994
19.0 1.0295322662896893
20.0 1.0646865860491552
21.0 1.0389881281868045
22.0 1.0162361051147955
23.0 0.9925054785684452
24.0 1.0151276458145002
25.0 0.9963168463948907
26.0 0.9651158184154388
27.0 0.9695670360919013
28.0 0.9644772934457287
29.0 0.9665383000396685
30.0 0.9458792104588996
31.0 0.9221063936992896
32.0 0.9126311508246462
33.0 1.0049444440439077
34.0 1.0680600309502228
35.0 1.1095538298066625
36.0 1.0568100549728554
37.0 1.0456688147648043
38.0 1.016794885954575
39.0 1.0310748511454404
40.0 1.0075127787653488
41.0 0.9988038512317702
42.0 1.0272835414358783
43.0 0.9839744164018878
44.0 0.9343112265193324
45.0 0.9243469353088557
46.0 0.9550202087921661
47.0 0.9762964548831731
48.0 0.9075392349860767
49.0 0.8993692758770669
50.0 0.9298639374841824
51.0 1.0416854810108496
52.0 1.113152399300152
53.0 1.0962152407205032
54.0 1.064357706606479
55.0 1.0596125287760436
56.0 1.034858156379377
57.0 1.038626643198687
58.0 1.0124787048849224
59.0 0.9967249639896005
60.0 0.9894458705291114
61.0 0.9649532151171065
62.0 0.9585305690551765
63.0 0.9769194819859983
64.0 0.9613553683540511
65.0 0.9550713730739628
66.0 0.9231921453008525
67.0 0.8959278801978269
68.0 0.9302756442640264
69.0 1.0052671098076897
70.0 1.0726543483516944
71.0 1.0786149477680114
72.0 1.0396181726433635
73.0 1.0423046302775405
74.0 1.0363723293632436
75.0 1.0413856070947909
76.0 0.9912852649161014
77.0 0.997485703774703
78.0 1.0055647134346863
79.0 0.9761760777908741
80.0 0.9614983447282361
81.0 0.9497433850835633
82.0 0.9473509591575054
83.0 0.9624271030237153
84.0 0.924099738042023
85.0 0.9005401916472308
86.0 0.9563389720907157
87.0 1.06175516860366
88.0 1.088128277918436
89.0 1.0815208743254983
90.0 1.0483309734832431
91.0 1.0448155384628763
92.0 1.043063474065692
93.0 1.0425126334706745
94.0 1.022130861943998
95.0 0.9933031014712503
96.0 1.0081242490014835
97.0 0.9837003524168727
98.0 0.9660389954816989
99.0 0.9804103886274244
100.0 0.9603868835189605
101.0 0.9267720573113175
102.0 0.9111584844158388
103.0 0.9120193309357455
104.0 0.9483643847878835
105.0 1.0560405675913214
106.0 1.088089786523386
107.0 1.1095388053744153
108.0 1.0285875538768814
109.0 1.0710857301457926
110.0 1.0383978918725905
111.0 1.0391088795701107
112.0 1.0011473366233052
113.0 1.0201217690435411
114.0 0.9929199977578165
115.0 1.0045038478902655
116.0 0.9672835811685017
117.0 0.9950091919051572
118.0 0.9385810521434415
119.0 0.956382046372552
120.0 0.8991105783066479
