Time NormalisedFlux
0.0 1.1128409238829033
1.0 1.0615903619257852
2.0 1.1023018002923957
3.0 1.1562340243623468
4.0 1.1600270312758993
5.0 1.0951381036483832
6.0 1.1621883607204269
7.0 1.140910281378245
8.0 1.1355167245194255
9.0 1.0968800541153665
10.0 1.1043733359067027
11.0 1.1146754361809514
12.0 1.087017815432462
13.0 1.1053599338685591
14.0 1.0535650467612503
15.0 1.0711897794265741
16.0 1.098621179852621
17.0 1.0969729520327134
18.0 1.1041705893159939
19.0 1.0605167473098895
20.0 1.0971800267115965
21.0 0.9878521514912391
22.0 0.9878949503727165
23.0 1.0250541700356115
24.0 1.0232077256120353
25.0 1.00901547097934
26.0 0.9600374378664065
27.0 0.9856747659046843
28.0 0.9772639081032791
29.0 0.961364445576026
30.0 0.9573124322914609
31.0 0.9558640235388051
32.0 0.9291880436056652
33.0 0.9633824245014049
34.0 0.9685258047146148
35.0 0.9440369961698458
36.0 0.8974100295210304
37.0 0.9525144114762826
38.0 0.8353831707565118
39.0 0.9295674641625133
40.0 0.9110290726630982
41.0 0.8758657083856742
42.0 0.8533843342228637
43.0 0.8833922262388233
44.0 0.8200267358310482
45.0 0.8403809624188173
46.0 0.8154333524081728
47.0 0.8365236185613276
48.0 0.9043797627580156
49.0 0.8508665075737392
50.0 0.8969811371442689
51.0 0.8890083579149566
52.0 0.9207472128359652
53.0 0.8685020195711346
54.0 0.8977767513463871
55.0 0.9320218176000357
56.0 0.9693106088035666
57.0 0.9276732322236877
58.0 0.9553872208652562
59.0 0.9093006311325055
60.0 0.9602271078873951
61.0 0.9931712184881126
62.0 0.9674378741863834
63.0 0.9789690307533008
64.0 0.9502201036055103
65.0 0.9851076323440192
66.0 1.0196400646445203
67.0 1.06401768169184
68.0 1.001752945647375
69.0 1.0281759898723581
70.0 1.0184115903956863
71.0 1.006439642437696
72.0 1.056668262731741
73.0 1.0931510271487954
74.0 1.0695878426276952
75.0 1.0536109702182432
76.0 1.1057966926376237
77.0 1.1000093554603443
78.0 1.124965738013028
79.0 1.1288514967348502
80.0 1.0885318007172187
81.0 1.1526533827100391
82.0 1.1135911440267046
83.0 1.1294590872896175
84.0 1.1467234139964309
85.0 1.1032837854250848
86.0 1.134638489417957
87.0 1.129003362934635
88.0 1.147843774697812
89.0 1.1341688565412633
90.0 1.0913902778305955
91.0 1.1198048471029425
92.0 1.094866427406197
93.0 1.0792514116621121
94.0 1.0527703473954595
95.0 1.0466396643722624
96.0 1.096054196631984
97.0 1.049767558902086
98.0 1.029945608844738
99.0 1.0645765086255081
100.0 0.9896713957916929
101.0 1.0107361196033031
102.0 1.0362798601023773
103.0 0.9916784230788889
104.0 1.023134274987269
105.0 0.9880846182049323
106.0 1.047382792326622
107.0 1.019082558919917
108.0 0.9810484220879376
109.0 0.9649942266720948
110.0 0.9890225274727237
111.0 0.9627939061640216
112.0 0.9431330671300829
113.0 0.9676830747289722
114.0 0.9716150642466845
115.0 0.9564225785439523
116.0 0.8733505983641412
117.0 0.8830681556275407
118.0 0.9343226603886602
119.0 0.8940569803838068
120.0 0.8739749885942466
