Time NormalisedFlux
0.0 0.8788473355747745
1.0 0.8671604428657936
2.0 1.0269699543606816
3.0 0.9372668183144913
4.0 0.9416379988102718
5.0 1.18293527167801
6.0 0.9364156486654451
7.0 1.045487739914556
8.0 1.0457147100864754
9.0 1.1849076352259664
10.0 1.0270699908729861
11.0 1.1389445198953594
12.0 0.8880147989606755
13.0 0.9935078258065483
14.0 1.0487705061467072
15.0 1.1016669804459467
16.0 1.1841379259358282
17.0 1.1220246131017955
18.0 0.916787871228096
19.0 1.1097797699375025
20.0 0.9745215143070485
21.0 1.0136016074103396
22.0 1.0485558938956419
23.0 1.0835240850796701
24.0 0.9684012192393552
25.0 0.996354806191965
26.0 0.9560425966422306
27.0 0.9015743995654537
28.0 0.8179596137499359
29.0 1.0618705013513186
30.0 1.0639763980692118
31.0 1.0591493114962567
32.0 1.1330370240939713
33.0 1.0300421934725759
34.0 1.0062472218806047
35.0 0.9207379319507137
36.0 0.9287646487997006
37.0 1.1331621095541948
38.0 0.9761716027311191
39.0 0.9058860043562774
40.0 0.9734874797946306
41.0 1.028045888226321
42.0 0.9571424109814961
43.0 0.9385157973344597
44.0 1.1295602374201803
45.0 1.0571159849246312
46.0 0.8987076975597181
47.0 0.9843206099841536
48.0 0.9965812936597463
49.0 0.9988893395989652
50.0 1.0202687211761712
51.0 1.0792102792079727
52.0 0.9856086621296345
53.0 1.007720909503586
54.0 0.8388441504499892
55.0 0.953605553858831
56.0 0.9736578324005567
57.0 1.0682521367375197
58.0 0.984902248756374
59.0 1.0748308918147544
60.0 1.0194154787069254
61.0 1.0026070655926467
62.0 0.8098955860467187
63.0 1.1148872188381636
64.0 1.1070434997781695
65.0 0.990588719630039
66.0 0.801775071227543
67.0 0.9164530617287079
68.0 0.9508110008108961
69.0 0.9657399435224743
70.0 1.1502708814529277
71.0 0.9369795698070622
72.0 1.1495683615777703
73.0 0.8493728686904825
74.0 1.0641720249671387
75.0 1.1105301047466345
76.0 0.9399147809897035
77.0 1.116201397714539
78.0 0.9254934995064896
79.0 1.071656252688254
80.0 1.101023689157253
81.0 1.069944968791809
82.0 0.9946486247261604
83.0 1.1252000456188536
84.0 1.0893914032225687
85.0 1.2814354756969824
86.0 1.075094624886637
87.0 0.8819937642733352
88.0 0.9960988193216498
89.0 0.9355004613426795
90.0 0.7990560007766055
91.0 0.9464744597216728
92.0 1.1601627936639713
93.0 1.0800245933935348
94.0 1.130674799995802
95.0 0.9306013977644205
96.0 0.9310524687148812
97.0 1.1816966680683294
98.0 0.7823081835642948
99.0 0.9177299614439162
100.0 0.8058997487370573
101.0 0.8736812616779184
102.0 0.9386655287155594
103.0 1.0266456553003842
104.0 1.181483926426836
105.0 0.9400776262504881
106.0 1.0881237820788139
107.0 1.0102971836217203
108.0 0.9840130307195345
109.0 1.0269061474512666
110.0 1.0186651051205935
111.0 0.8501523963270011
112.0 0.9963210475965455
113.0 1.1794857903308342
114.0 1.0228620578384497
115.0 1.069683259076099
116.0 0.9635652948619007
117.0 1.106754319613449
118.0 0.9807831247738127
119.0 1.08601494828513
120.0 0.9323907015100171
