Time NormalisedFlux
0.0 1.0016489016538943
1.0 0.9981641461670422
2.0 1.0041419011229886
3.0 1.0010252429285909
4.0 0.9706423099987027
5.0 0.9865638074795243
6.0 0.9492954139992691
7.0 0.9511322621956896
8.0 0.9348868886696248
9.0 0.9275110240741711
10.0 0.9050874413083257
11.0 0.8880458399497931
12.0 0.8941280655607516
13.0 0.9220227956910059
14.0 0.8727246513082901
15.0 0.907290258583735
16.0 0.9140426684959972
17.0 0.9177821005309849
18.0 0.8782465118332158
19.0 0.8709872879866549
20.0 0.8257185825146885
21.0 0.8833292676071349
22.0 0.8684059971700892
23.0 0.9008347037380764
24.0 0.8606416915926957
25.0 0.928225275497223
26.0 0.8562609058622583
27.0 0.9009845287175166
28.0 0.8925741155279585
29.0 0.9049272234709699
30.0 0.9235371667139035
31.0 0.9634569066291526
32.0 0.9735124441701438
33.0 0.9856737421298425
34.0 0.9833757567886406
35.0 0.9617996950757299
36.0 1.007403189350993
37.0 0.9673736070294109
38.0 0.9645649991581512
39.0 0.9686911761658059
40.0 1.022820585813094
41.0 1.0612347377495492
42.0 1.0001695733638256
43.0 1.0289392401584887
44.0 1.0189137908533776
45.0 1.0326264428928753
46.0 1.0365361570566693
47.0 1.0119099414579003
48.0 1.0538090040031811
49.0 1.0325889779644688
50.0 1.075113999647031
51.0 1.051724867963941
52.0 1.1309675519073885
53.0 1.0675666212003518
54.0 1.0584091430147262
55.0 1.046553606613819
56.0 1.1131723249601726
57.0 1.087229425139284
58.0 1.147025197705793
59.0 1.1256212308607652
60.0 1.150457143266075
61.0 1.1343807737172502
62.0 1.155116314510636
63.0 1.0912310361020352
64.0 1.1417166777486139
65.0 1.105952530916667
66.0 1.1349700802249663
67.0 1.106717259354947
68.0 1.0981570630886839
69.0 1.1185728525383898
70.0 1.0793783931340948
71.0 1.0494561367947934
72.0 1.0487738143485223
73.0 1.0393113184890728
74.0 1.0513274192116684
75.0 1.0504012737790904
76.0 1.0139007625634593
77.0 1.0496724359720129
78.0 1.0298237002551518
79.0 0.9953043131481487
80.0 1.0401929737841416
81.0 0.9471285377006625
82.0 1.0398935457811544
83.0 0.9593384356317715
84.0 0.9652573640909379
85.0 1.0203546555466099
86.0 0.9728497689802087
87.0 0.9447179623179945
88.0 0.914740916318675
89.0 0.9463723328889225
90.0 0.9530913831183222
91.0 0.9168027045001039
92.0 0.9208637042712159
93.0 0.9044878555583024
94.0 0.8511733056915276
95.0 0.8901859185337301
96.0 0.9097732997899995
97.0 0.9001066461065818
98.0 0.870191041404044
99.0 0.84418061768591
100.0 0.8428026759949223
101.0 0.8703704276968659
102.0 0.8458558873229148
103.0 0.825646692285665
104.0 0.8446584806145506
105.0 0.8639242573134437
106.0 0.8883836418188538
107.0 0.9130879421728941
108.0 0.9130583078985239
109.0 0.8811244587782366
110.0 0.8942200801063368
111.0 0.8934182757801628
112.0 0.8736284188012773
113.0 0.9617688967959855
114.0 0.9248690636536359
115.0 0.9425456748646422
116.0 0.9561232923678294
117.0 0.931576873150838
118.0 0.9586459659554671
119.0 0.9428348363490526
120.0 0.9958907904854648
