Time NormalisedFlux
0.0 0.8576653199726622
1.0 1.1137928436201583
2.0 1.0663341071793575
3.0 1.016760273466602
4.0 1.068509659526598
5.0 0.8902506109575479
6.0 1.01279253660597
7.0 0.9432578562289604
8.0 1.0567871242959335
9.0 1.007536080418417
10.0 1.0105293431752804
11.0 0.7051543432490475
12.0 0.9996164980129917
13.0 0.9057994824714692
14.0 1.1716515952151552
15.0 0.96931954058141
16.0 1.081798615544955
17.0 0.8850310422151513
18.0 0.8574276312545264
19.0 1.0180077443687705
20.0 1.1298961143987145
21.0 0.8800888443618405
22.0 1.0447605404476967
23.0 1.168558015824119
24.0 0.8604675285320165
25.0 0.9934418651877691
26.0 0.8133393612885198
27.0 1.090997222232869
28.0 0.9678388134844852
29.0 0.9060165920144622
30.0 0.9535427473553197
31.0 1.0831719400535333
32.0 0.7299038139467771
33.0 0.9292451956194082
34.0 0.9136759679921508
35.0 0.8681727296315078
36.0 0.8860949246481165
37.0 1.069454795415019
38.0 1.094414002180738
39.0 0.9411535641063133
40.0 0.9561303146237152
41.0 0.8756487538948802
42.0 1.1188699729206806
43.0 0.9695472349582067
44.0 1.058057258942167
45.0 1.2421293743957706
46.0 0.9993416342114055
47.0 1.0037252035435913
48.0 1.0547541916122283
49.0 0.9971432602344014
50.0 1.0579479633420035
51.0 0.9775870126153755
52.0 0.8112619088474146
53.0 0.9525884734287814
54.0 0.8497016015610407
55.0 0.9068018530853503
56.0 0.7657611203898513
57.0 1.0016318839046583
58.0 1.0345295144466788
59.0 0.924940034195085
60.0 1.0170422014586167
61.0 1.2162943324853024
62.0 1.0722289675530279
63.0 0.9723786922080132
64.0 1.1839128649987856
65.0 0.9284447235536755
66.0 1.2010301827882783
67.0 0.8294006253419022
68.0 1.0665580022186227
69.0 1.0376360564857754
70.0 0.984454276306114
71.0 0.9539889409788236
72.0 1.093349933533181
73.0 0.9074745278517702
74.0 0.9912439353388982
75.0 0.9154950274012732
76.0 1.1510364269903188
77.0 1.0388656488412498
78.0 1.1392249753298203
79.0 1.0361236271690637
80.0 1.2048850435473026
81.0 1.1000088914978234
82.0 1.0145130160640905
83.0 1.1407629061818223
84.0 1.0087967909240299
85.0 1.0363913902033337
86.0 0.8631212027422779
87.0 0.9054675705316656
88.0 1.1033777733679155
89.0 1.053367590470265
90.0 0.9873798781894312
91.0 1.0975321550981179
92.0 0.8644768035706704
93.0 1.0510280068804447
94.0 1.0343795327783782
95.0 1.167456831232937
96.0 1.0840229706237612
97.0 1.1080840432618166
98.0 0.9326958868914476
99.0 0.8668838816240942
100.0 0.8537087742400562
101.0 0.8664952398800767
102.0 1.0808506412360015
103.0 1.0094631302513923
104.0 1.2528330161983112
105.0 1.0929372118188632
106.0 1.0489224305533216
107.0 0.9031371033187674
108.0 0.8969402227945433
109.0 0.9512436153830934
110.0 0.8821195235762093
111.0 0.943786927480355
112.0 0.9311078111126656
113.0 0.9402978230196677
114.0 0.8982648049509815
115.0 1.0013058116595264
116.0 0.9892193714630083
117.0 0.9515573988585926
118.0 0.9027705987305579
119.0 1.0821290262369527
120.0 1.1978904326159272
