Time NormalisedFlux
0.0 1.0440316053254335
1.0 1.0453202336781529
2.0 1.009624653144469
3.0 1.0047575682587522
4.0 1.0068043574848977
5.0 0.9847203401096217
6.0 1.0023730220956941
7.0 0.9754314992745509
8.0 0.9424214048058513
9.0 0.9699030194837269
10.0 0.9674237995519118
11.0 0.8989513648175466
12.0 0.8917695457292255
13.0 0.9232598317312569
14.0 1.0173968371143183
15.0 1.086945831872472
16.0 1.0613235525870712
17.0 1.0590353069961609
18.0 1.0415498154193694
19.0 1.052667721976167
20.0 1.0165191985651953
21.0 1.0405625957747375
22.0 1.0273409905094462
23.0 0.9921660672132813
24.0 1.000914885904607
25.0 0.9545734464222528
26.0 0.9715318451081165
27.0 0.9511761725161247
28.0 1.0032002902660506
29.0 0.9342170503506919
30.0 0.9317706978259535
31.0 0.893390597519056
32.0 0.9518120912562594
33.0 1.0315551509615772
34.0 1.1210704493657688
35.0 1.1169297862374818
36.0 1.0537319046466802
37.0 1.0363976473107828
38.0 1.0323242104945274
39.0 1.014967866599754
40.0 0.9941543719276128
41.0 1.0074350100082754
42.0 1.0101371798166896
43.0 1.047500894179424
44.0 0.9930337455521252
45.0 0.9315934763359263
46.0 0.9617006512907452
47.0 0.9537230457328654
48.0 0.9597054988117513
49.0 0.8913083145914427
50.0 0.9042502637467484
51.0 0.9690371374608612
52.0 1.0246449534613824
53.0 1.0678674541392092
54.0 1.0703415952346538
55.0 1.023085517062719
56.0 1.060329759883737
57.0 1.0504195568708663
58.0 1.036227071737022
59.0 0.9918234297310811
60.0 1.0035755223179297
61.0 0.9963955332294564
62.0 0.9903632595412293
63.0 0.9804594508596044
64.0 0.952405327277652
65.0 0.9512380301448936
66.0 0.927041434623611
67.0 0.9281037698740425
68.0 0.9324305122505272
69.0 0.9208912357440433
70.0 0.9832428299560516
71.0 1.0563071731185487
72.0 1.0897031993242623
73.0 1.0760399423326539
74.0 1.0501433311301034
75.0 1.0539235671006937
76.0 1.048382141151273
77.0 1.0536881875199138
78.0 1.0200510189451972
79.0 1.009119096517838
80.0 0.9764630919687147
81.0 0.9995388761980123
82.0 0.9888132982817226
83.0 0.9816000623948998
84.0 0.9636841402396239
85.0 0.9905816077954558
86.0 0.9701221968269926
87.0 0.93271363205151
88.0 0.922838572750157
89.0 0.9914651142324008
90.0 1.1074709346951381
91.0 1.1192023441402579
92.0 1.0844862424697057
93.0 1.049370632210299
94.0 1.0556239151375086
95.0 1.0315397998528004
96.0 1.0331837639696069
97.0 1.0065885961529644
98.0 1.0152949300072878
99.0 0.9947727358744293
100.0 1.0010681562226567
101.0 0.9659418882213925
102.0 0.9707415000587427
103.0 0.9710633447331142
104.0 0.982329109623731
105.0 0.9136512076333582
106.0 0.8986433471699806
107.0 0.9158768218582182
108.0 1.0022927504300745
109.0 1.060512935940684
110.0 1.116069132153286
111.0 1.057104719096468
112.0 1.048626204986226
113.0 1.0486639237524071
114.0 1.0587068748279385
115.0 1.0127272449400653
116.0 1.0275652108226068
117.0 0.9770948863251626
118.0 1.030730186141665
119.0 1.0049514767830705
120.0 0.9755287101570981
