Time NormalisedFlux
0.0 0.7910801446733883
1.0 0.769758445085095
2.0 0.8524371512349509
3.0 0.8609732468349511
4.0 0.8790182608719049
5.0 0.8418937314836396
6.0 0.8335624204443225
7.0 0.8457481547594154
8.0 0.8989085678728642
9.0 0.8858476412014501
10.0 0.9633271805321365
11.0 0.8847546106273775
12.0 0.9785108316864821
13.0 0.9882173172031457
14.0 1.0409682792517596
15.0 1.0610444116228017
16.0 1.121700410176133
17.0 1.0503613649651409
18.0 1.1318257278588755
19.0 1.073290442208555
20.0 1.1614697041815758
21.0 1.133314543403436
22.0 1.2087508444583464
23.0 1.1904992287318552
24.0 1.1979643050260174
25.0 1.1699611795013014
26.0 1.1936210785550552
27.0 1.1405221406469268
28.0 1.1700596680737796
29.0 1.1800703293760797
30.0 1.1546968451546058
31.0 1.1255780314131423
32.0 1.0918797477341535
33.0 1.1366319067335895
34.0 1.0655404090500027
35.0 1.083945727290205
36.0 1.09503563356658
37.0 1.1195018235045395
38.0 1.040179381678153
39.0 1.0032937033398286
40.0 0.9605513013556309
41.0 0.9776132327112783
42.0 0.9279111264849639
43.0 0.9273314669419436
44.0 0.8717881588636311
45.0 0.8396263534445814
46.0 0.8589763640843122
47.0 0.844432955832027
48.0 0.8209418576881006
49.0 0.8264396990575402
50.0 0.8280387229555817
51.0 0.805750509016078
52.0 0.8426496885284311
53.0 0.78378843806084
54.0 0.7854480777052728
55.0 0.8193264238170452
56.0 0.813044520250946
57.0 0.8779645845496927
58.0 0.850977564464553
59.0 0.8659217464576249
60.0 0.900604637405146
61.0 0.8951899068439249
62.0 0.8643143631251458
63.0 0.9525109669511195
64.0 0.9415559310168258
65.0 0.9470991411917887
66.0 0.9966301013894309
67.0 0.9687084305011044
68.0 0.9887444054270613
69.0 1.0342853203981295
70.0 1.1386140734284929
71.0 1.105413763903635
72.0 1.133650985576552
73.0 1.1850456883258855
74.0 1.1563930824757513
75.0 1.1189730609424475
76.0 1.15661326824932
77.0 1.191722589770578
78.0 1.2187384914184034
79.0 1.2150044344433453
80.0 1.1952083228778212
81.0 1.1192227927150524
82.0 1.185714866929256
83.0 1.271894061839402
84.0 1.1870889918233836
85.0 1.1501399153894294
86.0 1.1365630063771255
87.0 1.0847953413756894
88.0 1.1298899808055471
89.0 1.054021706550953
90.0 1.0885539265657864
91.0 1.0086390152381388
92.0 0.9764925909463937
93.0 0.9807080072700922
94.0 0.886401438738218
95.0 0.9012543850580239
96.0 0.910775263190126
97.0 0.8570437310107323
98.0 0.8320714088175425
99.0 0.8312764212588876
100.0 0.8532009241316632
101.0 0.8322156512066191
102.0 0.7967101243052498
103.0 0.8251378420025138
104.0 0.7421230751856261
105.0 0.7937776075500316
106.0 0.7726507866462146
107.0 0.8211827083819206
108.0 0.8037362339099564
109.0 0.7987236183501958
110.0 0.8062899386043114
111.0 0.8525410829443888
112.0 0.842519369938083
113.0 0.880549495718782
114.0 0.9103889050106685
115.0 0.9261622282279612
116.0 0.9082463763539262
117.0 0.9317660185256157
118.0 0.9825985687536587
119.0 0.9932927317153079
120.0 1.0039178363992085
