Time NormalisedFlux
0.0 1.1237207442021897
1.0 1.1560178386845354
2.0 1.1309599469377174
3.0 1.0818645548498906
4.0 1.000763661712309
5.0 0.9896398463129457
6.0 0.9407758042137945
7.0 0.9451040120473825
8.0 0.9159685777008156
9.0 0.9360118196933196
10.0 0.8896801356325641
11.0 0.8127061044519895
12.0 0.8950190645099638
13.0 0.8625996655557502
14.0 0.8168975754699719
15.0 0.9014639257725505
16.0 0.7786524193831639
17.0 0.817643802660665
18.0 0.8221097292602264
19.0 0.8506592101110646
20.0 0.8069758205704656
21.0 0.8562417316658437
22.0 0.8688842952240143
23.0 0.9137254547229864
24.0 0.9255292052953802
25.0 0.9251653961721407
26.0 0.9127998901226677
27.0 0.9510480459630836
28.0 1.0117307836735134
29.0 1.0334972836795395
30.0 1.0573626642493303
31.0 1.1113304164281135
32.0 1.1263274418688023
33.0 1.1523719142253768
34.0 1.1120915974880101
35.0 1.1855134940462835
36.0 1.1396283140499013
37.0 1.1670212002759355
38.0 1.1370389429142873
39.0 1.1218428092256831
40.0 1.2252181737742285
41.0 1.2007899307125212
42.0 1.1982495741926886
43.0 1.1716143995933128
44.0 1.1499024065030348
45.0 1.1370160521300923
46.0 1.122028380983952
47.0 1.0564770759001951
48.0 1.0898503804951427
49.0 1.0722462607373158
50.0 1.0210843812432127
51.0 0.9598236343094062
52.0 0.9879746392178489
53.0 0.8986455972535833
54.0 0.9214562988533339
55.0 0.9164883432692923
56.0 0.8685571390523229
57.0 0.8584947799493404
58.0 0.8333651063982317
59.0 0.8282976367364755
60.0 0.8944408454097716
61.0 0.8216486660028389
62.0 0.8535301792975711
63.0 0.8048212292285196
64.0 0.7986738675008733
65.0 0.7721547742177335
66.0 0.7918180216141466
67.0 0.8482493557969591
68.0 0.8948919342651528
69.0 0.9172334832082636
70.0 0.8867465035155646
71.0 0.9092242458911257
72.0 0.9948080449070593
73.0 0.9716090433004627
74.0 1.0527802843956011
75.0 1.0178517957399809
76.0 1.0324667478394403
77.0 1.1456117257506695
78.0 1.0697696179829632
79.0 1.1670359829908603
80.0 1.1677479399596844
81.0 1.2224541943372889
82.0 1.1580297302239284
83.0 1.1918219091662214
84.0 1.233049962615544
85.0 1.161320929706787
86.0 1.2798396181488576
87.0 1.1365610928690317
88.0 1.2124357770432843
89.0 1.1844640786801321
90.0 1.1324529305749176
91.0 1.0954923116605157
92.0 1.215102639850734
93.0 1.043326192905163
94.0 1.133089745463206
95.0 1.020749087562151
96.0 1.0334457052557244
97.0 0.9930223758199007
98.0 0.9537002046896325
99.0 0.8865911365073577
100.0 0.9235163284817882
101.0 0.8888534439503621
102.0 0.8755556484863751
103.0 0.8255511248368173
104.0 0.9013583131724741
105.0 0.8766120753843001
106.0 0.7874181295495157
107.0 0.7182437507077507
108.0 0.7860496444454117
109.0 0.7853122727668761
110.0 0.7757768729052973
111.0 0.8326505595575954
112.0 0.8182420736831251
113.0 0.805025031584969
114.0 0.9507367610167594
115.0 0.9298196374402119
116.0 0.916209517035112
117.0 0.9079018186530576
118.0 0.9859065901683587
119.0 1.0676914534303887
120.0 1.0094317072510077
