Time NormalisedFlux
0.0 0.90874479830523
1.0 0.9909486305818858
2.0 0.9666948372257547
3.0 1.0158691182165043
4.0 0.9962194805464937
5.0 1.0060279507473673
6.0 1.067633767370909
7.0 1.0957046486532758
8.0 1.053128080694931
9.0 1.1666298883752466
10.0 1.1332166379718804
11.0 1.1998820665887682
12.0 1.1523481633711408
13.0 1.2040003350817736
14.0 1.2323608104958204
15.0 1.2089235072594633
16.0 1.2136409756388893
17.0 1.238525319285859
18.0 1.1854805406942477
19.0 1.1349340964157002
20.0 1.1907168444905445
21.0 1.1400173506356635
22.0 1.0768740179455578
23.0 1.0525460864916754
24.0 1.0599972496175765
25.0 1.036474116910927
26.0 0.9884549592758841
27.0 0.9973500028145957
28.0 0.9670231233122479
29.0 0.9132216159913666
30.0 0.9385856370371336
31.0 0.9602668537264075
32.0 0.8384937612577109
33.0 0.8200609730839377
34.0 0.854577098346197
35.0 0.8192116073709154
36.0 0.8315349054080962
37.0 0.8254895812642716
38.0 0.7605728864992599
39.0 0.8182446948879097
40.0 0.7414237279722404
41.0 0.8551618909068838
42.0 0.7899598930510471
43.0 0.9090381257705507
44.0 0.8466342717774791
45.0 0.8686230960770167
46.0 0.9000187832149981
47.0 0.9059742036853099
48.0 0.9642350302149549
49.0 0.9661017076300336
50.0 0.988612413484449
51.0 1.0149454559831341
52.0 1.0975885269816905
53.0 1.0957255774496741
54.0 1.102171308936137
55.0 1.0794276869593766
56.0 1.171963928244144
57.0 1.1661577182307334
58.0 1.1919956132638758
59.0 1.1817711071635841
60.0 1.203505033700854
61.0 1.0892702150456097
62.0 1.218036348699909
63.0 1.1560162945494308
64.0 1.156266453064367
65.0 1.1461573562917382
66.0 1.2164473359261174
67.0 1.0768157813521149
68.0 1.14154481705066
69.0 1.0775836749889007
70.0 1.0993624890454048
71.0 1.0568423963405953
72.0 0.9922418586413868
73.0 0.9269178169364343
74.0 0.9393400056900425
75.0 0.9016805987432032
76.0 0.8915828965294192
77.0 0.9350063938602152
78.0 0.841749915877095
79.0 0.8466714356774591
80.0 0.7638422594766031
81.0 0.7991723507027829
82.0 0.742518043166676
83.0 0.8347931359182523
84.0 0.851759518232091
85.0 0.7432569284349896
86.0 0.8373191488569117
87.0 0.7669821026191844
88.0 0.8622556364605924
89.0 0.8398273579869139
90.0 0.8631269516208349
91.0 0.8323501816599113
92.0 0.9344827846703918
93.0 0.9386739375187371
94.0 0.9460035439904101
95.0 0.9555002597387972
96.0 1.017487610833756
97.0 1.066659845619932
98.0 1.0399757804705827
99.0 1.1560294428670574
100.0 1.1107921005449948
101.0 1.0955325825104305
102.0 1.1865892406541854
103.0 1.217003002502002
104.0 1.2058152643929603
105.0 1.2149245058104372
106.0 1.1550797394164143
107.0 1.1879251781223958
108.0 1.1999494462716631
109.0 1.1569543210421012
110.0 1.1348301915456411
111.0 1.1582021372631337
112.0 1.1651971994419326
113.0 1.1409184552281086
114.0 1.1543307707531698
115.0 1.0843796622793647
116.0 1.0749514996857916
117.0 1.0224271077627964
118.0 1.0485170860658188
119.0 1.016258922473867
120.0 0.9685904050246028
