Time NormalisedFlux
0.0 0.9576458241415979
1.0 0.9295991368089
2.0 0.9138307790700447
3.0 0.9632153790995153
4.0 1.0265408860919212
5.0 1.1087434274912014
6.0 1.0847525013214625
7.0 1.0928209989554378
8.0 1.0352909360177693
9.0 1.0366549996405625
10.0 1.0569082186574166
11.0 1.0265748654951672
12.0 1.0315746451411485
13.0 0.9870580378689089
14.0 0.9860615079798069
15.0 0.9830314193321279
16.0 0.9666902440600483
17.0 0.9560150766826596
18.0 0.9400492094457156
19.0 0.9789437362861148
20.0 0.9440741009977078
21.0 0.8978720186556637
22.0 0.8974585913579933
23.0 0.953628637199165
24.0 1.0066442118275434
25.0 1.0966016490935953
26.0 1.1122801140380316
27.0 1.0696535485722605
28.0 1.0673244583092345
29.0 1.0442372329066811
30.0 1.0564585865567544
31.0 1.0475820352940906
32.0 1.0142174335477603
33.0 0.9935732017551911
34.0 1.0073924876635187
35.0 0.9881150364247056
36.0 1.0102918298464034
37.0 0.9709444560323546
38.0 0.9370454112413474
39.0 0.9381484655440895
40.0 0.9423113864666466
41.0 0.9272900137673109
42.0 0.9127287237968001
43.0 0.9414461390940794
44.0 1.0106314213328875
45.0 1.067010798091099
46.0 1.0939112536073423
47.0 1.0901362000572896
48.0 1.0515838975514902
49.0 1.0322605755296637
50.0 1.0334626656825616
51.0 1.0352382411338419
52.0 1.0100276547801836
53.0 1.0345302733407835
54.0 0.9790303924240079
55.0 1.0244158812449253
56.0 0.9646642451452407
57.0 0.9796649120270969
58.0 0.9499383921638267
59.0 0.9349946993687146
60.0 0.9600723061784172
61.0 0.9355520791362711
62.0 0.868601619116832
63.0 0.8880481085182665
64.0 0.9936869038161368
65.0 1.0908645409371645
66.0 1.105054323643148
67.0 1.0903003159346798
68.0 1.0354602460646085
69.0 1.035719377691906
70.0 1.0514568752378888
71.0 1.037332188312482
72.0 1.040242469382949
73.0 0.981493951000655
74.0 0.9772967984907683
75.0 0.9906341635131047
76.0 0.9973004616363815
77.0 0.9759228345001802
78.0 0.9310131686503366
79.0 0.9522158351380727
80.0 0.928734871110277
81.0 0.9364693937813604
82.0 0.8760568097363828
83.0 0.9480559304342546
84.0 0.9961838840120271
85.0 1.0925733892319904
86.0 1.0890075141268214
87.0 1.099720252401976
88.0 1.0609411829148971
89.0 1.0666008993480858
90.0 1.0272232913794552
91.0 1.018075961595165
92.0 1.0253179932518168
93.0 1.0163059827521657
94.0 0.9874909973539239
95.0 0.9574898992004027
96.0 0.9793838357880511
97.0 0.955412480957848
98.0 0.9450936796779023
99.0 0.9789815086041693
100.0 0.9414065722286252
101.0 0.9265523861020716
102.0 0.8852158810330985
103.0 0.9259567472630751
104.0 0.9730678145811029
105.0 1.048075695831061
106.0 1.0790125358251292
107.0 1.0793022238396655
108.0 1.0232319718468093
109.0 1.0530192701453234
110.0 1.0838654875980787
111.0 1.0434399879201994
112.0 1.0235913549233244
113.0 1.0253248787712705
114.0 0.9796580798486129
115.0 0.9995138002116106
116.0 0.9622563143338674
117.0 0.9468641696328
118.0 0.9579061450889708
119.0 0.9376780448838725
120.0 0.9732800121675814
