Time NormalisedFlux
0.0 0.9909387327845959
1.0 0.9703739658758438
2.0 0.9645193383522684
3.0 0.9616502399627465
4.0 0.9560584989772607
5.0 0.8972662234030097
6.0 0.8669375242718588
7.0 0.9829133376298411
8.0 1.026417037847938
9.0 1.0780249499508134
10.0 1.0848741045662442
11.0 1.057109580320073
12.0 1.0140217092815889
13.0 1.0136709442757275
14.0 1.0371435901113888
15.0 0.9918165636462206
16.0 0.9677965099168695
17.0 0.9814539097822382
18.0 1.0071464190193316
19.0 0.9572077956946936
20.0 0.969734347916574
21.0 0.9468629736318348
22.0 0.9565194133701534
23.0 0.8826107878276781
24.0 0.9250956973039881
25.0 0.9805355150051162
26.0 1.0882424117822078
27.0 1.113422893426926
28.0 1.066373706344447
29.0 1.0430097018278583
30.0 1.0447576815108848
31.0 1.0639408512395645
32.0 0.9980380648982734
33.0 1.0092081528874768
34.0 0.9803982867608987
35.0 1.0108428224273585
36.0 0.9766005308654624
37.0 0.9603527842530648
38.0 0.9780724773957346
39.0 0.927007160525209
40.0 0.915206249454588
41.0 0.8830668383306316
42.0 0.9339822251038333
43.0 1.0265885480381232
44.0 1.127198686438279
45.0 1.0848398659404819
46.0 1.077096295187264
47.0 1.0367596504494556
48.0 1.0430116570241763
49.0 1.0483975009362279
50.0 1.0218736207735528
51.0 0.987352733592812
52.0 1.0023642862401108
53.0 0.9724514498796752
54.0 0.949175134200821
55.0 0.9564208673166766
56.0 0.970523215698464
57.0 0.9263444095428282
58.0 0.9379628972535542
59.0 0.9138944338855683
60.0 0.9599875242957534
61.0 0.9940960963515953
62.0 1.0895185367204643
63.0 1.0659530926476743
64.0 1.0698145240230785
65.0 1.0307771236215477
66.0 1.0442631691098614
67.0 1.0557694785042575
68.0 1.0426128888744064
69.0 0.9741218832434977
70.0 1.013178285903715
71.0 1.009770116019453
72.0 0.9723524639755251
73.0 0.958395433879348
74.0 0.9269536396540189
75.0 0.9452456682672279
76.0 0.9166727415279281
77.0 0.8955574009451684
78.0 0.9444474627828569
79.0 1.0548094782249893
80.0 1.0761984863564076
81.0 1.0567064251671763
82.0 1.072047631804568
83.0 1.0305320996231713
84.0 1.0598618644002997
85.0 1.0242701772063172
86.0 0.9945765941524046
87.0 1.0039261799287384
88.0 0.9952425401917412
89.0 0.960836603622646
90.0 0.971177384523696
91.0 0.9521655862000169
92.0 0.9687095243603229
93.0 0.9243412960206899
94.0 0.8928193662961309
95.0 0.9345873949728197
96.0 1.0077994242087445
97.0 1.0709405123762017
98.0 1.0865329346537556
99.0 1.0849644231267086
100.0 1.0665287575073763
101.0 1.0545307108368698
102.0 1.0455867634111042
103.0 1.0212975605175545
104.0 0.9652861232292888
105.0 0.9959761873495835
106.0 0.9580463160231327
107.0 0.9693493701625259
108.0 0.9510413704842784
109.0 0.9416849995272703
110.0 0.990950583606257
111.0 0.9087118904913121
112.0 0.9017327644699421
113.0 0.9432973066492426
114.0 1.027446205911297
115.0 1.0780625075667407
116.0 1.104108947689282
117.0 1.0814327512407584
118.0 1.059796258230195
119.0 1.0609336359448933
120.0 1.0435097004686613
