Time NormalisedFlux
0.0 0.8511013383334907
1.0 1.0422389280169662
2.0 1.1733864755833554
3.0 1.0575188765927934
4.0 0.8963213474417849
5.0 0.9250063258685968
6.0 1.0008447771650486
7.0 1.1803298714090475
8.0 1.0530287091370276
9.0 0.9507797761837116
10.0 0.9549000440399548
11.0 1.036038207646175
12.0 1.1429317567073487
13.0 1.0412126717759944
14.0 0.9225013253967205
15.0 0.8929306055399235
16.0 1.020723170608575
17.0 1.1296793606011155
18.0 1.008401838447311
19.0 0.9088059036854732
20.0 0.8679727905778524
21.0 1.0413420812565428
22.0 1.0782039712256066
23.0 0.9979496684487225
24.0 0.8917302921271758
25.0 0.8723193478930921
26.0 1.023045146596327
27.0 1.1599125740054579
28.0 1.0797786036173678
29.0 0.9065939938637835
30.0 0.8927547453431367
31.0 1.0492790558294214
32.0 1.0913986949273846
33.0 1.079157165473929
34.0 0.9335963614769369
35.0 0.8778976818368818
36.0 1.0152857373781785
37.0 1.1026575469221533
38.0 1.0608869215654648
39.0 0.9381505316429742
40.0 0.8623056586972555
41.0 0.9968508671417816
42.0 1.1226639722494873
43.0 1.0289292462057449
44.0 0.91351806863634
45.0 0.8975670464697151
46.0 1.0132135900342876
47.0 1.1246095921077746
48.0 1.0618919500275024
49.0 0.8927022642029481
50.0 0.88053492120148
51.0 0.9873507097427459
52.0 1.1025337108195705
53.0 1.0648683826409875
54.0 0.9754979192035579
55.0 0.8829862550543808
56.0 0.9948468073511615
57.0 1.1452116372858543
58.0 1.094308087533125
59.0 0.9347292322695698
60.0 0.8849044196018736
61.0 1.002136479928968
62.0 1.1547709693588217
63.0 1.113097871756154
64.0 0.920487588770158
65.0 0.8272144703910294
66.0 0.9565928174101724
67.0 1.0983994603147966
68.0 1.0693565039818322
69.0 0.94569856136621
70.0 0.8676954646947368
71.0 1.0484702305593674
72.0 1.089472604383457
73.0 1.0422378581023788
74.0 0.9507366705103648
75.0 0.8548057603022388
76.0 1.0110476165977715
77.0 1.1332187145964365
78.0 1.0319527883780195
79.0 0.9510351022364132
80.0 0.858949864205148
81.0 1.0000220276620222
82.0 1.0654553754483636
83.0 1.0415320439986357
84.0 0.985952139734999
85.0 0.8946122414338374
86.0 0.9654958244139976
87.0 1.0896807498479197
88.0 1.0885290759405528
89.0 0.9848839987837207
90.0 0.8577799484352227
91.0 0.9872666684678505
92.0 1.109856758320902
93.0 1.0859730953029854
94.0 0.9205498427588195
95.0 0.8596045610283852
96.0 0.9164171965742249
97.0 1.1029455673805737
98.0 1.1112692308570324
99.0 1.0079719222983439
100.0 0.8698183038770879
101.0 0.9629259364566352
102.0 1.1068176993516334
103.0 1.0665576901685037
104.0 0.9745160397421833
105.0 0.8882714574505162
106.0 0.9721815569308998
107.0 1.0707548281940693
108.0 1.0952692491960256
109.0 0.9867787213444806
110.0 0.8427193311679088
111.0 0.9131326732248934
112.0 1.090809830564702
113.0 1.06003948251074
114.0 1.009908759691932
115.0 0.8666442942032656
116.0 0.9185874643339836
117.0 1.100057952382452
118.0 1.0641090163331068
119.0 0.9728344220237765
120.0 0.8399036092918207
