Time NormalisedFlux
0.0 0.9803578870684764
1.0 0.932888245386354
2.0 0.8836076682351963
3.0 0.9420047829255135
4.0 1.02851325599782
5.0 1.1680048103893832
6.0 1.1113663314268836
7.0 1.0526350275672967
8.0 0.8999525920931646
9.0 0.8808958314092699
10.0 0.9747612166216715
11.0 1.0686358337964261
12.0 1.1266433686654314
13.0 1.0956354476058137
14.0 1.0145165731797257
15.0 0.905176086376607
16.0 0.8496801087154614
17.0 0.9489569377913695
18.0 1.0163411800236226
19.0 1.128188213907073
20.0 1.0728792518005839
21.0 1.0484211703073174
22.0 0.9162254875968749
23.0 0.8482046184068383
24.0 0.940894423984409
25.0 1.022989957110016
26.0 1.1649915413289231
27.0 1.0666494033868732
28.0 1.0478970453568472
29.0 0.8907735728797478
30.0 0.858366938189778
31.0 0.9863414629521773
32.0 1.030682070481132
33.0 1.1602571784886968
34.0 1.0981421427283695
35.0 0.9638142809268819
36.0 0.9073891781843428
37.0 0.8944925665603611
38.0 0.948614003443159
39.0 1.0515180253837333
40.0 1.1054735432751492
41.0 1.068987428142538
42.0 1.0319150185951207
43.0 0.8866784999880806
44.0 0.839962775758935
45.0 1.0005046438395528
46.0 1.0514608700177597
47.0 1.1542643525271492
48.0 1.069044604357992
49.0 1.0315753571828583
50.0 0.8995276051405269
51.0 0.8882759759774204
52.0 0.9876764064573604
53.0 1.0400770739435787
54.0 1.1074737716924343
55.0 1.131176692756715
56.0 0.9739535533724264
57.0 0.9573185587809601
58.0 0.8841407525939006
59.0 0.9309546774126086
60.0 1.0647969718649548
61.0 1.1788810778466718
62.0 1.11276169517953
63.0 0.9543074379341785
64.0 0.9316395765030553
65.0 0.8611921842608954
66.0 0.9855986287644902
67.0 1.033036547743848
68.0 1.1514734836744853
69.0 1.0879838433892042
70.0 0.9767923562311295
71.0 0.9005103893241364
72.0 0.9252807749473639
73.0 0.9870821418375715
74.0 1.102797261659775
75.0 1.1436096015468988
76.0 1.1041955648211197
77.0 1.0169169901977544
78.0 0.9180789036302468
79.0 0.8782442559083514
80.0 0.9064859596681688
81.0 1.0745445886430551
82.0 1.1087860457010006
83.0 1.130570026561267
84.0 1.001096799703799
85.0 0.9119331988095463
86.0 0.8625559625715219
87.0 0.9593015464412521
88.0 1.1011581840505655
89.0 1.1338340060349978
90.0 1.1341374994146316
91.0 0.9909240854625381
92.0 0.9034194847511345
93.0 0.8995144019734491
94.0 0.9887447162927527
95.0 1.0463573369529926
96.0 1.1164321022390133
97.0 1.072317575276536
98.0 1.0292536418437945
99.0 0.8923321225740175
100.0 0.8700646565165209
101.0 0.9455969809611503
102.0 1.0563341835640998
103.0 1.139929087985087
104.0 1.06312435234558
105.0 1.0357573961052449
106.0 0.9088963214752981
107.0 0.8513376806384584
108.0 0.9733769170298414
109.0 1.042373244985328
110.0 1.1363728722180526
111.0 1.0914155039389946
112.0 1.0072186634631919
113.0 0.9297744995803658
114.0 0.9131855896543865
115.0 0.98802242324485
116.0 1.0358692550666713
117.0 1.1099069771643257
118.0 1.0662244783792023
119.0 1.0245284193167077
120.0 0.9472138368859079
