Time NormalisedFlux
0.0 1.0382071251580005
1.0 1.0081803181670381
2.0 0.9779624138874958
3.0 0.9142348572268685
4.0 1.039853132193113
5.0 1.0057608875441149
6.0 0.846697156473041
7.0 0.8837283190518778
8.0 1.0727661822889198
9.0 0.9205046772493032
10.0 0.9596207748831977
11.0 1.0288840927830654
12.0 1.1577150187326706
13.0 1.0757142797741757
14.0 1.0863404757228943
15.0 1.0088670833807543
16.0 0.8174055784433542
17.0 1.0320132173290573
18.0 0.9587218165500373
19.0 0.9620171635472484
20.0 0.8500373661379538
21.0 0.9706772271675768
22.0 0.944875363921265
23.0 0.8938446665646287
24.0 1.0222752925246539
25.0 1.053670391149217
26.0 1.2191465807329094
27.0 1.1253142183845755
28.0 1.1076805436689416
29.0 0.9863308070134154
30.0 1.0244165713491105
31.0 0.9270186644018128
32.0 1.111162206946606
33.0 1.0743424487167241
34.0 1.1314025350677723
35.0 0.9316730903048513
36.0 0.8248800369591965
37.0 0.9958012947260408
38.0 0.8544307667932436
39.0 0.9360820655925531
40.0 0.9813158171649012
41.0 1.0000278359939663
42.0 1.0814254428213879
43.0 1.1485664259808193
44.0 1.0523619487755091
45.0 1.1599645773149703
46.0 0.9433761624960054
47.0 0.9302644257719005
48.0 0.8087416769367204
49.0 1.1396628822175268
50.0 0.9188438794335683
51.0 0.9707926805973296
52.0 0.7482840965566988
53.0 0.9765088693478594
54.0 0.9625078232282006
55.0 1.0951300312432626
56.0 0.885159748185223
57.0 0.9475492461438678
58.0 1.0792938258418383
59.0 0.9575914624114472
60.0 1.0301869973395628
61.0 0.8757731421035719
62.0 1.0947088698258995
63.0 1.0393025327071377
64.0 1.110319604454472
65.0 1.037385406326833
66.0 0.911593521961165
67.0 0.9127301167048024
68.0 1.0194398363174921
69.0 1.0311198982300156
70.0 1.015390670990486
71.0 0.9700809443291099
72.0 0.7939428447679018
73.0 1.0975298047804727
74.0 0.8376098625720168
75.0 1.1778675863806742
76.0 0.9062123829042854
77.0 1.057416231977415
78.0 0.9703680858133743
79.0 0.9782790838376462
80.0 1.0485785869315443
81.0 0.9560714511881251
82.0 0.9952251930018283
83.0 1.0648612785894762
84.0 1.182940347626107
85.0 0.9864815620358081
86.0 0.9807737733201725
87.0 1.0616208923741441
88.0 1.0482569152543948
89.0 1.0042910213473015
90.0 1.1220097658915873
91.0 0.9593998238289202
92.0 0.9880958698420383
93.0 1.075130094874349
94.0 0.9032079816585511
95.0 0.9021927412443586
96.0 1.0169057303159232
97.0 0.9894965217225207
98.0 1.112012156304775
99.0 1.0995963261049015
100.0 1.0371891765193089
101.0 0.8206293951626371
102.0 0.987726023219304
103.0 1.0149572913917297
104.0 1.0536280970602427
105.0 0.9025035953360744
106.0 0.9447965622107463
107.0 0.7155333121103817
108.0 1.1382527344183686
109.0 0.9922272148325841
110.0 1.1214349007168511
111.0 1.0454112134969167
112.0 1.0011546124952382
113.0 0.9632994500758695
114.0 1.087488071890323
115.0 1.0881910973211872
116.0 1.0939353359378963
117.0 0.9205513410090334
118.0 1.021082584957836
119.0 0.8317755848535988
120.0 0.9463197719820391
