Time NormalisedFlux
0.0 1.0114604026449598
1.0 0.9072830360442893
2.0 0.8440637677846967
3.0 0.9032377735386056
4.0 1.0283706632932872
5.0 1.1326836757963819
6.0 1.0670356649273645
7.0 1.0533930091125072
8.0 0.9570809133866225
9.0 0.9289613044108298
10.0 0.8813281084056953
11.0 1.0074797947776561
12.0 1.0589926857527536
13.0 1.0892894993782367
14.0 1.0599503114130724
15.0 0.9818606089249756
16.0 0.94543950427622
17.0 0.8904502788550064
18.0 0.9413244919532683
19.0 0.9727468226524345
20.0 1.056544144358233
21.0 1.1835328556435802
22.0 1.0842555787468635
23.0 1.0181339875018243
24.0 0.9399525215651225
25.0 0.8354150540145712
26.0 0.9458723787936882
27.0 0.9767746684296599
28.0 1.1167591737711893
29.0 1.1274444538792014
30.0 1.0444680862002949
31.0 0.9736162749189665
32.0 0.8443303829415513
33.0 0.9067485781895317
34.0 0.994642267872045
35.0 1.0540198196231279
36.0 1.1152273884588926
37.0 1.0863727384906976
38.0 1.0395425727852834
39.0 0.9491676676123678
40.0 0.8418284298995423
41.0 0.9192149042738811
42.0 0.980656642738161
43.0 1.071603591766685
44.0 1.1499077991531717
45.0 1.0742729207756727
46.0 0.9640289109615
47.0 0.9415639128522708
48.0 0.8690804480531821
49.0 0.9550956299188383
50.0 1.0164182172642897
51.0 1.085991357746978
52.0 1.0810565672131018
53.0 1.0811155108880777
54.0 0.9753431733693626
55.0 0.8962443324456344
56.0 0.893665630273106
57.0 1.005325716476689
58.0 1.0622261241505493
59.0 1.160249329962779
60.0 1.0590883822730575
61.0 1.0085322350926067
62.0 0.9336710956932567
63.0 0.8739612958782516
64.0 0.8835049027360876
65.0 1.0338224368217186
66.0 1.0454652757715739
67.0 1.1639734434680147
68.0 1.0150602027939366
69.0 0.9640906617857643
70.0 0.9055063158007431
71.0 0.8437821576910358
72.0 0.9533434621234411
73.0 1.0137927632353727
74.0 1.0957209705075468
75.0 1.1198139958248472
76.0 1.0139019524445723
77.0 0.962588944781734
78.0 0.9078531381954037
79.0 0.8832028886663157
80.0 0.9319439199636298
81.0 1.0701177451807122
82.0 1.160490459153478
83.0 1.0951218437359818
84.0 0.9776651739577763
85.0 0.974961079927119
86.0 0.8521634256385485
87.0 0.9323727991972084
88.0 0.9647206873711519
89.0 1.1167941161497916
90.0 1.1421755910852036
91.0 1.081134354604763
92.0 0.9956110676882935
93.0 0.9277593534725861
94.0 0.8559915711462261
95.0 0.9747233621053868
96.0 1.0149027684423368
97.0 1.058496811271758
98.0 1.0912055834046317
99.0 1.047117436799735
100.0 0.9450725936018941
101.0 0.8412640548603758
102.0 0.8915674256287323
103.0 0.9518492538915557
104.0 1.0463415481745015
105.0 1.068331962445561
106.0 1.062361996156197
107.0 1.0421334591821783
108.0 0.9427689806266407
109.0 0.8577952049804074
110.0 0.9178728287140758
111.0 1.0048571595248883
112.0 1.0755007155834193
113.0 1.121172700374172
114.0 1.088543921779038
115.0 1.0029782859212957
116.0 0.877078049418648
117.0 0.8344942445132261
118.0 0.946159470425621
119.0 1.0301511124034042
120.0 1.1061246049609381
