Time NormalisedFlux
0.0 0.9923612998896032
1.0 1.0421619911743365
2.0 1.0242026019022228
3.0 0.8927898625063627
4.0 1.0020176399033078
5.0 1.0602503893713244
6.0 1.061830148874693
7.0 1.0012538479072206
8.0 1.0071931239149303
9.0 1.0531212921155524
10.0 1.1494418872364696
11.0 1.007227837467006
12.0 1.0485647498429207
13.0 1.0440818837179076
14.0 1.0000523411314768
15.0 1.0392571864140954
16.0 0.9933339560178671
17.0 1.1215927296348713
18.0 1.19159966388486
19.0 0.9531921831240561
20.0 0.9058667949815562
21.0 0.9344779656049746
22.0 0.8944990899295235
23.0 0.8932334332308327
24.0 0.9328995921594753
25.0 0.9797285151316291
26.0 0.934952417397611
27.0 1.0203740770581353
28.0 1.1664749162218175
29.0 0.9011242054698833
30.0 0.8118769702099936
31.0 0.9560015179023514
32.0 1.0537994048502286
33.0 0.9974638885282581
34.0 0.9732718843804833
35.0 1.1584947777209456
36.0 1.0606625729497776
37.0 1.0118705757754174
38.0 0.9142967282320076
39.0 1.149867789123746
40.0 0.978496568160343
41.0 0.8887477372415509
42.0 1.043046931484977
43.0 0.8166449284430831
44.0 1.1072521307241783
45.0 0.8741535852949625
46.0 0.7883634119161869
47.0 0.8802517295748487
48.0 0.9156106746581453
49.0 0.9709971279602723
50.0 0.8993291567114176
51.0 0.9802130099956055
52.0 1.0956315140616004
53.0 1.193868123261554
54.0 1.0244603885747587
55.0 0.9020008175670479
56.0 0.930722324636364
57.0 1.0575387166011545
58.0 1.0192887420517562
59.0 1.0835113382118342
60.0 1.0605541079716372
61.0 0.9325066714980256
62.0 1.0930101086768276
63.0 0.9885900109533876
64.0 1.0568789474361482
65.0 0.9763187530966473
66.0 1.065893924906817
67.0 1.0432153269425986
68.0 0.8452596886471692
69.0 1.0736100657147494
70.0 1.008262144426524
71.0 1.0274154227501386
72.0 0.89082675363206
73.0 1.180018188670067
74.0 0.9001675071789983
75.0 1.0068294099558612
76.0 0.9935743681057926
77.0 0.9816526863671541
78.0 1.184480231419256
79.0 1.1350315320276714
80.0 0.8945423931241743
81.0 0.9820079359887053
82.0 0.914234180292133
83.0 0.9401158992459886
84.0 0.9728314443704814
85.0 0.8755485666800978
86.0 1.0385403212311257
87.0 1.0778510468818456
88.0 0.7488378409916112
89.0 0.8885884315536315
90.0 0.9889877894298098
91.0 1.0232620418777258
92.0 0.9701346517440574
93.0 0.9842963068771077
94.0 1.0424392849221187
95.0 0.9577198160167811
96.0 1.1168907748984678
97.0 1.0642077900387061
98.0 0.9207775922751663
99.0 0.976336012642071
100.0 0.9453432776925993
101.0 0.9589584680967315
102.0 0.9970367126216464
103.0 0.9428711836375286
104.0 0.9649693704267702
105.0 1.0193781267388418
106.0 0.9470130229903077
107.0 0.9940103708025703
108.0 0.8617312887710015
109.0 1.0164514790352848
110.0 1.0404145876394673
111.0 0.8602735922067077
112.0 1.0258004236637475
113.0 0.9002642815111964
114.0 0.9736022263253213
115.0 1.000191177238469
116.0 0.7983517079531076
117.0 0.9493233930005143
118.0 0.7702095788361978
119.0 1.0929580812116284
120.0 1.1023327288576505
