Time NormalisedFlux
0.0 0.7676398546875776
1.0 1.1407951316622678
2.0 0.8866222486486217
3.0 1.057296179294077
4.0 0.9204454370537047
5.0 1.1619354741047876
6.0 1.0839413184466493
7.0 1.1599601332831728
8.0 1.0725346040190091
9.0 0.8111796935804183
10.0 0.9875807463388971
11.0 1.110039000178736
12.0 0.846481756018859
13.0 0.9253107812439583
14.0 0.8797025279402417
15.0 0.990279721356044
16.0 1.102137398575393
17.0 1.178667091411072
18.0 1.1613738339782154
19.0 0.9688061302351064
20.0 1.1631790864425517
21.0 1.0503401143659377
22.0 0.9504422856546595
23.0 1.1421672805885466
24.0 0.7908670068749349
25.0 1.0423029758643114
26.0 1.0280046564834788
27.0 0.8403234149726211
28.0 0.9614134487972127
29.0 1.0782974131899858
30.0 0.8903797368690867
31.0 0.9621698349791336
32.0 1.107598066280726
33.0 1.1811983424557295
34.0 0.8310303713105784
35.0 1.106240390233774
36.0 1.0011911485628646
37.0 0.8434317686965759
38.0 0.9162687266981399
39.0 0.9035250119473535
40.0 0.9521197788232116
41.0 1.0441170069378953
42.0 0.8540227157934801
43.0 0.8713098038329324
44.0 0.9576679437312674
45.0 0.9209051454270754
46.0 0.9947460632192626
47.0 1.060079778476655
48.0 1.083035827564019
49.0 1.0084682748447835
50.0 0.8729744900165516
51.0 0.9862001349881068
52.0 0.9892075053548088
53.0 1.2118382724650951
54.0 0.9461528551094318
55.0 1.2148749715953795
56.0 1.0200194515303416
57.0 0.8733030978115797
58.0 1.073139469840484
59.0 0.9268313506279209
60.0 0.9462851467848002
61.0 0.8925072677055499
62.0 1.077055979606001
63.0 1.169923951892386
64.0 1.1041540628518833
65.0 0.8269908024663547
66.0 0.8928133853538455
67.0 0.9534394616606539
68.0 1.0159791048866977
69.0 0.8925351566875668
70.0 0.8917080812520763
71.0 1.1369444448486348
72.0 0.9314108864169561
73.0 1.0736475425182161
74.0 1.004677002918867
75.0 1.1172749887415772
76.0 0.9399635370480908
77.0 1.0527113808683566
78.0 1.1690988815885521
79.0 0.8537627083430016
80.0 0.8377618715645804
81.0 0.9440019031543613
82.0 1.2420455526106273
83.0 0.8706321916185111
84.0 0.9198983877346197
85.0 0.9525723117964634
86.0 0.9670075492796242
87.0 0.8834003824119383
88.0 0.9434074274574602
89.0 1.035692907871335
90.0 1.0782664227972165
91.0 0.9992229204551799
92.0 1.1293483194856773
93.0 1.0709666921861523
94.0 0.8159560226220715
95.0 1.0543992553870976
96.0 0.9329020690934192
97.0 0.9473829831606158
98.0 0.7304599971027063
99.0 0.8945896644740581
100.0 0.9157081815648267
101.0 1.1538359633876756
102.0 0.977676735740243
103.0 1.1351280309743754
104.0 1.0931490528448566
105.0 1.1580120104073157
106.0 1.0257924053760974
107.0 1.0741970118606217
108.0 1.1096937574164312
109.0 0.9623481037610112
110.0 0.9811977784433515
111.0 0.884796144786795
112.0 1.1275450872484134
113.0 0.9730559850141145
114.0 0.8537874639479337
115.0 1.1004633202453962
116.0 0.9366029136746161
117.0 0.9891888261844901
118.0 0.9456561553838304
119.0 0.9117167121783991
120.0 1.0920401810833198
