Time NormalisedFlux
0.0 1.0929971289253804
1.0 0.9556277122041249
2.0 0.9489192239184582
3.0 0.83660690845174
4.0 1.0858773518587368
5.0 1.1083369553714744
6.0 1.138907270980145
7.0 1.0142377190983383
8.0 1.0419339004620976
9.0 0.8909255164097291
10.0 0.9657497078383308
11.0 0.8464424565382958
12.0 1.0536788474022618
13.0 1.0967756375035522
14.0 0.793968472600546
15.0 1.16883037281319
16.0 0.8458329580641536
17.0 1.086879492322156
18.0 0.9872123673876214
19.0 1.1541092231288608
20.0 0.9979467276209508
21.0 0.970013342292011
22.0 1.0125021707568982
23.0 1.0802416733694702
24.0 1.0714759999308359
25.0 0.9105749623884345
26.0 1.1021718636630882
27.0 1.2550941480423532
28.0 0.9836124130281805
29.0 1.0558170314523794
30.0 0.8590199696021392
31.0 0.9205319214004422
32.0 0.9432085630467272
33.0 1.028676457934391
34.0 0.9567293004817341
35.0 0.9439816921507889
36.0 1.1390183339947897
37.0 0.990349154953205
38.0 1.0572130222048206
39.0 1.0898145422322012
40.0 0.944237014539584
41.0 1.091457623838329
42.0 0.9970541035465051
43.0 1.023332933924769
44.0 0.8958434887210879
45.0 0.7978417821832311
46.0 0.9009434038143015
47.0 1.0565056072418044
48.0 0.9969529925140621
49.0 1.0265254121058238
50.0 0.8861209045948956
51.0 1.0622900564561295
52.0 1.1069714928066186
53.0 0.9956369583105468
54.0 0.9663085718139608
55.0 1.0060245794744527
56.0 0.969603114521821
57.0 1.0572653571649544
58.0 1.147017788758106
59.0 0.8798388812186504
60.0 1.1660675672709173
61.0 0.9118472609466257
62.0 0.8879803518207409
63.0 0.8950016798499878
64.0 0.9462899576007378
65.0 1.1087799397623597
66.0 0.9564546684129459
67.0 1.0084468036174778
68.0 1.1053424810854682
69.0 1.1000343936124395
70.0 1.021466060653829
71.0 0.9259287709467164
72.0 0.8638034366328421
73.0 0.994272202930861
74.0 0.8836303251572849
75.0 1.0312947580429193
76.0 1.0074769339858534
77.0 0.7783777235278648
78.0 0.8510448442845464
79.0 0.9790693258304148
80.0 0.9648043288292995
81.0 1.1861730019606158
82.0 1.0632565732347758
83.0 0.9563675814165844
84.0 0.9126522819077044
85.0 1.0466450971646215
86.0 1.0872688735720288
87.0 0.9555060749537462
88.0 1.0209711423711219
89.0 0.9997161393825524
90.0 0.854785891510121
91.0 1.0803622277011369
92.0 0.8709086113640729
93.0 1.1030341224843159
94.0 1.0287137186610997
95.0 0.9871834457700415
96.0 0.9001524248114636
97.0 0.9481783111708565
98.0 0.8401585351158064
99.0 0.9143397704228617
100.0 1.0037917266441754
101.0 0.9768584047437534
102.0 0.8735410315117287
103.0 1.0662256809705752
104.0 0.9651579904476728
105.0 0.877004482623174
106.0 1.0604929025974552
107.0 0.8559895205123458
108.0 1.000215667905581
109.0 1.0016698315437391
110.0 1.0761828096591266
111.0 0.9549533200498332
112.0 1.0013110421466873
113.0 0.9722401559312954
114.0 0.9508747504445265
115.0 0.9590789014807799
116.0 1.1713029604081862
117.0 0.944514286404335
118.0 1.2441355619415824
119.0 0.9731805001932717
120.0 0.9919520826813933
