Time NormalisedFlux
0.0 1.0584997524065622
1.0 1.1308001040937254
2.0 1.099283726859348
3.0 1.019736221535967
4.0 0.8905673739593714
5.0 0.8141886193637494
6.0 0.9720567045471422
7.0 0.9991683641384327
8.0 1.0824075243710165
9.0 1.0702872541225026
10.0 1.0221784111981311
11.0 0.9142497384730657
12.0 0.8367304159781848
13.0 0.9436955400335969
14.0 1.0089893928062856
15.0 1.1327440447377652
16.0 1.09840793514345
17.0 1.0435513930393996
18.0 0.9346273307808894
19.0 0.8842847582502608
20.0 0.9313971227924215
21.0 0.9900129703299447
22.0 1.1238647676614593
23.0 1.1177218516369027
24.0 1.066587909926716
25.0 0.9755656167537216
26.0 0.8826309395041597
27.0 0.9409556974705057
28.0 0.9994444558092562
29.0 1.0261504058147917
30.0 1.1680127199587678
31.0 1.096461413476206
32.0 1.032872865155717
33.0 0.8873402910561026
34.0 0.8785000978565222
35.0 0.9379561962154808
36.0 1.0040398263617698
37.0 1.1508131492499443
38.0 1.0781949953764456
39.0 1.0185241644502754
40.0 0.9106467622672204
41.0 0.8616166380104171
42.0 0.9927719154336417
43.0 1.0659382886597961
44.0 1.1365113630586368
45.0 1.0634282286833538
46.0 1.0078293441385726
47.0 0.9422978403094413
48.0 0.8638722863382376
49.0 0.9026398375375645
50.0 1.0184428803614574
51.0 1.1088765162188168
52.0 1.1280413064718064
53.0 1.005085244810742
54.0 0.9815805320599003
55.0 0.8993791833279294
56.0 0.924124103253608
57.0 1.0098608403179106
58.0 1.0516560935703647
59.0 1.182019048004607
60.0 1.0832401555395132
61.0 0.9728579976129029
62.0 0.9297969069064017
63.0 0.9089941975200334
64.0 0.9545610370990911
65.0 1.0338597794448272
66.0 1.1280176483000335
67.0 1.0506849210189804
68.0 0.9868898552111498
69.0 0.8743489565365916
70.0 0.8553532145545135
71.0 0.9934480049035687
72.0 1.040906999177251
73.0 1.0645517386934171
74.0 1.093876842389091
75.0 0.987191762189761
76.0 0.9718794700526697
77.0 0.8646177395449397
78.0 1.0054791186643517
79.0 1.0049183488368834
80.0 1.1262930146120331
81.0 1.0846662078600324
82.0 1.0536885794579538
83.0 0.9250005596359848
84.0 0.8884558915730574
85.0 0.9220196426836549
86.0 0.987860631096669
87.0 1.0703874549050911
88.0 1.1173961303441065
89.0 1.0265746741121249
90.0 0.9303029344700432
91.0 0.8835985056836204
92.0 0.9005190550634952
93.0 0.9618602147841276
94.0 1.1079217808646238
95.0 1.1333730292300273
96.0 1.0354675687113417
97.0 1.0118729737168157
98.0 0.9252525691885176
99.0 0.8750065111498033
100.0 0.9441635127427199
101.0 1.0085887133224622
102.0 1.1640716860869682
103.0 1.089305020076028
104.0 1.0021816959509275
105.0 0.8707742109865282
106.0 0.8820912926482706
107.0 0.9782947776898181
108.0 1.0062570722376758
109.0 1.1214870110051178
110.0 1.0422056846951016
111.0 1.0237056274481242
112.0 0.8611986241628922
113.0 0.8409383626013482
114.0 0.9232577536368776
115.0 1.0393161801826223
116.0 1.0644596117900083
117.0 1.1460550187974288
118.0 1.0753665292358408
119.0 0.9381891599019861
120.0 0.8598716327446347
