Time NormalisedFlux
0.0 1.0726003662138868
1.0 1.001652457418086
2.0 0.961504052685193
3.0 1.0378391507178948
4.0 0.9631241243716695
5.0 1.105598195731433
6.0 0.9847633347750295
7.0 0.9377534286052776
8.0 1.0076185632521228
9.0 1.0799892441051522
10.0 1.0332782339533144
11.0 1.1212187626528036
12.0 0.9700144294502439
13.0 0.9162326758830782
14.0 0.9697741462304343
15.0 0.9671629345257369
16.0 1.1078782721263483
17.0 0.9496389443580557
18.0 1.0572471352281685
19.0 1.010143334732882
20.0 0.993153979362
21.0 0.9936399287958296
22.0 0.9290860742717154
23.0 1.1126260933818888
24.0 0.9816421771178063
25.0 1.0529244950217183
26.0 0.9173129628376131
27.0 0.9741177469832897
28.0 0.8955253886116882
29.0 1.00504516763126
30.0 0.9736588678015518
31.0 1.0544353588540096
32.0 0.9631751676188303
33.0 0.8816766555356307
34.0 1.0795778889202399
35.0 0.9955230618313079
36.0 1.0805097507180657
37.0 0.9700711366016779
38.0 1.0081092118808568
39.0 1.0127808445459199
40.0 0.8467783973672337
41.0 0.9328225565153754
42.0 0.9532900380064491
43.0 0.9774855190647554
44.0 1.025866168469113
45.0 0.9281960816384711
46.0 1.0102967668064549
47.0 1.0987973951049497
48.0 1.017385043811803
49.0 0.9902325367128694
50.0 1.2288262712804636
51.0 0.9332148553733638
52.0 0.9631341698775573
53.0 1.0881793552840247
54.0 0.8870826702429121
55.0 0.9702163603157434
56.0 1.0778773827997425
57.0 1.0547685994381888
58.0 1.0712281379790438
59.0 1.0497191726131883
60.0 1.1393353981936283
61.0 0.9773972101092543
62.0 1.175366961704922
63.0 0.9176638212244345
64.0 0.8006104059119169
65.0 0.8935979314371134
66.0 0.9619812605419958
67.0 0.9113434671489753
68.0 0.8642528878012826
69.0 0.823648269169749
70.0 1.0676430449728898
71.0 0.9441724258018857
72.0 1.0889678453945513
73.0 0.9838740664719964
74.0 1.207164230789737
75.0 0.9808846077548738
76.0 0.6618158650226602
77.0 0.9825995721782306
78.0 1.1009886340963075
79.0 0.8825504939426303
80.0 0.929261804293189
81.0 0.8801955512719211
82.0 0.9980586526283005
83.0 0.8980790755218488
84.0 1.1611462876528482
85.0 0.9754985307411755
86.0 0.9888038354583238
87.0 0.9666683562428593
88.0 0.9766669885734955
89.0 1.1591120202576137
90.0 0.7766287220040359
91.0 1.0111812738179244
92.0 1.1732120388563314
93.0 0.9689639474809254
94.0 1.0823875550459858
95.0 1.043039644069716
96.0 1.1096513478570766
97.0 1.1221508609407305
98.0 0.9866491678647763
99.0 1.2640296413372114
100.0 0.9754329597876654
101.0 0.9836061945118901
102.0 1.0789948133489526
103.0 1.0060547731208802
104.0 1.1433888003630386
105.0 0.9057377530556644
106.0 0.966341497206533
107.0 0.9809370561227887
108.0 1.1413507486572012
109.0 0.9950061427771639
110.0 1.113364928014054
111.0 0.9645786581240732
112.0 1.0456478912377334
113.0 0.8756594787561602
114.0 1.1188932776091927
115.0 1.0464554058648468
116.0 1.1051184742075606
117.0 0.9500932637966459
118.0 0.9244767990834811
119.0 0.8505875509955249
120.0 1.0398207859065585
