Time NormalisedFlux
0.0 0.7478063754432105
1.0 0.8962680550434375
2.0 0.83811130947032
3.0 0.8266276171398452
4.0 0.8621923866260398
5.0 0.7853611411750993
6.0 0.8541491052930986
7.0 0.7419693006780379
8.0 0.7780485626587834
9.0 0.8527848373226286
10.0 0.8319478219751184
11.0 0.8936681754053066
12.0 0.904113100931246
13.0 0.8803597428673895
14.0 0.8744187572477027
15.0 0.925109021438567
16.0 0.9494860974152234
17.0 0.9682046003419578
18.0 1.0138681233042819
19.0 0.9490641115678476
20.0 1.024727986531846
21.0 1.08400308347517
22.0 1.1054986903592106
23.0 1.0944924368359128
24.0 1.0765974272349215
25.0 1.0478852410561375
26.0 1.136129893436207
27.0 1.1357652171522041
28.0 1.123612443031817
29.0 1.160571160223551
30.0 1.126467017784505
31.0 1.161957472421195
32.0 1.2161857957809594
33.0 1.21764860411388
34.0 1.2278237031058918
35.0 1.1555010303218345
36.0 1.1945217390069163
37.0 1.1937576339358456
38.0 1.157168270583961
39.0 1.0983432702429847
40.0 1.1733424280313824
41.0 1.1060425999349708
42.0 1.101132110369384
43.0 1.1408323191972458
44.0 1.129745960975072
45.0 1.0381331324260348
46.0 1.0442428386913567
47.0 1.05585191352777
48.0 0.929720740542467
49.0 1.0150487636547292
50.0 0.9942072631778404
51.0 0.9377499456960143
52.0 0.9270919588896266
53.0 0.8842194071858939
54.0 0.9066501855024274
55.0 0.8541031131895894
56.0 0.8949649933424108
57.0 0.8205861213429056
58.0 0.9011210268467074
59.0 0.8326934031460238
60.0 0.8257623446039999
61.0 0.794507632434746
62.0 0.8163139091400641
63.0 0.8161709217956941
64.0 0.7906505226267243
65.0 0.8203853381529077
66.0 0.8204055666789304
67.0 0.8310701465956154
68.0 0.8332857187796692
69.0 0.838338652258673
70.0 0.7920105635834817
71.0 0.8503550044972313
72.0 0.8553866110159208
73.0 0.937967310229088
74.0 0.956487772794675
75.0 0.9667323098317215
76.0 1.0155624593390795
77.0 0.9950133311838173
78.0 0.9373900171253615
79.0 1.0121137459389258
80.0 1.0474175284118896
81.0 1.0492165170263283
82.0 1.1420932816237443
83.0 1.1141784567241984
84.0 1.0873561508190106
85.0 1.114331018296969
86.0 1.0791687561277183
87.0 1.1012109164922925
88.0 1.1540102184119356
89.0 1.2047434571193236
90.0 1.2003535508931236
91.0 1.212595078487617
92.0 1.196814298117633
93.0 1.222702064112844
94.0 1.2589904137721697
95.0 1.175582034779062
96.0 1.1668119314688181
97.0 1.2465892469508981
98.0 1.1707558403694565
99.0 1.1685052919234296
100.0 1.1402460889000456
101.0 1.112184860523559
102.0 1.0961768326601633
103.0 1.1554448190924258
104.0 1.0983993778425165
105.0 1.0506338756596272
106.0 1.030900724129445
107.0 1.0408014561997647
108.0 0.9829830610465581
109.0 1.0314184219375522
110.0 0.977074576361397
111.0 0.9705789383061704
112.0 0.9052019341652737
113.0 0.9065896827633804
114.0 0.9218436408931194
115.0 0.8407796331290337
116.0 0.873154927771412
117.0 0.8341037685944191
118.0 0.8337081700822837
119.0 0.8077460941555726
120.0 0.8625006048318765
