Time NormalisedFlux
0.0 0.945606185575265
1.0 0.949768341558119
2.0 0.9873219983687209
3.0 1.0012312527946672
4.0 1.0273802181465541
5.0 1.1069237050526688
6.0 1.0913904375386188
7.0 0.9953772536720302
8.0 1.0774171348475838
9.0 1.0507954974657199
10.0 1.109729359154497
11.0 1.0680808275909475
12.0 1.1264687398367297
13.0 1.2039655213358367
14.0 1.180045689029312
15.0 1.1441967502272326
16.0 1.1883764447572749
17.0 1.2258327111914442
18.0 1.1433672800350803
19.0 1.1915480766214077
20.0 1.1834997640022689
21.0 1.2328272579670507
22.0 1.213587790263965
23.0 1.151991203929982
24.0 1.2148276841578565
25.0 1.2017045230517516
26.0 1.1370818561940181
27.0 1.1594916084881894
28.0 1.174260679852215
29.0 1.111398436721617
30.0 1.0704046944368701
31.0 1.069251534413883
32.0 0.9883264609979494
33.0 1.0395857982266294
34.0 0.9953785810072404
35.0 0.9712150193116365
36.0 0.9940907808022001
37.0 0.9429063529006027
38.0 0.9719876448283133
39.0 0.9137527421701985
40.0 0.8815830518908226
41.0 0.9072095238475488
42.0 0.901220930802332
43.0 0.8666263832498984
44.0 0.8444528886951652
45.0 0.8334677347756053
46.0 0.7942017673367624
47.0 0.7384487593910898
48.0 0.8111901932753874
49.0 0.7808132806849599
50.0 0.8007558870859921
51.0 0.852173573012436
52.0 0.8158762943191711
53.0 0.8048679286030153
54.0 0.73947273328416
55.0 0.8104408048130909
56.0 0.8462956068592662
57.0 0.8440811877820694
58.0 0.9283333187206595
59.0 0.9455187016090444
60.0 0.8607202402003299
61.0 0.9191419083964765
62.0 0.9370791334119069
63.0 0.946717994758217
64.0 0.9516726026109542
65.0 0.9874016131688892
66.0 0.9844100705328923
67.0 0.9929766415110586
68.0 1.0483828248833045
69.0 1.106370066180565
70.0 1.08201657054813
71.0 1.1130615864101994
72.0 1.1166751919461875
73.0 1.117189386764005
74.0 1.1440821662031222
75.0 1.1750453813912198
76.0 1.149718696310518
77.0 1.1998330954063297
78.0 1.1676904188842092
79.0 1.234492220847288
80.0 1.178862411466262
81.0 1.1710638230184676
82.0 1.1634655973918424
83.0 1.232625131141734
84.0 1.221033359662029
85.0 1.144279151870798
86.0 1.1289978907197693
87.0 1.1744687284976472
88.0 1.0944476470311122
89.0 1.1443267673731365
90.0 1.0946335795171414
91.0 1.161495610050468
92.0 1.0829235299003552
93.0 1.0839109003054448
94.0 1.0532333236600238
95.0 1.0410103566868314
96.0 1.030726521955275
97.0 0.9858265015539909
98.0 0.9805915627072503
99.0 0.9783172340178221
100.0 0.9559520325732453
101.0 0.9380165792541088
102.0 0.9185912897112001
103.0 0.8889325251056254
104.0 0.7910773833520592
105.0 0.8320880166654853
106.0 0.7893466368784265
107.0 0.85810765019473
108.0 0.7838527186007098
109.0 0.8117791360546179
110.0 0.781654497984791
111.0 0.8091552015970976
112.0 0.7620353724708157
113.0 0.8041679904758646
114.0 0.8259113649005113
115.0 0.8051870306528696
116.0 0.8014951565041188
117.0 0.7596873266418938
118.0 0.8839582144459573
119.0 0.8207174835092859
120.0 0.9239762081902649
