Time NormalisedFlux
0.0 0.8213153047532666
1.0 0.8774878053549449
2.0 0.8699963463069138
3.0 0.8457969946396967
4.0 0.8357394507278884
5.0 0.9125235547788589
6.0 0.9786949034247119
7.0 0.9397419924476075
8.0 1.0003946184439139
9.0 1.0139917737660975
10.0 1.0133994068127479
11.0 1.012038710822229
12.0 1.0117145739906803
13.0 1.1732576559885044
14.0 1.0949151986334635
15.0 1.08699816097827
16.0 1.212387230959909
17.0 1.1244629720677037
18.0 1.1605588672052884
19.0 1.1338784005717089
20.0 1.2167227049482097
21.0 1.2114926246351414
22.0 1.2149515633496348
23.0 1.203573508478537
24.0 1.1673374150229308
25.0 1.1696702306244182
26.0 1.1640621905112516
27.0 1.233838934359978
28.0 1.1981214571647543
29.0 1.1579071876952096
30.0 1.0777399620380337
31.0 1.0993638059707975
32.0 1.0253812423273694
33.0 1.0674486922003619
34.0 1.0310598292301125
35.0 1.017610605175999
36.0 1.0655254528955163
37.0 1.0045929595688285
38.0 0.9310543504416354
39.0 0.9146271015768574
40.0 0.9155867068215197
41.0 0.9604952776664597
42.0 0.824957432803754
43.0 0.8300573600085464
44.0 0.8243941085012626
45.0 0.7984799910221222
46.0 0.8413578566406865
47.0 0.8470209704324575
48.0 0.838259708430554
49.0 0.7663959158404883
50.0 0.7775647421354178
51.0 0.768136400483489
52.0 0.7636963416528555
53.0 0.7874624028313773
54.0 0.8499868787692878
55.0 0.8438285094152763
56.0 0.8447850820275059
57.0 0.8622834229954698
58.0 0.8647782647325898
59.0 0.9235948214317583
60.0 1.0333558996886352
61.0 0.9456442359856377
62.0 0.9657165614288064
63.0 0.9934940718671573
64.0 1.0526199149926025
65.0 1.0372457880251722
66.0 1.07460942675458
67.0 1.1017093831345606
68.0 1.1117947907602919
69.0 1.1343847382524432
70.0 1.156169199673259
71.0 1.1981965769031233
72.0 1.186369046710615
73.0 1.2196140828133477
74.0 1.1887965841286892
75.0 1.1649281701310112
76.0 1.1738291393893403
77.0 1.2003472380883389
78.0 1.1384640418809007
79.0 1.1820314201515818
80.0 1.1341174712995457
81.0 1.1847570230040596
82.0 1.1435069242719866
83.0 1.131372817104982
84.0 1.0639196897224497
85.0 1.1011876703604584
86.0 1.0468680992035235
87.0 1.0186496134244187
88.0 0.9124700713732414
89.0 0.996196447346423
90.0 0.9639688723290418
91.0 0.9867783368073265
92.0 0.9423415927461012
93.0 0.9155335109650339
94.0 0.8578892559689999
95.0 0.8201491920686189
96.0 0.8154599733818276
97.0 0.7949872317377239
98.0 0.8539157397948988
99.0 0.8038493485366748
100.0 0.7940273140574071
101.0 0.8058685386426807
102.0 0.816652124768916
103.0 0.8099419164491076
104.0 0.7985867730084188
105.0 0.7809757573963481
106.0 0.8598046516141581
107.0 0.8043646205654552
108.0 0.8917782005592438
109.0 0.9167640857246766
110.0 0.8405206691470846
111.0 0.932627436577877
112.0 0.9719632097645214
113.0 0.9655701513956962
114.0 1.0321135041500729
115.0 1.0282298083718733
116.0 1.0372838305428032
117.0 1.0100236777360032
118.0 1.1015668798471188
119.0 1.090801551908715
120.0 1.0898269797456206
