Time NormalisedFlux
0.0 1.0568918538892615
1.0 1.0556766927186079
2.0 1.0449357489897526
3.0 1.0304147061559785
4.0 1.0329176938290496
5.0 1.039529747723031
6.0 1.0302131696480183
7.0 0.9370386549422094
8.0 0.9132034152968899
9.0 0.9186177167962574
10.0 0.9541170046986812
11.0 0.8733209597980595
12.0 0.8501458631152742
13.0 0.8697056500383104
14.0 0.7676005748431582
15.0 0.8528287260830576
16.0 0.776507654937128
17.0 0.7357172344172148
18.0 0.7918073146872678
19.0 0.7963477724170243
20.0 0.8106724635551791
21.0 0.8253752667491341
22.0 0.859479414803685
23.0 0.8418311687960175
24.0 0.828064251279359
25.0 0.8589075266422691
26.0 0.8527779415152157
27.0 0.8346701317519912
28.0 0.8731544983680455
29.0 0.9456607839622013
30.0 0.9297697864640682
31.0 1.023174422465431
32.0 1.0142594122798765
33.0 0.9671920171801962
34.0 1.054703610229602
35.0 1.0299047623078057
36.0 1.069974309275911
37.0 1.1058956087828422
38.0 1.095604751920924
39.0 1.1504808958698485
40.0 1.160315967315072
41.0 1.1557663697964298
42.0 1.1424903413447554
43.0 1.2042435606785433
44.0 1.1946163403428833
45.0 1.1853299762463723
46.0 1.192518501687831
47.0 1.1599538126943045
48.0 1.1650953992999218
49.0 1.1530412035321174
50.0 1.1686373639442325
51.0 1.123549690409493
52.0 1.1622876387925831
53.0 1.1646430901983826
54.0 1.061750767641679
55.0 1.1039729237405866
56.0 1.0144593177462604
57.0 1.0196587711389686
58.0 1.005017947615085
59.0 1.0153339952347067
60.0 0.9875992776642476
61.0 1.0073972969446845
62.0 0.9471866396150656
63.0 0.9041891676401942
64.0 0.8810774337474013
65.0 0.9088284765380412
66.0 0.8956183342507581
67.0 0.7988760679544924
68.0 0.8728495570180318
69.0 0.8038428948834425
70.0 0.7890307334952134
71.0 0.8687852028423932
72.0 0.7922508781163357
73.0 0.8367732414793413
74.0 0.7737982911843216
75.0 0.8037930315517765
76.0 0.8885701445038485
77.0 0.7776182090814561
78.0 0.8165776819524458
79.0 0.844614832545794
80.0 0.9265041806002313
81.0 0.8918911766541129
82.0 0.9130855318929241
83.0 0.8958230058397145
84.0 0.8962244986838236
85.0 0.9515976144812762
86.0 0.978695703701209
87.0 1.04354471957088
88.0 1.0181005743281997
89.0 1.0265405139787829
90.0 1.1228938480682282
91.0 1.1240952968149418
92.0 1.150162742558896
93.0 1.180632760553592
94.0 1.1937380196837144
95.0 1.1833471054659639
96.0 1.1907531851692779
97.0 1.1600223319100307
98.0 1.2481180251644064
99.0 1.226778199081013
100.0 1.1721984144033661
101.0 1.1781470049868656
102.0 1.2285956225772003
103.0 1.1900435066343489
104.0 1.163229702611318
105.0 1.143523965056287
106.0 1.1840732729292964
107.0 1.1357385887937053
108.0 1.145118218314188
109.0 1.1176378685378785
110.0 1.0870150407384314
111.0 1.0846204424711077
112.0 1.0416946428207494
113.0 1.0691757573137213
114.0 0.9986494191012593
115.0 0.9730802931667191
116.0 1.0113127212498274
117.0 0.9629409688570257
118.0 0.8832535910862258
119.0 0.937259282123908
120.0 0.8527375735909487
