Time NormalisedFlux
0.0 0.8250590548936652
1.0 0.8393594510929184
2.0 0.8745646315137325
3.0 0.8622397774962839
4.0 0.9034933342893093
5.0 0.939551278384275
6.0 0.9411926240946529
7.0 0.9917363204865451
8.0 0.9882889514218717
9.0 1.0218570051817046
10.0 1.072963417655694
11.0 1.0512802192751736
12.0 1.0673176060041953
13.0 1.045161399916041
14.0 1.064291559321186
15.0 1.1312278935214202
16.0 1.1392012245698637
17.0 1.076608295259845
18.0 1.1811687013342662
19.0 1.1404917299185477
20.0 1.208945042679831
21.0 1.2055853135661616
22.0 1.200117813201216
23.0 1.2104398405830996
24.0 1.1428335589082321
25.0 1.1768330712183548
26.0 1.1590231890913585
27.0 1.2328910539827254
28.0 1.1690744766680286
29.0 1.1402979922749714
30.0 1.143638448449719
31.0 1.1207254977470331
32.0 1.103075818392915
33.0 1.1300137708768392
34.0 1.111384694784012
35.0 1.080333465057053
36.0 1.1039798280741344
37.0 1.0527422561287891
38.0 1.0430870774800653
39.0 0.9603121832398475
40.0 0.9652608718206582
41.0 0.9674983654006784
42.0 0.9948530801035028
43.0 0.9122731756487797
44.0 0.9031043316815237
45.0 0.8661229850885387
46.0 0.8987036573576563
47.0 0.9144906289623044
48.0 0.9301832522177914
49.0 0.7798597854765126
50.0 0.8301660464465742
51.0 0.7809885519349454
52.0 0.83383142959473
53.0 0.8559625393944071
54.0 0.8314777889437936
55.0 0.7956224199081459
56.0 0.7592385507096102
57.0 0.7963779320266112
58.0 0.814491700321688
59.0 0.750753531638081
60.0 0.7805508485555583
61.0 0.8338261815189923
62.0 0.7860336226776704
63.0 0.8714342216600177
64.0 0.8790341861656411
65.0 0.9977894202763702
66.0 0.912133262390473
67.0 0.9062480956722432
68.0 0.855581491362975
69.0 0.9843567848027065
70.0 0.9869188065973038
71.0 1.034241202027916
72.0 0.9876760971588587
73.0 1.0092246678728767
74.0 1.0792282082902143
75.0 1.1146920851114788
76.0 1.1480051505070865
77.0 1.1305216650779026
78.0 1.1788612610476843
79.0 1.1531029948291343
80.0 1.1307885424595865
81.0 1.1517263756571765
82.0 1.1805187004830169
83.0 1.2566564212845626
84.0 1.1236026718748506
85.0 1.2199055460794526
86.0 1.167031442459509
87.0 1.1884985712859906
88.0 1.2104151370565375
89.0 1.1160271708512903
90.0 1.2136983663615544
91.0 1.1594952608860474
92.0 1.1489132839958318
93.0 1.1796958725005615
94.0 1.134551010715593
95.0 1.0911717865479933
96.0 1.1049143294154595
97.0 1.1122255401259737
98.0 1.0807790921283131
99.0 1.0201348169511124
100.0 1.0156136031307557
101.0 0.9680045040367482
102.0 0.9514556069964394
103.0 0.9477887116877038
104.0 0.9019123493807572
105.0 0.8902909725432406
106.0 0.9083007048003602
107.0 0.9295872301071025
108.0 0.8823525738926985
109.0 0.9109272603799975
110.0 0.8495550946726859
111.0 0.8524274053015625
112.0 0.7714765270947644
113.0 0.8415468189665556
114.0 0.8290544175607328
115.0 0.7607950833307151
116.0 0.7714485551380518
117.0 0.748265925381697
118.0 0.7418578990876517
119.0 0.8604149388132967
120.0 0.842291001999626
