Time NormalisedFlux
0.0 0.9302154157160671
1.0 0.8879963552812727
2.0 0.8985696671010939
3.0 0.9847707488794539
4.0 1.0374797766455528
5.0 1.0959525436223783
6.0 1.1393635081310447
7.0 1.0452081835319513
8.0 1.0052875498012406
9.0 0.9223622409846929
10.0 0.8990024147705303
11.0 0.8476390444622042
12.0 0.9096076069535849
13.0 0.9638719630094755
14.0 0.9875574206989564
15.0 1.0969051805636834
16.0 1.0693440562503491
17.0 1.0697249289996862
18.0 1.020624822834528
19.0 0.9409449174838815
20.0 0.9068155000328628
21.0 0.8906117429482777
22.0 0.9370648703902463
23.0 1.0372720679400613
24.0 1.0923804818098954
25.0 1.1155338491470785
26.0 1.1082229481021628
27.0 1.0248330193390651
28.0 0.934753757730662
29.0 0.8736282802951648
30.0 0.8121937264029107
31.0 0.9363618114570587
32.0 0.9769122143355129
33.0 1.1101585744079205
34.0 1.0775267758024083
35.0 1.122621265330428
36.0 1.0493139209615632
37.0 1.0083109820827603
38.0 0.9465189681318757
39.0 0.8576236536858144
40.0 0.8666854351116317
41.0 0.9627303761533613
42.0 1.0032717419633648
43.0 1.0723347854134293
44.0 1.0476873160817115
45.0 1.0997593410293443
46.0 1.0388174392012768
47.0 0.9882467629147843
48.0 0.8983241861493632
49.0 0.8867637712663776
50.0 0.9259507361484288
51.0 0.939788748454993
52.0 0.9747530306368837
53.0 1.1028552612073388
54.0 1.1255532046547672
55.0 1.097226981503129
56.0 0.9982420008313615
57.0 0.9667583116839533
58.0 0.9104022610433186
59.0 0.8604599549043586
60.0 0.9332271971002001
61.0 0.9840605405454554
62.0 1.0875631576300162
63.0 1.115376172218012
64.0 1.0925083136323739
65.0 1.069460847325802
66.0 0.9930338692586095
67.0 0.9359646382093252
68.0 0.8818498848113624
69.0 0.8759444717217973
70.0 0.9501534983719915
71.0 1.0260840000445222
72.0 1.071055389111426
73.0 1.1237910612080615
74.0 1.119558744508781
75.0 1.080929933343602
76.0 0.9698381116792283
77.0 0.8886013640503443
78.0 0.8379178170046185
79.0 0.9015526699617562
80.0 0.9412089701317924
81.0 1.0906201206240074
82.0 1.1233689281828927
83.0 1.1647345653253676
84.0 1.079072697068886
85.0 1.0052753906756617
86.0 0.9648881320487204
87.0 0.9124932343712832
88.0 0.8635488226399013
89.0 0.9227959206677072
90.0 0.9883704684559735
91.0 1.0325915452317191
92.0 1.1655984076116783
93.0 1.134597050685007
94.0 1.0653010523177038
95.0 0.9581120508172781
96.0 0.9830059380355227
97.0 0.8538460304254499
98.0 0.8545565014004286
99.0 0.9753066554364247
100.0 1.0447528756421336
101.0 1.093548195213621
102.0 1.1415027944905105
103.0 1.1275575322675626
104.0 1.041788699902154
105.0 0.9654836544745148
106.0 0.8914006701864284
107.0 0.8633330434009766
108.0 0.9303256248620961
109.0 1.0076639800437102
110.0 1.0431580050110565
111.0 1.1182830244517523
112.0 1.1388827910185528
113.0 1.07928233178555
114.0 0.9755024234031133
115.0 0.9457898651063398
116.0 0.8403684397466636
117.0 0.8936720947967816
118.0 0.9514879896649421
119.0 1.0381937836045652
120.0 1.064302147981335
