Time NormalisedFlux
0.0 1.0813632281089165
1.0 1.1081250193150445
2.0 1.1216924156014823
3.0 1.1452698362319493
4.0 1.1861705370196636
5.0 1.159950867187026
6.0 1.2083016925871384
7.0 1.248399794756948
8.0 1.194757488135691
9.0 1.1907351626736689
10.0 1.1916027010240378
11.0 1.1968993819876854
12.0 1.181871115702598
13.0 1.1658757872566108
14.0 1.168207945556329
15.0 1.138103121509765
16.0 1.1720069154644275
17.0 1.1279908911666985
18.0 1.0426504135789967
19.0 1.1048363090617057
20.0 1.0902696895068766
21.0 1.0067997629595313
22.0 1.0812401962897475
23.0 1.0423193127250547
24.0 1.0036265155563338
25.0 0.945075599446335
26.0 0.9212228320888886
27.0 0.9505085372011589
28.0 0.8794365628118165
29.0 0.8830449516042329
30.0 0.9198066506390593
31.0 0.824240005893863
32.0 0.8194181818547722
33.0 0.8875247915854303
34.0 0.7599082318410706
35.0 0.8236624454796
36.0 0.7633872932714056
37.0 0.8449539202072092
38.0 0.8282084105404002
39.0 0.7183359603604207
40.0 0.8065689453164638
41.0 0.7260201035206734
42.0 0.8539074033278686
43.0 0.7700909270429859
44.0 0.8386463540140866
45.0 0.876151121504185
46.0 0.8931820390754945
47.0 0.8670253540278049
48.0 0.9404770390117647
49.0 0.9092987056302936
50.0 0.9288191217881061
51.0 0.9713873486591607
52.0 0.9422908878144665
53.0 1.0159581002081501
54.0 1.0067474870882367
55.0 1.060152972041037
56.0 1.0584014462655673
57.0 1.0585762655483983
58.0 1.032975371325282
59.0 1.0901344566816218
60.0 1.108841569159361
61.0 1.1370678506826448
62.0 1.249714292781685
63.0 1.1593763586145167
64.0 1.1521078402853289
65.0 1.1960983402671066
66.0 1.2172968926385879
67.0 1.2708632217047533
68.0 1.2562362029724043
69.0 1.2222551503766812
70.0 1.1783575492999467
71.0 1.1940592675081256
72.0 1.1756084037481047
73.0 1.1407901878352855
74.0 1.1298175575421252
75.0 1.1449994446185359
76.0 1.1065213287674642
77.0 1.043269156993754
78.0 1.0487445524186287
79.0 1.0554751779481952
80.0 1.0464459905588048
81.0 0.9168830695446164
82.0 1.0163899080040948
83.0 0.9971658630516925
84.0 0.9921362234754334
85.0 0.8824929038321386
86.0 0.9446236536050692
87.0 0.9194994668864382
88.0 0.8989710193241762
89.0 0.8698803403734672
90.0 0.8506720472913365
91.0 0.8226332146485464
92.0 0.8661095892224373
93.0 0.7526911166423971
94.0 0.8098794919482003
95.0 0.7902742093342676
96.0 0.8935575559221426
97.0 0.7759326234264671
98.0 0.7743624585581247
99.0 0.8021445078075988
100.0 0.8223185553682116
101.0 0.8636350933817256
102.0 0.8492909794633359
103.0 0.8981987258447653
104.0 0.9130313441095602
105.0 0.8491389070199853
106.0 0.9758566301256442
107.0 1.0266481433681958
108.0 1.0069097864310395
109.0 0.9208069258798028
110.0 0.9814901504600837
111.0 1.0603734842372274
112.0 1.0553042355169282
113.0 1.0675530732423453
114.0 1.0253326790833408
115.0 1.1026422579145798
116.0 1.1331592237757802
117.0 1.1283484235072023
118.0 1.1545357661190907
119.0 1.2219747280016289
120.0 1.2412658629165423
