Time NormalisedFlux
0.0 1.1454213492780507
1.0 1.0607603552922136
2.0 0.9791475160446724
3.0 0.8867125432370258
4.0 0.8519429028110791
5.0 0.8917032767118571
6.0 0.976050153510781
7.0 1.040326811678577
8.0 1.1480167196596727
9.0 1.098901444471485
10.0 1.0415819595021536
11.0 0.9769245335471473
12.0 0.945133628595298
13.0 0.871219544734104
14.0 0.8730161718305522
15.0 1.0437814727060666
16.0 1.0487099157286952
17.0 1.0928538634333183
18.0 1.1441727685321061
19.0 1.062356423238892
20.0 0.9511783897099811
21.0 0.8998975842357659
22.0 0.8262338638326189
23.0 0.8888061251263129
24.0 0.9788998110649855
25.0 1.0561294304599045
26.0 1.1429073567580788
27.0 1.0790238531325231
28.0 1.0157501641425224
29.0 0.9460725993716688
30.0 0.9780400656247348
31.0 0.8545774672151297
32.0 0.9582345086996966
33.0 0.9569605256424615
34.0 1.0388372304323417
35.0 1.0793035219913008
36.0 1.0897949510230152
37.0 1.082048282239267
38.0 1.0047267843605352
39.0 0.9478429295490921
40.0 0.8667231691754734
41.0 0.9061138715541184
42.0 0.9458550139999431
43.0 1.0312606689736663
44.0 1.1081992932651836
45.0 1.117050531642463
46.0 1.0417497407761038
47.0 0.9860003386925198
48.0 0.9626357866941431
49.0 0.8566018639368037
50.0 0.914265586844129
51.0 0.9533345437112548
52.0 1.0112167675322328
53.0 1.0877899078400584
54.0 1.1446214856054004
55.0 1.0120570129481876
56.0 1.0329010267844816
57.0 0.9671542528850294
58.0 0.8794848096563942
59.0 0.8986835697856248
60.0 0.9876895555316625
61.0 1.0628694500050169
62.0 1.0766680920536382
63.0 1.1110676219242879
64.0 1.0256045436951369
65.0 1.0042622014278584
66.0 0.9613501270889451
67.0 0.8907209518344525
68.0 0.88807151334064
69.0 0.9553762006128252
70.0 0.9854287228122028
71.0 1.1025162574410206
72.0 1.107952093357402
73.0 1.0514848457639447
74.0 0.9517380728647866
75.0 0.9257662413336952
76.0 0.8623026963232522
77.0 0.9116453643540271
78.0 1.0209763461987615
79.0 1.0702366148249418
80.0 1.0969430707087182
81.0 1.0975350733129128
82.0 1.0860043509871262
83.0 0.9535671201545749
84.0 0.9130650696923713
85.0 0.9055550438530511
86.0 0.9171160871347965
87.0 0.9755900752580284
88.0 1.02368341324156
89.0 1.1032800850211155
90.0 1.1677983962045972
91.0 1.0892830868353927
92.0 1.0337691650658303
93.0 0.9458646253539513
94.0 0.8673637777233764
95.0 0.8783315575665013
96.0 0.9255249607822805
97.0 1.0372064623210422
98.0 1.100936337565623
99.0 1.149875576631634
100.0 1.0854067996672736
101.0 1.0155256311928478
102.0 0.9594850231575334
103.0 0.8829034961952859
104.0 0.8666049074315546
105.0 0.9118979018864125
106.0 1.0274028281181025
107.0 1.060393090993071
108.0 1.1402811464352642
109.0 1.1074217084064168
110.0 0.9987460155691366
111.0 0.9536269657866516
112.0 0.8871590536949931
113.0 0.904571246954829
114.0 0.9461985926020497
115.0 0.9908544498132258
116.0 1.1001499204898875
117.0 1.168033576539405
118.0 1.078495218268608
119.0 1.0617019700959718
120.0 0.9188943355072168
