Time NormalisedFlux
0.0 1.2074369775694025
1.0 0.8756317268992537
2.0 1.0181202360127495
3.0 1.1006356661903642
4.0 0.9885043913474473
5.0 0.9889869325779965
6.0 1.030658660634021
7.0 1.1164310274117375
8.0 1.1246203557900933
9.0 0.7251852857808425
10.0 0.9129084618573311
11.0 0.9665122119384374
12.0 1.0596008796076586
13.0 1.084100843480709
14.0 0.9009844412541743
15.0 1.1722053937994295
16.0 1.122183781253292
17.0 1.122753972855483
18.0 0.9505464202850799
19.0 1.0215946201549855
20.0 0.7912546749517747
21.0 1.016370684750519
22.0 0.8349562432327375
23.0 0.9790512024164619
24.0 1.0445340618038224
25.0 0.9638938000834395
26.0 1.0502578091931503
27.0 0.9369403849674495
28.0 0.9186632279935123
29.0 0.958240267492799
30.0 0.9632769785417958
31.0 1.0328624017202368
32.0 0.953614730395267
33.0 0.936611453132454
34.0 0.9790309091455538
35.0 1.0257468629956503
36.0 1.095065192583473
37.0 1.0543973489293466
38.0 1.1896909295850329
39.0 0.9372571777449157
40.0 0.9790118353418148
41.0 0.962022863649879
42.0 0.9795903070978644
43.0 1.0401748263556208
44.0 1.0717097951253227
45.0 1.0845128162612223
46.0 1.166934339379269
47.0 1.1025107282363409
48.0 0.957247590712021
49.0 0.8999373495786096
50.0 0.8277295312522734
51.0 0.8820974859319616
52.0 1.1019900104751692
53.0 0.9704864655994834
54.0 1.1023466478685016
55.0 0.995385556080008
56.0 1.0800090547962917
57.0 1.1366107747981078
58.0 1.1105302440963072
59.0 1.0537536946865191
60.0 0.8738932282552231
61.0 0.9041354320732988
62.0 0.9857694905211962
63.0 1.090507109093331
64.0 1.1149686916794521
65.0 1.0150595889625524
66.0 0.9088112182766604
67.0 1.0233499998161033
68.0 0.9661582906299285
69.0 1.2541325269616972
70.0 1.0265755168365547
71.0 0.9767759458224479
72.0 1.1650552092245312
73.0 0.801685065820808
74.0 0.9364948950620294
75.0 1.0070700255789127
76.0 1.0413574720305543
77.0 0.8903098050222559
78.0 1.0106897006925477
79.0 1.0896058362665555
80.0 1.0384306452327026
81.0 0.7284159121334075
82.0 1.0714698074556177
83.0 1.0826382173911109
84.0 0.9941635975070028
85.0 0.9029976763605151
86.0 1.116526606028736
87.0 1.0543139567176312
88.0 0.9863598403882893
89.0 1.166314901410328
90.0 1.098762599215249
91.0 0.9330804207124962
92.0 1.1206105350844358
93.0 1.1396302970782295
94.0 1.1033988911438917
95.0 1.1824413904897333
96.0 1.0019363806645978
97.0 0.9795789331790014
98.0 0.9701743209093794
99.0 0.9538155610156163
100.0 1.0356562239602636
101.0 1.0808386664882397
102.0 0.9820433218538175
103.0 0.8801807083922095
104.0 0.906724234565501
105.0 0.9328766362682435
106.0 1.06827977657495
107.0 1.0993403286119654
108.0 0.8687835222931035
109.0 1.0091757501507852
110.0 0.9527102037532248
111.0 0.9883714352321319
112.0 0.9892269016869818
113.0 0.9285829243665554
114.0 1.064805770084085
115.0 1.0201702514322135
116.0 1.1704438197692217
117.0 1.147065518485984
118.0 0.9850924357728413
119.0 0.988078504800934
120.0 1.0263391875509718
