Time NormalisedFlux
0.0 1.1968656678249259
1.0 1.2041423619835616
2.0 1.1894873321621362
3.0 1.202611542941801
4.0 1.2228378351211266
5.0 1.2040643748112774
6.0 1.1577418088498717
7.0 1.1652200883277766
8.0 1.1293217076609297
9.0 1.1559576722540674
10.0 1.1438541238311069
11.0 1.0645868672512937
12.0 1.0882168672830124
13.0 1.1013008378710698
14.0 1.099815272929081
15.0 1.1143862463342649
16.0 1.0311548730636346
17.0 1.0064422194711449
18.0 1.038333907493285
19.0 0.982556117895096
20.0 0.9115192959141901
21.0 0.9276519980972416
22.0 0.9481804998953515
23.0 0.8714908934034016
24.0 0.9610900835275288
25.0 0.8426627440875711
26.0 0.916827288844395
27.0 0.859240883734848
28.0 0.8835757497867267
29.0 0.8032155597428366
30.0 0.7755414295803335
31.0 0.804491607707111
32.0 0.8491643456597455
33.0 0.8080851520390102
34.0 0.8696575450481934
35.0 0.7995075411588161
36.0 0.7992605943974351
37.0 0.783420767444516
38.0 0.7897022560815578
39.0 0.8984194160467164
40.0 0.8337421615756601
41.0 0.849268639970845
42.0 0.894687022799258
43.0 0.860145638475011
44.0 0.9125968092667506
45.0 0.8551947151430491
46.0 0.9231828868039489
47.0 0.9530620720242897
48.0 0.9379188484779453
49.0 1.02067391818524
50.0 0.9814160629856706
51.0 1.0047544747511306
52.0 1.0400249973735265
53.0 1.07155435094652
54.0 1.0615728233027446
55.0 1.088362855467633
56.0 1.0969772842192007
57.0 1.0804934878703543
58.0 1.1296324518346683
59.0 1.1752454163068327
60.0 1.1568570696992904
61.0 1.148048430124189
62.0 1.1941203132808824
63.0 1.261553471851899
64.0 1.1491280975015559
65.0 1.20790907919935
66.0 1.182190251222708
67.0 1.2406578889199118
68.0 1.1974869030845159
69.0 1.2170331660955243
70.0 1.175487825680248
71.0 1.1570022643017226
72.0 1.1686513473715425
73.0 1.118207820438224
74.0 1.1962218556620972
75.0 1.1018248982520595
76.0 1.1217063388435917
77.0 1.1375514541198026
78.0 1.0801090647803244
79.0 1.0881484468369773
80.0 1.0585957701660045
81.0 1.0670138130517026
82.0 0.9960006205446142
83.0 1.0124913008403924
84.0 1.0289326146245983
85.0 0.9462182505612667
86.0 0.9559971730359563
87.0 0.9396002617438923
88.0 0.9230777240646246
89.0 0.8992441431770218
90.0 0.8242805380644765
91.0 0.8671077172964456
92.0 0.8883578553338156
93.0 0.8128608610750397
94.0 0.7970549093738596
95.0 0.817788767877475
96.0 0.8112093070258946
97.0 0.7980109475398507
98.0 0.8051361716914527
99.0 0.8289646906801179
100.0 0.8651285660963405
101.0 0.8141759371189871
102.0 0.801610436316828
103.0 0.8510261495958379
104.0 0.8339762899827048
105.0 0.8228186159111561
106.0 0.83040013808031
107.0 0.9172802174760967
108.0 0.9410444640540041
109.0 0.908998928287608
110.0 0.9191320095310938
111.0 0.9518805731002846
112.0 0.976796042609323
113.0 0.987191492703204
114.0 1.041541305196998
115.0 0.9957165734751746
116.0 1.0435926161630382
117.0 1.0226059036177793
118.0 1.0630866723752526
119.0 1.060015922413941
120.0 1.043390939872568
