Time NormalisedFlux
0.0 0.8206821836914914
1.0 0.7278625244033546
2.0 0.8363583146623379
3.0 0.8124860015317147
4.0 0.7653194069201753
5.0 0.8589833199994127
6.0 0.7926336285507055
7.0 0.8157205726977034
8.0 0.8404353724109376
9.0 0.849984490052092
10.0 0.8661443990150248
11.0 0.8984533416233373
12.0 0.874171337124102
13.0 0.9027294709812758
14.0 1.017934878635981
15.0 0.956172236581074
16.0 0.9887438425871784
17.0 0.998395883002914
18.0 1.07898351871773
19.0 1.0248307665246525
20.0 1.1051910545205248
21.0 1.115478557183643
22.0 1.126146098132536
23.0 1.120521992468127
24.0 1.1306969641695446
25.0 1.1778887741101245
26.0 1.1574217677460004
27.0 1.137475952599476
28.0 1.2261002097977505
29.0 1.1852522894540418
30.0 1.2295926430138808
31.0 1.2520634411336662
32.0 1.2332493912135358
33.0 1.1385845740988914
34.0 1.2155826429364467
35.0 1.1353057702598122
36.0 1.1815168420397024
37.0 1.1981540733268126
38.0 1.182061100669352
39.0 1.1928991791258845
40.0 1.1134630682233493
41.0 1.1082086959030213
42.0 1.0834467550000613
43.0 1.0612748287195108
44.0 1.0860563114436423
45.0 1.0693107376596847
46.0 1.0429944851898683
47.0 1.0009740950388921
48.0 1.0024491214498834
49.0 1.0004290286430713
50.0 0.9663746962732056
51.0 0.8899628206855917
52.0 0.8874868510248283
53.0 0.8744360151417192
54.0 0.9117703773776219
55.0 0.9257880049489147
56.0 0.8465623838720266
57.0 0.8025641705080185
58.0 0.7736892975073949
59.0 0.7890681445953314
60.0 0.7594557005378921
61.0 0.7905672365276224
62.0 0.7404061441464934
63.0 0.7674758666272552
64.0 0.7496345955438148
65.0 0.852536587382269
66.0 0.7110354387190394
67.0 0.819151717505463
68.0 0.8084132723344342
69.0 0.8695495246193012
70.0 0.8456282601114639
71.0 0.871370038747215
72.0 0.8564770818748052
73.0 0.9502714127635519
74.0 0.9449594289713067
75.0 0.9264603045162279
76.0 0.9282056524750931
77.0 1.0175255540883932
78.0 1.0630982916816172
79.0 1.0642492086047368
80.0 1.0387807834107028
81.0 1.105887354714596
82.0 1.035883755479401
83.0 1.1193247299038114
84.0 1.0839024220187383
85.0 1.1519740248341264
86.0 1.129782722413966
87.0 1.1658074987855171
88.0 1.173385691961668
89.0 1.1703584663076274
90.0 1.25062746754094
91.0 1.1605054658242246
92.0 1.1839421867248905
93.0 1.183726768714472
94.0 1.1940555915382416
95.0 1.181730553421043
96.0 1.2113306643453299
97.0 1.1421176142666263
98.0 1.1851878320038376
99.0 1.2187057547202682
100.0 1.155948882096119
101.0 1.1100654737455413
102.0 1.199023065658861
103.0 1.1014326353129757
104.0 1.1372580594200492
105.0 0.9843058323439128
106.0 1.036098898642608
107.0 1.0174278393205445
108.0 1.0127554507013108
109.0 0.9587424872990306
110.0 0.9817940474867042
111.0 1.050189799173126
112.0 0.8975018387914921
113.0 0.9149114823805403
114.0 0.9239625846729583
115.0 0.9449587163769194
116.0 0.8389572786833387
117.0 0.8621075048933976
118.0 0.9006328895842075
119.0 0.8187551894496216
120.0 0.8207762554369983
