Time NormalisedFlux
0.0 0.8552403987065066
1.0 0.8478982397631056
2.0 0.8022339365001824
3.0 0.7682884641930797
4.0 0.7582266647467849
5.0 0.7888990092035397
6.0 0.8025599434455866
7.0 0.8118682450885645
8.0 0.8354234986904118
9.0 0.8877811006279892
10.0 0.9221645040172421
11.0 0.8161680625055024
12.0 0.9020377805236066
13.0 0.8646422248104981
14.0 0.8956399611753483
15.0 0.9556508722280221
16.0 0.966789183714736
17.0 0.9998562064859995
18.0 1.0481048535187432
19.0 1.0222235034759515
20.0 1.0967871488958911
21.0 1.0524109696025943
22.0 1.0781231938995166
23.0 1.0402959162544885
24.0 1.1371373275672647
25.0 1.1146851213369742
26.0 1.1939654607227157
27.0 1.2131772093329825
28.0 1.2434705162660402
29.0 1.2141040981552322
30.0 1.1329429128768547
31.0 1.2113214228787914
32.0 1.199359707617012
33.0 1.223783431545274
34.0 1.1380193501980975
35.0 1.1539858231204003
36.0 1.1335349235035515
37.0 1.1294594224539116
38.0 1.1414800639504874
39.0 1.1502657744288616
40.0 1.05805355713178
41.0 1.0814942248682886
42.0 1.014829622421207
43.0 1.04043970962443
44.0 0.9838989075671081
45.0 0.9430700605334392
46.0 0.9123448937543676
47.0 0.9223895062252389
48.0 0.95333502497421
49.0 0.8882825769855007
50.0 0.8790678152376487
51.0 0.8893066195286563
52.0 0.8616457057773173
53.0 0.7940329398367141
54.0 0.8510402618704173
55.0 0.8098332702631409
56.0 0.8190446871377044
57.0 0.794334200218913
58.0 0.8869671264659754
59.0 0.8708466038071451
60.0 0.8426131347466118
61.0 0.8027819608866997
62.0 0.825847157955231
63.0 0.8092615695564254
64.0 0.8536381491639682
65.0 0.8786271312783599
66.0 0.9161633027965747
67.0 0.9432499167112754
68.0 0.9432945043678272
69.0 0.9466517919114318
70.0 0.9831783736196482
71.0 1.0417322699925768
72.0 1.0632987231138737
73.0 1.0274206769368317
74.0 1.0833213263474164
75.0 1.1250443057033637
76.0 1.1832504941438304
77.0 1.1539400218150717
78.0 1.2025495550118968
79.0 1.1788650262856888
80.0 1.1622169233104291
81.0 1.179601234171505
82.0 1.1635294065029447
83.0 1.1851526176605973
84.0 1.2011254851237412
85.0 1.2368632268809812
86.0 1.1599734806724133
87.0 1.1898469762276098
88.0 1.1751350655751283
89.0 1.096178858469865
90.0 1.1981983864406445
91.0 1.1262404210397132
92.0 1.109888957243045
93.0 1.1216593347902524
94.0 1.0248895147359758
95.0 1.0412260314711463
96.0 0.9891615661794765
97.0 1.024547464486951
98.0 0.9319158110759382
99.0 0.9045631972517454
100.0 0.9222091275493954
101.0 0.9339116309290135
102.0 0.8612412369771432
103.0 0.8509357466632164
104.0 0.8643927859514189
105.0 0.8062006112172002
106.0 0.7789656459375125
107.0 0.8444105250618066
108.0 0.7852727939392745
109.0 0.8103600468220091
110.0 0.744182899280949
111.0 0.816296681437249
112.0 0.7999431419248921
113.0 0.8283759187336638
114.0 0.8463181818494744
115.0 0.809699838840282
116.0 0.8108651455175867
117.0 0.8094300069846663
118.0 0.9324949078462524
119.0 0.8814433840996262
120.0 0.9509102993464764
