Time NormalisedFlux
0.0 1.1327990306034645
1.0 1.047429023269055
2.0 1.1084313683480402
3.0 1.0503646767626813
4.0 1.0364406388101643
5.0 1.0204334776231694
6.0 1.0072998129454245
7.0 0.8831276659175505
8.0 0.9535635980204253
9.0 0.9041095278630135
10.0 0.8741785159860668
11.0 0.8548461955964386
12.0 0.8873943472484344
13.0 0.7957388564335268
14.0 0.8514281730943035
15.0 0.8511359952502074
16.0 0.7757947103230601
17.0 0.8138679937980781
18.0 0.7994801162893345
19.0 0.814522080453683
20.0 0.7984038795480494
21.0 0.85000593291374
22.0 0.7465484422869129
23.0 0.7834892576303973
24.0 0.862048250843281
25.0 0.8530759771920937
26.0 0.8487773388574681
27.0 0.9079255951690123
28.0 0.9257262721075936
29.0 0.9814387905069767
30.0 0.9548982230836145
31.0 1.007833845297856
32.0 1.0535858207265487
33.0 1.081535266555219
34.0 1.0863884433405526
35.0 1.0340321799139855
36.0 1.0965441745482976
37.0 1.0920500334195422
38.0 1.1469770621067448
39.0 1.101361684131206
40.0 1.1652895422074878
41.0 1.2115340237106529
42.0 1.149607591073985
43.0 1.186261300706086
44.0 1.188072010994757
45.0 1.1744636340741703
46.0 1.147005493853015
47.0 1.1890304524607813
48.0 1.1826861033983824
49.0 1.1862049048346857
50.0 1.1467618532786168
51.0 1.1582606897898862
52.0 1.131992676123836
53.0 1.1055458110262009
54.0 1.0854947701407793
55.0 1.1500398311848783
56.0 0.9955157835497199
57.0 1.043982494727309
58.0 0.9812166391044824
59.0 0.990670054900282
60.0 0.9540715345633934
61.0 0.9578385232843886
62.0 0.8908201857431208
63.0 0.9015445506415553
64.0 0.7926196269638315
65.0 0.8633660681762662
66.0 0.7888220547498997
67.0 0.8248091629858875
68.0 0.8527869560267543
69.0 0.7711883892392447
70.0 0.8098113370949837
71.0 0.7954951921603796
72.0 0.813902402029694
73.0 0.7785474773197533
74.0 0.7689445070570189
75.0 0.824790535999832
76.0 0.8396483884242656
77.0 0.8319396594421655
78.0 0.8461994324883098
79.0 0.8420360328918314
80.0 0.8838137954177692
81.0 0.9058149746233177
82.0 0.9122708491204824
83.0 0.9966499780796292
84.0 0.994031348781717
85.0 0.9957219915726367
86.0 1.0603613613147613
87.0 1.035087485783974
88.0 1.1143393808584756
89.0 1.0705463629879104
90.0 1.0849536883088036
91.0 1.0484113239188781
92.0 1.168048463659368
93.0 1.1364076617018792
94.0 1.1613157736505575
95.0 1.143574197120943
96.0 1.2539763765843284
97.0 1.1676852003450793
98.0 1.190449167163932
99.0 1.2119052367325427
100.0 1.1594918288212737
101.0 1.1711151289823767
102.0 1.1516358628439525
103.0 1.1492885186394022
104.0 1.1840556755740546
105.0 1.123717376210097
106.0 1.1575876793274418
107.0 1.1130018130123958
108.0 1.0995377465306917
109.0 1.0908514950645363
110.0 1.076487108072864
111.0 1.0446978050119404
112.0 0.944678127117825
113.0 0.9917231815603832
114.0 0.9636640372343948
115.0 0.9888597232104207
116.0 0.8833317920947145
117.0 0.8545782237040492
118.0 0.8283075286383879
119.0 0.8035089141920111
120.0 0.8401704024696889
