Name Equatorial Polar BlueF GreenF RedF Parallax RadialVelocity Variable?
S185730 130.7164 68.2473 4.147e-20 5.1240000000000005e-20 5.774000000000001e-20 0.0 46.72 0.0
S185731 130.6642 68.2596 1.277e-22 2.689e-22 9.238e-22 0.0 46.11 0.0
S185735 130.7036 68.2049 4.698999999999999e-22 9.229e-22 2.6840000000000002e-21 0.0 48.15 0.0
S185736 130.686 68.2384 3.3080000000000002e-21 5.025e-21 8.291e-21 0.0 46.9 0.0
S185739 130.6796 68.2557 1.116e-20 1.531e-20 2.1230000000000003e-20 0.0 45.66 0.0
S185740 130.6755 68.2311 2.881e-21 4.484e-21 7.937e-21 0.0 47.34 0.0
S185744 130.7162 68.2462 1.538e-19 1.576e-19 1.212e-19 0.0 46.59 0.0
S185745 130.6957 68.2443 9.497000000000001e-20 1.086e-19 1.01e-19 0.0 46.47 0.0
S185746 130.5035 68.3734 2.815e-21 4.261e-21 7.149e-21 0.0 45.93 0.0
S185748 130.644 68.3223 1.237e-19 1.412e-19 1.323e-19 0.0 45.41 0.0
S185749 130.7116 68.2374 3.615e-22 6.728e-22 1.757e-21 0.0 46.96 0.0
S185750 130.686 68.2527 2.5059999999999997e-22 5.173999999999999e-22 1.728e-21 0.0 45.86 0.0
S185752 130.6905 68.2604 4.997e-20 5.899e-20 6.153000000000001e-20 0.0 45.79 0.0
S185754 130.7019 68.2609 6.148e-21 9.391000000000001e-21 1.6230000000000003e-20 0.0 45.83 0.0
S185756 130.6842 68.2438 3.853e-21 5.816e-21 9.952e-21 0.0 46.1 0.0
S185760 130.6878 68.2404 1.123e-21 1.837e-21 3.747e-21 0.0 46.16 0.0
S185761 130.6669 68.2717 2.813e-22 5.467e-22 1.589e-21 0.0 45.69 0.0
S185762 130.755 68.3958 4.250999999999999e-22 8.323999999999999e-22 2.328e-21 0.0 45.28 0.0
S185763 130.6992 68.2429 1.391e-18 1.261e-18 7.472e-19 0.0 46.62 0.0
S185766 130.6919 68.2793 1.732e-20 2.1690000000000002e-20 2.4380000000000002e-20 0.0 45.46 1.0
S185767 130.6279 68.2037 1.42e-21 2.28e-21 4.4170000000000004e-21 0.0 47.62 0.0
S185768 130.7349 68.2382 1.001e-14 6.779e-15 2.203e-15 0.0 47.07 0.0
S185770 130.6734 68.1749 2.706e-21 4.091e-21 6.975e-21 0.0 48.35 0.0
S185771 130.6878 68.2422 1.383e-20 1.8170000000000002e-20 2.2830000000000002e-20 0.0 45.61 0.0
S185774 130.7458 68.2593 1.461e-19 1.538e-19 1.238e-19 0.0 46.54 0.0
S185775 130.6844 68.2457 1.346e-19 1.46e-19 1.268e-19 0.0 45.89 0.0
S185776 130.6833 68.2452 5.682e-18 8.19e-18 1.257e-17 0.0 46.17 0.0
S185778 130.6609 68.2418 4.016e-19 4.022e-19 2.9e-19 0.0 46.74 0.0
S185780 130.6959 68.2265 3.918e-21 6.321e-21 1.206e-20 0.0 47.72 0.0
S185782 130.6699 68.2486 1.582e-21 2.477e-21 4.514e-21 0.0 46.18 0.0
S185784 130.7608 68.3046 3.5420000000000006e-20 4.3490000000000007e-20 4.9700000000000007e-20 0.0 45.88 0.0
S185785 130.6792 68.2372 1.115e-14 7.534e-15 2.404e-15 0.0 47.52 0.0
S185790 130.6095 68.2603 2.752e-20 3.436e-20 3.913e-20 0.0 46.52 0.0
S185791 130.6965 68.1251 2.4769999999999997e-22 4.7909999999999995e-22 1.343e-21 0.0 48.69 0.0
S185792 130.6914 68.2367 5.364e-21 7.361e-21 9.97e-21 0.0 47.59 0.0
S185793 130.7211 68.1922 4.942e-22 8.590999999999998e-22 1.897e-21 0.0 48.16 0.0
S185794 130.6823 68.1831 1.14e-18 1.916e-18 4.005e-18 0.0 48.49 0.0
S185796 130.6743 68.2543 4.449e-19 4.201e-19 2.808e-19 0.0 45.79 0.0
S185798 130.6829 68.2491 5.875e-21 8.383e-21 1.292e-20 0.0 45.97 0.0
S185800 130.673 68.2343 1.5300000000000002e-20 2.001e-20 2.457e-20 0.0 47.22 0.0
S185801 130.6989 68.2639 2.828e-22 4.846999999999999e-22 1.056e-21 0.0 45.77 0.0
S185804 130.696 68.2309 2.558e-18 2.21e-18 1.183e-18 0.0 47.51 0.0
S185806 130.697 68.2348 1.264e-19 1.412e-19 1.313e-19 0.0 47.38 0.0
S185811 130.7162 68.2216 1.775e-21 2.745e-21 4.926e-21 0.0 47.66 0.0
S185812 130.7437 68.151 2.496e-22 4.819999999999999e-22 1.382e-21 0.0 48.29 0.0
S185814 130.7182 68.2347 1.75e-21 2.882e-21 5.873e-21 0.0 47.12 0.0
S185816 130.7557 68.0939 1.3419999999999998e-22 2.8979999999999996e-22 1.059e-21 0.0 48.62 0.0
S185817 130.7096 68.2393 8.649e-19 8.133e-19 5.427e-19 0.0 46.85 0.0
S185818 130.6942 68.2215 2.1420000000000002e-20 2.786e-20 3.3840000000000005e-20 0.0 48.13 0.0
S185822 130.6482 68.2687 6.625e-21 9.231e-21 1.325e-20 0.0 46.12 0.0
S185823 130.6827 68.2285 6.5299999999999995e-22 1.18e-21 2.854e-21 0.0 47.9 0.0
S185824 130.6959 68.2374 7.956000000000001e-20 8.937e-20 8.067e-20 0.0 47.04 0.0
S185827 130.6915 68.2373 1.797e-20 2.3860000000000002e-20 3.086e-20 0.0 47.51 0.0
S185828 130.6855 68.2387 2.0169999999999998e-22 3.8039999999999995e-22 1.019e-21 0.0 45.12 0.0
S185829 130.7226 68.1924 1.0410000000000001e-20 1.394e-20 1.9060000000000003e-20 0.0 47.97 0.0
S185832 130.6927 68.2469 1.403e-18 2.13e-18 3.583e-18 0.0 45.93 0.0
S185834 130.6803 68.2426 1.621e-19 1.772e-19 1.536e-19 0.0 46.63 0.0
S185835 130.6598 68.2705 7.721e-22 1.246e-21 2.543e-21 0.0 45.7 0.0
S185838 130.6966 68.3267 1.2240000000000001e-20 1.653e-20 2.222e-20 0.0 45.28 0.0
S185839 130.8662 68.3131 4.5660000000000004e-20 5.445e-20 5.573e-20 0.0 46.46 0.0
S185847 130.6896 68.2391 2.3750000000000003e-20 2.974e-20 3.388e-20 0.0 46.07 0.0
S185850 130.6053 68.2061 4.1099999999999996e-22 7.323999999999999e-22 1.793e-21 0.0 47.43 0.0
S185851 130.7029 68.1557 2.609e-14 1.763e-14 5.847e-15 0.0 48.42 0.0
S185854 130.7064 68.2903 9.784e-19 8.747e-19 4.96e-19 0.0 45.46 0.0
S185856 130.7077 68.2824 1.9429999999999998e-22 3.9409999999999998e-22 1.2230000000000001e-21 0.0 45.57 0.0
S185857 130.6583 68.2734 3.845e-22 7.383999999999999e-22 2.057e-21 0.0 45.73 0.0
S185858 130.6629 68.1671 3.229e-21 5.086e-21 9.647e-21 0.0 48.33 0.0
S185859 130.6324 68.3267 6.643e-19 1.316e-18 3.871e-18 0.0 45.45 0.0
S185861 130.6775 68.2202 1e-18 9.44e-19 6.154e-19 0.0 47.97 0.0
S185862 130.67 68.2459 2.8389999999999996e-22 5.419e-22 1.472e-21 0.0 46.42 0.0
S185863 130.683 68.2552 2.6099999999999997e-22 4.819999999999999e-22 1.268e-21 0.0 45.77 0.0
S185866 130.6347 68.3663 3.3940000000000004e-21 5.044e-21 8.286000000000001e-21 0.0 45.22 0.0
S185868 130.6794 68.2452 9.193999999999999e-22 1.5530000000000001e-21 3.288e-21 0.0 45.85 0.0
S185869 130.762 68.1128 2.376e-22 4.436e-22 1.146e-21 0.0 48.59 0.0
S185870 130.6925 68.2513 4.954e-19 4.999e-19 3.635e-19 0.0 46.12 0.0
S185871 130.6827 68.2296 4.578999999999999e-22 8.332999999999999e-22 2.049e-21 0.0 47.82 0.0
S185873 130.6846 68.2387 4.999e-18 4.07e-18 1.947e-18 0.0 46.04 0.0
S185874 130.6164 68.2653 5.354999999999999e-22 9.833e-22 2.4700000000000002e-21 0.0 46.36 0.0
S185875 130.7292 68.3035 3.316e-14 2.294e-14 7.742e-15 0.0 45.71 0.0
S185876 130.758 68.271 1.078e-20 1.4680000000000002e-20 1.9650000000000002e-20 0.0 46.46 0.0
S185878 130.7054 68.2325 3.166e-20 4.045e-20 4.8700000000000004e-20 0.0 47.34 0.0
S185879 130.6883 68.2322 1.859e-20 2.3180000000000002e-20 2.588e-20 0.0 47.65 0.0
S185880 130.7075 68.2145 2.6800000000000002e-20 3.1850000000000004e-20 3.222e-20 0.0 47.78 0.0
S185882 130.6435 68.2955 1.014e-19 1.155e-19 1.109e-19 0.0 45.68 0.0
S185884 130.7749 68.1146 4.0420000000000003e-20 4.948e-20 5.362e-20 0.0 48.26 0.0
S185887 130.6688 68.2484 2.149e-18 5.719e-18 3.039e-17 0.0 46.21 1.0
S185889 130.6876 68.2483 4.595999999999999e-22 8.278999999999999e-22 1.93e-21 0.0 45.87 0.0
S185891 130.5998 68.2372 3.244e-22 6.209e-22 1.763e-21 0.0 46.93 0.0
S185893 130.6663 68.2902 1.765e-19 1.95e-19 1.751e-19 0.0 45.51 0.0
S185894 130.6616 68.2632 3.86e-21 6.011e-21 1.0860000000000001e-20 0.0 46.0 0.0
S185897 130.6689 68.2446 8.987e-19 1.466e-18 2.935e-18 0.0 46.57 0.0
S185899 130.6742 68.2636 5.729e-19 5.348e-19 3.235e-19 0.0 45.71 0.0
S185905 130.6853 68.2424 2.467e-19 2.636e-19 2.168e-19 0.0 46.16 0.0
S185906 130.701 68.2246 1.448e-22 2.845e-22 8.541999999999999e-22 0.0 47.8 0.0
S185907 130.7302 68.2089 1.348e-19 1.513e-19 1.376e-19 0.0 47.61 0.0
S185908 130.7022 68.25 3.959e-19 3.891e-19 2.79e-19 0.0 46.28 0.0
S185910 130.6805 68.2423 2.814e-22 5.097999999999999e-22 1.282e-21 0.0 46.56 0.0
S185912 130.6947 68.2429 2.5589999999999997e-22 4.566999999999999e-22 1.076e-21 0.0 46.49 0.0
S185914 130.6734 68.2594 1.103e-19 1.262e-19 1.172e-19 0.0 45.83 0.0
S185916 130.6846 68.2474 3.7469999999999997e-22 7.097e-22 1.949e-21 0.0 45.92 0.0
S185917 130.6459 68.3157 2.723e-21 4.38e-21 8.545e-21 0.0 45.48 0.0
S185918 130.6973 68.2245 6.239999999999999e-22 1.052e-21 2.271e-21 0.0 47.82 0.0
S185919 130.7434 68.1785 8.288e-21 1.175e-20 1.722e-20 0.0 48.08 0.0
S185921 130.6893 68.2371 9.93e-19 9.253e-19 5.789e-19 0.0 47.24 0.0
S185923 130.7061 68.2312 2.43e-21 3.926e-21 7.585000000000001e-21 0.0 47.24 0.0
S185924 130.6865 68.2594 1.615e-19 1.836e-19 1.754e-19 0.0 45.75 0.0
S185925 130.74 68.138 7.869e-14 5.627e-14 2.187e-14 0.0 48.28 0.0
S185926 130.7192 68.2036 1.874e-18 3.33e-18 7.633e-18 0.0 47.87 0.0
S185927 130.6773 68.2362 1.3669999999999998e-22 2.5509999999999997e-22 6.667e-22 0.0 47.38 0.0
S185928 130.6861 68.2382 4.838e-21 6.431e-21 8.574e-21 0.0 46.13 0.0
S185929 130.6814 68.2828 7.426e-21 9.958e-21 1.3520000000000001e-20 0.0 45.36 0.0
S185932 130.6741 68.1736 8.428e-18 6.973e-18 3.459e-18 0.0 48.56 0.0
S185933 130.7049 68.276 3.221e-20 3.947e-20 4.2490000000000003e-20 0.0 45.54 0.0
S185934 130.6746 68.2254 1.8710000000000003e-20 2.4760000000000002e-20 3.0660000000000006e-20 0.0 47.73 0.0
S185935 130.6627 68.2304 1.84e-18 3.834e-18 1.273e-17 0.0 47.28 0.0
S185936 130.6918 68.2522 2.793e-14 1.897e-14 6.409e-15 0.0 45.94 0.0
S185938 130.6925 68.2243 7.093000000000001e-20 8.415000000000001e-20 8.719000000000001e-20 0.0 47.82 0.0
S185943 130.6876 68.2363 5.734e-21 8.787e-21 1.498e-20 0.0 48.17 0.0
S185944 130.7297 68.2603 1.634e-19 1.782e-19 1.472e-19 0.0 46.51 0.0
S185945 130.614 68.2607 4.611e-19 4.366e-19 2.933e-19 0.0 46.37 0.0
S185946 130.6797 68.2741 1.903e-18 3.205e-18 7.038e-18 0.0 45.5 0.0
S185947 130.666 68.188 4.09e-21 6.213e-21 1.1000000000000001e-20 0.0 48.13 0.0
S185948 130.6825 68.2229 1.543e-18 2.402e-18 4.359e-18 0.0 47.79 0.0
S185951 130.6806 68.2455 1.5930000000000002e-20 2.0780000000000003e-20 2.6350000000000002e-20 0.0 46.1 0.0
S185952 130.6967 68.2295 2.9899999999999997e-22 5.45e-22 1.35e-21 0.0 47.66 0.0
S185953 130.6646 68.1909 2.127e-21 3.181e-21 5.158e-21 0.0 48.18 0.0
S185954 130.7253 68.1107 1.645e-18 1.514e-18 9.233e-19 0.0 48.72 0.0
S185955 130.7282 68.2736 4.749e-19 4.769e-19 3.38e-19 0.0 46.03 0.0
S185957 130.72 68.2338 3.2530000000000005e-20 3.8120000000000005e-20 3.8110000000000006e-20 0.0 47.12 0.0
S185958 130.6457 68.2735 6.403000000000001e-20 7.083000000000001e-20 6.537e-20 0.0 45.95 0.0
S185959 130.6052 68.2951 3.015e-21 4.35e-21 6.4610000000000004e-21 0.0 45.86 0.0
S185961 130.6983 68.1922 1.644e-22 3.253e-22 9.690999999999998e-22 0.0 48.35 0.0
S185963 130.7291 68.2226 1.861e-18 3.564e-18 9.77e-18 0.0 47.58 0.0
S185965 130.7141 68.1996 6.453e-19 6.15e-19 4.165e-19 0.0 47.89 0.0
S185966 130.5844 68.2213 2.3350000000000002e-20 3.052e-20 3.6830000000000003e-20 0.0 46.97 0.0
S185967 130.6453 68.1615 2.715e-21 4.081e-21 6.906e-21 0.0 48.13 0.0
S185968 130.6883 68.2384 1.195e-22 2.464e-22 7.743999999999999e-22 0.0 46.84 0.0
S185977 130.687 68.2438 1.829e-19 1.878e-19 1.438e-19 0.0 45.96 0.0
S185978 130.7199 68.2496 1.6729999999999999e-22 3.578e-22 1.259e-21 0.0 46.47 0.0
S185979 130.6487 68.2097 1.534e-21 2.4460000000000002e-21 4.432e-21 0.0 47.52 0.0
S185981 130.655 68.2233 3.382e-18 2.873e-18 1.52e-18 0.0 47.35 0.0
S185984 130.6908 68.2492 4.515e-22 7.664999999999999e-22 1.68e-21 0.0 45.89 0.0
S185987 130.7589 68.2606 1.9170000000000002e-21 2.946e-21 5.241e-21 0.0 46.59 0.0
S185990 130.624 68.2501 8.76e-21 1.1520000000000001e-20 1.4960000000000002e-20 0.0 46.59 0.0
S185992 130.7051 68.2364 9.834e-21 1.381e-20 2.0210000000000002e-20 0.0 46.98 0.0
S185993 130.7545 68.2817 8.555e-21 1.2770000000000002e-20 2.0710000000000003e-20 0.0 45.49 0.0
S185994 130.6805 68.2847 4.752e-18 3.84e-18 1.877e-18 0.0 45.41 0.0
S185995 130.7013 68.2481 6.127000000000001e-20 6.6e-20 5.648e-20 0.0 46.47 0.0
S185999 130.6906 68.2537 1.035e-21 1.69e-21 3.264e-21 0.0 46.05 0.0
S186000 130.6781 68.2632 6.253999999999999e-22 1.145e-21 2.964e-21 0.0 45.89 0.0
S186001 130.7155 68.2276 1.568e-19 1.762e-19 1.562e-19 0.0 47.2 0.0
S186002 130.6988 68.264 7.993999999999999e-22 1.375e-21 3.015e-21 0.0 45.55 0.0
S186004 130.6755 68.2007 1.676e-18 1.516e-18 8.925e-19 0.0 48.32 0.0
S186005 130.6449 68.2604 7.795e-19 1.075e-18 1.55e-18 0.0 46.3 0.0
S186006 130.6575 68.2446 4.114e-20 5.0330000000000006e-20 5.62e-20 0.0 46.74 0.0
S186009 130.6948 68.2753 1.83e-18 1.561e-18 8.024e-19 0.0 45.59 0.0
S186010 130.6944 68.249 3.148e-14 2.088e-14 6.914e-15 0.0 45.86 0.0
S186011 130.6677 68.2513 2.569e-21 4.049e-21 7.437e-21 0.0 45.94 0.0
S186012 130.6716 68.2573 2.274e-21 3.324e-21 5.23e-21 0.0 45.82 0.0
S186013 130.6808 68.2372 9.15e-21 1.2900000000000001e-20 1.8960000000000002e-20 0.0 46.84 0.0
S186015 130.6671 68.2125 7.523e-14 5.749e-14 2.345e-14 0.0 48.01 1.0
S186016 130.7013 68.2136 2.445e-19 2.49e-19 1.861e-19 0.0 48.08 0.0
S186017 130.6598 68.2075 2.098e-18 3.649e-18 8.217e-18 0.0 48.42 0.0
S186018 130.7082 68.2374 9.765e-19 1.428e-18 2.344e-18 0.0 47.45 0.0
S186019 130.677 68.2523 1.756e-20 2.1730000000000002e-20 2.5270000000000003e-20 0.0 46.26 0.0
S186022 130.6926 68.2568 1.465e-18 1.368e-18 8.573e-19 0.0 45.97 0.0
S186023 130.6365 68.2486 4.7800000000000004e-20 5.847e-20 6.191e-20 0.0 46.47 0.0
S186024 130.6719 68.2235 1.37e-19 1.561e-19 1.53e-19 0.0 47.71 0.0
S186026 130.6374 68.237 7.984e-19 1.284e-18 2.534e-18 0.0 46.94 0.0
S186027 130.7166 68.2305 1.444e-21 2.342e-21 4.541e-21 0.0 47.48 0.0
S186028 130.7112 68.2132 8.24e-21 1.128e-20 1.6020000000000003e-20 0.0 47.89 0.0
S186029 130.6613 68.2631 1.3750000000000002e-20 1.8340000000000002e-20 2.35e-20 0.0 45.98 0.0
S186031 130.7264 68.2191 7.35e-18 6.159e-18 2.989e-18 0.0 47.96 0.0
S186032 130.69 68.2569 5.244e-22 9.847999999999999e-22 2.5710000000000002e-21 0.0 45.7 0.0
S186033 130.7278 68.2714 7.37e-19 1.239e-18 2.71e-18 0.0 45.56 0.0
S186034 130.6722 68.2393 2.804e-19 2.808e-19 2.072e-19 0.0 46.19 0.0
S186035 130.6821 68.2404 2.509e-19 2.737e-19 2.423e-19 0.0 46.18 0.0
S186036 130.711 68.2073 3.312e-18 2.91e-18 1.614e-18 0.0 48.0 0.0
S186037 130.668 68.2419 1.135e-19 1.251e-19 1.07e-19 0.0 46.57 0.0
S186038 130.6666 68.2354 1.318e-19 1.397e-19 1.176e-19 0.0 46.91 0.0
S186039 130.6617 68.2557 8.918e-19 1.527e-18 3.383e-18 0.0 45.69 0.0
S186041 130.7181 68.249 4.076e-19 4.093e-19 3.117e-19 0.0 46.37 0.0
S186042 130.6684 68.2651 7.916000000000001e-20 8.984e-20 8.832e-20 0.0 45.54 0.0
S186043 130.6543 68.2768 8.504e-21 1.1720000000000001e-20 1.583e-20 0.0 45.58 0.0
S186044 130.6925 68.2407 1.018e-18 9.23e-19 5.538e-19 0.0 46.79 0.0
S186046 130.7067 68.2184 1.002e-17 1.803e-17 4.423e-17 0.0 47.99 0.0
S186047 130.677 68.2303 9.456e-21 1.2650000000000002e-20 1.652e-20 0.0 47.23 0.0
S186049 130.666 68.2249 3.865e-19 4.025e-19 3.168e-19 0.0 47.89 0.0
S186050 130.7118 68.2479 5.233999999999999e-22 9.179e-22 2.192e-21 0.0 45.94 0.0
S186053 130.7074 68.2502 4.4630000000000003e-20 5.444000000000001e-20 5.867000000000001e-20 0.0 46.27 0.0
S186054 130.6422 68.2534 5.2960000000000004e-21 7.463e-21 1.1190000000000001e-20 0.0 46.3 0.0
S186055 130.6776 68.2059 1.979e-18 3.793e-18 1.051e-17 0.0 47.98 0.0
S186056 130.6931 68.1999 3.277e-20 4.0270000000000004e-20 4.4050000000000006e-20 0.0 48.49 0.0
S186057 130.6373 68.2252 2.973e-18 2.466e-18 1.252e-18 0.0 47.28 0.0
S186059 130.6529 68.2947 1.876e-18 2.881e-18 4.896e-18 0.0 45.25 0.0
S186061 130.7035 68.2024 3.971e-18 3.437e-18 1.832e-18 0.0 48.29 0.0
S186062 130.7206 68.2394 1.3039999999999998e-22 2.577e-22 7.621999999999999e-22 0.0 47.01 0.0
S186063 130.7109 68.2396 2.309e-21 3.651e-21 6.799e-21 0.0 46.91 0.0
S186064 130.6567 68.2142 8.687e-19 8.603e-19 6.271e-19 0.0 48.33 0.0
S186066 130.681 68.2315 3.769e-18 9.642e-18 5.075e-17 0.0 47.42 1.0
S186067 130.6902 68.2481 2.245e-18 3.758e-18 7.992e-18 0.0 46.49 0.0
S186070 130.6511 68.2714 9.143e-19 8.639e-19 5.459e-19 0.0 45.87 0.0
S186071 130.7045 68.2066 1.806e-18 3.105e-18 6.802e-18 0.0 48.12 0.0
S186072 130.695 68.2185 1.726e-22 2.925e-22 6.454999999999999e-22 0.0 47.73 0.0
S186074 130.6893 68.2666 3.1300000000000004e-20 3.769e-20 3.8810000000000005e-20 0.0 45.65 0.0
S186076 130.6918 68.2584 5.146e-18 4.405e-18 2.324e-18 0.0 45.63 0.0
S186077 130.6898 68.2356 1.386e-19 1.452e-19 1.188e-19 0.0 47.03 0.0
S186078 130.6622 68.2528 9.686e-14 7.555e-14 3.313e-14 0.0 46.16 1.0
S186079 130.6724 68.2091 2.4400000000000004e-20 3.063e-20 3.408e-20 0.0 48.15 0.0
S186080 130.6491 68.2685 8.725000000000001e-20 9.896e-20 9.144000000000001e-20 0.0 45.72 0.0
S186082 130.6703 68.2697 7.87e-20 9.355000000000001e-20 1.001e-19 0.0 45.42 0.0
S186085 130.6337 68.2226 8.331e-21 1.1380000000000001e-20 1.5480000000000002e-20 0.0 47.39 0.0
S186086 130.7031 68.2755 4.371999999999999e-22 7.608999999999999e-22 1.68e-21 0.0 45.79 0.0
S186089 130.7022 68.2245 4.46e-19 4.531e-19 3.337e-19 0.0 47.92 0.0
S186092 130.6731 68.2157 1.762e-19 1.856e-19 1.527e-19 0.0 47.99 0.0
S186093 130.7199 68.1968 5.291e-19 5.366e-19 4.131e-19 0.0 47.9 0.0
S186094 130.6466 68.2291 1.057e-17 8.076e-18 3.415e-18 0.0 47.18 0.0
S186096 130.6899 68.2332 7.096e-19 1.316e-18 3.364e-18 0.0 47.57 0.0
S186097 130.677 68.2709 5.015e-19 5.118e-19 3.805e-19 0.0 45.88 0.0
S186098 130.6711 68.2082 1.361e-18 1.208e-18 6.883e-19 0.0 48.02 0.0
S186101 130.695 68.2209 2.826e-18 5.895e-18 1.949e-17 0.0 47.82 0.0
S186102 130.7205 68.2568 5.023999999999999e-22 9.463999999999999e-22 2.496e-21 0.0 46.31 0.0
S186104 130.6621 68.2539 5.818e-18 4.755e-18 2.314e-18 0.0 46.28 0.0
S186105 130.665 68.2055 4.4410000000000005e-20 5.3090000000000006e-20 5.3380000000000005e-20 0.0 48.48 0.0
S186106 130.6299 68.2333 1.219e-17 9.53e-18 4.169e-18 0.001 46.98 1.0
S186108 130.6789 68.2199 4.0620000000000004e-20 4.7220000000000006e-20 4.7670000000000003e-20 0.0 47.9 0.0
S186109 130.7115 68.2654 4.013e-19 3.986e-19 2.868e-19 0.0 45.79 0.0
S186110 130.7174 68.2368 7.107e-19 6.661e-19 4.299e-19 0.0 47.01 0.0
S186114 130.6972 68.2649 1.251e-18 2.393e-18 6.495e-18 0.0 45.75 0.0
S186116 130.6923 68.226 2.734e-18 2.352e-18 1.224e-18 0.0 47.7 0.0
S186117 130.6742 68.2289 3.5490000000000006e-20 4.5250000000000004e-20 5.2220000000000004e-20 0.0 47.53 0.0
S186118 130.6265 68.2643 1.672e-18 3.091e-18 8.31e-18 0.0 46.29 0.0
S186119 130.7205 68.2486 9.801e-21 1.3050000000000001e-20 1.697e-20 0.0 46.44 0.0
S186121 130.6704 68.2206 1.697e-14 1.132e-14 3.66e-15 0.0 47.44 0.0
S186123 130.6971 68.2581 2.605e-18 4.247e-18 8.39e-18 0.0 46.11 0.0
S186124 130.6778 68.2069 1.456e-21 2.317e-21 4.446e-21 0.0 48.38 0.0
S186125 130.6537 68.2124 1.221e-18 2.449e-18 7.306e-18 0.0 47.71 0.0
S186127 130.701 68.2408 4.338e-21 6.694e-21 1.1410000000000001e-20 0.0 45.69 0.0
S186128 130.6692 68.216 5.096e-22 9.377e-22 2.477e-21 0.0 47.69 0.0
S186129 130.7173 68.2122 4.124e-19 3.984e-19 2.713e-19 0.0 48.54 0.0
S186131 130.6644 68.2332 5.23e-20 5.979e-20 5.645000000000001e-20 0.0 47.03 0.0
S186132 130.6876 68.2389 3.572e-18 3.026e-18 1.534e-18 0.0 46.83 0.0
S186139 130.679 68.2621 3.284e-19 3.515e-19 3.015e-19 0.0 45.55 0.0
S186141 130.7294 68.2468 2.089e-18 1.761e-18 9.167e-19 0.0 46.5 0.0
S186142 130.6783 68.254 1.799e-18 3.955e-18 1.477e-17 0.0 45.72 0.0
S186143 130.7149 68.2735 1.825e-18 3.012e-18 5.984e-18 0.0 45.69 0.0
S186144 130.6564 68.1948 3.5159999999999997e-22 6.609999999999999e-22 1.761e-21 0.0 48.19 0.0
S186145 130.7062 68.2221 6.498e-20 7.501e-20 7.287000000000001e-20 0.0 47.52 0.0
S186146 130.6523 68.2551 3.778e-19 6.988e-19 1.867e-18 0.0 46.34 0.0
S186149 130.6805 68.2481 1.355e-21 2.2680000000000002e-21 4.612e-21 0.0 45.82 0.0
S186150 130.7023 68.2289 1.94e-19 2.098e-19 1.79e-19 0.0 47.38 0.0
S186151 130.7032 68.2356 2.999e-18 2.668e-18 1.456e-18 0.0 47.06 0.0
S186152 130.7113 68.2347 5.166e-18 4.205e-18 2.041e-18 0.0 47.02 0.0
S186156 130.7044 68.2382 1.075e-21 1.815e-21 3.824e-21 0.0 46.94 0.0
S186158 130.672 68.2302 7.57e-19 7.286e-19 4.717e-19 0.0 47.34 0.0
S186159 130.701 68.2451 3.127e-21 4.696e-21 8.039e-21 0.0 46.64 0.0
S186160 130.6953 68.2342 7.38e-21 1.0410000000000001e-20 1.522e-20 0.0 47.12 0.0
S186161 130.6989 68.2449 1.5330000000000003e-20 2.0970000000000002e-20 3.0060000000000004e-20 0.0 46.52 0.0
S186163 130.6923 68.2451 1.34e-22 2.6829999999999996e-22 7.977999999999999e-22 0.0 46.49 0.0
S186164 130.7001 68.2345 1.476e-17 1.163e-17 5.256e-18 0.0 47.12 1.0
S186165 130.7061 68.2357 1.603e-18 1.485e-18 8.865e-19 0.0 47.11 0.0
S186167 130.71 68.2386 1.847e-19 1.996e-19 1.664e-19 0.0 47.01 0.0
S186168 130.6618 68.2408 8.481e-19 7.467e-19 4.313e-19 0.0 46.66 0.0
S186169 130.7028 68.2258 2.785e-17 2.067e-17 8.066e-18 0.0 47.48 0.0
S186170 130.6658 68.2386 3.896e-21 5.5940000000000005e-21 8.624e-21 0.0 46.85 0.0
S186171 130.6775 68.2339 1.357e-18 1.289e-18 8.498e-19 0.0 47.18 0.0
S186172 130.6816 68.2408 1.809e-21 2.955e-21 5.765e-21 0.0 46.61 0.0
S186173 130.6624 68.2341 7.423000000000001e-20 8.809000000000001e-20 8.826000000000001e-20 0.0 47.07 0.0
S186174 130.6576 68.2343 4.368e-22 7.609999999999999e-22 1.717e-21 0.0 46.96 0.0
S186175 130.7232 68.2434 1.354e-19 1.457e-19 1.175e-19 0.0 46.85 0.0
S186176 130.6669 68.2414 2.2839999999999997e-22 4.5239999999999995e-22 1.374e-21 0.0 46.72 0.0
S186177 130.7065 68.2266 5.956e-22 1.035e-21 2.4220000000000002e-21 0.0 47.44 0.0
S186178 130.671 68.2349 1.091e-18 9.666e-19 5.487e-19 0.0 47.0 0.0
S186180 130.6729 68.2397 1.072e-18 2.077e-18 6.061e-18 0.0 46.69 0.0
S186182 130.7037 68.236 5.945e-21 8.486e-21 1.242e-20 0.0 47.07 0.0
S186183 130.6581 68.2453 5.355e-19 4.961e-19 3.139e-19 0.0 46.57 0.0
S186185 130.6588 68.2434 3.604e-19 3.591e-19 2.593e-19 0.0 46.61 0.0
S186186 130.7078 68.2337 1.965e-21 3.156e-21 5.87e-21 0.0 47.11 0.0
S186188 130.6603 68.2482 7.078e-21 1.044e-20 1.6300000000000002e-20 0.0 46.27 0.0
S186189 130.7012 68.2372 1.1999999999999998e-22 2.384e-22 7.294999999999999e-22 0.0 47.05 0.0
S186190 130.6684 68.2277 9.028e-19 8.444e-19 5.315e-19 0.0 47.36 0.0
S186191 130.6661 68.2477 1.463e-19 1.546e-19 1.203e-19 0.0 46.38 0.0
S186192 130.7077 68.2338 3.106e-18 6.358e-18 2.063e-17 0.0 47.04 0.0
S186194 130.7237 68.2429 2.396e-21 3.695e-21 6.512e-21 0.0 46.81 0.0
S186195 130.7044 68.2422 8.923e-14 7.103e-14 3.258e-14 0.0 46.64 1.0
S186196 130.6658 68.2345 5.867e-19 1.129e-18 3.261e-18 0.0 46.99 0.0
S186197 130.6715 68.234 9.672e-19 9.145e-19 5.83e-19 0.0 47.06 0.0
S186199 130.7106 68.2265 2.535e-18 2.196e-18 1.175e-18 0.0 47.4 0.0
S186201 130.6532 68.2347 2.257e-20 2.782e-20 3.127e-20 0.0 47.06 0.0
S186202 130.6762 68.2415 1.485e-18 1.365e-18 8.29e-19 0.0 46.61 0.0
S186204 130.7179 68.2368 1.978e-18 1.746e-18 9.874e-19 0.0 46.99 0.0
S186205 130.702 68.2334 8.069e-18 6.403e-18 3.04e-18 0.0 47.1 0.0
S186208 130.7093 68.2246 6.559e-19 1.265e-18 3.415e-18 0.0 47.32 0.0
S186209 130.6956 68.2516 1.75e-21 2.935e-21 6.094e-21 0.0 46.16 0.0
S186213 130.7192 68.2437 4.492999999999999e-22 8.087999999999999e-22 2.043e-21 0.0 46.65 0.0
S186214 130.6654 68.2318 5.638e-21 8.462e-21 1.3890000000000002e-20 0.0 47.06 0.0
S186216 130.6466 68.2451 6.613e-19 6.129e-19 3.934e-19 0.0 46.65 0.0
S186217 130.6481 68.2483 2.116e-19 2.246e-19 1.774e-19 0.0 46.51 0.0
S186219 130.6595 68.2474 1.329e-18 1.186e-18 7.009e-19 0.0 46.48 0.0
S186220 130.7122 68.2398 4.802e-18 1.179e-17 5.538e-17 0.0 46.83 1.0
S186221 130.6618 68.2375 3.103e-18 5.051e-18 9.667e-18 0.0 46.93 0.0
S186222 130.6509 68.2416 1.144e-14 7.684e-15 2.51e-15 0.0 46.78 0.0
S186223 130.6642 68.234 3.869e-18 3.078e-18 1.447e-18 0.0 47.15 0.0
S186224 130.6576 68.252 8.692e-19 1.545e-18 3.682e-18 0.0 46.44 0.0
S186226 130.6689 68.247 4.347e-18 3.526e-18 1.7e-18 0.0 46.45 0.0
S186227 130.6651 68.2241 9.916000000000001e-20 1.099e-19 9.613e-20 0.0 47.5 0.0
S186228 130.6512 68.2451 3.3240000000000003e-20 3.9300000000000005e-20 3.9700000000000006e-20 0.0 46.58 0.0
S186229 130.7213 68.2254 1.653e-21 2.58e-21 4.641e-21 0.0 47.41 0.0
S186230 130.6562 68.2368 7.132e-20 7.866e-20 7.126000000000001e-20 0.0 46.85 0.0
S186232 130.7306 68.2306 4.116e-19 4.091e-19 2.915e-19 0.0 47.15 0.0
S186233 130.6614 68.2394 7.823e-18 5.944e-18 2.513e-18 0.0 46.79 0.0
S186234 130.6547 68.2484 1.25e-21 2.286e-21 5.63e-21 0.0 46.56 0.0
S186235 130.6674 68.2503 1.2430000000000001e-20 1.563e-20 1.8380000000000002e-20 0.0 46.37 0.0
S186236 130.6503 68.2419 1.45e-19 1.623e-19 1.538e-19 0.0 46.66 0.0
S186237 130.6495 68.2403 1.399e-22 2.954e-22 9.714e-22 0.0 46.82 0.0
S186239 130.7251 68.2376 1.6169999999999998e-22 3.468e-22 1.195e-21 0.0 47.04 0.0
S186240 130.721 68.2301 2.0720000000000002e-20 2.6410000000000003e-20 3.107e-20 0.0 47.2 0.0
S186242 130.713 68.2341 1.383e-20 1.8790000000000002e-20 2.571e-20 0.0 47.1 0.0
S186245 130.6414 68.2364 1.279e-17 9.916e-18 4.382e-18 0.0 46.89 0.0
S186246 130.7236 68.2395 2.775e-22 4.848999999999999e-22 1.121e-21 0.0 46.75 0.0
S186247 130.6739 68.2356 8.881e-18 7.23e-18 3.466e-18 0.0 46.95 0.0
S186248 130.6532 68.2296 1.848e-18 3.378e-18 8.624e-18 0.0 47.15 0.0
S186250 130.7251 68.2312 4.772e-18 7.755e-18 1.503e-17 0.0 47.05 0.0
S186254 130.6526 68.2381 2.946e-21 4.185e-21 6.332e-21 0.0 46.83 0.0
S186255 130.7231 68.2333 5.19e-20 6.401000000000001e-20 6.93e-20 0.0 47.09 0.0
S186256 130.6543 68.2372 5.995e-20 6.950000000000001e-20 6.746e-20 0.0 46.89 0.0
S186257 130.7225 68.2392 1.608e-20 2.0780000000000003e-20 2.6610000000000003e-20 0.0 46.96 0.0
S186258 130.7214 68.2339 1.741e-22 3.549e-22 1.102e-21 0.0 47.09 0.0
S186260 130.7203 68.245 6.878e-19 1.251e-18 3.16e-18 0.0 46.66 0.0
S186261 130.728 68.2388 1.451e-18 2.392e-18 4.876e-18 0.0 47.03 0.0
S186262 130.7203 68.2333 1.51e-18 2.712e-18 6.445e-18 0.0 47.11 0.0
S186263 130.6521 68.2453 1.4349999999999998e-22 2.746e-22 7.833999999999999e-22 0.0 46.52 0.0
S186266 130.6437 68.251 4.453e-21 6.872e-21 1.2140000000000001e-20 0.0 46.39 0.0
S186267 130.6518 68.2367 2.838e-18 2.34e-18 1.173e-18 0.0 47.01 0.0
S186268 130.6598 68.2491 1.437e-18 1.282e-18 7.658e-19 0.0 46.34 0.0
S186270 130.6536 68.2337 5.1e-20 5.815e-20 5.478e-20 0.0 46.93 0.0
S186271 130.738 68.2376 4.253999999999999e-22 8.295999999999999e-22 2.342e-21 0.0 46.98 0.0
S186272 130.7169 68.2418 4.6900000000000004e-20 5.3230000000000006e-20 4.983e-20 0.0 46.99 0.0
S186273 130.734 68.2364 5.041e-19 5.04e-19 3.668e-19 0.0 46.93 0.0
S186274 130.7128 68.2359 6.524000000000001e-20 7.383000000000001e-20 6.918e-20 0.0 47.05 0.0
S186275 130.7144 68.2449 5.5940000000000005e-21 8.484e-21 1.497e-20 0.0 46.78 0.0
S186277 130.6538 68.242 2.0889999999999999e-22 4.1919999999999997e-22 1.257e-21 0.0 46.63 0.0
S186280 130.7362 68.2415 4.121e-22 7.566999999999999e-22 1.939e-21 0.0 46.78 0.0
S186282 130.6499 68.244 4.934e-20 5.875e-20 6.045000000000001e-20 0.0 46.52 0.0
S186283 130.6323 68.2504 2.309e-17 1.717e-17 6.939e-18 0.0 46.54 0.0
S186284 130.7265 68.2349 2.223e-21 3.443e-21 6.18e-21 0.0 47.0 0.0
S186285 130.638 68.2356 5.983e-21 8.903e-21 1.483e-20 0.0 46.85 0.0
S186288 130.6625 68.2416 2.86e-18 4.716e-18 9.735e-18 0.0 46.65 0.0
S186289 130.6428 68.24 3.243e-21 4.849e-21 8.283e-21 0.0 46.68 0.0
S186290 130.7345 68.2428 1.876e-18 1.753e-18 1.121e-18 0.0 46.8 0.0
S186291 130.6562 68.2462 1.173e-21 1.824e-21 3.315e-21 0.0 46.51 0.0
S186292 130.721 68.2297 1.74e-18 1.533e-18 8.509e-19 0.0 47.09 0.0
S186293 130.6548 68.242 1.32e-20 1.7020000000000003e-20 2.0760000000000002e-20 0.0 46.79 0.0
S186294 130.6509 68.2416 2.991e-19 3.054e-19 2.25e-19 0.0 46.67 0.0
S186295 130.6449 68.2369 3.3240000000000003e-20 4.3110000000000004e-20 5.541e-20 0.0 46.95 0.0
S186296 130.7364 68.2352 1.652e-21 2.746e-21 5.73e-21 0.0 47.12 0.0
S186297 130.7216 68.2369 1.545e-17 1.16e-17 4.594e-18 0.0 46.98 0.0
S186298 130.6408 68.2415 1.206e-19 1.374e-19 1.283e-19 0.0 46.63 0.0
S186300 130.6469 68.2365 6.489e-18 5.365e-18 2.644e-18 0.0 46.93 0.0
S186302 130.7314 68.2282 1.763e-17 1.367e-17 5.818e-18 0.0 47.23 1.0
S186305 130.6406 68.2381 2.687e-18 5.498e-18 1.722e-17 0.0 46.81 0.0
S186306 130.637 68.2453 1.272e-18 2.181e-18 4.851e-18 0.0 46.64 0.0
S186307 130.7392 68.242 6.213e-19 5.987e-19 4.093e-19 0.0 46.87 0.0
S186308 130.6412 68.2424 2.133e-21 3.4650000000000004e-21 6.852e-21 0.0 46.64 0.0
S186309 130.716 68.2317 2.0280000000000002e-20 2.6900000000000002e-20 3.359e-20 0.0 47.22 0.0
S186310 130.7227 68.2342 2.346e-19 2.492e-19 2.035e-19 0.0 47.06 0.0
S186311 130.6325 68.2323 3.539e-21 5.395e-21 9.052e-21 0.0 47.04 0.0
S186312 130.7356 68.2246 3.341e-21 5.231e-21 9.768e-21 0.0 47.17 0.0
S186313 130.6515 68.2398 1.005e-18 8.88e-19 4.994e-19 0.0 46.84 0.0
S186314 130.6455 68.2329 2.024e-18 4.041e-18 1.215e-17 0.0 47.07 0.0
S186315 130.6532 68.248 5.7869999999999995e-22 9.998999999999999e-22 2.311e-21 0.0 46.56 0.0
S186317 130.7319 68.2223 3.795e-18 9.607e-18 4.815e-17 0.0 47.49 1.0
S186321 130.6336 68.2364 8.216e-19 1.567e-18 4.272e-18 0.0 46.94 0.0
S186322 130.636 68.246 1.819e-18 2.952e-18 5.9e-18 0.0 46.57 0.0
S186323 130.733 68.2307 1.9410000000000002e-20 2.467e-20 2.864e-20 0.0 47.18 0.0
S186325 130.6521 68.247 5.817e-18 4.766e-18 2.322e-18 0.0 46.42 0.0
S186326 130.6317 68.2425 3.6839999999999995e-22 6.908999999999999e-22 1.884e-21 0.0 46.75 0.0
S186327 130.6281 68.2426 1.8890000000000002e-20 2.5590000000000002e-20 3.456e-20 0.0 46.7 0.0
S186328 130.6321 68.2463 2.194e-19 2.234e-19 1.679e-19 0.0 46.59 0.0
S186329 130.7406 68.2237 9.943e-18 7.893e-18 3.621e-18 0.0 47.43 1.0
S186330 130.6368 68.2415 1.6550000000000002e-20 2.0760000000000002e-20 2.474e-20 0.0 46.71 0.0
S186331 130.6437 68.2399 1.086e-18 1.653e-18 2.819e-18 0.0 46.78 1.0
S186333 130.7505 68.2262 4.579e-14 3.385e-14 1.323e-14 0.0 47.14 0.0
S186334 130.6228 68.2447 8.951e-19 1.582e-18 3.582e-18 0.0 46.7 0.0
S186335 130.638 68.2547 3.4999999999999996e-22 6.454999999999999e-22 1.6480000000000001e-21 0.0 46.46 0.0
S186342 130.7476 68.2372 4.6430000000000005e-21 6.303e-21 8.54e-21 0.0 46.99 0.0
S186343 130.7411 68.2418 6.189e-22 1.059e-21 2.278e-21 0.0 46.84 0.0
S186344 130.7311 68.2242 1.73e-19 1.855e-19 1.546e-19 0.0 47.38 0.0
S186345 130.621 68.2406 6.823e-14 5.871e-14 3.092e-14 0.0 46.76 1.0
S186347 130.7407 68.2393 1.608e-18 1.421e-18 8.088e-19 0.0 46.84 0.0
S186349 130.7342 68.2284 5.962999999999999e-22 9.739e-22 1.988e-21 0.0 47.28 0.0
S186351 130.7468 68.2329 4.197e-18 3.455e-18 1.723e-18 0.0 47.2 0.0
S186352 130.7353 68.2418 1.059e-18 9.91e-19 6.524e-19 0.001 46.84 0.0
S186353 130.7249 68.2311 3.9229999999999996e-22 7.106999999999999e-22 1.751e-21 0.0 47.35 0.0
S186354 130.7417 68.2341 4.112e-18 9.616e-18 3.973e-17 0.0 47.03 1.0
S186355 130.6228 68.2462 1.4299999999999998e-22 3.1369999999999996e-22 1.137e-21 0.0 46.71 0.0
S186357 130.739 68.2403 4.134e-20 5.162e-20 5.731e-20 0.001 46.91 0.0
S186358 130.7426 68.2333 6.985e-15 9.278e-15 1.188e-14 0.0 47.06 0.0
S186359 130.6278 68.2355 1.386e-21 2.223e-21 4.346e-21 0.0 46.85 0.0
S186360 130.618 68.2291 1.035e-18 2.071e-18 6.276e-18 0.0 46.88 0.0
S186361 130.7411 68.235 4.213e-19 4.085e-19 2.901e-19 0.0 47.02 0.0
S186362 130.6195 68.2454 7.89e-19 1.238e-18 2.321e-18 0.0 46.65 0.0
S186363 130.7422 68.229 1.763e-20 2.3720000000000003e-20 3.271e-20 0.0 47.17 0.0
S186365 130.7301 68.2242 2.828e-18 4.125e-18 6.603e-18 0.0 47.3 0.0
S186367 130.6256 68.2343 6.413e-19 1.073e-18 2.22e-18 0.0 46.99 0.0
S186368 130.7479 68.2381 9.839e-19 8.891e-19 5.368e-19 0.0 46.89 0.0
S186370 130.7494 68.2305 1.693e-18 3.142e-18 7.887e-18 0.0 47.0 0.0
S186371 130.7471 68.2462 6.154e-19 6.172e-19 4.551e-19 0.0 46.88 0.0
S186372 130.6258 68.2464 2.483e-18 4.355e-18 9.849e-18 0.0 46.64 0.0
S186373 130.6101 68.2403 2.229e-22 4.491999999999999e-22 1.393e-21 0.0 46.72 0.0
S186374 130.7487 68.2375 1.998e-18 1.703e-18 8.87e-19 0.0 47.1 0.0
S186375 130.7385 68.2399 8.398e-19 1.48e-18 3.397e-18 0.0 46.85 0.0
S186376 130.6187 68.2408 1.7380000000000002e-20 2.294e-20 2.9440000000000004e-20 0.0 46.79 0.0
S186377 130.6198 68.2454 5.353e-19 5.557e-19 4.117e-19 0.0 46.83 0.0
S186378 130.7543 68.2241 1.736e-18 1.583e-18 9.386e-19 0.0 47.24 0.0
S186379 130.7422 68.2267 1.822e-19 1.932e-19 1.531e-19 0.0 47.24 0.0
S186380 130.6233 68.2415 1.51e-21 2.459e-21 4.917e-21 0.0 46.87 0.0
S186382 130.7461 68.2289 4.938e-21 7.116e-21 1.111e-20 0.0 47.19 0.0
S186383 130.6196 68.2383 9.064e-19 8.557e-19 5.49e-19 0.0 46.92 0.0
S186384 130.7516 68.239 4.806e-17 3.521e-17 1.382e-17 0.0 46.87 0.0
S186385 130.763 68.2173 6.4500000000000005e-21 8.931e-21 1.2720000000000002e-20 0.0 47.21 0.0
S186386 130.6222 68.254 6.398e-18 5.227e-18 2.611e-18 0.0 46.6 0.0
S186387 130.752 68.2249 2.596e-21 4.086e-21 7.593e-21 0.0 47.29 0.0
S186388 130.7444 68.239 2.555e-18 2.25e-18 1.284e-18 0.0 46.78 0.0
S186389 130.7592 68.2375 2.6510000000000003e-20 3.3720000000000004e-20 3.982e-20 0.0 46.91 0.0
S186390 130.6203 68.2428 2.494e-19 2.568e-19 1.886e-19 0.0 46.82 0.0
S186392 130.6213 68.2439 1.334e-19 1.482e-19 1.294e-19 0.0 46.56 0.0
S186393 130.6206 68.255 4.698e-18 3.881e-18 1.9e-18 0.0 46.45 0.0
S186395 130.608 68.2461 4.668e-18 4.041e-18 2.134e-18 0.0 46.73 0.0
S186397 130.7558 68.2299 5.1e-19 4.86e-19 3.109e-19 0.001 47.09 0.0
S186398 130.7639 68.234 1.6499999999999998e-22 3.0539999999999996e-22 8.151e-22 0.0 46.99 0.0
S186400 130.6098 68.2521 4.873e-19 4.664e-19 3.066e-19 0.0 46.45 0.0
S186401 130.6229 68.2655 9.189999999999999e-22 1.52e-21 2.964e-21 0.0 46.16 0.0
S186402 130.7746 68.2193 1.973e-20 2.5380000000000002e-20 2.974e-20 0.0 47.11 0.0
S186404 130.6255 68.2468 1.088e-18 1.889e-18 4.238e-18 0.0 46.63 0.0
S186406 130.6195 68.246 3.47e-17 2.626e-17 1.077e-17 0.0 46.72 1.0
S186407 130.7502 68.2378 9.741e-21 1.349e-20 1.9620000000000002e-20 0.0 46.93 0.0
S186408 130.76 68.2307 6.077e-14 4.462e-14 1.718e-14 0.0 46.95 0.0
S186410 130.7674 68.2105 3.88e-19 3.837e-19 2.711e-19 0.0 47.5 0.0
S186411 130.7489 68.2374 2.555e-19 2.665e-19 2.159e-19 0.0 46.89 0.0
S186413 130.6865 68.2382 8.49e-14 6.237e-14 2.433e-14 0.0 46.89 0.0
S186414 130.6865 68.2381 5.611e-20 6.829000000000001e-20 7.327000000000001e-20 0.0 51.87 0.0
S186415 130.6865 68.2382 9.114e-18 7.404e-18 3.361e-18 0.0 51.12 0.0
S186416 130.6863 68.2383 1.007e-18 1.57e-18 2.711e-18 0.0 43.48 0.0
S186417 130.7569 68.2364 1.402e-18 2.79e-18 8.509e-18 0.0 46.96 0.0
S186418 130.6173 68.2401 3.593e-18 5.975e-18 1.288e-17 0.0 46.72 0.0
S186419 130.6133 68.2423 1.002e-16 7.306e-17 2.862e-17 0.0 46.86 0.0
S186420 130.6157 68.2425 4.766e-17 3.276e-17 1.109e-17 0.0 46.81 0.0
S186421 130.7602 68.2316 6.174e-21 9.154e-21 1.481e-20 0.0 47.12 0.0
S186422 130.7594 68.2302 1.639e-20 2.3100000000000003e-20 3.518e-20 0.0 46.97 0.0
S186423 130.7552 68.2295 1.141e-17 2.96e-17 1.56e-16 0.0 47.11 1.0
S186424 130.758 68.2286 1.22e-16 8.513e-17 3.007e-17 0.0 47.08 0.0
S186425 130.7577 68.2259 1.082e-18 2.027e-18 5.314e-18 0.0 47.34 0.0
S186426 130.614 68.2505 4.9e-17 3.573e-17 1.366e-17 0.0 46.62 0.0
S186427 130.7592 68.2245 5.611e-16 3.743e-16 1.209e-16 0.0 47.1 0.0
S186428 130.61 68.2557 8.18e-19 8.232e-19 5.763e-19 0.0 46.52 0.0
S186429 130.6077 68.2564 3.014e-16 2.05e-16 6.941e-17 0.0 46.41 0.0
S186430 130.6166 68.2574 2.969e-18 2.517e-18 1.323e-18 0.0 46.44 0.0
S186431 130.7596 68.2175 6.594e-15 4.314e-15 1.372e-15 0.001 47.5 0.0
S186432 130.7642 68.2151 1.115e-17 8.674e-18 3.931e-18 0.0 47.4 1.0
S186433 130.6066 68.2628 6.775e-17 4.931e-17 1.909e-17 0.0 46.4 0.0
S186434 130.7657 68.2126 1.438e-15 9.526e-16 2.952e-16 0.0 47.42 0.0
S186435 130.614 68.2664 4.006e-16 2.744e-16 9.151e-17 0.0 46.3 0.0
S186436 130.6158 68.2674 2.127e-16 1.46e-16 4.972e-17 0.0 46.32 0.0
S186437 130.6137 68.2664 7.081e-19 1.511e-18 5.171e-18 0.0 46.4 0.0
S186438 130.7597 68.2038 4.306e-17 3.241e-17 1.396e-17 0.0 47.61 1.0
S186439 130.7616 68.2031 1.206e-16 3.762e-16 2.887e-15 0.0 47.46 1.0
S186440 130.6158 68.2735 1.858e-18 1.658e-18 9.573e-19 0.0 46.16 0.0
S186441 130.7566 68.2017 5.22e-18 4.294e-18 2.141e-18 0.0 47.65 0.0
S186442 130.6108 68.2769 8.883e-18 7.115e-18 3.152e-18 0.0 46.19 1.0
S186443 130.6178 68.2785 1.252e-17 9.715e-18 4.245e-18 0.0 46.06 0.0
S186444 130.7623 68.1937 1.188e-15 8.222e-16 2.909e-16 0.0 47.76 0.0
S186445 130.612 68.2865 1.38e-21 2.326e-21 4.9510000000000004e-21 0.0 46.04 0.0
S186447 130.7572 68.1883 6.962e-17 5.093e-17 1.978e-17 0.0 47.64 0.0
S186448 130.7619 68.185 1.286e-16 9.039e-17 3.245e-17 0.0 47.69 0.0
S186449 130.6118 68.2918 9.157e-19 8.933e-19 6.129e-19 0.0 46.04 0.0
S186450 130.6205 68.2947 5.778e-17 4.152e-17 1.528e-17 0.0 45.83 0.0
S186451 130.7606 68.1776 1.188e-16 8.428e-17 3.047e-17 0.0 47.86 0.0
S186452 130.6151 68.3018 2.086e-17 1.601e-17 6.748e-18 0.0 45.77 1.0
S186453 130.6138 68.3011 2.723e-17 2.041e-17 8.337e-18 0.0 45.63 1.0
S186454 130.6202 68.2998 7.589e-16 5.107e-16 1.693e-16 0.0 45.75 0.0
S186455 130.7542 68.1757 2.26e-17 1.774e-17 7.844e-18 0.0 47.95 1.0
S186456 130.6227 68.3057 3.065e-18 2.508e-18 1.223e-18 0.0 45.64 0.0
S186457 130.6196 68.3053 6.012e-17 4.321e-17 1.586e-17 0.0 45.84 0.0
S186458 130.7528 68.1628 2.685e-17 2.02e-17 8.328e-18 0.0 48.16 1.0
S186459 130.6198 68.308 6.646e-14 4.73e-14 1.738e-14 0.0 45.6 0.0
S186460 130.6224 68.3117 1.4710000000000003e-20 1.9610000000000003e-20 2.5700000000000002e-20 0.0 45.64 0.0
S186461 130.7519 68.1595 7.772e-18 6.528e-18 3.205e-18 0.0 48.26 0.0
S186462 130.6186 68.3213 3.25e-17 2.414e-17 9.591e-18 0.0 45.61 0.0
S186463 130.7496 68.16 1.522e-20 1.9920000000000003e-20 2.4960000000000003e-20 0.0 48.11 0.0
S186464 130.7471 68.1547 8.613e-14 6.249e-14 2.378e-14 0.0 48.33 0.0
S186465 130.623 68.3233 3.245e-17 2.498e-17 1.079e-17 0.0 45.45 1.0
S186466 130.6294 68.3314 3.666e-18 7.311e-18 2.164e-17 0.0 45.42 0.0
S186467 130.6252 68.327 4.435e-16 3.092e-16 1.056e-16 0.0 45.51 0.0
S186468 130.6291 68.3302 1.418e-16 1.022e-16 3.818e-17 0.0 45.48 0.0
S186469 130.6341 68.3336 3.484e-18 6.181e-18 1.443e-17 0.0 45.39 0.0
S186470 130.628 68.3329 8.778e-17 6.313e-17 2.406e-17 0.0 45.27 0.0
S186472 130.7384 68.1408 1.571e-17 1.256e-17 5.818e-18 0.0 48.76 0.0
S186473 130.7361 68.139 9.514e-19 8.848e-19 5.472e-19 0.0 48.47 0.0
S186474 130.7352 68.144 4.333e-18 8.161e-18 2.12e-17 0.0 48.55 0.0
S186475 130.641 68.3409 9.092e-17 6.272e-17 2.227e-17 0.0 45.14 0.0
S186476 130.7364 68.1334 3.763e-17 2.833e-17 1.143e-17 0.0 48.39 0.0
S186477 130.6411 68.3418 1.38e-17 1.072e-17 4.628e-18 0.0 45.32 1.0
S186478 130.6462 68.3412 8.129e-14 5.997e-14 2.354e-14 0.0 45.11 0.0
S186479 130.6447 68.3479 2.873e-16 1.981e-16 6.898e-17 0.0 45.22 0.0
S186480 130.7262 68.1231 3.147e-18 4.971e-18 9.244e-18 0.0 48.58 0.0
S186481 130.6504 68.3577 8.936e-17 6.283e-17 2.232e-17 0.0 44.99 0.0
S186482 130.7197 68.1234 2.957e-18 2.545e-18 1.391e-18 0.0 48.56 0.0
S186483 130.721 68.1349 1.072e-18 9.753e-19 5.933e-19 0.0 48.57 0.0
S186484 130.6574 68.3557 1.909e-18 1.719e-18 1.026e-18 0.0 45.17 0.0
S186485 130.7128 68.1178 3.944e-17 2.91e-17 1.142e-17 0.0 48.75 0.0
S186486 130.7124 68.1078 2.181e-16 1.473e-16 5.051e-17 0.0 48.72 0.0
S186487 130.7089 68.1129 1.431e-16 1.025e-16 3.771e-17 0.0 48.83 0.0
S186488 130.7059 68.1165 3.005e-17 2.243e-17 9.01e-18 0.0 48.72 0.0
S186489 130.6684 68.3644 1.528e-18 1.317e-18 7.189e-19 0.0 45.02 0.0
S186490 130.6708 68.3651 1.312e-17 1.006e-17 4.112e-18 0.0 45.12 1.0
S186491 130.6751 68.373 1.711e-14 1.154e-14 3.828e-15 0.0 44.92 0.0
S186492 130.6969 68.1173 5.409e-17 4.029e-17 1.654e-17 0.0 48.67 0.0
S186493 130.6924 68.1083 9.473e-17 6.851e-17 2.649e-17 0.0 48.66 0.0
S186494 130.6796 68.3646 6.515e-18 5.262e-18 2.548e-18 0.0 45.17 0.0
S186495 130.6835 68.3717 5.201e-17 3.807e-17 1.433e-17 0.0 45.07 0.0
S186496 130.6865 68.3689 1.116e-16 8.142e-17 3.1e-17 0.0 44.99 0.0
S186497 130.6895 68.3707 4.256e-18 1.595e-17 1.743e-16 0.0 44.96 1.0
S186498 130.6933 68.3669 9.534e-18 7.632e-18 3.6e-18 0.0 45.28 0.0
S186499 130.677 68.102 1.509e-16 1.1e-16 4.157e-17 0.0 48.76 0.0
S186500 130.6736 68.1069 2.21e-14 1.531e-14 5.25e-15 0.0 48.58 0.0
S186501 130.6718 68.1005 4.0610000000000005e-20 5.231e-20 6.317e-20 0.0 48.71 0.0
S186502 130.6685 68.1057 1.151e-18 1.042e-18 6.026e-19 0.001 48.55 0.0
S186503 130.6673 68.1048 6.719e-18 5.581e-18 2.753e-18 0.0 48.53 0.0
S186504 130.6627 68.1062 1.053e-21 1.936e-21 4.888e-21 0.0 48.71 0.0
S186505 130.66 68.1018 1.762e-18 1.606e-18 9.511e-19 0.0 48.63 0.0
S186506 130.7172 68.3715 9.997e-17 6.641e-17 2.163e-17 0.0 45.09 0.0
S186507 130.7209 68.3702 2.194e-14 1.482e-14 4.977e-15 0.0 45.35 0.0
S186508 130.6496 68.1103 9.335e-18 7.773e-18 3.867e-18 0.0 48.56 0.0
S186509 130.7275 68.3662 6.805e-18 5.455e-18 2.605e-18 0.0 45.36 0.0
S186510 130.7316 68.361 1.196e-16 8.436e-17 3.035e-17 0.0 45.3 0.0
S186511 130.7326 68.3601 1.506e-18 2.083e-18 2.947e-18 0.0 45.27 0.0
S186512 130.7366 68.358 1.416e-18 1.289e-18 7.824e-19 0.0 45.35 0.0
S186513 130.6322 68.1296 1.184e-18 1.106e-18 6.966e-19 0.001 48.42 0.0
S186514 130.6272 68.1269 1.085e-15 7.351e-16 2.389e-16 0.0 48.34 0.0
S186515 130.7458 68.351 8.335e-17 5.959e-17 2.236e-17 0.0 45.38 0.0
S186516 130.6268 68.1248 2.9e-17 2.156e-17 8.768e-18 0.0 48.37 0.0
S186517 130.6164 68.1273 2.388e-16 1.653e-16 5.883e-17 0.0 48.46 0.0
S186518 130.6166 68.127 2.278e-18 3.417e-18 5.888e-18 0.0 48.34 0.0
S186519 130.6089 68.1279 4.104e-17 3.078e-17 1.257e-17 0.0 48.38 0.0
S186520 130.6128 68.1354 1.848e-18 3.229e-18 7.328e-18 0.0 48.17 0.0
S186521 130.6089 68.1396 3.806e-16 2.581e-16 8.591e-17 0.0 48.24 0.0
S186522 130.7717 68.3318 4.716e-17 3.298e-17 1.212e-17 0.0 45.68 0.0
S186523 130.5988 68.1436 2.1e-16 1.494e-16 5.402e-17 0.0 47.94 0.0
S186524 130.7771 68.3245 1.809e-16 1.226e-16 4.154e-17 0.0 45.84 0.0
S186525 130.7795 68.3169 2.009e-18 3.895e-18 1.066e-17 0.0 45.91 0.0
S186526 130.7822 68.3263 9.668e-19 8.523e-19 4.829e-19 0.0 45.82 0.0
S186527 130.5869 68.1607 3.658e-17 2.827e-17 1.206e-17 0.0 47.81 1.0
S186528 130.5865 68.1646 1.43e-16 1.022e-16 3.773e-17 0.0 47.69 0.0
S186529 130.5887 68.1735 7.5e-17 5.515e-17 2.128e-17 0.0 47.69 0.0
S186530 130.5777 68.1763 3.49e-17 2.641e-17 1.102e-17 0.0 47.44 1.0
S186531 130.797 68.2921 6.811e-18 5.73e-18 2.927e-18 0.0 46.35 0.0
S186532 130.5846 68.1882 4.288e-16 2.908e-16 9.536e-17 0.0 47.48 0.0
S186533 130.8033 68.2847 5.086e-19 4.878e-19 3.358e-19 0.0 46.26 0.0
S186534 130.7973 68.2763 1.821e-16 1.274e-16 4.534e-17 0.0 46.39 0.0
S186535 130.5795 68.2036 2.458e-19 2.44e-19 1.698e-19 0.001 47.25 0.0
S186536 130.8062 68.263 3.513e-17 2.558e-17 1e-17 0.0 46.72 0.0
S186537 130.8046 68.2571 3.474e-16 2.395e-16 8.514e-17 0.0 46.71 0.0
S186538 130.5625 68.2252 3.606e-17 2.761e-17 1.119e-17 0.0 47.15 0.0
S186539 130.8143 68.2422 4.202e-16 2.859e-16 9.481e-17 0.0 46.71 0.0
S186540 130.5592 68.2392 2.016e-16 1.453e-16 5.61e-17 0.0 46.78 0.0
S186541 130.5623 68.2476 1.123e-18 1.881e-18 4.022e-18 0.0 46.67 0.0
S186542 130.5599 68.2541 8.337e-21 1.1170000000000001e-20 1.453e-20 0.0 46.62 0.0
S186543 130.8042 68.2166 3.814e-19 3.784e-19 2.734e-19 0.0 47.29 0.0
S186544 130.8079 68.2085 9.664e-18 7.742e-18 3.518e-18 0.0 47.35 0.0
S186545 130.813 68.2012 5.424e-17 4.218e-17 1.775e-17 0.0 47.32 1.0
S186546 130.8062 68.1901 5.395e-16 3.638e-16 1.213e-16 0.0 47.55 0.0
S186547 130.57 68.2886 5.841e-14 5.793e-14 4.079e-14 0.0 46.23 1.0
S186548 130.5561 68.2965 8.771e-18 7.159e-18 3.433e-18 0.001 46.21 0.0
S186549 130.8024 68.1714 7.779e-17 5.386e-17 1.868e-17 0.0 47.69 0.0
S186550 130.5757 68.3104 5.949e-14 4.582e-14 2.028e-14 0.0 45.96 1.0
S186551 130.5672 68.3227 6.47e-18 5.285e-18 2.586e-18 0.0 45.86 0.0
S186552 130.804 68.1501 2.862e-18 4.753e-18 1.018e-17 0.0 47.95 0.0
S186553 130.5809 68.3374 6.543e-17 4.763e-17 1.832e-17 0.0 45.91 0.0
S186554 130.581 68.3436 3.119e-18 2.723e-18 1.431e-18 0.0 45.56 0.0
S186555 130.585 68.3461 1.015e-15 6.869e-16 2.287e-16 0.0 45.68 0.0
S186556 130.5871 68.3524 4.546e-19 7.989e-19 1.832e-18 0.0 45.57 0.0
S186557 130.7846 68.1139 2.641e-18 3.948e-18 6.389e-18 0.0 48.41 0.0
S186558 130.5969 68.3717 2.378e-16 1.656e-16 5.791e-17 0.0 45.48 0.0
S186559 130.6031 68.3768 2.474e-17 1.837e-17 7.472e-18 0.0 45.26 0.0
S186560 130.6023 68.3759 4.618e-17 3.505e-17 1.418e-17 0.0 45.36 0.0
S186561 130.7613 68.0858 5.204e-15 3.374e-15 1.062e-15 0.0 48.55 0.0
S186562 130.758 68.0811 4.288e-18 3.79e-18 2.089e-18 0.0 48.69 0.0
S186563 130.6225 68.3956 3.235e-18 2.875e-18 1.673e-18 0.0 45.16 0.0
S186564 130.7482 68.0642 4.21e-19 8.295e-19 2.399e-18 0.0 48.59 0.0
S186565 130.7392 68.0799 1.351e-17 1.079e-17 4.869e-18 0.0 48.71 1.0
S186566 130.6421 68.4163 1.051e-16 7.397e-17 2.676e-17 0.0 44.87 0.0
S186567 130.6446 68.4195 6.42e-18 5.291e-18 2.668e-18 0.0 45.05 0.0
S186568 130.7166 68.0655 8.75e-17 6.207e-17 2.305e-17 0.0 48.74 0.0
S186569 130.7108 68.0503 7.511e-18 6.445e-18 3.428e-18 0.0 48.69 0.0
S186570 130.6696 68.4239 8.087e-14 5.998e-14 2.392e-14 0.0 45.12 0.0
S186571 130.679 68.4318 3.904e-17 2.88e-17 1.149e-17 0.0 44.97 0.0
S186573 130.68 68.0545 7.488e-19 1.519e-18 4.754e-18 0.0 48.86 0.0
S186574 130.7516 68.2163 1.725e-18 2.995e-18 6.896e-18 0.0 47.22 0.0
S186575 130.6109 68.2601 1.167e-13 9.064e-14 3.762e-14 0.0 46.53 1.0
S186577 130.7485 68.2157 2.8920000000000002e-21 4.293e-21 6.952e-21 0.0 47.47 0.0
S186579 130.6332 68.2599 5.594e-18 4.554e-18 2.155e-18 0.0 46.14 0.0
S186580 130.6101 68.2666 1.191e-19 1.271e-19 1.009e-19 0.0 46.12 0.0
S186581 130.6259 68.2654 9.268e-18 7.673e-18 3.766e-18 0.0 46.3 0.0
S186582 130.7582 68.2113 1.544e-17 1.206e-17 5.423e-18 0.0 47.44 1.0
S186583 130.6242 68.267 1.471e-17 1.171e-17 5.441e-18 0.001 46.23 0.0
S186584 130.7612 68.2085 5.722000000000001e-20 6.945000000000001e-20 7.488000000000001e-20 0.0 47.51 0.0
S186585 130.7639 68.2093 3.07e-17 2.31e-17 9.379e-18 0.0 47.6 0.0
S186586 130.7613 68.2048 2.402e-20 2.99e-20 3.402e-20 0.0 47.49 0.0
S186587 130.6149 68.2648 1.645e-17 1.275e-17 5.475e-18 0.0 46.4 1.0
S186588 130.7527 68.2037 1.423e-18 2.201e-18 3.993e-18 0.0 47.61 0.0
S186589 130.7522 68.2037 1.199e-22 2.466e-22 7.900999999999999e-22 0.0 47.65 0.0
S186590 130.7529 68.2037 1.074e-18 1.013e-18 6.647e-19 0.0 47.53 0.0
S186591 130.7561 68.1964 3.484e-19 3.491e-19 2.456e-19 0.0 47.84 0.0
S186592 130.7545 68.1942 6.892e-18 5.792e-18 2.95e-18 0.0 47.72 0.0
S186593 130.7654 68.1949 2.3620000000000002e-20 3.0550000000000003e-20 3.705e-20 0.0 47.7 0.0
S186594 130.7553 68.1993 2.347e-17 1.76e-17 7.052e-18 0.0 47.63 0.0
S186595 130.6174 68.282 9.309e-19 1.999e-18 7.284e-18 0.0 46.0 0.0
S186596 130.6158 68.2857 1.756e-18 3.176e-18 7.72e-18 0.0 46.23 0.0
S186597 130.7599 68.1903 3.411e-17 2.518e-17 1.049e-17 0.0 47.83 0.0
S186598 130.6201 68.2821 2.437e-18 2.249e-18 1.362e-18 0.0 46.04 0.0
S186599 130.6205 68.2879 3.04e-18 2.591e-18 1.359e-18 0.0 45.82 0.0
S186600 130.7556 68.1902 5.2840000000000004e-21 7.131e-21 9.806e-21 0.0 47.77 0.0
S186601 130.6192 68.2902 5.41e-18 4.39e-18 2.044e-18 0.0 45.85 0.0
S186602 130.7542 68.1833 3.103e-18 2.796e-18 1.605e-18 0.0 47.94 0.0
S186603 130.7595 68.1832 2.146e-18 4.127e-18 1.151e-17 0.0 47.83 0.0
S186604 130.6145 68.2965 3.194e-18 5.087e-18 9.64e-18 0.0 45.96 0.0
S186605 130.6267 68.2937 6.48e-19 1.319e-18 4.118e-18 0.0 45.81 0.0
S186606 130.7526 68.182 1.033e-18 1.722e-18 3.522e-18 0.0 47.88 0.0
S186607 130.6287 68.2928 1.9499999999999998e-22 3.9289999999999995e-22 1.2200000000000001e-21 0.0 45.94 0.0
S186609 130.7569 68.1713 5.198e-21 7.279e-21 1.0380000000000001e-20 0.0 48.05 0.0
S186610 130.6271 68.2937 5.825e-19 1.247e-18 4.301e-18 0.0 45.73 0.0
S186612 130.6301 68.3 6.4559999999999995e-22 1.152e-21 2.884e-21 0.0 45.83 0.0
S186613 130.6199 68.3012 2.443e-20 3.0610000000000004e-20 3.546e-20 0.0 45.73 0.0
S186614 130.75 68.1724 3.607e-21 5.696e-21 1.068e-20 0.0 47.98 0.0
S186615 130.6268 68.3055 8.836e-18 2.253e-17 1.154e-16 0.0 45.63 1.0
S186616 130.6227 68.3123 7.672e-20 8.945000000000001e-20 8.469e-20 0.0 45.68 0.0
S186617 130.7498 68.1669 1.228e-18 2.32e-18 6.177e-18 0.0 48.19 0.0
S186618 130.6245 68.3055 4.615e-22 7.944e-22 1.779e-21 0.0 45.67 0.0
S186619 130.7601 68.1575 4.804e-19 4.805e-19 3.369e-19 0.0 48.14 0.0
S186620 130.7535 68.1618 5.493e-22 9.902999999999999e-22 2.426e-21 0.0 48.06 0.0
S186621 130.621 68.3169 2.399e-18 2.172e-18 1.297e-18 0.0 45.77 0.0
S186622 130.7386 68.1574 3.711e-21 5.393e-21 8.515e-21 0.0 48.2 0.0
S186624 130.7372 68.1638 5.961e-17 4.38e-17 1.694e-17 0.0 48.2 0.0
S186625 130.7393 68.1577 1.206e-18 2.734e-18 1.085e-17 0.0 48.21 0.0
S186626 130.7368 68.1615 2.07e-19 2.221e-19 1.871e-19 0.0 48.3 0.0
S186628 130.7427 68.1609 2.9429999999999996e-22 5.605999999999999e-22 1.552e-21 0.0 47.98 0.0
S186629 130.7515 68.1515 4.1310000000000004e-21 5.9740000000000004e-21 9.464e-21 0.0 48.42 0.0
S186632 130.7407 68.1492 1.074e-17 8.528e-18 3.95e-18 0.0 48.32 0.0
S186633 130.6296 68.3216 3.877e-20 4.562e-20 4.7010000000000007e-20 0.0 45.63 0.0
S186635 130.7356 68.1365 1.33e-17 3.287e-17 1.538e-16 0.0 48.53 1.0
S186636 130.6395 68.3284 1.146e-18 2.328e-18 7.314e-18 0.0 45.38 0.0
S186638 130.6362 68.3352 7.962e-19 7.422e-19 4.56e-19 0.0 45.47 0.0
S186639 130.6406 68.3347 2.474e-18 2.162e-18 1.19e-18 0.0 45.35 0.0
S186640 130.6354 68.3494 3.178e-19 3.11e-19 2.115e-19 0.0 45.31 0.0
S186641 130.6377 68.339 1.3540000000000001e-20 1.7930000000000002e-20 2.27e-20 0.0 45.39 0.0
S186642 130.6428 68.3442 1.044e-18 1.972e-18 5.305e-18 0.0 45.2 0.0
S186643 130.643 68.3492 6.794e-20 8.070000000000001e-20 8.206000000000001e-20 0.0 45.11 1.0
S186644 130.6496 68.3236 1.066e-19 1.276e-19 1.321e-19 0.0 45.37 0.0
S186645 130.6503 68.3367 2.469e-18 2.239e-18 1.337e-18 0.0 45.22 0.0
S186646 130.7229 68.1198 7.119e-21 1.078e-20 1.85e-20 0.0 48.5 0.0
S186647 130.7219 68.1487 1.194e-17 9.435e-18 4.309e-18 0.0 48.51 1.0
S186648 130.6512 68.3424 5.501e-21 7.754e-21 1.173e-20 0.0 45.2 0.0
S186649 130.7204 68.1306 1.975e-22 3.8129999999999996e-22 1.084e-21 0.0 48.63 0.0
S186650 130.7165 68.1411 8.256e-18 6.849e-18 3.449e-18 0.0 48.79 0.0
S186651 130.6549 68.3409 7.109e-14 5.836e-14 2.92e-14 0.0 45.22 1.0
S186652 130.6576 68.3634 1.512e-18 2.574e-18 5.501e-18 0.0 45.06 0.0
S186654 130.7124 68.114 3.44e-17 2.48e-17 9.277e-18 0.0 48.82 0.0
S186655 130.7109 68.1175 3.947e-17 2.898e-17 1.084e-17 0.0 48.85 0.0
S186656 130.7087 68.1199 3.255e-18 2.685e-18 1.357e-18 0.0 48.69 0.0
S186657 130.7071 68.1168 1.255e-18 1.216e-18 8.133e-19 0.0 48.81 0.0
S186658 130.713 68.1268 3.155e-17 2.392e-17 1.027e-17 0.0 48.6 1.0
S186659 130.6668 68.3623 4.273e-21 5.955e-21 8.244e-21 0.0 45.06 0.0
S186660 130.6707 68.3735 1.635e-18 1.46e-18 8.423e-19 0.0 45.18 0.0
S186661 130.6748 68.3621 1.03e-18 9.581e-19 6.05e-19 0.0 45.18 0.0
S186662 130.674 68.3704 4.1389999999999996e-22 8.53e-22 2.708e-21 0.0 44.91 0.0
S186663 130.6721 68.369 7.794000000000001e-20 9.124e-20 9.425000000000001e-20 0.0 44.99 0.0
S186664 130.6716 68.3617 8.407e-18 1.527e-17 3.883e-17 0.0 44.93 0.0
S186665 130.675 68.3647 1.2979999999999999e-22 2.5739999999999998e-22 7.646e-22 0.0 45.1 0.0
S186666 130.6943 68.1115 3.617e-18 6.057e-18 1.239e-17 0.0 48.71 0.0
S186667 130.6961 68.1376 1.969e-19 2.143e-19 1.808e-19 0.001 48.73 0.0
S186669 130.6839 68.3452 3.363e-15 2.199e-15 6.84e-16 0.0 45.09 1.0
S186670 130.6884 68.1093 9.795e-19 1.913e-18 5.605e-18 0.0 48.76 0.0
S186671 130.6813 68.1341 2.774e-17 2.141e-17 9.185e-18 0.0 48.63 1.0
S186672 130.689 68.3644 3.226e-18 2.746e-18 1.396e-18 0.0 45.22 0.0
S186673 130.6818 68.1205 1.735e-18 3.557e-18 1.157e-17 0.0 48.74 0.0
S186674 130.6954 68.368 2.276e-17 1.805e-17 8.314e-18 0.0 45.05 0.0
S186675 130.6945 68.3591 2.589e-18 4.746e-18 1.226e-17 0.0 45.07 0.0
S186676 130.674 68.1067 6.935e-14 5.126e-14 2.069e-14 0.0 48.64 0.0
S186677 130.6728 68.1236 2.204e-16 1.539e-16 5.524e-17 0.0 48.7 0.0
S186678 130.7007 68.3663 1.736e-21 2.734e-21 5.048e-21 0.0 45.17 0.0
S186679 130.7039 68.3918 1.194e-18 2.093e-18 4.698e-18 0.0 44.95 0.0
S186680 130.7075 68.3598 1.79e-18 1.684e-18 1.081e-18 0.0 45.2 0.0
S186681 130.6638 68.1027 3.243e-18 6.102e-18 1.649e-17 0.0 48.78 0.0
S186683 130.6597 68.127 3.723e-19 3.73e-19 2.768e-19 0.0 48.65 0.0
S186684 130.6561 68.0964 1.84e-17 1.403e-17 5.831e-18 0.0 48.62 1.0
S186685 130.6532 68.1174 1.293e-16 9.361e-17 3.624e-17 0.0 48.63 0.0
S186686 130.6534 68.1289 2.318e-22 4.708e-22 1.462e-21 0.0 48.56 0.0
S186687 130.655 68.1144 2.331e-19 2.306e-19 1.633e-19 0.0 48.68 0.0
S186688 130.6524 68.1225 7.130000000000001e-20 8.064000000000001e-20 7.404000000000001e-20 0.0 48.5 0.0
S186689 130.6397 68.1123 1.634e-16 1.104e-16 3.827e-17 0.0 48.57 0.0
S186690 130.6416 68.1027 2.257e-17 1.71e-17 7.203e-18 0.0 48.77 1.0
S186691 130.642 68.1089 2.588e-18 5.984e-18 2.455e-17 0.0 48.56 1.0
S186692 130.7343 68.3642 2.431e-16 1.722e-16 6.236e-17 0.0 45.22 0.0
S186694 130.7415 68.3564 3.166e-14 2.556e-14 1.182e-14 0.0 45.42 1.0
S186695 130.7439 68.3453 3.919e-20 4.5090000000000005e-20 4.4060000000000005e-20 0.0 45.58 0.0
S186696 130.74 68.3467 3.58e-19 3.528e-19 2.563e-19 0.0 45.45 0.0
S186698 130.7566 68.3504 2.842e-18 4.262e-18 7.313e-18 0.0 45.23 0.0
S186699 130.623 68.1402 6.012e-18 5.26e-18 2.824e-18 0.0 48.24 0.0
S186700 130.7532 68.3411 3.086e-19 3.203e-19 2.481e-19 0.0 45.45 0.0
S186701 130.6225 68.1239 7.372e-18 6.344e-18 3.368e-18 0.0 48.25 0.0
S186702 130.7584 68.3523 2.973e-19 2.959e-19 2.076e-19 0.0 45.62 1.0
S186703 130.7582 68.3478 3.081e-17 2.403e-17 1.049e-17 0.0 45.49 1.0
S186704 130.7648 68.3458 3.802e-18 7.28e-18 2.033e-17 0.0 45.5 0.0
S186706 130.77 68.3305 3.173e-18 2.674e-18 1.349e-18 0.0 45.79 0.0
S186707 130.7572 68.3217 2.712e-18 2.32e-18 1.243e-18 0.0 45.84 0.0
S186708 130.5953 68.1481 2.862e-18 5.929e-18 1.993e-17 0.0 47.98 0.0
S186709 130.6027 68.1622 7.985e-19 7.23e-19 4.443e-19 0.0 47.8 0.0
S186710 130.6024 68.1461 7.212e-14 5.935e-14 2.75e-14 0.0 47.96 1.0
S186711 130.5952 68.145 1.238e-18 1.185e-18 8e-19 0.0 47.96 0.0
S186712 130.7783 68.327 2.686e-18 3.985e-18 6.414e-18 0.0 45.92 0.0
S186713 130.596 68.1591 2.806e-18 5.362e-18 1.464e-17 0.0 47.86 0.0
S186714 130.6046 68.1614 8.924e-18 7.044e-18 3.162e-18 0.0 47.92 0.0
S186715 130.5904 68.1635 3.76e-18 7.225e-18 2.076e-17 0.0 47.78 0.0
S186716 130.7881 68.2952 6.598e-19 6.073e-19 3.743e-19 0.0 46.25 0.0
S186717 130.7972 68.3047 1.052e-17 8.701e-18 4.269e-18 0.0 46.1 0.0
S186718 130.5802 68.1729 2.59e-19 2.663e-19 2.024e-19 0.0 47.62 0.0
S186719 130.5686 68.1874 4.194e-22 7.935999999999999e-22 2.134e-21 0.0 47.44 0.0
S186720 130.5885 68.1841 1.325e-18 1.197e-18 6.826e-19 0.0 47.64 0.0
S186721 130.569 68.1874 4.015e-19 4.086e-19 3.013e-19 0.0 47.39 0.0
S186722 130.5715 68.1932 8.702e-18 7.242e-18 3.723e-18 0.0 47.35 0.0
S186723 130.5716 68.2014 8.05e-14 6.766e-14 3.495e-14 0.001 47.34 1.0
S186724 130.7985 68.2717 3.883e-17 2.894e-17 1.178e-17 0.0 46.67 0.0
S186725 130.568 68.207 5.411e-21 7.342e-21 1.0070000000000001e-20 0.0 47.35 0.0
S186727 130.806 68.2625 5.652000000000001e-20 6.496000000000001e-20 6.265000000000001e-20 0.0 46.58 0.0
S186728 130.5638 68.2203 3.439e-18 2.889e-18 1.507e-18 0.0 46.95 0.0
S186729 130.5692 68.2233 7.253e-18 5.849e-18 2.646e-18 0.0 47.05 0.0
S186730 130.5567 68.2299 2.2790000000000002e-20 3.1150000000000005e-20 4.3520000000000004e-20 0.0 46.92 0.0
S186731 130.8072 68.2438 7.725e-18 6.256e-18 2.832e-18 0.0 46.9 0.0
S186733 130.7982 68.2361 1.9970000000000002e-20 2.6060000000000003e-20 3.0870000000000005e-20 0.0 46.77 0.0
S186734 130.8056 68.2288 4.6869999999999995e-22 8.411999999999999e-22 2.075e-21 0.0 47.17 0.0
S186735 130.7909 68.2252 8.406999999999999e-22 1.473e-21 3.277e-21 0.0 46.99 0.0
S186736 130.5603 68.2586 1.717e-19 1.809e-19 1.439e-19 0.0 46.55 0.0
S186737 130.804 68.2131 3.4e-18 2.902e-18 1.578e-18 0.0 47.0 0.0
S186738 130.5641 68.2669 4.484e-18 3.816e-18 1.908e-18 0.0 46.57 0.0
S186741 130.8183 68.1918 5.522e-18 4.524e-18 2.179e-18 0.0 47.45 0.0
S186742 130.8244 68.1839 1.317e-18 1.201e-18 7.248e-19 0.0 47.48 0.0
S186743 130.8125 68.1842 1.926e-18 4.085e-18 1.426e-17 0.0 47.61 0.0
S186744 130.5549 68.3002 4.679e-20 5.436e-20 5.3810000000000004e-20 0.001 46.08 0.0
S186745 130.5412 68.3196 1.952e-18 2.821e-18 4.346e-18 0.0 46.08 0.0
S186746 130.5614 68.3097 4.051e-17 3.021e-17 1.208e-17 0.0 45.92 0.0
S186747 130.8036 68.1545 1.147e-18 1.917e-18 3.979e-18 0.0 47.74 0.0
S186748 130.5792 68.314 6.152e-18 1.356e-17 4.925e-17 0.0 46.03 1.0
S186750 130.8076 68.1363 2.005e-20 2.4690000000000002e-20 2.8800000000000005e-20 0.001 48.02 0.0
S186751 130.7984 68.1413 1.895e-21 2.978e-21 5.453e-21 0.0 48.1 0.0
S186752 130.5736 68.3436 2.262e-18 2.011e-18 1.108e-18 0.0 45.59 0.0
S186753 130.7811 68.1188 4.2980000000000004e-21 6.658e-21 1.1570000000000001e-20 0.0 48.31 0.0
S186754 130.5893 68.3468 1.007e-18 1.62e-18 3.062e-18 0.0 45.55 0.0
S186755 130.8014 68.1072 3.881e-18 3.255e-18 1.621e-18 0.0 48.35 0.0
S186756 130.7809 68.1054 4.1560000000000006e-20 5.2070000000000005e-20 5.762000000000001e-20 0.0 48.35 0.0
S186757 130.582 68.3486 1.754e-19 1.832e-19 1.48e-19 0.0 45.44 0.0
S186758 130.7697 68.0877 2.334e-18 2.027e-18 1.098e-18 0.0 48.46 0.0
S186759 130.7648 68.1038 2.23e-21 3.629e-21 7.053e-21 0.0 48.29 0.0
S186760 130.6133 68.3995 6.387e-21 9.038e-21 1.3170000000000001e-20 0.0 45.12 0.0
S186761 130.611 68.3714 4.599e-18 7.423e-18 1.423e-17 0.0 45.25 0.0
S186762 130.7681 68.0729 2.575e-18 2.292e-18 1.305e-18 0.0 48.65 0.0
S186763 130.7563 68.0948 2.086e-19 2.217e-19 1.829e-19 0.0 48.56 0.0
S186764 130.754 68.0867 1.663e-19 1.709e-19 1.258e-19 0.0 48.61 0.0
S186767 130.632 68.4061 6.918e-19 6.533e-19 4.187e-19 0.0 45.04 0.0
S186768 130.7303 68.0914 3.903e-18 3.41e-18 1.878e-18 0.0 48.72 0.0
S186770 130.7221 68.0697 7.109000000000001e-20 8.528e-20 9.042e-20 0.0 48.71 0.0
S186771 130.7184 68.0809 9.477e-19 1.93e-18 5.885e-18 0.0 48.69 0.0
S186772 130.7192 68.0606 4.16e-21 5.62e-21 7.584e-21 0.0 48.69 0.0
S186773 130.6576 68.4252 3.162e-21 4.741e-21 7.813e-21 0.0 44.94 0.0
S186776 130.694 68.0539 6.648e-18 5.322e-18 2.469e-18 0.0 48.91 0.0
S186777 130.6855 68.4102 5.408e-19 5.356e-19 3.814e-19 0.0 45.02 0.0
S186778 130.6806 68.0259 1.3819999999999998e-22 2.9059999999999996e-22 9.630999999999998e-22 0.0 48.91 0.0
S186779 130.698 68.4137 5.601e-18 4.46e-18 2.066e-18 0.0 45.03 0.0
S186780 130.7016 68.4299 1.558e-21 2.494e-21 4.74e-21 0.0 45.04 0.0
S186782 130.656 68.0551 2.346e-18 3.967e-18 8.426e-18 0.0 48.67 0.0
S186783 130.7192 68.417 2.179e-18 3.64e-18 7.732e-18 0.0 45.09 0.0
