Time NormalisedFlux
0.0 1.0073935616425322
1.0 1.0631463730737014
2.0 1.0944859790219295
3.0 1.1234155994508523
4.0 1.139826442580418
5.0 1.0908136033667948
6.0 1.072883900092201
7.0 1.03948544050391
8.0 1.0076739156692451
9.0 0.984010805864735
10.0 0.989099306637373
11.0 0.9475145439718762
12.0 0.8962108642095054
13.0 0.9289750176716162
14.0 0.8485629632523759
15.0 0.8659182511809808
16.0 0.9709340926553649
17.0 0.9189477918165142
18.0 0.9509226116961293
19.0 0.9716086438697642
20.0 1.0357682772385195
21.0 1.0580996633261401
22.0 1.1070664111669763
23.0 1.1163652569861549
24.0 1.1585842262393014
25.0 1.1195448541445554
26.0 1.0858933420110801
27.0 1.095535965081988
28.0 1.0596283799863775
29.0 0.9858679797240926
30.0 0.970500920993579
31.0 0.9315687854841892
32.0 0.9207484583366521
33.0 0.9220307186249468
34.0 0.8675785050181842
35.0 0.8613348639715598
36.0 0.8920856538762599
37.0 0.9352821501944597
38.0 0.9410935052232369
39.0 0.9608565924275155
40.0 0.9973978519364064
41.0 1.0625217388183263
42.0 1.110633676328557
43.0 1.1028953223756783
44.0 1.1142691724894993
45.0 1.149882836247834
46.0 1.0955704525424017
47.0 1.0815672649534636
48.0 1.0388303859300114
49.0 1.048294512952702
50.0 0.9661357683160113
51.0 0.9919444400500197
52.0 0.94519097819843
53.0 0.935884877467331
54.0 0.9105212127990904
55.0 0.878960513418461
56.0 0.9226498610752495
57.0 0.8858702010617705
58.0 0.9418092442749949
59.0 0.9410291091512982
60.0 1.0638842913321753
61.0 1.014677387673424
62.0 1.0276228927719402
63.0 1.0830055541168815
64.0 1.1215950195666755
65.0 1.1172236313383455
66.0 1.1569505923730226
67.0 1.086260117277753
68.0 1.0937255114977076
69.0 1.0327082731089723
70.0 1.0446910676076846
71.0 0.9558022107755294
72.0 0.9883063008414346
73.0 0.919155588187321
74.0 0.8790862461488307
75.0 0.8426037338221979
76.0 0.8648574276180496
77.0 0.8800726520065743
78.0 0.9695605072869402
79.0 0.9807387360770403
80.0 1.0169655258602237
81.0 1.0025318151473348
82.0 1.0676310026021978
83.0 1.0573182068987965
84.0 1.0887318460345774
85.0 1.1367541447099558
86.0 1.1288922363061238
87.0 1.1162786685149795
88.0 1.0485087693481208
89.0 1.045215676853417
90.0 1.0099636273776118
91.0 0.9819422307404135
92.0 0.9953805790930612
93.0 0.9317904801955048
94.0 0.9109890679041587
95.0 0.8669381639697331
96.0 0.8687539550574681
97.0 0.8876003759012336
98.0 0.9266691895660942
99.0 0.9285346960823346
100.0 0.966907590560875
101.0 1.0022723415302974
102.0 1.0494830909765305
103.0 1.059251076036346
104.0 1.0484250985335817
105.0 1.1168073178815636
106.0 1.1176760295691976
107.0 1.1163494594713612
108.0 1.0753221563633784
109.0 1.056349989656767
110.0 1.0525230538051549
111.0 1.005155588178856
112.0 0.9586884433634241
113.0 0.9754557816661565
114.0 0.8848563240027221
115.0 0.8978864282783119
116.0 0.8528755519859421
117.0 0.9015958604027909
118.0 0.9249099383835048
119.0 0.9269813804112111
120.0 0.9762770207007073
