Time NormalisedFlux
0.0 1.0940218796909937
1.0 1.076200471464211
2.0 1.043306630238291
3.0 1.0283598152317044
4.0 0.9659821268525786
5.0 1.0207106808610662
6.0 0.9461538832007993
7.0 0.8936393843768836
8.0 0.9207448720921214
9.0 0.9160527622213017
10.0 0.874317859562845
11.0 0.9092124125889248
12.0 0.8466818442204138
13.0 0.8475097819709482
14.0 0.854199344391528
15.0 0.8061548384451006
16.0 0.8592289785060778
17.0 0.8758336060110311
18.0 0.7806871165611899
19.0 0.8117995433496622
20.0 0.838639020125164
21.0 0.8118831274510037
22.0 0.822604231265413
23.0 0.7378220996133195
24.0 0.8116018411588014
25.0 0.7846086814950338
26.0 0.8102906320530847
27.0 0.8665614347817844
28.0 0.8863323937234509
29.0 0.779158278124585
30.0 0.8279810761639728
31.0 0.8181601452330334
32.0 0.9280613128729381
33.0 0.8509267506490544
34.0 0.9080624721398614
35.0 0.902106161190464
36.0 0.9533212747670099
37.0 0.9317275713625544
38.0 0.9930888141441606
39.0 0.9355115282555728
40.0 0.9365760223470614
41.0 1.000483247579103
42.0 1.0066930580162448
43.0 1.0179151533890913
44.0 1.0511265792484321
45.0 1.0376721768120831
46.0 1.0545177813919924
47.0 1.0852350053569528
48.0 1.0998052073223985
49.0 1.1282889010496158
50.0 1.1294675497140656
51.0 1.1307840040966795
52.0 1.173012698819422
53.0 1.1563538519063177
54.0 1.138964465257901
55.0 1.1643326073486286
56.0 1.219982452100671
57.0 1.090681376155362
58.0 1.1791517758438264
59.0 1.189369898478593
60.0 1.186532100858993
61.0 1.2199546683874176
62.0 1.2322539068218188
63.0 1.2373847991710494
64.0 1.0868755029723425
65.0 1.212709117880319
66.0 1.2383926835687284
67.0 1.1113673912440418
68.0 1.152516718425209
69.0 1.0951829470864844
70.0 1.1345196255028736
71.0 1.1335464052396984
72.0 1.1668278211181609
73.0 1.1033182655979576
74.0 1.0302489050608952
75.0 1.0357287024704611
76.0 1.0629179979516563
77.0 1.0783824279213388
78.0 1.0193429655908544
79.0 0.9645605328315117
80.0 0.9589900994134828
81.0 0.9587428691842312
82.0 0.8983119810288195
83.0 0.9213284792997282
84.0 0.9695260580559932
85.0 0.9245294050465989
86.0 0.9326994505243623
87.0 0.9335600498195569
88.0 0.8853643277820454
89.0 0.8644244592234043
90.0 0.8784998158691419
91.0 0.8404849814054386
92.0 0.7470500258661912
93.0 0.8557269252637923
94.0 0.8120512959142038
95.0 0.7958254413460576
96.0 0.7954620739123365
97.0 0.8279468086066503
98.0 0.7777021545900473
99.0 0.8691118721157877
100.0 0.8022917873701804
101.0 0.8169509537267475
102.0 0.7875786638797312
103.0 0.8709211427201594
104.0 0.8421965647775495
105.0 0.8080802382282499
106.0 0.8082750387260049
107.0 0.7929774812643958
108.0 0.869219953256702
109.0 0.8585221047327853
110.0 0.9299371586604235
111.0 0.9610490930001973
112.0 0.9412820827170689
113.0 1.0153545547092584
114.0 1.0112757662759888
115.0 1.0230629927224335
116.0 1.0650217240393396
117.0 0.9858506240544496
118.0 1.0862796189709956
119.0 1.0384892565548374
120.0 1.1041009787697527
