Time NormalisedFlux
0.0 0.9986519465459068
1.0 0.9599781923716034
2.0 1.0767900450984098
3.0 1.0580329054763535
4.0 1.0482425280537568
5.0 1.077420280055094
6.0 1.1034376817593308
7.0 1.1727740874092472
8.0 1.142270154046774
9.0 1.1235663319917095
10.0 1.1617946325829305
11.0 1.1765996018716354
12.0 1.1561950545641788
13.0 1.162821624940448
14.0 1.1473210716274485
15.0 1.217205029895776
16.0 1.1898505940760553
17.0 1.2346725895056903
18.0 1.184507420195863
19.0 1.22703578017384
20.0 1.1865621760713494
21.0 1.2307634374209226
22.0 1.1471267584253966
23.0 1.1628534057064386
24.0 1.1553582373513678
25.0 1.1413174943383668
26.0 1.173827654940108
27.0 1.162172314145989
28.0 1.1015122692853967
29.0 1.1108023360659964
30.0 1.0869260577538629
31.0 0.9967237731253296
32.0 1.0665022053581168
33.0 1.067508977695317
34.0 1.0331923347717964
35.0 1.0274872208454315
36.0 0.980512080477142
37.0 1.0034146473523564
38.0 0.9911744151995303
39.0 0.9255018408603729
40.0 0.8969812658024447
41.0 0.9017275451316782
42.0 0.9316947423611746
43.0 0.8829504549450812
44.0 0.872140163700184
45.0 0.8470585925113229
46.0 0.822203348968469
47.0 0.8211033418074736
48.0 0.8288197920745701
49.0 0.7964288331188284
50.0 0.8325795855779098
51.0 0.8119725953970075
52.0 0.8426420877765549
53.0 0.8228611869208798
54.0 0.8735162304575617
55.0 0.8445587191095012
56.0 0.8201014910554807
57.0 0.8268542393051176
58.0 0.8207305100286637
59.0 0.8364025314152149
60.0 0.871269209750279
61.0 0.781504057390459
62.0 0.8907462057194422
63.0 0.8419654548606719
64.0 0.8680766915730396
65.0 0.8933009706752975
66.0 0.9263066340408768
67.0 0.8739587363237457
68.0 0.9255623133319201
69.0 0.9883848428845678
70.0 0.9966764832848941
71.0 1.038972944661793
72.0 0.9890040686181355
73.0 1.0569262219837705
74.0 1.0442791555348683
75.0 1.0217753563631646
76.0 1.07954405668651
77.0 1.1028834249537416
78.0 1.1486328584465189
79.0 1.1084644979256586
80.0 1.1095848747181878
81.0 1.0895885894741548
82.0 1.1171901452850808
83.0 1.1711797290255808
84.0 1.2105581669512142
85.0 1.1946842096454175
86.0 1.1955448229123147
87.0 1.1716548358011432
88.0 1.2334966841189177
89.0 1.2192254801932805
90.0 1.2127759691369633
91.0 1.2210269670116476
92.0 1.167222474676392
93.0 1.2579561390088898
94.0 1.187422040873668
95.0 1.159191509956229
96.0 1.0803912511880422
97.0 1.1801216439750015
98.0 1.08427984806908
99.0 1.1496982057394778
100.0 1.1402468656110465
101.0 1.1061777949837486
102.0 1.0981926641275714
103.0 1.0338260637417767
104.0 1.088711220545944
105.0 1.0376283399438353
106.0 0.9782069773551303
107.0 0.9705080452424422
108.0 1.0060203428196544
109.0 0.9641328159530411
110.0 0.9754387912542416
111.0 0.9653692105903318
112.0 0.8921997547712133
113.0 0.964623928973512
114.0 0.9085965466464379
115.0 0.8241946333433735
116.0 0.8119919252495438
117.0 0.820002810341383
118.0 0.8398139334434691
119.0 0.8348600245124956
120.0 0.7840305490960365
