Time NormalisedFlux
0.0 0.9387818934833861
1.0 0.9778947177641473
2.0 0.9946144893529637
3.0 0.9264204432584096
4.0 0.9524436911151848
5.0 0.9447723903031539
6.0 0.9363201168785102
7.0 0.8819234362114438
8.0 0.9015733941279259
9.0 0.8973962434217575
10.0 0.9288080446151245
11.0 0.9978334515258862
12.0 1.0337813593746534
13.0 1.0352260102670814
14.0 1.086515655915211
15.0 1.0756506235921706
16.0 1.080681646081945
17.0 1.0691152486016342
18.0 1.0402375213639476
19.0 1.0362899993662147
20.0 1.0328036722932434
21.0 1.0362891205048352
22.0 1.0282037120971195
23.0 1.0213769169087477
24.0 1.0422643829012723
25.0 1.026539398335235
26.0 1.0043906931716615
27.0 0.9860353557447167
28.0 1.0307835292584793
29.0 1.0019506385988781
30.0 0.9839927454084372
31.0 0.9733149043073273
32.0 0.9933216307048437
33.0 0.971263950838239
34.0 0.9680989941723125
35.0 0.9655270670919045
36.0 0.9337039873272558
37.0 0.919981158586731
38.0 0.9368253775208515
39.0 0.9593206088585384
40.0 0.9578156844940272
41.0 0.9378764867235927
42.0 0.949087936171379
43.0 0.899087661288512
44.0 0.91452828582963
45.0 0.8983765341866753
46.0 0.967980534726927
47.0 0.9838463672279778
48.0 0.9986498146729791
49.0 1.0816421426544143
50.0 1.0889675754173187
51.0 1.0995247406615856
52.0 1.0736865673563734
53.0 1.0349706868777029
54.0 1.072146852040637
55.0 1.066597803335944
56.0 1.0228273755550639
57.0 1.0297299998822977
58.0 1.0451220160900814
59.0 1.0592780075262087
60.0 1.04511542670823
61.0 1.0351614695497167
62.0 0.9958490505275238
63.0 0.997056339772431
64.0 1.012981738402722
65.0 1.0091479100471592
66.0 1.0209961576482707
67.0 1.0119987904646082
68.0 1.0086845324158384
69.0 1.0116913864213228
70.0 0.9846805225487931
71.0 0.9359881244597815
72.0 0.9673966585762525
73.0 0.9554705284585583
74.0 0.9674629076149664
75.0 0.944153998001781
76.0 0.9657858873842521
77.0 0.9385053366923829
78.0 0.8962073360501188
79.0 0.9223712749699821
80.0 0.925049454692665
81.0 0.9330227875469044
82.0 0.9517513912902548
83.0 0.9591022354706703
84.0 1.0169013233333581
85.0 1.0572979370759064
86.0 1.0614005759195944
87.0 1.099806968581071
88.0 1.0880177571412772
89.0 1.0927922805458938
90.0 1.0424641683207339
91.0 1.0506500892701878
92.0 1.0410300884628858
93.0 1.0684871187372504
94.0 1.0474104660349006
95.0 1.0287569972644335
96.0 1.0354340811038654
97.0 0.9861619088407402
98.0 1.0219523101089074
99.0 0.997072514348161
100.0 0.995649578379009
101.0 1.009572487095732
102.0 0.9943744025857548
103.0 0.997515992887534
104.0 1.0205152316211465
105.0 1.0035125756482715
106.0 0.9772778715045403
107.0 0.9572981792423729
108.0 0.9468448835095701
109.0 0.9458976506128971
110.0 0.9669897913469951
111.0 0.9586602918087399
112.0 0.9556931841188812
113.0 0.9510566363244524
114.0 0.8827413715735926
115.0 0.9128369260895544
116.0 0.9089506056130277
117.0 0.8930220071137766
118.0 0.9450752534394421
119.0 0.9621566628979284
120.0 0.9715238650058401
