Time NormalisedFlux
0.0 1.0231484041448622
1.0 1.0472551824384135
2.0 1.0233515971766314
3.0 1.042223086553041
4.0 0.9865085170863416
5.0 0.96213427620344
6.0 0.9954009007963167
7.0 0.9964844211741355
8.0 1.0143668705809092
9.0 0.9799339170381842
10.0 0.9493845567486451
11.0 0.9358322231201768
12.0 0.9804495609382988
13.0 0.9610203668854551
14.0 0.9158546624497523
15.0 0.9224565613165232
16.0 0.9072070407371716
17.0 0.9206234609625525
18.0 0.9832809492057113
19.0 1.054323760141672
20.0 1.0839337992556939
21.0 1.1038652091729297
22.0 1.0422262652168335
23.0 1.0636240483111776
24.0 1.0546365857525133
25.0 1.0375212712025563
26.0 1.0665000726073053
27.0 1.0354211225441903
28.0 1.0413079626745558
29.0 0.9851545159395486
30.0 1.0047540970616098
31.0 0.9735808993940568
32.0 1.0069495875072845
33.0 0.9918425534265607
34.0 0.9909840358404305
35.0 0.950335626098682
36.0 0.9314123215602508
37.0 0.9745692519649662
38.0 0.9464615308514228
39.0 0.9330345323227245
40.0 0.9325970171999453
41.0 0.8988531036057629
42.0 0.9256932002679199
43.0 0.9665471992635496
44.0 1.0160400200191586
45.0 1.0893536985237136
46.0 1.1128468774993465
47.0 1.0688251079918183
48.0 1.0465483998264251
49.0 1.0403224030422145
50.0 1.0440326086428628
51.0 1.0516797435111767
52.0 1.02084053324043
53.0 1.0311271900874317
54.0 1.0148146521790706
55.0 1.0120591341242307
56.0 1.017165440223079
57.0 1.0281516903073795
58.0 0.9622177050724587
59.0 0.9528804731434596
60.0 0.954695182868605
61.0 0.9537128629937819
62.0 0.942445528976823
63.0 0.978554226815342
64.0 0.9542029320005145
65.0 0.9079671819018923
66.0 0.8851441658813871
67.0 0.9638437891160458
68.0 0.9773311538560975
69.0 1.049948400754432
70.0 1.0854192544416865
71.0 1.0885488825235432
72.0 1.0927729424418249
73.0 1.082892324556131
74.0 1.031721630844459
75.0 1.0726824885743778
76.0 1.0610261540323462
77.0 1.0517571997729849
78.0 1.0294638402163772
79.0 1.02301035744952
80.0 0.9925695931065521
81.0 0.9917747392008017
82.0 1.014953272022465
83.0 0.9832417721817625
84.0 0.969063681716448
85.0 0.9309122568778877
86.0 0.9587438443180264
87.0 0.963452860182065
88.0 0.9420868003204607
89.0 0.9226341246332675
90.0 0.9038807940939249
91.0 0.9188866908979578
92.0 0.9462007183083184
93.0 0.979462508165632
94.0 1.0424412609439695
95.0 1.0994882592083968
96.0 1.0949765313041602
97.0 1.0642322808665834
98.0 1.0731199323646
99.0 0.9849635435482147
100.0 1.0402202678001402
101.0 1.0591998516936925
102.0 1.0332840726393746
103.0 1.0354384105392136
104.0 1.0149176921790868
105.0 0.980087499072344
106.0 1.0031550495546706
107.0 0.968697598015085
108.0 0.9655877884421209
109.0 0.9568931247863076
110.0 0.9760005372732744
111.0 0.9547570410436202
112.0 0.9211365729277532
113.0 0.9263727030652046
114.0 0.909973550356433
115.0 0.9165930651466632
116.0 0.8958754031494958
117.0 0.9421111580468899
118.0 1.0181746743246913
119.0 1.052154890307127
120.0 1.083991474378619
