Time NormalisedFlux
0.0 0.8128015450952639
1.0 0.7997193835057496
2.0 0.7765487240659663
3.0 0.8283269438448166
4.0 0.8394374074919289
5.0 0.8740540620617278
6.0 0.8231474130547473
7.0 0.842128013187142
8.0 0.9204949217962707
9.0 0.8996620307693256
10.0 0.90576040830859
11.0 0.9490098052451099
12.0 0.8985134255460069
13.0 0.8836563815914114
14.0 0.9665105942397343
15.0 1.0343332990328218
16.0 0.9693011756213632
17.0 0.9653545371942386
18.0 1.030893186569399
19.0 0.9729452567399703
20.0 1.009584126540548
21.0 1.0783705499143321
22.0 1.1064051106370063
23.0 1.0528010850328207
24.0 1.1057301093981426
25.0 1.1437156703386129
26.0 1.1487644456596275
27.0 1.1814361292165336
28.0 1.2010225545624509
29.0 1.116035804748847
30.0 1.153032567021993
31.0 1.1662252778896072
32.0 1.2179410362097987
33.0 1.1303275100856633
34.0 1.2147426592942991
35.0 1.1512870925763492
36.0 1.2362688120256236
37.0 1.177910092284076
38.0 1.2095475055129294
39.0 1.1784711766940936
40.0 1.1491452888651228
41.0 1.216585362939334
42.0 1.1749332870016642
43.0 1.1062462997947753
44.0 1.1779119563886569
45.0 1.1326476943983232
46.0 1.1064678202716844
47.0 1.1515931530059444
48.0 1.0946520451191872
49.0 1.1202274797554037
50.0 1.0963966571089618
51.0 1.1936211320956298
52.0 1.037251287007689
53.0 1.107614764245539
54.0 1.0856413803236622
55.0 1.0686534975867967
56.0 1.0945047622876602
57.0 1.0347454329644792
58.0 1.017064317010053
59.0 0.9753973123492181
60.0 0.9834600386587697
61.0 0.9942066899189951
62.0 0.9098232780803688
63.0 0.9656132636307374
64.0 0.9288140239331159
65.0 0.9088244275711033
66.0 0.8835089047205325
67.0 0.8647082784349862
68.0 0.8321575791994424
69.0 0.8638362936267108
70.0 0.7935903892663887
71.0 0.8491929850471408
72.0 0.8670872731413342
73.0 0.8223259664794331
74.0 0.8410977993097881
75.0 0.8299152553753276
76.0 0.7738858398973895
77.0 0.775067987709543
78.0 0.7555616757096598
79.0 0.8542579880161387
80.0 0.8006189485368311
81.0 0.8140952352350332
82.0 0.7971756990654535
83.0 0.8781944014065901
84.0 0.810353739495402
85.0 0.8164029866078737
86.0 0.8557705024181606
87.0 0.8309276282201141
88.0 0.8188832485106592
89.0 0.8860720187671205
90.0 0.8921386478732327
91.0 0.9224368823872493
92.0 0.882885802004619
93.0 0.8799994579679312
94.0 0.8563538050638645
95.0 0.8865394543321142
96.0 1.0005482655551223
97.0 0.8980231535650604
98.0 1.0212621374682829
99.0 0.977939578002922
100.0 1.026590893332502
101.0 1.047718505273101
102.0 1.0532262511904427
103.0 1.0481664548635932
104.0 1.0149470853688864
105.0 1.1217218129487094
106.0 1.0794130591807616
107.0 1.0912503493518935
108.0 1.0703601697584026
109.0 1.141677507045623
110.0 1.130001113787142
111.0 1.1933011540770069
112.0 1.1362291475970192
113.0 1.2040553022940352
114.0 1.171918726461991
115.0 1.2175140317106143
116.0 1.1930486854378706
117.0 1.2418428392986582
118.0 1.1979179498557297
119.0 1.2059095460297866
120.0 1.189564658271359
