Time NormalisedFlux
0.0 1.0386190566228046
1.0 1.0451922078116465
2.0 1.001032439473651
3.0 0.9383508089675737
4.0 0.9824083674144007
5.0 0.8908362363509835
6.0 0.8558961988441319
7.0 0.8281436949292793
8.0 0.9183713539788412
9.0 0.9440702926798696
10.0 0.9315928739485356
11.0 0.979497787729434
12.0 0.9949990292745593
13.0 1.0349594850337687
14.0 1.0571289165791893
15.0 1.0756075615455944
16.0 1.0703017512316744
17.0 1.1712689320053586
18.0 1.1444593260220175
19.0 1.061824899210157
20.0 1.0528704019655526
21.0 1.00291249094781
22.0 1.0280580447679133
23.0 0.9594272655435561
24.0 0.9643910582192429
25.0 0.9521608767953342
26.0 0.8615336188026346
27.0 0.8570925294372838
28.0 0.8740591237931352
29.0 0.923413465795282
30.0 0.9329472438273813
31.0 0.9732627275114595
32.0 1.0142165932559617
33.0 1.017116035274767
34.0 1.0473982321576893
35.0 1.062344660287202
36.0 1.0858608927393847
37.0 1.1732924276082302
38.0 1.1228816480511494
39.0 1.0520879362014919
40.0 1.060336915669046
41.0 1.0438823569843667
42.0 1.0004961381258692
43.0 0.9226502070716219
44.0 0.9205698412375289
45.0 0.8879665436587552
46.0 0.8953942604798495
47.0 0.8533936075491345
48.0 0.8746636136989693
49.0 0.9306587053248765
50.0 0.9002424203914879
51.0 0.9659921392294485
52.0 1.0116065206051466
53.0 1.0011215099087838
54.0 1.0202618017797256
55.0 1.0840249228299452
56.0 1.122706511087077
57.0 1.1380571988410602
58.0 1.0991963702163934
59.0 1.059894672163064
60.0 1.0530505219639505
61.0 1.0045913788862406
62.0 0.9353881076482673
63.0 0.9721163321159613
64.0 0.9294416768824204
65.0 0.9049666085662095
66.0 0.8897928277987919
67.0 0.8403626356015251
68.0 0.8836771619420895
69.0 0.904449037813647
70.0 0.9554434603792061
71.0 0.9757698083981813
72.0 1.034746562157931
73.0 1.0415126759650493
74.0 1.051580710066481
75.0 1.0579817044255335
76.0 1.1358256131339874
77.0 1.1482284998268446
78.0 1.0735236707646167
79.0 1.0844022991356084
80.0 1.000776897964261
81.0 0.9965791002764997
82.0 0.9948184938088035
83.0 0.9685077396582658
84.0 0.9645238608281138
85.0 0.8786863618160579
86.0 0.9254210503968295
87.0 0.828415477209637
88.0 0.9186048723250371
89.0 0.8800159186702511
90.0 0.9447496134650838
91.0 0.9935524024816903
92.0 0.9902510616732938
93.0 1.0196384209470266
94.0 1.0538256646688535
95.0 1.1186002576460217
96.0 1.12514372765171
97.0 1.1637255231542976
98.0 1.15050004620861
99.0 1.0656992333366933
100.0 1.0750203124631954
101.0 1.0452972994088334
102.0 0.9543914514461458
103.0 1.015914799463904
104.0 0.9450149310251362
105.0 0.8266037718236547
106.0 0.9026923964205977
107.0 0.8426535254108551
108.0 0.8514960632813239
109.0 0.8987314101454088
110.0 0.948046462143578
111.0 0.9660856622841425
112.0 1.0153918422435475
113.0 1.0071651025745272
114.0 1.0722322973563834
115.0 1.0671887988770352
116.0 1.1338956438369387
117.0 1.110449383679962
118.0 1.128054072617626
119.0 1.0972291148361448
120.0 1.0756301399490533
