Time NormalisedFlux
0.0 0.933736401846488
1.0 0.9777329595950386
2.0 0.9483252325273949
3.0 0.9670653471527892
4.0 0.9487020862170116
5.0 0.9499324453417587
6.0 0.9450539705350067
7.0 0.9305329071428592
8.0 0.9342468810322416
9.0 0.9187559990809249
10.0 0.9055020131171594
11.0 0.8948381912062371
12.0 0.9212842276897584
13.0 0.9792102199356015
14.0 1.017512447369046
15.0 1.0707191125975337
16.0 1.0802489952609637
17.0 1.1108409806843107
18.0 1.095377614430365
19.0 1.0595469885522477
20.0 1.0547195018322493
21.0 1.0537182783093524
22.0 1.0459906588778014
23.0 1.0295708449285108
24.0 1.0371590057438016
25.0 1.0270489184332465
26.0 1.0371859650349708
27.0 1.010927505258452
28.0 1.0195966586084537
29.0 1.0040078306365794
30.0 1.0001515720275564
31.0 1.001782367281396
32.0 0.9830251752063841
33.0 0.9770666475439268
34.0 0.9762747452680954
35.0 0.9652690602567401
36.0 0.9513130370514294
37.0 0.9646577540845823
38.0 0.9439250555818511
39.0 0.9552310832472495
40.0 0.9587169053603478
41.0 0.9499129622785805
42.0 0.9264868962905761
43.0 0.9235732881896606
44.0 0.9040558240450716
45.0 0.8946146074476621
46.0 0.9090839734224291
47.0 0.99469165094698
48.0 1.0256043218065722
49.0 1.061333242356612
50.0 1.0768354963263662
51.0 1.1149132862236373
52.0 1.0880332089241345
53.0 1.043973338434946
54.0 1.0479630831224536
55.0 1.0410920101371404
56.0 1.043462656866151
57.0 1.0537364963468292
58.0 1.0488216531311225
59.0 1.0312728669817781
60.0 1.0092725876208923
61.0 1.0242386443077827
62.0 0.9881891757337722
63.0 0.9948295112723261
64.0 0.9588613998961717
65.0 1.0325944980668813
66.0 0.9726851792455529
67.0 0.9869056898619792
68.0 0.9893991609870901
69.0 0.9696312862840564
70.0 1.0055995159541948
71.0 0.9587967679377621
72.0 0.9471093416052725
73.0 0.9474396085048781
74.0 0.9304583502486379
75.0 0.9162762076414461
76.0 0.9119832081894494
77.0 0.9026423173484436
78.0 0.8801628260533289
79.0 0.907408102520003
80.0 0.9529737414912341
81.0 1.0138904070771735
82.0 1.0616118537403414
83.0 1.095052739443858
84.0 1.1038605159523802
85.0 1.0931652252080055
86.0 1.066447238469397
87.0 1.06057864138502
88.0 1.036792802328449
89.0 1.0021851163250128
90.0 1.0337374361931422
91.0 1.0243209435083735
92.0 1.0294677679986508
93.0 1.0390384521756217
94.0 1.0441123419167362
95.0 0.9970044977750999
96.0 1.0138060226728423
97.0 0.9657522401476052
98.0 0.9764082370853608
99.0 0.9997566646826999
100.0 0.9876772859274127
101.0 0.960942994830845
102.0 0.9515002155404344
103.0 0.9862898824615776
104.0 0.9611845969807439
105.0 0.9601151162177576
106.0 0.9598698710065299
107.0 0.9621272590055747
108.0 0.9635878414397341
109.0 0.9533639519040736
110.0 0.903358429389374
111.0 0.8864779990899884
112.0 0.9049848976696152
113.0 0.9235370009462704
114.0 0.9940180232090282
115.0 0.9833132803169234
116.0 1.0605992428721065
117.0 1.145232690375562
118.0 1.090055569078831
119.0 1.1069879622900065
120.0 1.089747739997113
