Time NormalisedFlux
0.0 0.901623830254294
1.0 0.9811646118382628
2.0 0.9609837835996555
3.0 0.977753953405814
4.0 1.0125010345531364
5.0 1.0724567684083102
6.0 1.0797372858982386
7.0 1.1148530339594618
8.0 1.1562411517580578
9.0 1.1051731724221376
10.0 1.1043588839561
11.0 1.0206205721900616
12.0 1.0501785567816526
13.0 0.9812853480575695
14.0 0.9686003206708251
15.0 0.9767338304836072
16.0 0.9085792548074827
17.0 0.8866857990978517
18.0 0.8722752892481773
19.0 0.848913555407707
20.0 0.8649824086759242
21.0 0.8463664112500464
22.0 0.9084293104035958
23.0 0.9748768024280909
24.0 0.9492422282042995
25.0 1.0423349793018484
26.0 1.0752311974786233
27.0 1.0724286949782995
28.0 1.0882103473824638
29.0 1.1273697941068637
30.0 1.1282748992650795
31.0 1.0480143175859065
32.0 1.0943952486360586
33.0 1.056428291623759
34.0 1.023241177593874
35.0 1.02458725366307
36.0 0.960782467937404
37.0 0.9258824966950311
38.0 0.8958738472718932
39.0 0.9482753251050773
40.0 0.873289871089696
41.0 0.8643397048496995
42.0 0.9130942617541382
43.0 0.9348765605835161
44.0 0.9508797007872015
45.0 0.9684407752235169
46.0 0.9963680810203146
47.0 1.0387434169294723
48.0 1.0739989218127621
49.0 1.1228099199790071
50.0 1.1685134913070314
51.0 1.0973548712887502
52.0 1.1329680817234422
53.0 1.0895516747252814
54.0 1.0607194317114232
55.0 1.047374698567484
56.0 1.0326030355222136
57.0 1.0072243469532278
58.0 0.9551325112733383
59.0 0.9499308037168642
60.0 0.8540735988565947
61.0 0.872180866022169
62.0 0.8470383963749784
63.0 0.8656865220795983
64.0 0.9032035212568817
65.0 0.9334983310956985
66.0 0.9539727094764753
67.0 0.9963022009246641
68.0 1.0753222566942866
69.0 1.0605702590491222
70.0 1.1158830171462253
71.0 1.1420361495249567
72.0 1.1154758615458404
73.0 1.1273264919591954
74.0 1.0997931981093134
75.0 1.1169934036825464
76.0 1.034593874810816
77.0 1.0365931319486177
78.0 1.0026343743169412
79.0 0.9593969769984161
80.0 0.9437622698852342
81.0 0.8738455231360508
82.0 0.8810607327092095
83.0 0.8978607253545933
84.0 0.853837434665511
85.0 0.9487697926851673
86.0 0.9306320961306107
87.0 0.9385287554706828
88.0 0.970708998892048
89.0 1.0297971136793513
90.0 1.0598880773932693
91.0 1.0638915570735772
92.0 1.1244282394867806
93.0 1.1462085574806993
94.0 1.1507781564584392
95.0 1.14034112617545
96.0 1.1257466727407093
97.0 1.1025722319693918
98.0 1.0262928198410832
99.0 1.0471341359168589
100.0 1.0066227798281635
101.0 0.933437108430003
102.0 0.9219351491511596
103.0 0.8911320062363994
104.0 0.8886151340209689
105.0 0.8868216880205374
106.0 0.8803258977047731
107.0 0.889196898214621
108.0 0.9166286157216379
109.0 0.9207745186018145
110.0 1.0147104320950786
111.0 0.999329867002881
112.0 1.0495038768856546
113.0 1.0778489922488206
114.0 1.1253579303638384
115.0 1.1197805541966823
116.0 1.1224674886651487
117.0 1.1110535276073434
118.0 1.0657267533853496
119.0 1.0706547815381628
120.0 1.0318817717291926
