Time NormalisedFlux
0.0 1.1889597465808854
1.0 1.2165234301421999
2.0 1.1760913788897494
3.0 1.2040887096828388
4.0 1.2607475846481022
5.0 1.1903222999028624
6.0 1.1789989096411961
7.0 1.225276013467059
8.0 1.1843983182557276
9.0 1.211037641537901
10.0 1.127841583883347
11.0 1.1589905952383353
12.0 1.1408473274237443
13.0 1.113714444217722
14.0 1.1288473447177476
15.0 1.092384209401371
16.0 1.1087819775871948
17.0 1.0471247561305999
18.0 0.9903856282080342
19.0 1.0619930945846419
20.0 1.0201947406496912
21.0 1.0504344657529592
22.0 1.008894376685978
23.0 0.9173595445881114
24.0 0.9345845475799384
25.0 0.9238978860982562
26.0 0.9843258183018437
27.0 0.9207831726205216
28.0 0.8732536590001538
29.0 0.8984891885841908
30.0 0.8439903566173315
31.0 0.8434166799292713
32.0 0.8846455392059889
33.0 0.8700179108997657
34.0 0.7841431509926763
35.0 0.8342924497924089
36.0 0.8150976040005015
37.0 0.760019735398067
38.0 0.817559454278369
39.0 0.782959199006784
40.0 0.8453429368386581
41.0 0.7633290078906614
42.0 0.8210268254142193
43.0 0.7722588919627787
44.0 0.8413690368001826
45.0 0.8255100934297601
46.0 0.7929268624137679
47.0 0.7592295134801068
48.0 0.8231243195246425
49.0 0.831883283272604
50.0 0.9034035767739812
51.0 0.8634591119066553
52.0 0.9444153953869527
53.0 0.9068703483351059
54.0 0.8665675010954998
55.0 0.8952468270172684
56.0 0.9327197227362333
57.0 0.943687409952372
58.0 1.0207883715517991
59.0 1.0545215716185405
60.0 1.0149732770548119
61.0 0.9861608204780644
62.0 1.0559145726231605
63.0 1.071715455412095
64.0 1.0891002161315197
65.0 1.0698224208995128
66.0 1.1388441611937736
67.0 1.0426899232546138
68.0 1.1548339529365383
69.0 1.140424630578763
70.0 1.1235369888048081
71.0 1.1669543325916767
72.0 1.2173087187394371
73.0 1.1153596965918338
74.0 1.2340737055845912
75.0 1.1823160395353058
76.0 1.164273337569663
77.0 1.2315586306015136
78.0 1.153954327424809
79.0 1.2032465110891637
80.0 1.165879864683954
81.0 1.248379964508251
82.0 1.1717353547562857
83.0 1.168209720745511
84.0 1.279425906803719
85.0 1.2227362301438407
86.0 1.1380120742480369
87.0 1.1426163308350195
88.0 1.1101919974156678
89.0 1.0940700457906078
90.0 1.0601466386368465
91.0 1.097006781265627
92.0 1.0437340591831803
93.0 1.0838176490147928
94.0 1.0211655311295302
95.0 1.0507359336451345
96.0 0.9532385733361969
97.0 1.0029187221718794
98.0 0.9322699210506533
99.0 0.9258545056380072
100.0 0.9627941334695062
101.0 0.953452334547394
102.0 0.9320396642375384
103.0 0.9177593091780406
104.0 0.8390192804998298
105.0 0.8598855872799432
106.0 0.8274231330613546
107.0 0.8813455132399631
108.0 0.8925721104653952
109.0 0.8340703874157059
110.0 0.8358462162983366
111.0 0.8024119588392123
112.0 0.7905612073724413
113.0 0.7851107029658391
114.0 0.8212018466386222
115.0 0.7909691071838029
116.0 0.8391096266042792
117.0 0.7941087794363796
118.0 0.7920012568569772
119.0 0.7958834314610813
120.0 0.7942974879371756
