Time NormalisedFlux
0.0 1.014704156907087
1.0 0.9119724355248947
2.0 1.0074984632540964
3.0 0.9666058821470075
4.0 1.1008564207328202
5.0 0.9188083775847126
6.0 0.9510892561453174
7.0 1.2397836931834632
8.0 0.9699483417852816
9.0 1.0048991569085406
10.0 1.066322996524445
11.0 0.9891357348446409
12.0 1.1171959124890214
13.0 0.8699278273273994
14.0 1.098160102111562
15.0 1.175676423363906
16.0 0.9879977183812619
17.0 1.0522581872037828
18.0 0.8308490783726117
19.0 1.073739477151809
20.0 0.9381082889947909
21.0 0.9390190728128238
22.0 1.016989987673606
23.0 0.9770730464725069
24.0 1.0205611300396202
25.0 0.9323840553355269
26.0 0.8947952105888938
27.0 0.9001735842545735
28.0 1.0404381681720192
29.0 1.1307710459762177
30.0 0.9365537354242168
31.0 0.9550524320071936
32.0 1.0198867140369134
33.0 0.8692434350445724
34.0 0.9176489570723292
35.0 1.0750217899671037
36.0 1.0560009357571405
37.0 0.975303841454809
38.0 0.8688819551732938
39.0 0.9960198296164309
40.0 0.809529983123018
41.0 0.9570033120312846
42.0 0.9467077898730891
43.0 0.9656188908700041
44.0 0.9478631502586521
45.0 0.968948597941402
46.0 0.9462109484926522
47.0 0.9847863899048405
48.0 0.8962737138628453
49.0 0.9740648553314911
50.0 1.0291621920702665
51.0 1.1379341844020292
52.0 0.9453881044460596
53.0 0.9310938077245191
54.0 0.9193667158976867
55.0 1.0081827940582728
56.0 0.8419111234371057
57.0 0.9735096351509318
58.0 0.9739613894078294
59.0 1.1331722015330876
60.0 1.0720007657834476
61.0 0.8536957043051876
62.0 1.1290628356271384
63.0 0.9120683217494983
64.0 1.0981213800220604
65.0 0.968757715779532
66.0 0.9183460104276913
67.0 0.8943049913388939
68.0 1.007000076859628
69.0 0.8777040315834314
70.0 1.0669926078838963
71.0 1.0014144967431302
72.0 0.9955439534619094
73.0 1.0813356353938046
74.0 0.9508133713748366
75.0 0.9591157525887694
76.0 1.0019145115625405
77.0 0.9547668101113731
78.0 0.8895507664352439
79.0 0.9855274126554124
80.0 0.9402693530066935
81.0 0.8976412634575499
82.0 1.1177711928086176
83.0 0.8234668556381237
84.0 1.1139756663756095
85.0 1.118300145465998
86.0 0.9807362293974655
87.0 1.2281486165270237
88.0 0.9225143244683114
89.0 0.9799520953672163
90.0 1.122978695655558
91.0 0.9405444779513872
92.0 1.0304428025364967
93.0 0.9768890788378218
94.0 1.1638362753572924
95.0 1.1249347308696025
96.0 0.9714431456424067
97.0 1.0616349061719168
98.0 1.0667931619541595
99.0 0.9838521930799912
100.0 0.96050945863485
101.0 0.9540343869939351
102.0 0.9695863814835771
103.0 1.0702443451748327
104.0 0.9697287181124352
105.0 0.868129057221942
106.0 0.9886250010944512
107.0 1.015358556341075
108.0 1.04338369338494
109.0 1.0512174865076458
110.0 1.0525179072126896
111.0 1.0108658300261553
112.0 0.9782955745827258
113.0 0.935785826392701
114.0 1.1015555417269058
115.0 1.1221662116121023
116.0 0.9446530386526167
117.0 1.2146204423263
118.0 1.1379667358238943
119.0 1.2210896579638553
120.0 0.9722381246501649
