Time NormalisedFlux
0.0 1.0473482799268365
1.0 1.0404302691221876
2.0 1.060645020184758
3.0 1.055176859875246
4.0 1.0047511943244818
5.0 0.9959090393858406
6.0 1.0192276762227934
7.0 0.9997889838278387
8.0 0.9611908494553858
9.0 0.9742679573699322
10.0 0.9647489826018333
11.0 0.9890599307968466
12.0 0.9347800949164948
13.0 0.9377805393900582
14.0 0.9375427788574517
15.0 0.915230116562474
16.0 0.9259316854189966
17.0 0.8927624977947085
18.0 0.9511907166098295
19.0 0.958041213980543
20.0 1.0188936558092796
21.0 1.0615156796302423
22.0 1.1156130181172237
23.0 1.0659790030561749
24.0 1.0520020977644653
25.0 1.0499649642962356
26.0 1.0457166010140189
27.0 1.069732371589462
28.0 1.056582393162064
29.0 1.0361725587350716
30.0 1.0187195236869049
31.0 1.0274101223913588
32.0 0.9944290705890251
33.0 0.9917251008201814
34.0 0.9839913210581966
35.0 0.9689851057058322
36.0 0.9872414444240699
37.0 0.9378914204881676
38.0 0.9478478784952981
39.0 0.9630591678392317
40.0 0.9805072308391315
41.0 0.9466115540594577
42.0 0.8895351970233977
43.0 0.8939384673961509
44.0 0.906329272970937
45.0 0.9746094344452702
46.0 1.0279799775028309
47.0 1.0625787012017618
48.0 1.0732495493405536
49.0 1.061550546295724
50.0 1.0543970352762302
51.0 1.054121362667054
52.0 1.051840964924836
53.0 1.089685459613272
54.0 1.0458988971444267
55.0 1.047578083406618
56.0 1.0070764338127076
57.0 1.0193490326937396
58.0 0.9756784773593858
59.0 0.9915434127444375
60.0 0.9987109844444325
61.0 0.9655343131648104
62.0 0.967866555225754
63.0 0.942508288198964
64.0 0.9285135559158519
65.0 0.9491834743199135
66.0 0.9819460881711569
67.0 0.9342695018314986
68.0 0.9281215104309107
69.0 0.9038600066300977
70.0 0.9161949735624522
71.0 0.95781221948379
72.0 1.050193228004503
73.0 1.0995368867767148
74.0 1.07995414544934
75.0 1.085419593415286
76.0 1.0475363545344842
77.0 1.023222098567659
78.0 1.0596995547457762
79.0 1.0451536052952497
80.0 1.0404723477384024
81.0 1.0427500787661907
82.0 1.025699143116743
83.0 0.9997086559993867
84.0 1.0041468422555508
85.0 1.000603577722535
86.0 1.0033468137481238
87.0 1.0102078065696145
88.0 0.9591769207758793
89.0 0.9565991819442378
90.0 0.9471457380093079
91.0 0.953689757390078
92.0 0.947375930285054
93.0 0.921035521459861
94.0 0.9119576983788874
95.0 0.8994142495797415
96.0 0.9444101733470771
97.0 1.0285731454687823
98.0 1.0597102801432035
99.0 1.08909589819823
100.0 1.0921719676831414
101.0 1.060406793346958
102.0 1.0114945589455733
103.0 1.0350618841485522
104.0 1.0428814729454399
105.0 1.0300455390641576
106.0 1.0428161407900456
107.0 1.0259504015961263
108.0 1.0128340538720815
109.0 0.9968845860729709
110.0 1.004543679822401
111.0 1.0020172784358463
112.0 0.9915662424005289
113.0 0.9387504350368303
114.0 0.9721101738206066
115.0 0.9810152462807864
116.0 0.9431052811578684
117.0 0.9337528173791236
118.0 0.926241136317788
119.0 0.8924105554698641
120.0 0.9337349382245687
