Time NormalisedFlux
0.0 0.9634395384023218
1.0 1.0171133413079545
2.0 1.052533136986224
3.0 1.0963235169109051
4.0 1.107453031712813
5.0 1.0475662666890737
6.0 1.041464814719658
7.0 1.0644754047795928
8.0 1.04995070245337
9.0 1.0358144704622336
10.0 1.0508397810120451
11.0 1.0409195875178372
12.0 1.0422477120088058
13.0 1.0049165687324397
14.0 0.9885264471776009
15.0 1.0340874148081924
16.0 0.9688860819984235
17.0 0.9579093520101153
18.0 0.9370927621499748
19.0 0.9420822371127445
20.0 0.9431766237518607
21.0 0.9837681681800531
22.0 0.9539496608915919
23.0 0.9418010188639786
24.0 0.9067477720240773
25.0 0.8752568662151774
26.0 0.890203793415565
27.0 0.9448980491409117
28.0 0.9895021795618129
29.0 1.0115117915638634
30.0 1.0521322790123713
31.0 1.0977146047744635
32.0 1.0923301843661288
33.0 1.0527600111178872
34.0 1.0378229700293606
35.0 1.046200223781664
36.0 1.0280782407629714
37.0 1.0486875277260452
38.0 1.0075406019460078
39.0 1.020742460065332
40.0 0.9859320831971548
41.0 1.0061028674839028
42.0 1.012191063680916
43.0 1.0005099778620845
44.0 1.0164874437699798
45.0 0.9397848860177915
46.0 0.9717322340595538
47.0 0.97020484986434
48.0 0.9645472816507119
49.0 0.9614715274099268
50.0 0.9144364962080271
51.0 0.9104865714454661
52.0 0.9339074107436489
53.0 0.9210900370067032
54.0 0.9066631032242807
55.0 0.960144491897077
56.0 1.019667644415688
57.0 1.0883227288011947
58.0 1.1088197961086868
59.0 1.1174819060353105
60.0 1.0766858889502124
61.0 1.030434833776362
62.0 1.0586987202415654
63.0 1.0540690855158417
64.0 1.043973665777181
65.0 1.0355912565799026
66.0 1.0188772033830482
67.0 1.0396819780424422
68.0 0.9997453224068278
69.0 0.9744737542346207
70.0 0.9799405129565915
71.0 0.9674474770063571
72.0 0.9805230897981696
73.0 0.9630756021910365
74.0 0.9477912269076205
75.0 0.9577005965229747
76.0 0.926013691973334
77.0 0.9450616893668307
78.0 0.9262475762464741
79.0 0.9538804771030321
80.0 0.8997482366860751
81.0 0.9396942848340638
82.0 0.9429002623898026
83.0 0.9674724247837625
84.0 1.0184485220188941
85.0 1.0475520990238372
86.0 1.0807991485357418
87.0 1.0757699872249813
88.0 1.1170537565229006
89.0 1.0391804615293871
90.0 1.0384929024467184
91.0 1.0353100434168214
92.0 1.0530654214846336
93.0 1.0250345013897357
94.0 1.0008363747319398
95.0 1.0069290953707155
96.0 1.0237635329176558
97.0 0.991227503751932
98.0 0.981811720838418
99.0 0.9905121453681809
100.0 0.994004529571626
101.0 0.9698104381434143
102.0 0.9188851681369746
103.0 0.9542931352332131
104.0 0.9615671093316508
105.0 0.934278137948908
106.0 0.9278348008106385
107.0 0.8886006298952068
108.0 0.8954702180344118
109.0 0.8694252743437498
110.0 0.9734183387654434
111.0 1.0127860916070308
112.0 1.0678332655782152
113.0 1.1112393688679358
114.0 1.0927226319044225
115.0 1.056637842121758
116.0 1.0696631379898418
117.0 1.0405022274708375
118.0 1.0418416431821917
119.0 1.0649751993634813
120.0 1.0223297399400564
