Time NormalisedFlux
0.0 0.7973506056274415
1.0 0.7987706672828183
2.0 0.787339487280685
3.0 0.7975649142638297
4.0 0.8473154613728765
5.0 0.7615330029502806
6.0 0.8349228480645369
7.0 0.8299390909183929
8.0 0.8290419463824507
9.0 0.8559307626722138
10.0 0.8291383190428937
11.0 0.8188487796790852
12.0 0.8596602525807605
13.0 0.8763496504880308
14.0 0.8151752586961868
15.0 0.8489937127357229
16.0 0.9343032981972242
17.0 0.8823510228645857
18.0 0.888638716057229
19.0 0.9781807264948452
20.0 0.9403485916947013
21.0 0.9486121690201836
22.0 1.0273708886321835
23.0 1.002164259200247
24.0 0.9894231375057468
25.0 0.9934368949852198
26.0 1.052359431901305
27.0 1.0850853355358714
28.0 1.0933194254685128
29.0 1.0101513923213772
30.0 1.047044439678148
31.0 1.1024310576668228
32.0 1.0721851632519754
33.0 1.1341570466516435
34.0 1.169149552150572
35.0 1.1393226044998492
36.0 1.1599944702551996
37.0 1.1714678612242342
38.0 1.103742757102735
39.0 1.1914853242662942
40.0 1.1997788219134373
41.0 1.1655844933842394
42.0 1.176277855335285
43.0 1.2262659188248406
44.0 1.207137523602862
45.0 1.2016134924906048
46.0 1.2024802559940293
47.0 1.2470532482415786
48.0 1.1668047054134767
49.0 1.2470759184468971
50.0 1.186650836075726
51.0 1.2155859726750338
52.0 1.2428368462983743
53.0 1.1680338843226237
54.0 1.1414574738454666
55.0 1.1947737459782188
56.0 1.1016887134384563
57.0 1.1962934268602738
58.0 1.1621108725526004
59.0 1.172597236254515
60.0 1.185607582881208
61.0 1.1031675333025024
62.0 1.0765148010367804
63.0 1.1018294412992113
64.0 1.0335151937271359
65.0 1.021986690742395
66.0 1.0126399027653477
67.0 1.0014489681366239
68.0 1.0420327873543644
69.0 1.0065807087481862
70.0 0.9525536204154734
71.0 0.92788094324018
72.0 0.908879882306034
73.0 0.9161608591093287
74.0 0.9454356041379641
75.0 0.9588381939946224
76.0 0.9384184419020611
77.0 0.8687647323808081
78.0 0.8625391037017035
79.0 0.8312876563922313
80.0 0.8468085299147675
81.0 0.8481539424081584
82.0 0.7887542955404077
83.0 0.8294979108771904
84.0 0.782852651308804
85.0 0.8044061577756562
86.0 0.7803420163357689
87.0 0.8528050616323286
88.0 0.792885336792323
89.0 0.7794348314303968
90.0 0.7576501776556848
91.0 0.7688009989940823
92.0 0.8060328234613999
93.0 0.8222841428999906
94.0 0.7438880644879047
95.0 0.8507966979317576
96.0 0.7700245118794294
97.0 0.7899547059896569
98.0 0.8819177626745893
99.0 0.8179028022596473
100.0 0.8748518194481205
101.0 0.8768517611916328
102.0 0.8942518945906597
103.0 0.8568702905525247
104.0 0.9135024807123044
105.0 0.8856182404209237
106.0 0.9280176852352966
107.0 0.9276076398046669
108.0 0.9739014570319948
109.0 0.9594657632700433
110.0 0.9623762883231692
111.0 0.9882910298334013
112.0 0.9835758865404802
113.0 1.036688750703211
114.0 1.0638272525503747
115.0 1.0674809683983495
116.0 1.1081851463959627
117.0 1.0337914245487436
118.0 1.1022822339983513
119.0 1.0853336843481727
120.0 1.1046622659563092
