Time NormalisedFlux
0.0 0.8222823859260562
1.0 0.8276398174682521
2.0 0.799678526524222
3.0 0.7975238420937247
4.0 0.8302542776863236
5.0 0.8135808123342285
6.0 0.8406407857259592
7.0 0.8177963595370752
8.0 0.8306284249710464
9.0 0.9279113901240841
10.0 0.901283344258107
11.0 0.9194984435041748
12.0 0.9325184181386202
13.0 0.9377148607073714
14.0 0.9492988487853699
15.0 0.9385845440239444
16.0 1.0282240705370933
17.0 1.0134675697073336
18.0 1.0783480673626757
19.0 1.004491940264454
20.0 1.0648892953612294
21.0 1.0761532674792997
22.0 1.101586419946984
23.0 1.133020539185315
24.0 1.0842859773100437
25.0 1.104958957543592
26.0 1.2187444051124676
27.0 1.170416924297536
28.0 1.1553558215276485
29.0 1.2039239054404771
30.0 1.1259858437739585
31.0 1.2147317955913348
32.0 1.1363346692287621
33.0 1.2298180001309758
34.0 1.2039728867306054
35.0 1.1931354238435454
36.0 1.1589807939310721
37.0 1.1566048732708523
38.0 1.1485419802191614
39.0 1.2061581257649623
40.0 1.184543333856125
41.0 1.2162935744680883
42.0 1.1222743496891852
43.0 1.2265606123326174
44.0 1.1686693239709847
45.0 1.1147788657954771
46.0 1.0827215564976216
47.0 1.130718335986981
48.0 1.101867937240316
49.0 1.0442305994688772
50.0 1.0340104109282848
51.0 1.048849246560395
52.0 1.0452410587721002
53.0 0.9940311353114476
54.0 0.9793250701631538
55.0 0.9714927728928905
56.0 0.9634018774401152
57.0 0.99713035859501
58.0 0.9196768064655787
59.0 0.8890694513618647
60.0 0.908671610096084
61.0 0.866797967035061
62.0 0.8667872536386594
63.0 0.8841823846116091
64.0 0.859710210328521
65.0 0.9114449586638006
66.0 0.8849556242987109
67.0 0.8030062110229905
68.0 0.812001820022989
69.0 0.7775574373016974
70.0 0.7950259089349772
71.0 0.7986180891236034
72.0 0.8113401546090341
73.0 0.7808609420382784
74.0 0.75608038426535
75.0 0.7700905946659765
76.0 0.8459187281104983
77.0 0.7154084667879526
78.0 0.819799630211427
79.0 0.8418597008292589
80.0 0.797274028376208
81.0 0.8759382402151235
82.0 0.8515434515477869
83.0 0.8416051300326534
84.0 0.8685719311646037
85.0 0.8757040794734484
86.0 0.8974084101502008
87.0 0.9311766949889086
88.0 0.9564658190027042
89.0 1.0002733088468063
90.0 0.9497726497508361
91.0 1.0171403126430438
92.0 1.0147095836217033
93.0 1.0768104131471776
94.0 1.0319009743402332
95.0 1.0451244708484393
96.0 1.1084960576128493
97.0 1.0832035478056745
98.0 1.107230249179208
99.0 1.1773003067261176
100.0 1.1392612793757353
101.0 1.2023332051941142
102.0 1.1494030127174644
103.0 1.1067458079148935
104.0 1.1513101827591345
105.0 1.1619159071664236
106.0 1.214591285391711
107.0 1.165768262706712
108.0 1.167982093192485
109.0 1.1632729620339877
110.0 1.1494916086788205
111.0 1.218956526651173
112.0 1.26748497443923
113.0 1.1844976188089822
114.0 1.2098362134983762
115.0 1.180996044370886
116.0 1.1575320397933493
117.0 1.164483229850561
118.0 1.1404827100851223
119.0 1.1169551514363145
120.0 1.0938904054097751
