Time NormalisedFlux
0.0 1.0143353452804296
1.0 0.9921545552646748
2.0 0.9632993570143901
3.0 0.9625114296961461
4.0 0.9950057971772008
5.0 0.9817948382309024
6.0 0.9569164485345283
7.0 0.9252166461482129
8.0 0.9088158636526927
9.0 0.905567815977322
10.0 0.8801435497831015
11.0 0.8539058404209133
12.0 0.9107890025076091
13.0 0.937277606295648
14.0 0.8523179706157581
15.0 0.8515857805885569
16.0 0.8693646524959414
17.0 0.9055370823249428
18.0 0.7833629624184576
19.0 0.7988445661500496
20.0 0.8942935181923385
21.0 0.8056700732766401
22.0 0.747067281832255
23.0 0.7781432175624139
24.0 0.808989449516306
25.0 0.7702002791338631
26.0 0.8333540774213217
27.0 0.8006473201472702
28.0 0.7886352341372029
29.0 0.7805344680750645
30.0 0.8521764993966894
31.0 0.8531226152104869
32.0 0.8210112682237638
33.0 0.8799417755444529
34.0 0.8328388674146899
35.0 0.8943721249118457
36.0 0.8660771876247356
37.0 0.8561399304907015
38.0 0.8650164807349875
39.0 0.8563889322777497
40.0 0.9521911716041449
41.0 0.9883886073507732
42.0 1.0051078609247093
43.0 1.0110497061897639
44.0 1.015396951581502
45.0 1.0072331087257822
46.0 1.0228077290543567
47.0 1.0523723854305547
48.0 1.0402137485406133
49.0 1.1071598809557628
50.0 1.022667803030446
51.0 1.1229293441373394
52.0 1.140892488679632
53.0 1.1861566760953142
54.0 1.0596740654361787
55.0 1.1635076751314097
56.0 1.1853066352510846
57.0 1.1398989184558315
58.0 1.1981913326803648
59.0 1.203939049855159
60.0 1.1829325481264812
61.0 1.1622685958792984
62.0 1.1983007921991113
63.0 1.2595038350869376
64.0 1.2170337036631622
65.0 1.2043051951372703
66.0 1.1650937700603132
67.0 1.229190140920755
68.0 1.2189604672434988
69.0 1.1910790869706385
70.0 1.188484773980255
71.0 1.1991428685268477
72.0 1.1914237497007025
73.0 1.2332926095051397
74.0 1.1667974376594101
75.0 1.1667066465252354
76.0 1.149662857717212
77.0 1.1531922162512944
78.0 1.1481529517850986
79.0 1.1306948041053808
80.0 1.0546616793222998
81.0 1.1186816311037684
82.0 1.101917542561706
83.0 1.0652544791219918
84.0 0.9921050367593179
85.0 1.0359060443707486
86.0 1.0106751580295024
87.0 0.9715927551742293
88.0 0.9852896534047283
89.0 1.0018467230873194
90.0 0.9723449837570038
91.0 0.9588863705646122
92.0 0.921924701861953
93.0 0.9168796101562575
94.0 0.8644727442891424
95.0 0.8723968559887613
96.0 0.9099278410951726
97.0 0.8467930323840203
98.0 0.7993904435070922
99.0 0.9105576816644689
100.0 0.8134606460595668
101.0 0.8182378603234262
102.0 0.8506292530343634
103.0 0.7846214633863726
104.0 0.8394677175892464
105.0 0.7939994041413873
106.0 0.8037080282354319
107.0 0.7615360823796397
108.0 0.8365566394701621
109.0 0.7682083968054989
110.0 0.8101648743230169
111.0 0.7995704256766216
112.0 0.7529500530589518
113.0 0.7507919876135978
114.0 0.7760224760427845
115.0 0.8328868218951104
116.0 0.8364987234499325
117.0 0.8279596735867205
118.0 0.8156911449851745
119.0 0.873564350791655
120.0 0.8433860299683144
