Time NormalisedFlux
0.0 1.0879677880306864
1.0 1.0960448723442189
2.0 1.0955787755850224
3.0 1.0719147188681741
4.0 1.0341901257219077
5.0 1.0535527638073774
6.0 1.0337869499166958
7.0 1.0384757210182916
8.0 1.0804296761153525
9.0 1.0320480048938516
10.0 1.0066502680971916
11.0 1.0144780504957465
12.0 1.0061000648895573
13.0 1.0194355676408142
14.0 1.0193515836497786
15.0 0.9634556913481759
16.0 0.9859926577153122
17.0 1.0227680787344438
18.0 0.9653460468712558
19.0 0.9788852069157362
20.0 0.9659962573868274
21.0 0.9572987707869007
22.0 0.9578954271480553
23.0 0.9638949268640257
24.0 0.9293200092097884
25.0 0.9518182378243563
26.0 0.9610374921307944
27.0 0.9677403993333978
28.0 0.9114019825315368
29.0 0.9370614201769133
30.0 0.9290845746357795
31.0 0.9248088679304943
32.0 0.9550100800686524
33.0 1.0261489695349322
34.0 1.0287856861062565
35.0 1.0725358572942154
36.0 1.0873721591924315
37.0 1.058801371644475
38.0 1.1052977756966298
39.0 1.093604960613794
40.0 1.056217922373136
41.0 1.0399432893282967
42.0 1.0421275453306973
43.0 1.0693649960773353
44.0 1.046630323230224
45.0 1.040443088226722
46.0 1.0229357952112992
47.0 1.0052206028293043
48.0 1.0142873306512084
49.0 0.9863692405940546
50.0 1.0155465188028465
51.0 1.0158345171700527
52.0 1.0190314355556034
53.0 0.9911253658241647
54.0 0.9760749474195252
55.0 0.9733400654257113
56.0 0.9883332718413046
57.0 0.9780984146701259
58.0 0.9549936260659331
59.0 0.9582425054915845
60.0 0.9581295523450706
61.0 0.9713694635792582
62.0 0.9361581817078134
63.0 0.9334454989050895
64.0 0.9040475071877797
65.0 0.9151618380099324
66.0 0.9041936614398883
67.0 0.8961613281647017
68.0 0.9293489042414408
69.0 0.9879946284536036
70.0 1.020010434825308
71.0 1.0658843007853929
72.0 1.1103684516035024
73.0 1.08137693355172
74.0 1.0740367499122754
75.0 1.0809039136894347
76.0 1.065282727369368
77.0 1.0512406952716364
78.0 1.068429546992451
79.0 1.0337758099908818
80.0 1.0367689677268592
81.0 1.0585067666422494
82.0 1.0538225834231016
83.0 1.0183833854044075
84.0 1.0049514055976527
85.0 1.009337829017759
86.0 1.0042381752251357
87.0 0.9991149744335507
88.0 0.9961588777952888
89.0 0.9734983374489128
90.0 0.9602176013683621
91.0 0.9667527141241173
92.0 0.9723746243129613
93.0 0.9398430991985219
94.0 0.9621057700625517
95.0 0.981289640191176
96.0 0.9607475717067737
97.0 0.9703695395045965
98.0 0.9390998860268619
99.0 0.9370137009583818
100.0 0.9147042164073204
101.0 0.8983186673978734
102.0 0.9121445395096448
103.0 0.9171537328618676
104.0 0.937150160640646
105.0 0.9873690679133252
106.0 1.0726256513956922
107.0 1.0592054176296883
108.0 1.0983528181416757
109.0 1.1132868589841252
110.0 1.0963641614339994
111.0 1.044220616388614
112.0 1.049595181727929
113.0 1.0451374064796042
114.0 1.033230669988523
115.0 1.0481684157454425
116.0 1.0447020820936466
117.0 1.040123846417165
118.0 1.0414011643329038
119.0 1.0467868139795324
120.0 1.0020009584597345
