Time NormalisedFlux
0.0 1.1930119212872696
1.0 1.2210134300347961
2.0 1.130954657203424
3.0 1.2367379572279014
4.0 1.278387280192506
5.0 1.1720975961603322
6.0 1.204006467002613
7.0 1.2325490010848212
8.0 1.2784320219228913
9.0 1.1508182931262967
10.0 1.1642621509046038
11.0 1.195815838323883
12.0 1.153112518834737
13.0 1.1824842360839216
14.0 1.0738659905424146
15.0 1.1049312264654736
16.0 1.080613836018474
17.0 1.1382126672070434
18.0 1.1232538980439104
19.0 1.090297210883037
20.0 1.0619657515747079
21.0 1.002238456838414
22.0 1.0055411432580248
23.0 1.0210624855962824
24.0 0.9886615296775122
25.0 0.8814427553030634
26.0 0.9635012946394815
27.0 1.0075156697468863
28.0 0.9395488677635484
29.0 0.8272814646883612
30.0 0.8542179771574703
31.0 0.8872867557314512
32.0 0.9050267056601955
33.0 0.9005283391664154
34.0 0.8341306591456
35.0 0.8392508907404711
36.0 0.8286430061898666
37.0 0.8401652137739571
38.0 0.7938316093146878
39.0 0.775561925954412
40.0 0.8394721354684564
41.0 0.8432940056604536
42.0 0.8516914482315948
43.0 0.8381150102237919
44.0 0.8059692497809631
45.0 0.8025703087101616
46.0 0.782751901130902
47.0 0.7366862191425717
48.0 0.7855125606144272
49.0 0.7534044696122961
50.0 0.8929578656342856
51.0 0.8241432605055532
52.0 0.8011688428055502
53.0 0.7926984504962674
54.0 0.9462690459342573
55.0 0.8278151945764587
56.0 0.8853001830062833
57.0 0.9030784047976365
58.0 0.9178919526413203
59.0 1.0266490994265234
60.0 1.0498943142771273
61.0 1.0488163073492744
62.0 0.9539652185973934
63.0 1.0772649205807576
64.0 1.036360533713316
65.0 1.1103036934233521
66.0 0.9889587282623306
67.0 1.0306402934971781
68.0 1.1184068478311588
69.0 1.103806444367301
70.0 1.11734635051712
71.0 1.1226896780416424
72.0 1.1938957711099603
73.0 1.1156290149033692
74.0 1.1632196802635164
75.0 1.1967133702687607
76.0 1.1675568756335686
77.0 1.1665849720083512
78.0 1.1977801313731398
79.0 1.1767651127423393
80.0 1.1899840035760791
81.0 1.2263832520848186
82.0 1.188140475933645
83.0 1.238121341704869
84.0 1.1192890931502444
85.0 1.1404928622880897
86.0 1.167884924737565
87.0 1.1968696544783022
88.0 1.176617389878593
89.0 1.1844176862271012
90.0 1.2221314715061722
91.0 1.1401843376648966
92.0 1.0697131817896408
93.0 1.0855345652101112
94.0 1.0737264675005302
95.0 1.0776361888104502
96.0 1.0642465217825772
97.0 1.0390704457286886
98.0 1.0829180857957592
99.0 1.0159182656731014
100.0 0.9837433519166875
101.0 0.9886365194771787
102.0 0.9738672311466376
103.0 0.9393025394955047
104.0 0.9482275283124565
105.0 0.9463713034378264
106.0 0.8877088722649329
107.0 0.8689652970435231
108.0 0.8722487594204388
109.0 0.851846676600931
110.0 0.8592614321334183
111.0 0.8704706204950501
112.0 0.8363903871602472
113.0 0.8144152746946214
114.0 0.8157406977122894
115.0 0.8326145169159535
116.0 0.810995004296045
117.0 0.7697053631443777
118.0 0.7455756632112146
119.0 0.7439148528445596
120.0 0.8224318658966484
