Time NormalisedFlux
0.0 0.9260825988587521
1.0 0.9567889440450027
2.0 1.0277477090875755
3.0 1.0695134173821983
4.0 1.0501116871441065
5.0 1.0928400199767399
6.0 1.1085716063909152
7.0 1.0987860130597293
8.0 1.0424472118292274
9.0 1.0512214640105575
10.0 1.029959295431344
11.0 1.0114317498271994
12.0 1.032928881281126
13.0 1.0384259880598383
14.0 1.0429676585871768
15.0 1.0147480291797712
16.0 1.0106976206752445
17.0 0.9794478133690713
18.0 1.0038704348515053
19.0 1.011170999780541
20.0 1.0004791092271224
21.0 0.9894371531796223
22.0 0.985870574880541
23.0 0.9510367745935971
24.0 0.9604634730526181
25.0 0.9748337650271067
26.0 0.9841445174714465
27.0 0.9632339498025263
28.0 0.9634702615707935
29.0 0.9039364545999229
30.0 0.9136229258765315
31.0 0.9165731866174951
32.0 0.8934455432752915
33.0 0.9020380805457665
34.0 0.9456420090165965
35.0 1.010708733719064
36.0 1.0139745865498988
37.0 1.056528511855592
38.0 1.0892177262542615
39.0 1.0963061841447614
40.0 1.0902535924982377
41.0 1.0403088064820936
42.0 1.0600520768368045
43.0 1.02709450938282
44.0 1.055581270047677
45.0 1.0324072987870725
46.0 1.0501701853084724
47.0 1.0456429090318133
48.0 1.0151240500852312
49.0 1.003637859254326
50.0 1.0089473895267367
51.0 1.0325577758922666
52.0 0.9803419714249532
53.0 0.9876362780341531
54.0 0.9938229706884011
55.0 0.9560384341159281
56.0 0.9782905720322814
57.0 0.9414451739705523
58.0 0.9448832618670553
59.0 0.9618868558272183
60.0 0.9409966549241515
61.0 0.9808311890429466
62.0 0.9295062307740067
63.0 0.9187997215909518
64.0 0.8886575214182048
65.0 0.9219985760322252
66.0 0.9220988603610014
67.0 0.9853456790689844
68.0 1.0117315363108492
69.0 1.0847125819480088
70.0 1.0782400962193157
71.0 1.1036927791959692
72.0 1.115889856874827
73.0 1.0786686130263616
74.0 1.0669323915794495
75.0 1.0542773768564342
76.0 1.0731070836606489
77.0 1.0610288310963407
78.0 1.0385320711696553
79.0 1.0572492622773302
80.0 1.039993648993872
81.0 1.0113844177916498
82.0 1.0249302138912717
83.0 1.0150616677543478
84.0 1.0290181252194701
85.0 1.0085107929053923
86.0 0.9999045577337559
87.0 0.942884524591646
88.0 0.9739631818532527
89.0 0.9440851739334766
90.0 0.9357983678423121
91.0 0.9581814775307458
92.0 0.9569185072170394
93.0 0.9680893219400475
94.0 0.9424585785460211
95.0 0.911576298521159
96.0 0.90863417892479
97.0 0.9056151004859706
98.0 0.9223457836312406
99.0 0.934713943775764
100.0 1.018315614628381
101.0 1.0457269861702347
102.0 1.070536701328496
103.0 1.0991621567962309
104.0 1.132387241868479
105.0 1.0823729271198974
106.0 1.0624149086095505
107.0 1.0442358732830426
108.0 1.0278803038781876
109.0 1.034061351510784
110.0 1.0362002582025847
111.0 1.003950263563064
112.0 1.0373956432024554
113.0 1.014624280920017
114.0 0.9995525034833826
115.0 1.0089546300575174
116.0 0.9874678455133205
117.0 0.9883480562475743
118.0 1.0052744324569225
119.0 0.9931519449838532
120.0 0.9682462137860298
