Time NormalisedFlux
0.0 0.8976481285162298
1.0 0.8733395682544559
2.0 0.844897271268523
3.0 0.841807926386629
4.0 0.903417873508367
5.0 0.9289352579020702
6.0 0.9471888402576096
7.0 0.9958567668572299
8.0 1.0484341450090948
9.0 1.0265068214097843
10.0 1.0521391236512467
11.0 1.106526689923025
12.0 1.1738956184034073
13.0 1.120030813538331
14.0 1.075867334911648
15.0 1.0539181058646756
16.0 1.0586387574880765
17.0 0.9859546109922657
18.0 0.9159498836926732
19.0 0.9325735263068898
20.0 0.8757297710612201
21.0 0.8903193546865293
22.0 0.8437666937513926
23.0 0.8830376662444156
24.0 0.9518473911716816
25.0 0.9951990566348895
26.0 1.016266133998256
27.0 1.0255028327153748
28.0 1.045513214911683
29.0 1.0942270737738728
30.0 1.1456339353835896
31.0 1.1063932300686268
32.0 1.0739040498647427
33.0 1.0463652192941715
34.0 1.034102690703434
35.0 0.991309728599173
36.0 1.0276973457202065
37.0 0.9485318204187181
38.0 0.9226047111704303
39.0 0.8598200395822942
40.0 0.8433415841939497
41.0 0.9123369800006075
42.0 0.9151954124540186
43.0 0.9680467694234263
44.0 0.9762487620986152
45.0 0.9762312005649947
46.0 1.0635990980572116
47.0 1.093159248476085
48.0 1.1251908024350612
49.0 1.0968735795103115
50.0 1.1083234168376388
51.0 1.1361272366966222
52.0 1.0537847419093163
53.0 1.0660155325843255
54.0 0.9948941035977039
55.0 0.9453359102046214
56.0 0.9848465144307235
57.0 0.9290264033223259
58.0 0.8730054230688997
59.0 0.8559373526166238
60.0 0.8650616737490728
61.0 0.8752979321336259
62.0 0.9163818622547993
63.0 0.9843340697700375
64.0 1.0276363215217998
65.0 1.0485170688802383
66.0 1.0244091442282848
67.0 1.0644665708544072
68.0 1.1283777685939387
69.0 1.1400959144465157
70.0 1.08202167530867
71.0 1.0689563082602986
72.0 1.0490715720283172
73.0 0.9831476724119367
74.0 0.9682625630368356
75.0 0.9717419122895147
76.0 0.935392089216353
77.0 0.9161037980177843
78.0 0.8422489076990356
79.0 0.8700019739013791
80.0 0.89684930653184
81.0 0.9375745465528291
82.0 0.972694556120208
83.0 1.006523597107039
84.0 1.0479734609467157
85.0 1.1099696866307214
86.0 1.0964857998238793
87.0 1.1363527793887065
88.0 1.1503384703421595
89.0 1.1051320470471298
90.0 1.0642329489642675
91.0 1.04605314907431
92.0 0.9665943278397976
93.0 0.97999663437394
94.0 0.9199008552353566
95.0 0.9357423634321683
96.0 0.8377263046606073
97.0 0.912223843082092
98.0 0.8898861306358721
99.0 0.9316336006524867
100.0 0.9193812453455076
101.0 0.9951388878096347
102.0 1.018200610122019
103.0 1.0721304074207996
104.0 1.1196369353340774
105.0 1.1024103305559316
106.0 1.1579433111730018
107.0 1.1468583236267575
108.0 1.1148976124106111
109.0 1.0984697694079757
110.0 1.052914792134599
111.0 1.0339589744580866
112.0 1.0223245118352606
113.0 0.9458572451740801
114.0 0.8902504482764144
115.0 0.9244514944275194
116.0 0.8450971274689418
117.0 0.9048321501497354
118.0 0.9187992829928809
119.0 0.9602509968894843
120.0 0.9601094234781603
