Time NormalisedFlux
0.0 0.9510891620434102
1.0 0.9078591780627931
2.0 0.8936100160437045
3.0 0.8706703319537752
4.0 0.8795444729641525
5.0 0.881214368717979
6.0 0.8792349109120416
7.0 0.9385603825546583
8.0 0.9175452421089529
9.0 0.9309709236910647
10.0 1.0226805286638019
11.0 0.991383363913713
12.0 1.106223214654826
13.0 1.1290754090082296
14.0 1.1029671897199724
15.0 1.1015245940778426
16.0 1.1177126511571074
17.0 1.0844032756235849
18.0 1.0631718923745703
19.0 0.9968188643870556
20.0 1.0039789326002082
21.0 0.9566687178430706
22.0 0.9483611658583847
23.0 0.9380134301521159
24.0 0.8889315492302163
25.0 0.8716965390759164
26.0 0.848220380015814
27.0 0.8971117091828231
28.0 0.8698231051080277
29.0 0.9645372843298389
30.0 0.9283644794263719
31.0 0.9777767059279237
32.0 1.012536241313047
33.0 1.0793826198894636
34.0 1.1007111491243144
35.0 1.0806483155899786
36.0 1.1626052363756532
37.0 1.112064292316576
38.0 1.1086686996664747
39.0 1.092023707219876
40.0 1.0917820334355748
41.0 1.0152894821308558
42.0 0.9691690119975346
43.0 1.0397860399321663
44.0 0.9453272256599602
45.0 0.9104419005790738
46.0 0.9131375109772508
47.0 0.8972983973573712
48.0 0.8533808700461243
49.0 0.9078931852925977
50.0 0.9616990666408352
51.0 0.949475480378691
52.0 0.9659090042790661
53.0 1.0144660723897396
54.0 0.9638079837016706
55.0 1.0536796741143717
56.0 1.0698395700739642
57.0 1.1427342341649154
58.0 1.1724773814618423
59.0 1.0708588399086032
60.0 1.0386288292642267
61.0 1.0768236589289906
62.0 1.02926399496452
63.0 1.0209070657230568
64.0 0.9650897919925793
65.0 0.9200863229977579
66.0 0.9109379538204008
67.0 0.906193966751483
68.0 0.9139067284733803
69.0 0.8417939724743619
70.0 0.9190531231729235
71.0 0.9060458444450927
72.0 0.9149232679299573
73.0 0.9505366934264277
74.0 0.9659885998670432
75.0 1.0274372957007774
76.0 1.0759224747619636
77.0 1.0997778645804483
78.0 1.0767656527887455
79.0 1.1182186547381583
80.0 1.1171240047668953
81.0 1.076888408360335
82.0 1.1094750561366775
83.0 1.085533247301438
84.0 1.0268608056079382
85.0 1.0287014907251208
86.0 0.9953416315536778
87.0 0.9334400787946527
88.0 0.9543335534266524
89.0 0.9039056599078301
90.0 0.9003037547835165
91.0 0.858652461551208
92.0 0.8908210744903877
93.0 0.8453300152515448
94.0 0.9419201607210612
95.0 0.9165861158070067
96.0 0.9958553306819831
97.0 1.0276250183033435
98.0 1.0320280368466954
99.0 1.0818284963362665
100.0 1.072373311009598
101.0 1.1299481977850891
102.0 1.1260338078993892
103.0 1.088850325009845
104.0 1.1121667161818058
105.0 1.1056945305924766
106.0 1.008159275906007
107.0 1.0015170220380916
108.0 1.0173895437977756
109.0 0.9447496297609603
110.0 0.8867789683989359
111.0 0.8751356779677154
112.0 0.920078415160351
113.0 0.86229848514396
114.0 0.920190779250827
115.0 0.8874257183177088
116.0 0.9660040619803547
117.0 1.0020224601767462
118.0 0.9683955752017727
119.0 1.0639139135484141
120.0 1.073847322642007
