Time NormalisedFlux
0.0 1.0564303417940812
1.0 1.0215141485668187
2.0 0.9894432554617342
3.0 0.9865255072841459
4.0 1.0039985978700403
5.0 1.018471226701181
6.0 1.007460046594196
7.0 0.9604909871966871
8.0 0.963971901888473
9.0 0.975460831762135
10.0 0.9575919262263034
11.0 0.9502540083513037
12.0 0.9689663288887312
13.0 0.9669675138129007
14.0 0.9430069747592481
15.0 0.9164187382686215
16.0 0.9208963000056517
17.0 0.9246054176260403
18.0 0.911819524799061
19.0 0.925518192224868
20.0 0.9948434958410051
21.0 1.0140600508913267
22.0 1.0650314229359994
23.0 1.0716998475257247
24.0 1.0934095253645268
25.0 1.0890377985196464
26.0 1.0819342772399776
27.0 1.0600417043243182
28.0 1.053026926111973
29.0 1.0542974574466875
30.0 1.0562157244894936
31.0 1.058018163864238
32.0 1.0607223549007108
33.0 1.0448907966485876
34.0 1.013741195825741
35.0 0.9943417621618428
36.0 1.0141640606962763
37.0 1.0144051639927656
38.0 1.002712618811081
39.0 0.9670499636661954
40.0 0.9900534074229699
41.0 0.9635747923230649
42.0 0.9539553902590058
43.0 0.9916013074358572
44.0 0.9467309898312801
45.0 0.9375691963700841
46.0 0.9618522356804224
47.0 0.976420403109687
48.0 0.9347699757382979
49.0 0.9350611143483218
50.0 0.9152067974597162
51.0 0.9114687787795699
52.0 0.9222024858659835
53.0 0.9125577640616785
54.0 0.958532342923385
55.0 0.9937311937029376
56.0 1.062523167757814
57.0 1.0664306015828793
58.0 1.091190397438268
59.0 1.0979970066436828
60.0 1.0878630278334027
61.0 1.062284969135358
62.0 1.0393009207704869
63.0 1.0564359485206
64.0 1.0424871625911898
65.0 1.0263849962427454
66.0 1.0345899327676726
67.0 1.0418067195895135
68.0 1.028332715489289
69.0 1.0301225907600984
70.0 1.0148718874396718
71.0 0.9970664709805253
72.0 1.0314076637102076
73.0 0.9925517663980815
74.0 0.9708336840903585
75.0 0.9789060609095717
76.0 0.9508901795924232
77.0 0.964285129982755
78.0 0.9504988966847064
79.0 0.9642477197006356
80.0 0.9496219347254329
81.0 1.0011002233164334
82.0 0.9493005686958886
83.0 0.921962014613154
84.0 0.9081038400480945
85.0 0.922954208789707
86.0 0.9031403958412902
87.0 0.9201593069181927
88.0 0.9566964757561967
89.0 0.9726630019059073
90.0 0.9946443008318958
91.0 1.0776322645676917
92.0 1.103464748428044
93.0 1.0637108100888994
94.0 1.0997645848710558
95.0 1.0901130083190036
96.0 1.0474989630060665
97.0 1.0686929906091576
98.0 1.0348838605285071
99.0 1.0555693134345705
100.0 1.0680613175825695
101.0 1.0422464801126323
102.0 1.0231765855547845
103.0 1.01792628554662
104.0 0.9886530786195965
105.0 1.0124180650066708
106.0 0.9817168605402747
107.0 1.0175234351581748
108.0 0.995174492265792
109.0 0.9838652046943588
110.0 0.9805820861967793
111.0 0.950072737100154
112.0 0.9773608082043495
113.0 0.9393765160015413
114.0 0.9785732297253721
115.0 0.9621639539826216
116.0 0.9410182478630483
117.0 0.9627349940886303
118.0 0.9490670358678762
119.0 0.9128496470693318
120.0 0.8835277537479919
