Time NormalisedFlux
0.0 1.0588079197866491
1.0 1.0690548045349946
2.0 1.0621282383365576
3.0 1.0737507825217787
4.0 1.0372413437558525
5.0 1.0564465027232368
6.0 1.067084365299405
7.0 1.0458619395945563
8.0 1.0018132347425126
9.0 0.9857059856475241
10.0 1.0113791441869833
11.0 1.0164923688193157
12.0 0.9898310038858193
13.0 0.9563503891565872
14.0 0.9514468165420094
15.0 0.9682760345808455
16.0 0.9338053562767941
17.0 0.9700781025190688
18.0 0.9290218596079693
19.0 0.9564314843538495
20.0 0.9243172099227979
21.0 0.9363515513953867
22.0 0.9384418180653887
23.0 0.9715474541056286
24.0 1.0461116808989666
25.0 1.1139259552857874
26.0 1.1099665349258783
27.0 1.0438296253159562
28.0 1.08807162010465
29.0 1.0357809308089674
30.0 1.0447749176965517
31.0 1.036608992408971
32.0 1.0254196904235964
33.0 1.0390149054819575
34.0 1.0043722598497242
35.0 1.0024401192567893
36.0 0.9917535455586971
37.0 1.0160112596996231
38.0 0.9981529496269402
39.0 0.9450020295488042
40.0 0.9622140106922035
41.0 0.9560739913778991
42.0 0.9537769789966665
43.0 0.9449317599699667
44.0 0.9380731886001172
45.0 0.9414179823793133
46.0 0.8722430362215685
47.0 0.9397473338056207
48.0 0.9602024418754843
49.0 1.024967281578178
50.0 1.0861181831375846
51.0 1.0899219634332016
52.0 1.0725034661555157
53.0 1.042323038832753
54.0 1.048398778579659
55.0 1.0541794470514128
56.0 1.0163812625081294
57.0 1.0261099222207135
58.0 1.0534352183717781
59.0 0.9926702264084641
60.0 1.00553287849534
61.0 1.0108306950731223
62.0 0.992123638418903
63.0 1.02040227064243
64.0 0.985189121000986
65.0 0.9377751911434321
66.0 0.9347330663849606
67.0 0.9625374260286158
68.0 0.9733504198323741
69.0 0.9657855978069332
70.0 0.9237343932190816
71.0 0.9267840822460267
72.0 0.8714965447175349
73.0 0.9670074905972675
74.0 1.005895709963492
75.0 1.0461485066269651
76.0 1.0763454187548942
77.0 1.0849014719507748
78.0 1.1150519778139594
79.0 1.0463601410032526
80.0 1.0356497830810951
81.0 1.0859980048517621
82.0 1.020770415517001
83.0 1.0536317361761305
84.0 1.014748848826128
85.0 1.0204747394777802
86.0 1.0068428728287042
87.0 1.0128974404120992
88.0 1.0136388864618566
89.0 0.9994820237452084
90.0 0.9891519634541072
91.0 0.9479116853822095
92.0 0.9394288769193333
93.0 0.963281303135625
94.0 0.9407427394881209
95.0 0.9329982337920577
96.0 0.9178633654076317
97.0 0.8871123057368127
98.0 0.915771177366209
99.0 0.9528774429169642
100.0 1.0468020063583574
101.0 1.0789453164450025
102.0 1.105333100398059
103.0 1.0741888807179305
104.0 1.085073982246716
105.0 1.024633064414549
106.0 1.0503436376431772
107.0 1.0374969169727857
108.0 1.0318320165671726
109.0 1.0235836375377156
110.0 1.0075580105465927
111.0 0.9736823499705181
112.0 1.0272292890550037
113.0 0.9991219357174415
114.0 0.9695260587123323
115.0 0.9647613002906952
116.0 0.9223088079588981
117.0 0.9547364956370455
118.0 0.9531307096129609
119.0 0.9992349650702945
120.0 0.9657995130174241
