Time NormalisedFlux
0.0 1.0702546011003014
1.0 1.0814274660840786
2.0 1.0563478076798667
3.0 1.0252342962245602
4.0 1.0816350650699655
5.0 1.0370616408716582
6.0 1.0434209202223703
7.0 1.043881119288483
8.0 1.0496677436078439
9.0 1.0026000129992434
10.0 0.9913235475078037
11.0 1.010400178345235
12.0 0.9966021068594197
13.0 1.0063452920806888
14.0 0.9820794718344683
15.0 0.9893734221354599
16.0 1.0052457996361988
17.0 0.9601068378112341
18.0 0.9437464732290998
19.0 0.967793897794759
20.0 0.9374889777536929
21.0 0.9653242053697223
22.0 0.957017958198971
23.0 0.9234154023280658
24.0 0.9260811742739911
25.0 0.8987690753636686
26.0 0.9153935366831294
27.0 0.935923010275885
28.0 0.9541299229917959
29.0 1.010862881547327
30.0 1.0403419057580894
31.0 1.1097707487006836
32.0 1.0938006712607777
33.0 1.0905499325018693
34.0 1.0632589580286969
35.0 1.0425246728667217
36.0 1.0445914213970118
37.0 1.0478088155603211
38.0 1.0665938351500595
39.0 1.0610188272952668
40.0 1.0458710850830237
41.0 1.0286511020158617
42.0 1.0720020187281507
43.0 1.0114694870818306
44.0 1.0139607100211026
45.0 0.9853585118797238
46.0 0.9732058130843946
47.0 0.995530914205696
48.0 0.9900394271632644
49.0 0.9940500978486542
50.0 0.9440048663360702
51.0 0.9816404746686598
52.0 0.9525250953417917
53.0 0.9701371864855218
54.0 0.939565702897002
55.0 0.9468316086206473
56.0 0.9163219532898027
57.0 0.9272516384186219
58.0 0.924262521663922
59.0 0.9028771903377567
60.0 0.9366310428033956
61.0 0.9371053375051976
62.0 0.9893653518098194
63.0 1.0371965897887019
64.0 1.055973060794873
65.0 1.0869878014694465
66.0 1.077127775343828
67.0 1.0948075613857748
68.0 1.0275565976681797
69.0 1.039047417354043
70.0 1.0461559009978019
71.0 1.0419437936687697
72.0 1.0809071926107634
73.0 1.028552951858294
74.0 1.0385829497571377
75.0 0.9963486403522839
76.0 1.0066482868153146
77.0 0.9960406054962612
78.0 1.0148184324875384
79.0 1.001882900234405
80.0 0.9745502397866108
81.0 0.9822767052299404
82.0 0.9584149698675
83.0 0.9775681362792251
84.0 0.9283669682892884
85.0 0.9548964230127845
86.0 0.9854033129549885
87.0 0.974603042175787
88.0 0.9474705951915945
89.0 0.9570622646518303
90.0 0.9560652204241171
91.0 0.8957684028477977
92.0 0.8996597924627928
93.0 0.9448101550817836
94.0 0.9545693998070666
95.0 1.005172882159613
96.0 1.0385461563449963
97.0 1.064266860222191
98.0 1.1031993422085404
99.0 1.0896346263866725
100.0 1.0774464783463413
101.0 1.0643465690447886
102.0 1.019001452767822
103.0 1.04088706341414
104.0 1.0406242628105802
105.0 1.0522065327228272
106.0 1.0672110653955003
107.0 1.0310223991672336
108.0 1.0211235267076784
109.0 1.0179791226813681
110.0 1.027596012046421
111.0 0.9960086715659822
112.0 1.001517149192469
113.0 0.9962166263277076
114.0 0.9915317352137689
115.0 0.9960246899419175
116.0 0.9875167651834121
117.0 0.9501912520965585
118.0 0.9728694803332272
119.0 0.9580970372347222
120.0 0.9494640265881694
