Time NormalisedFlux
0.0 0.813915395366769
1.0 0.8315634748357502
2.0 0.8728873476748328
3.0 0.8925538955174804
4.0 0.8362599365955685
5.0 0.8397795268796218
6.0 0.9012619295724927
7.0 0.8812680324541253
8.0 0.9455928063131874
9.0 0.9152855413077035
10.0 0.9514792428316869
11.0 0.9389705158539758
12.0 0.9640207049091168
13.0 0.9474684667879423
14.0 0.9893982243713558
15.0 0.9850429334810616
16.0 0.9868742137305369
17.0 1.0611860555802777
18.0 1.144217417488525
19.0 1.1159251090446565
20.0 1.1286117515842728
21.0 1.17016634583093
22.0 1.1263321495762117
23.0 1.1840100264106967
24.0 1.225149592136275
25.0 1.1825470643120288
26.0 1.1280635946877255
27.0 1.2102164446191408
28.0 1.1912276168206202
29.0 1.2343332490519447
30.0 1.1588038904092741
31.0 1.1951232840965598
32.0 1.2004893438831215
33.0 1.206981775720017
34.0 1.2213068607324877
35.0 1.1544496866997387
36.0 1.1664683798908315
37.0 1.1687770241587507
38.0 1.1842061534113975
39.0 1.1710485058432718
40.0 1.2093099161365333
41.0 1.155853138499165
42.0 1.1436131067104232
43.0 1.1665974810468214
44.0 1.0815683551620798
45.0 1.0962377615800147
46.0 1.102478250096325
47.0 1.0221644399052179
48.0 1.0068155593184667
49.0 1.0418052712018222
50.0 1.0936068317235554
51.0 1.0144709069714994
52.0 1.0410630833385888
53.0 0.9513558489333264
54.0 0.9239235736111266
55.0 0.9203040048527062
56.0 0.9457670033851995
57.0 0.9290886101475222
58.0 0.9313821397899817
59.0 0.8312398931902072
60.0 0.9292438728736598
61.0 0.9128013274723545
62.0 0.7599477709551878
63.0 0.8237750855346669
64.0 0.7881040049455749
65.0 0.8665389561226221
66.0 0.7384044570375101
67.0 0.8082711379934576
68.0 0.7381409323037442
69.0 0.759138290730361
70.0 0.8396484801490742
71.0 0.7754301114234539
72.0 0.7730682826456295
73.0 0.782331145825386
74.0 0.7858208317865182
75.0 0.8066912443801392
76.0 0.7744270655701513
77.0 0.854221505273744
78.0 0.7953367704916794
79.0 0.8085790814264515
80.0 0.8570142639848845
81.0 0.883123006137547
82.0 0.9361159550505735
83.0 0.9254594637012792
84.0 0.9244676872345411
85.0 0.893893700498022
86.0 0.8953918406661923
87.0 0.9135161942717395
88.0 0.9360824323972334
89.0 0.9016646424157884
90.0 0.9754924560751794
91.0 1.0282522781279526
92.0 0.9613858546109424
93.0 1.0786508732693287
94.0 1.0679436926371548
95.0 1.0435773445454246
96.0 1.0999776507618826
97.0 1.1176222763443198
98.0 1.150511510086889
99.0 1.1613135556405774
100.0 1.1814358172706618
101.0 1.1360956222890264
102.0 1.1807314525350143
103.0 1.215308429372431
104.0 1.1682528324771615
105.0 1.1499244056831528
106.0 1.1759357714902485
107.0 1.1894430877838897
108.0 1.2187245458083178
109.0 1.1667625364919765
110.0 1.169004231627103
111.0 1.2182918885736909
112.0 1.1519911068506972
113.0 1.2028155008358354
114.0 1.2264550612245735
115.0 1.1951730219709813
116.0 1.1494797246961936
117.0 1.2584866181600318
118.0 1.1267812247154063
119.0 1.1946607396688242
120.0 1.1520334744812706
