Time NormalisedFlux
0.0 0.9921615868035564
1.0 1.0263832122025933
2.0 0.9796366474258534
3.0 0.9665068384968831
4.0 0.9890351643427578
5.0 0.9727767191090384
6.0 0.9413852939799244
7.0 0.9850738640044341
8.0 0.950619527964487
9.0 0.9320674518767534
10.0 0.9397971225985854
11.0 0.9085780301631471
12.0 0.9276701475991368
13.0 0.9629629356308338
14.0 0.9847684089756079
15.0 1.0517092842536062
16.0 1.0687012097100324
17.0 1.091057267640728
18.0 1.0954471766875218
19.0 1.0622449413476633
20.0 1.0523086793514063
21.0 1.027473974523926
22.0 1.0398250140765048
23.0 1.0650089199583943
24.0 1.0399876053485255
25.0 1.049411965223441
26.0 0.98901227568442
27.0 1.0150302337789754
28.0 1.0168704711033543
29.0 1.0036299338697319
30.0 0.9993391029102565
31.0 0.993919304992167
32.0 0.9757886319474486
33.0 0.9470731817776035
34.0 0.9517779271276974
35.0 0.9398907158104756
36.0 0.9669098117283021
37.0 0.9546193143284405
38.0 0.925197321111443
39.0 0.9308290919168074
40.0 0.8997045627710838
41.0 0.9198356179042869
42.0 0.9537011794506373
43.0 0.9867197994259601
44.0 1.0101654461627212
45.0 1.1278741995833488
46.0 1.0914211316452578
47.0 1.0718815099900354
48.0 1.0901173643569488
49.0 1.0393322445775288
50.0 1.0377708110047927
51.0 1.01752437285243
52.0 1.0404621548344393
53.0 1.0051633934244273
54.0 1.0157451827424575
55.0 1.0031299527143223
56.0 1.005493228367587
57.0 1.0276311040673451
58.0 1.0094181297791545
59.0 1.002968139995688
60.0 1.0092995067715083
61.0 1.0106545484766811
62.0 0.9373882181106626
63.0 0.9674614882065107
64.0 0.9378256856269789
65.0 0.9542522694626816
66.0 0.9534253827754832
67.0 0.9355407517823863
68.0 0.9446130142808161
69.0 0.9053262226143269
70.0 0.9010158886447935
71.0 0.9172625242159832
72.0 1.018224635129356
73.0 1.0273925120418443
74.0 1.0449894824299404
75.0 1.0612921647177458
76.0 1.1116961480349228
77.0 1.0873178941337895
78.0 1.0605051505208587
79.0 1.0742430366606837
80.0 1.01811739150626
81.0 1.0366529916199148
82.0 1.043743959044353
83.0 1.0280714304399683
84.0 1.02860616760414
85.0 0.9872131656705107
86.0 1.011574945054564
87.0 1.0307147734312476
88.0 0.9848968299812991
89.0 1.0021471584731318
90.0 1.0078047548842204
91.0 0.9638571226180175
92.0 0.9607113856328386
93.0 0.9476256521506903
94.0 0.9348478159759516
95.0 0.9540109518588771
96.0 0.9251372886366095
97.0 0.8974889136870123
98.0 0.8910448355946107
99.0 0.9123696060612986
100.0 0.9297997477974312
101.0 0.9606999985734102
102.0 1.036875226396961
103.0 1.0750502306182446
104.0 1.0952458300008787
105.0 1.0814980272939196
106.0 1.0921359025785715
107.0 1.0187222001592302
108.0 1.038603958346009
109.0 1.021825506310749
110.0 1.0378610174326366
111.0 1.0339980971248952
112.0 1.0090244548120657
113.0 0.9809407683207587
114.0 1.0044706395713057
115.0 1.032320575818784
116.0 1.0063434292489806
117.0 0.996434168894924
118.0 0.9921078101093129
119.0 0.9795695573287341
120.0 0.9630770855876664
