Time NormalisedFlux
0.0 1.0915313728344753
1.0 1.0889656095766311
2.0 1.0765347575152253
3.0 1.1384882513833134
4.0 1.1191756860173647
5.0 1.0364895805692664
6.0 1.024960442042591
7.0 1.0432253164564493
8.0 1.0187926842472694
9.0 0.9751981049077019
10.0 0.9401223470186686
11.0 0.9418005911871584
12.0 0.8424486786551276
13.0 0.81749152035498
14.0 0.8972586854764701
15.0 0.909049021302172
16.0 0.9299371377744732
17.0 0.9903075728550648
18.0 0.9958484900943331
19.0 1.0253143745987692
20.0 1.0953243561972408
21.0 1.0952896995971575
22.0 1.1389001590588603
23.0 1.1211361929722616
24.0 1.074366443462836
25.0 1.0540812594348883
26.0 1.011282282564693
27.0 1.0120986603536777
28.0 0.974011901290779
29.0 0.9251761277631115
30.0 0.8979147150374266
31.0 0.8668830601148333
32.0 0.8330060350564295
33.0 0.832164470791363
34.0 0.8919103030910732
35.0 0.9544070173173566
36.0 0.9602299694373679
37.0 1.018939523109912
38.0 1.0289315824103473
39.0 1.06316006797948
40.0 1.104255603143444
41.0 1.0937543079623495
42.0 1.1507063075069914
43.0 1.1471210027900887
44.0 1.0846831818104483
45.0 1.0235484612064072
46.0 1.0497810524095683
47.0 0.9969325715754063
48.0 0.9499374028217756
49.0 0.9069078620478973
50.0 0.8919789289731629
51.0 0.8724567375194412
52.0 0.8602378923604825
53.0 0.9344027012044137
54.0 0.9110421273569804
55.0 0.9760380508605749
56.0 0.9669474818258954
57.0 1.0359563064329662
58.0 1.0439870700269485
59.0 1.0175057373957332
60.0 1.092448568895064
61.0 1.145678489924649
62.0 1.1778026515310946
63.0 1.1065241475208563
64.0 1.1001756941571967
65.0 1.0302802644085407
66.0 1.0203987059699553
67.0 0.9687527646595173
68.0 0.9426263150082124
69.0 0.9600930730065177
70.0 0.9193193711718215
71.0 0.8583184459304992
72.0 0.8604103352485379
73.0 0.9125579723161288
74.0 0.9311708995356696
75.0 0.9677340658066925
76.0 0.9951151056332596
77.0 1.0207377085554186
78.0 1.0920914116274725
79.0 1.0836186972168365
80.0 1.0756164518732116
81.0 1.1521945852984932
82.0 1.092735526602509
83.0 1.077924428897458
84.0 1.0478088611612517
85.0 1.029361839590641
86.0 1.0301714818103918
87.0 0.9586714971995206
88.0 0.9332739269915588
89.0 0.8960294195910907
90.0 0.8702430344498344
91.0 0.8356618513572891
92.0 0.8535355342655703
93.0 0.9516992179369516
94.0 0.949005687952773
95.0 0.982739212299517
96.0 1.005343874367333
97.0 1.0319511212032157
98.0 1.0535415284426464
99.0 1.078928444043196
100.0 1.11785330706663
101.0 1.1221368206304123
102.0 1.0934114525311605
103.0 1.0724772161053846
104.0 1.0175015707076274
105.0 1.0254984276571324
106.0 0.9848221987815413
107.0 0.9453382526266931
108.0 0.9750325486039086
109.0 0.8801940531163419
110.0 0.8280155764439392
111.0 0.8318163446310357
112.0 0.8364794635393593
113.0 0.9025369029317988
114.0 0.9341892417718641
115.0 0.9610971917968775
116.0 1.0112927389862687
117.0 1.063541521811158
118.0 1.0644281371128659
119.0 1.1298822897754242
120.0 1.1370270877750017
