Time NormalisedFlux
0.0 0.998390113500913
1.0 0.910420516136899
2.0 0.8601342804542438
3.0 0.9670719697126724
4.0 1.0457989984948615
5.0 0.9761947512729784
6.0 0.8938117721328674
7.0 1.0502094561712743
8.0 1.0955147752142
9.0 0.8307881232793799
10.0 1.0943518403925536
11.0 0.7506669098934723
12.0 1.019220772505677
13.0 0.9893282606579346
14.0 0.9779764521635335
15.0 0.8976389466541705
16.0 1.0828598972260233
17.0 0.9833033319664648
18.0 1.1831258392564143
19.0 0.9940285115241494
20.0 0.7553956917812523
21.0 1.0389332039196901
22.0 1.157128049294554
23.0 0.945680653312747
24.0 0.9522659288832375
25.0 1.0265277050183377
26.0 1.107285787127866
27.0 0.8878017020041993
28.0 0.961932399684425
29.0 1.1727650724138488
30.0 1.1508277447906496
31.0 1.0158971722287873
32.0 1.2258455200473823
33.0 1.052456924096703
34.0 1.0912023381402234
35.0 1.1773762367546239
36.0 0.9639224470233606
37.0 1.199402024495117
38.0 0.9241908413146922
39.0 1.1198131342281414
40.0 1.0038224389448789
41.0 0.9829698477181902
42.0 1.1602945723372462
43.0 0.9616294959699921
44.0 1.1899158938309804
45.0 0.9578956373928275
46.0 1.1744669295308543
47.0 0.901022885424364
48.0 1.0352064687332807
49.0 0.9743466744685272
50.0 1.0804663690053482
51.0 0.9619979875023811
52.0 0.9985961730996153
53.0 1.0906220693963902
54.0 0.8493670336836855
55.0 0.9155217459618638
56.0 1.0220002760353388
57.0 0.9147986432005221
58.0 1.1662305124385839
59.0 0.9559547520966113
60.0 0.9821393287246641
61.0 1.0296921207609073
62.0 1.23825268747444
63.0 0.9140314985378333
64.0 0.9956266927509597
65.0 0.9746564507446358
66.0 0.9607777553541534
67.0 0.9773802839017836
68.0 0.9978176442355073
69.0 1.0732657511372101
70.0 0.9301836138707051
71.0 1.145177191240371
72.0 1.0421786134517306
73.0 0.9801360118888954
74.0 1.1535848885288165
75.0 1.174223251619408
76.0 0.9643472226437633
77.0 1.0644155810281377
78.0 0.9640537390659603
79.0 1.0515450133189779
80.0 0.9452105327906903
81.0 1.208259321012762
82.0 0.9089138065367499
83.0 0.9624728277671046
84.0 1.0553700871771807
85.0 0.979663846021532
86.0 1.238638740459495
87.0 0.9544697009428257
88.0 0.9707715762870803
89.0 1.0079315130450488
90.0 1.0047121707527904
91.0 1.1831581950259187
92.0 0.9282904575732747
93.0 1.076910974266631
94.0 0.9614291944499093
95.0 0.9054700754467511
96.0 0.9995738567710608
97.0 0.972556351292185
98.0 0.8415070381406273
99.0 1.0156259901614961
100.0 0.985834521812684
101.0 1.0742597823025715
102.0 0.9055871093930333
103.0 1.1015503435553125
104.0 0.8656069466300941
105.0 1.004544883518278
106.0 0.9342408796498967
107.0 1.0708399532974622
108.0 1.0355007754499561
109.0 0.8422491644481612
110.0 0.9302632335094917
111.0 0.9592609210674865
112.0 1.1307191773271767
113.0 1.1570707986830988
114.0 0.9422024631457221
115.0 1.128789015244662
116.0 0.8733309761084833
117.0 1.1246414021300393
118.0 0.9211984745615525
119.0 0.787612578686812
120.0 1.044286624658505
