Time NormalisedFlux
0.0 1.0932226851812663
1.0 1.0557164994287362
2.0 1.055766364878152
3.0 1.0168229173532706
4.0 0.9868261829518761
5.0 0.947180505664865
6.0 0.986525014260717
7.0 0.9713288759704615
8.0 0.8843642629117494
9.0 0.9280892172354158
10.0 0.8597066978735709
11.0 0.8954128785265631
12.0 0.8637013570864803
13.0 0.911940576627509
14.0 0.9239294185036808
15.0 0.9634670506357506
16.0 0.9708007120214649
17.0 0.9779130752386387
18.0 1.0228779582360956
19.0 1.0229011287224934
20.0 1.0794911034902526
21.0 1.075577144799225
22.0 1.0617859861085532
23.0 1.1314256531051303
24.0 1.1860891918467962
25.0 1.1541377143097178
26.0 1.0993179064622318
27.0 1.0774975834506493
28.0 1.0340154454924102
29.0 1.0708749351597349
30.0 0.9770765141702916
31.0 1.0027217449326102
32.0 0.9392612718843112
33.0 0.9558122295935063
34.0 0.9291053194967471
35.0 0.8927753720113429
36.0 0.9162608972941043
37.0 0.8561414643440566
38.0 0.8580386481905354
39.0 0.873427882949666
40.0 0.8950281992278057
41.0 0.9100073267834417
42.0 0.9499233343645659
43.0 0.9643955546634623
44.0 0.9850135267970397
45.0 0.9928181245131891
46.0 1.0768898113432672
47.0 1.0811337893602633
48.0 1.0633748636142695
49.0 1.0933278836242588
50.0 1.1026921463567665
51.0 1.1432597642759763
52.0 1.137124427230967
53.0 1.1082208179603517
54.0 1.0634800061817817
55.0 1.0782249321481046
56.0 1.062636242542504
57.0 1.026224588367776
58.0 0.9637154126603651
59.0 0.9800599645549045
60.0 0.926245953024302
61.0 0.9146643245467055
62.0 0.9218477366157987
63.0 0.8777682402804202
64.0 0.842185119716406
65.0 0.9146143533632495
66.0 0.9011860660374024
67.0 0.8785690233331337
68.0 0.9526262293131246
69.0 0.9541931766773378
70.0 0.9871697802632562
71.0 0.9829295557624145
72.0 1.0351213275878735
73.0 1.011703815693917
74.0 1.0769426024646669
75.0 1.111053836710712
76.0 1.1117383919184685
77.0 1.1175257015886029
78.0 1.1623707300852713
79.0 1.1552045158204922
80.0 1.0573833976516716
81.0 1.1197608069702216
82.0 1.0560970993841374
83.0 1.0870317014529085
84.0 1.0194055351293767
85.0 1.0263959203023925
86.0 0.9236782504354493
87.0 0.9637128969882099
88.0 0.9495856830100379
89.0 0.9168213943578317
90.0 0.8901007845615378
91.0 0.8682078261306482
92.0 0.8091137373387064
93.0 0.8656625339068057
94.0 0.8793168357847096
95.0 0.9410175233707558
96.0 0.8967413630836389
97.0 0.9283824944810566
98.0 1.0057429701754275
99.0 1.030644532679384
100.0 1.0061833173990675
101.0 1.0817565238712707
102.0 1.0847386843352518
103.0 1.0474448945005277
104.0 1.15446600862496
105.0 1.1412627811551965
106.0 1.1648664616485567
107.0 1.100361793042126
108.0 1.091998119023524
109.0 1.0197367968770041
110.0 1.0433234208692224
111.0 1.0447023701896838
112.0 0.9890991902905177
113.0 1.0087990351794303
114.0 0.9700308712594399
115.0 1.0029158379525944
116.0 0.8992552238732456
117.0 0.8646060591889768
118.0 0.9105448255187181
119.0 0.900195198185798
120.0 0.881429398576474
