Time NormalisedFlux
0.0 0.9545566204720265
1.0 1.0010677233799685
2.0 0.8293866651358063
3.0 1.0888410844211853
4.0 0.9502094601444216
5.0 1.0423752268932658
6.0 1.1083095210772584
7.0 0.9769916934280217
8.0 1.0392363822236106
9.0 0.8311897643493471
10.0 0.9538144355885384
11.0 1.0523735789727393
12.0 0.8764229538712882
13.0 1.1431438827432008
14.0 1.1900685304028245
15.0 1.0469061940430315
16.0 0.9739345543829059
17.0 0.9949362271167527
18.0 0.851200218285262
19.0 1.0158919405374838
20.0 0.931049217252942
21.0 1.097974970559692
22.0 0.8760333701619496
23.0 1.0216591780567363
24.0 0.8905014964497318
25.0 0.9249737365053038
26.0 1.0361883831933698
27.0 0.7133793945737683
28.0 1.0605547733588432
29.0 0.9685984917722031
30.0 1.0493714321466299
31.0 0.7348480273226088
32.0 1.1133879194015575
33.0 0.817931812761285
34.0 1.0789701275046937
35.0 0.925225391715411
36.0 0.989578986415046
37.0 1.0856934455763556
38.0 1.0338211065721103
39.0 0.8529685781976489
40.0 0.893771209524457
41.0 1.1108349971865639
42.0 0.9767216107288315
43.0 1.0836432586320057
44.0 0.9686603706302449
45.0 0.9052823530023685
46.0 0.958682708261522
47.0 1.007550240486422
48.0 1.0434335351145523
49.0 1.0283011937151574
50.0 1.1079799168330426
51.0 1.1295115067360015
52.0 0.9132851950267374
53.0 1.1373863058100633
54.0 1.0718337131104316
55.0 1.0273893897720716
56.0 1.015833012518714
57.0 1.1031873802829164
58.0 1.099281803750227
59.0 1.0122237692973317
60.0 1.0058461975186435
61.0 1.031065877756596
62.0 0.9280684807169984
63.0 0.8752881569530031
64.0 1.0137208925528234
65.0 1.089730050321312
66.0 0.9326625852229797
67.0 1.0284199172349877
68.0 0.9872260141927491
69.0 0.7622972410902888
70.0 1.0590684244615518
71.0 0.9692451067112613
72.0 0.9979519628513683
73.0 1.0761422857819674
74.0 0.9282475870406608
75.0 1.1292591460066141
76.0 1.11009023165576
77.0 1.24777398318421
78.0 1.019851193564124
79.0 0.7900119163020736
80.0 1.054697392634978
81.0 1.000549887392434
82.0 1.022561337655556
83.0 1.0284613021420996
84.0 0.824446168507352
85.0 1.1170297450006144
86.0 0.9347532382459985
87.0 0.895184824062764
88.0 0.9775236759216229
89.0 0.9459853932619848
90.0 1.0451441820122784
91.0 1.0144182278325475
92.0 0.9714100773985519
93.0 1.1610786016922876
94.0 0.9598857000784103
95.0 0.799374297173031
96.0 1.0868956571400958
97.0 1.0299663667514576
98.0 1.1216642438373343
99.0 0.9572366868218894
100.0 0.9627747574367924
101.0 0.9919032874815
102.0 0.94588388401681
103.0 1.012534305419913
104.0 0.9480562242895321
105.0 1.007845490312278
106.0 1.0764446405030206
107.0 0.9347070486866477
108.0 0.9839853498331351
109.0 1.1839949795297213
110.0 0.9584655466977423
111.0 1.0080488487438435
112.0 1.0025219510510197
113.0 0.9936818705119617
114.0 0.94191470854333
115.0 1.1230042867317849
116.0 0.9561477873724742
117.0 0.9090585582492492
118.0 0.9041872097110395
119.0 0.912640904083336
120.0 0.8111242796391261
