Time NormalisedFlux
0.0 1.0204789162568912
1.0 1.0382990895493784
2.0 1.0357897076750349
3.0 1.0866881260916261
4.0 1.1305839328944294
5.0 1.1468753094455124
6.0 1.1328525334883084
7.0 1.107380880436388
8.0 1.0667765952491786
9.0 1.079918603297753
10.0 1.0522238273024864
11.0 1.0447984763805735
12.0 0.9933057496469081
13.0 0.9854161825237839
14.0 0.9578460971367855
15.0 0.9481658749817535
16.0 0.904019397012519
17.0 0.87321030138056
18.0 0.8580465190455261
19.0 0.8086094610683228
20.0 0.8724354346248907
21.0 0.8872974103688127
22.0 0.8966615593106668
23.0 0.9603978368543492
24.0 0.9647587727061524
25.0 0.9583111559029529
26.0 1.0008780321331907
27.0 1.0471074043090554
28.0 1.0224904428385584
29.0 1.103770775061037
30.0 1.1341285568714712
31.0 1.1455231202903762
32.0 1.124978625254352
33.0 1.1308119294578276
34.0 1.0835061589669566
35.0 1.071925364499708
36.0 1.0863352973191243
37.0 0.9904547284410443
38.0 1.0141700179174742
39.0 1.0036697863986308
40.0 0.980182568882501
41.0 0.9412455533185193
42.0 0.8851052019179734
43.0 0.8940614517680527
44.0 0.8461926234004324
45.0 0.8081604394530958
46.0 0.8781147755906648
47.0 0.9107974085792949
48.0 0.9288353665992253
49.0 0.9598329035006746
50.0 0.9935926898644735
51.0 1.0083000660403616
52.0 0.9629797409852143
53.0 1.0411792212019226
54.0 1.1238034949711653
55.0 1.0964216934382236
56.0 1.0735599884717963
57.0 1.1070844759032945
58.0 1.1642583473414838
59.0 1.1533996401961404
60.0 1.0947908257961068
61.0 1.0401149964705398
62.0 1.0456742450075112
63.0 1.0622582234299824
64.0 1.0289507645693168
65.0 0.9530892494136929
66.0 0.9501326655899283
67.0 0.9509417589659811
68.0 0.9440066984140343
69.0 0.8916634817300784
70.0 0.8558437524448359
71.0 0.8499431580133822
72.0 0.8658769253431085
73.0 0.8648261217720028
74.0 0.8941917247258899
75.0 0.928374796312236
76.0 0.9931364096870591
77.0 0.971694412372615
78.0 0.9881263388478791
79.0 1.0588950799957295
80.0 1.0373720673734856
81.0 1.04803773775072
82.0 1.1351245506916345
83.0 1.1210444924663128
84.0 1.1546099584440772
85.0 1.1018424876164212
86.0 1.0738892695678335
87.0 1.0407921465880616
88.0 1.0630644596246401
89.0 1.0447821075573496
90.0 1.0147881298729977
91.0 0.9770014277440865
92.0 1.002322340109117
93.0 0.8901459171763024
94.0 0.9219271741023348
95.0 0.9226378823691113
96.0 0.8584437597841892
97.0 0.8662917566477019
98.0 0.9061334557397022
99.0 0.8599215543051083
100.0 0.9244943990088111
101.0 0.9367388041782941
102.0 0.9573364202548338
103.0 1.0067046141659768
104.0 1.011649343853415
105.0 1.0409084608553736
106.0 1.0368938988385767
107.0 1.0307292639632575
108.0 1.0901820254185515
109.0 1.153250368727368
110.0 1.0654843665294882
111.0 1.113761167689538
112.0 1.0377013054904636
113.0 1.0881079801467008
114.0 1.0886696153300452
115.0 1.0294729252086363
116.0 0.9668174328300672
117.0 1.0010854897902846
118.0 0.9585437755818733
119.0 0.9234044870680199
120.0 0.8913177943213508
