Time NormalisedFlux
0.0 1.11283563597545
1.0 0.8805696171352562
2.0 1.0250732158639309
3.0 0.9899349985826348
4.0 0.9725390913207628
5.0 0.9772083471985393
6.0 1.0898446246923443
7.0 0.7779438209410421
8.0 1.1643410229673645
9.0 1.076316708380924
10.0 1.0651350779547097
11.0 0.9801195858995245
12.0 1.0812186572487343
13.0 1.00889317237837
14.0 1.086426652008334
15.0 0.9840420917600848
16.0 0.8854358765980533
17.0 1.1638638066817175
18.0 1.106097771876721
19.0 0.9284561241629995
20.0 0.7786646564466684
21.0 1.0355205597103962
22.0 1.0000707495662604
23.0 1.1125626877171237
24.0 1.1748948767571559
25.0 0.8992776661457863
26.0 0.9684600360236357
27.0 0.9505957224359655
28.0 0.9271629659450947
29.0 1.0833685200590075
30.0 0.9948801608944218
31.0 0.9600206964321317
32.0 0.9837927021249075
33.0 1.0995729510255987
34.0 1.0180302264610632
35.0 0.9381242340131066
36.0 0.8789810714976161
37.0 0.9922305738732029
38.0 1.0566739325157668
39.0 1.1347868162835004
40.0 1.0905848579033997
41.0 1.0717987938604434
42.0 1.057750763802004
43.0 0.9170536656201249
44.0 1.0573667028184963
45.0 1.0618008798024627
46.0 0.9897262827948998
47.0 1.1442102328284012
48.0 0.8646361300389489
49.0 0.7887531318749332
50.0 1.1016071732223902
51.0 1.0742956092431364
52.0 0.9589656215992867
53.0 0.9947823895669962
54.0 0.8905747578100245
55.0 1.07555970655238
56.0 1.1116561619448464
57.0 0.8657668385011396
58.0 1.1428933777377255
59.0 0.9723373490847029
60.0 1.0176461673534754
61.0 0.9834081461943662
62.0 1.0174157069309413
63.0 1.1556010530836087
64.0 1.2671633186195888
65.0 0.8118912659708415
66.0 1.0148561494440578
67.0 0.8510110293031113
68.0 0.83078153650686
69.0 0.8616607692333342
70.0 0.9368424964800778
71.0 0.9094686221138346
72.0 0.9572141880492232
73.0 0.8981646050638964
74.0 0.9421817324000016
75.0 1.044065505970847
76.0 1.056187226350528
77.0 1.1428132316211552
78.0 0.9947468495167677
79.0 0.7660788453112958
80.0 1.1820984113671995
81.0 1.1444563021986651
82.0 1.1138208511319259
83.0 0.9514305072587314
84.0 0.9583387305488332
85.0 0.924027055615078
86.0 0.958295374202011
87.0 1.1539888107162597
88.0 1.0650697350453222
89.0 0.9252716231060029
90.0 0.9873210810701248
91.0 0.8858556371679915
92.0 1.0419640002797885
93.0 0.8984581805193457
94.0 0.8924742669812551
95.0 1.1739135494181743
96.0 0.9745765254732068
97.0 0.8200749856285544
98.0 1.1068988053353104
99.0 1.054395114113194
100.0 1.0686474236682746
101.0 0.961090873002095
102.0 0.9998004610997483
103.0 0.85044363684767
104.0 1.033906864987871
105.0 1.045651218978003
106.0 0.8974515150508805
107.0 1.1524516201274584
108.0 1.0133034366851281
109.0 1.0263032879305733
110.0 0.8712555532990884
111.0 0.8771462681168607
112.0 0.7221594294175507
113.0 0.9050284105671129
114.0 0.8318915702888168
115.0 1.1779339575695977
116.0 0.9593342939629143
117.0 1.0589426221014757
118.0 0.9876973159822446
119.0 1.1282160363467648
120.0 1.1428431596774657
