Time NormalisedFlux
0.0 1.0633664129349496
1.0 1.1157725444560618
2.0 1.1132957731129474
3.0 1.1398698030863041
4.0 1.1415960296559107
5.0 1.1381116936551836
6.0 1.1146742517893369
7.0 1.0740151620776395
8.0 1.0858839381317547
9.0 1.0642418958252762
10.0 0.9963311814448937
11.0 0.9954087958803528
12.0 0.9533562589755787
13.0 0.9337609508321136
14.0 0.9657935437670084
15.0 0.8627134619293226
16.0 0.8766178772989037
17.0 0.8770832809503134
18.0 0.8607148467407445
19.0 0.8838030555497408
20.0 0.8840345626423087
21.0 0.9478416370841705
22.0 0.9709323996736111
23.0 1.0116426580908435
24.0 0.981079879509078
25.0 1.029422632408417
26.0 1.0540017286310464
27.0 1.0501737807955722
28.0 1.1275515487169023
29.0 1.0520844130475597
30.0 1.0927179231343973
31.0 1.1653472708554367
32.0 1.0996009945010576
33.0 1.1400335861449924
34.0 1.1378309759100431
35.0 1.1028613570413426
36.0 1.0511966381481799
37.0 1.0259412869413367
38.0 1.0063591777341299
39.0 0.993699269205732
40.0 0.9158829338415029
41.0 0.9543822005831136
42.0 0.9363618828659435
43.0 0.8984414973450147
44.0 0.891168938570419
45.0 0.8157532250079803
46.0 0.8738700503735082
47.0 0.9111183187332341
48.0 0.8820787681514564
49.0 0.9705759102201155
50.0 0.949392797876527
51.0 0.9391421283409259
52.0 1.0449227087021695
53.0 1.0371230372624993
54.0 1.037424959504685
55.0 1.0800564110803275
56.0 1.1201883934551462
57.0 1.0845957039759373
58.0 1.153120218527188
59.0 1.092478589888568
60.0 1.1271776051549431
61.0 1.048877301591865
62.0 1.0825965120806595
63.0 1.027243732815373
64.0 1.078014894198293
65.0 1.0327421923108973
66.0 1.033433642783569
67.0 0.9834854692447147
68.0 0.9244882389882784
69.0 0.9034934700933774
70.0 0.9040551810048585
71.0 0.8748352883266449
72.0 0.8425454156345967
73.0 0.8774560510717953
74.0 0.9175059732249107
75.0 0.8771031987920532
76.0 0.9210363176872078
77.0 0.984705584977081
78.0 0.9846841866632497
79.0 0.9856842077827577
80.0 1.01690431305274
81.0 1.0687347834320744
82.0 1.0845558805752678
83.0 1.0996331142691982
84.0 1.1068859344268334
85.0 1.1301388943764157
86.0 1.1449589383080525
87.0 1.102177591804811
88.0 1.0807354763596717
89.0 1.0809370427577354
90.0 1.0549771593266941
91.0 1.0292251828197898
92.0 1.0294302784886282
93.0 0.9915109504202145
94.0 0.9847255897106049
95.0 0.9136198756072941
96.0 0.9042621492753776
97.0 0.9267659201290505
98.0 0.8986993074864899
99.0 0.8885023309601644
100.0 0.9197497036859122
101.0 0.8714299842646153
102.0 0.8828171470644858
103.0 0.8980467813598657
104.0 0.953449739813208
105.0 0.9795915632265473
106.0 1.0392342345261552
107.0 1.0028182316046679
108.0 1.0572190893580786
109.0 1.0662491073663212
110.0 1.0385256603524773
111.0 1.068802641579857
112.0 1.0759777519395433
113.0 1.1733609979647357
114.0 1.1091243818644545
115.0 1.1304918936300368
116.0 1.1258399723738466
117.0 1.0981469954366634
118.0 1.0755819298132403
119.0 1.0129544337573677
120.0 0.9943057435971722
