Time NormalisedFlux
0.0 0.9458727759490869
1.0 0.9322609027246043
2.0 0.9328526736583472
3.0 0.8693878129503968
4.0 0.8914733404387098
5.0 0.8192136304004505
6.0 0.8618240824387238
7.0 0.8992984116130709
8.0 0.9317717081356934
9.0 0.9705695291512214
10.0 0.8899477285593363
11.0 1.0083575551449662
12.0 0.9895190090526378
13.0 0.9858874401567495
14.0 1.054371450682581
15.0 1.0743639088965646
16.0 1.0942223794396393
17.0 1.0835672241557712
18.0 1.1172215814798807
19.0 1.155497663657761
20.0 1.1039713608147301
21.0 1.1263477252579426
22.0 1.0921235949693011
23.0 1.0367721566907573
24.0 1.0438488070305183
25.0 1.0682781241295216
26.0 0.979178671935887
27.0 1.0211615929941622
28.0 0.9488356684709193
29.0 0.9351315547290039
30.0 0.8969984872094618
31.0 0.8498166663011655
32.0 0.8415037565764956
33.0 0.826710136708285
34.0 0.8842019623228982
35.0 0.9008647166077577
36.0 0.9463447333776293
37.0 0.9807526689725237
38.0 0.9569124559648479
39.0 0.956701541184983
40.0 1.01326368584699
41.0 1.0122532318130444
42.0 1.078728960101831
43.0 1.035641267642578
44.0 1.075611224234139
45.0 1.1033302628165702
46.0 1.135731414416843
47.0 1.1130653187839172
48.0 1.1041579327454227
49.0 1.089449649366725
50.0 1.0748400205686268
51.0 0.9910668967394847
52.0 1.0644177262193897
53.0 0.9661190498108071
54.0 0.988793264687457
55.0 0.9941703798900561
56.0 0.9777370342996677
57.0 0.906544575384545
58.0 0.9307307187666591
59.0 0.8470204731211172
60.0 0.8301743460616343
61.0 0.8740869850052163
62.0 0.9212312713974473
63.0 0.8941251182407897
64.0 0.9283441737568745
65.0 0.9768094813025886
66.0 0.9623986856632936
67.0 1.0085817649412623
68.0 1.0336823944398332
69.0 1.0082536688905661
70.0 1.0424432205288006
71.0 1.1139007632971543
72.0 1.1445459831678402
73.0 1.2032923855395048
74.0 1.0919177212238806
75.0 1.1533708938598377
76.0 1.0693238634399491
77.0 1.107684750576962
78.0 1.0681896455240272
79.0 1.0270521954659861
80.0 1.0104849777503775
81.0 0.9501293879797901
82.0 0.9496324542195274
83.0 0.94694216473763
84.0 0.8871548404274467
85.0 0.8505346147706119
86.0 0.9072360607548928
87.0 0.866357904673075
88.0 0.8785703647180542
89.0 0.8756139587551135
90.0 0.9304778549025661
91.0 0.9432440570450434
92.0 0.9400006784358981
93.0 0.9856466841542757
94.0 1.0044895221186856
95.0 1.0363094900276522
96.0 1.0853347062867114
97.0 1.032362553724752
98.0 1.091619118542731
99.0 1.1194454290121048
100.0 1.1402905490403643
101.0 1.1708440064927905
102.0 1.1300646679665969
103.0 1.12985097111979
104.0 1.0659954852044593
105.0 1.0352540506134522
106.0 1.0316678501556062
107.0 0.9941782438833552
108.0 0.947438740956515
109.0 0.9342217412214205
110.0 0.9536283540617538
111.0 0.934342345236851
112.0 0.9011916385440868
113.0 0.88012639138835
114.0 0.8345197951413286
115.0 0.8903257350451044
116.0 0.9204234966091485
117.0 0.9180225441015586
118.0 0.9526150710200891
119.0 0.9604825723414059
120.0 1.0035263438640634
