Time NormalisedFlux
0.0 1.1725370912962192
1.0 1.2120517534162043
2.0 1.2064823456402618
3.0 1.19784121382175
4.0 1.2248503264430495
5.0 1.1483974932751073
6.0 1.2111243534571037
7.0 1.1946078846810795
8.0 1.1923249763554935
9.0 1.2312925509915198
10.0 1.2323180451709945
11.0 1.208510154861955
12.0 1.2245453706716443
13.0 1.1809428387115983
14.0 1.0903605404941763
15.0 1.157642256781841
16.0 1.0594474421629632
17.0 1.10301209148327
18.0 1.0964905431084084
19.0 1.0903043618013153
20.0 1.0636078449442468
21.0 1.0087017534269134
22.0 1.0586477896456992
23.0 1.0013184190636983
24.0 1.0505551619972417
25.0 0.98923676251915
26.0 0.9535907604076065
27.0 0.9210959033220162
28.0 0.9518092260425015
29.0 0.905702609530294
30.0 0.8790581673617209
31.0 0.9934634878849534
32.0 0.8386777677085017
33.0 0.9010642375897308
34.0 0.8475795879463649
35.0 0.8339402295656563
36.0 0.8274788584189046
37.0 0.8057978779832247
38.0 0.7931378612948039
39.0 0.8145758051231188
40.0 0.7786840607573544
41.0 0.8170087339452503
42.0 0.7837364317956426
43.0 0.8128456816579768
44.0 0.8252226764423906
45.0 0.8288421013175935
46.0 0.7535604040679503
47.0 0.7678054922958351
48.0 0.8259378884534224
49.0 0.8155137530018235
50.0 0.8111911812716156
51.0 0.8020856779899667
52.0 0.8021655604804449
53.0 0.8503405388434035
54.0 0.8874644988520529
55.0 0.8571630145324785
56.0 0.8702709908048338
57.0 0.9097235203779577
58.0 0.8462215590638956
59.0 0.880365592848229
60.0 0.896570719568526
61.0 0.923687582275175
62.0 0.9031917911351557
63.0 0.9508838989798797
64.0 0.9195299107036413
65.0 0.9604797225468535
66.0 0.9988356983308643
67.0 1.0020161006117088
68.0 0.9986124973917531
69.0 0.9980192483914235
70.0 1.100352375093963
71.0 1.0204492244833623
72.0 1.0665849464084338
73.0 1.1628467939355427
74.0 1.1311865642418675
75.0 1.1151168041424262
76.0 1.1590829322658096
77.0 1.1341778158894071
78.0 1.145620328392903
79.0 1.1623106921364164
80.0 1.1659965975775681
81.0 1.1918870754015913
82.0 1.1393329452006353
83.0 1.190537018088449
84.0 1.165829825122832
85.0 1.2189097873483272
86.0 1.1791043711486517
87.0 1.1612214224738524
88.0 1.242468231415688
89.0 1.20657950309384
90.0 1.211564160315956
91.0 1.2277573888795121
92.0 1.2005279199788894
93.0 1.1829792463429083
94.0 1.1452190736684604
95.0 1.1466081955084861
96.0 1.0673318767924582
97.0 1.1249889765557404
98.0 1.2006329417860786
99.0 1.2160652543663348
100.0 1.152508519021204
101.0 1.1371587800746055
102.0 1.142951175450397
103.0 1.1133223366990703
104.0 1.09481563273648
105.0 1.089440025926149
106.0 1.0887680876940367
107.0 1.0440437664028122
108.0 1.0581362265308873
109.0 1.049472004947217
110.0 1.0470998009632795
111.0 0.9645136637269489
112.0 1.036825712464164
113.0 0.9957587018406773
114.0 0.960966447548766
115.0 0.9498644480726061
116.0 0.9204300119073288
117.0 0.9112544145533006
118.0 0.8696421844282272
119.0 0.869680042064333
120.0 0.8115587192159093
