Time NormalisedFlux
0.0 1.0262081378747254
1.0 1.0368524966563966
2.0 1.0484235220648013
3.0 1.0577460173620832
4.0 1.0655377115632578
5.0 1.0352417822656574
6.0 1.0236755042563597
7.0 1.0197184344099175
8.0 0.9693248114147716
9.0 1.009657802138124
10.0 0.9982761046688313
11.0 1.001078266892484
12.0 0.9889182978644414
13.0 0.9823356957858507
14.0 0.993385469923295
15.0 0.9941286017842467
16.0 0.95739651746102
17.0 0.9559494419122752
18.0 0.9560749065343356
19.0 0.9322343721523048
20.0 0.9623664896368289
21.0 0.9782979951005621
22.0 0.9549485689062446
23.0 0.9250506884154529
24.0 0.950862689150356
25.0 0.9443609754938359
26.0 0.9405482641002381
27.0 0.9076512426697448
28.0 0.8964540543005199
29.0 0.9080712646617543
30.0 0.9185790279532545
31.0 0.9252779110758969
32.0 0.9173714778468791
33.0 1.0154885046595725
34.0 1.0330204452953948
35.0 1.0596927523961104
36.0 1.0791297385272
37.0 1.1021149448595724
38.0 1.100532974896551
39.0 1.0789656458790298
40.0 1.0711719672298747
41.0 1.0800530001341058
42.0 1.05333219830262
43.0 1.045997249912644
44.0 1.0639824519824395
45.0 1.0304456413838183
46.0 1.0479580586735637
47.0 1.01868769599452
48.0 1.0350321409702694
49.0 1.0446089318731555
50.0 1.0396288776741627
51.0 1.0027194322052562
52.0 1.0042557327538997
53.0 0.9934594483412554
54.0 0.9829850887262426
55.0 1.0175489863623701
56.0 1.0042001219279486
57.0 1.0035212088931684
58.0 1.00366313501211
59.0 0.9885729650019341
60.0 0.9639233199549481
61.0 0.9503594555164113
62.0 0.9632211581860365
63.0 0.9691131615537784
64.0 0.9449329821561717
65.0 0.9418709904544974
66.0 0.9692225458968785
67.0 0.965643181890452
68.0 0.9655167277177377
69.0 0.9495626135526347
70.0 0.9490955390840329
71.0 0.9097982703927964
72.0 0.9347171912826497
73.0 0.93717630446612
74.0 0.9026502988448422
75.0 0.9199902610390402
76.0 0.8754843260772447
77.0 0.9454755510830296
78.0 0.9816568658271737
79.0 1.0104485208277947
80.0 0.9954713088868734
81.0 1.0812837831379267
82.0 1.0950663843520525
83.0 1.0841834756479518
84.0 1.079163431061548
85.0 1.1210547025464435
86.0 1.0929709374897945
87.0 1.0489296819290346
88.0 1.060974830995453
89.0 1.014894622487988
90.0 1.0457902408165372
91.0 1.0498075046840143
92.0 1.0500931704048937
93.0 1.0600138434761015
94.0 1.0572316460741507
95.0 1.0611851562875436
96.0 1.0221400999394759
97.0 1.035303532589523
98.0 1.0058431081336987
99.0 0.9896486405805303
100.0 1.0141141993205487
101.0 1.0250500987954805
102.0 0.9866755655371668
103.0 1.0055563979503404
104.0 0.9953359234854587
105.0 0.9844656013079828
106.0 1.0065312057467088
107.0 0.9749188831637229
108.0 0.9627368867330074
109.0 0.949195849857216
110.0 0.9745407555605997
111.0 0.978868852822199
112.0 0.9799403145267792
113.0 0.9631988946592609
114.0 0.9497424722195493
115.0 0.9567803964828014
116.0 0.950851420407234
117.0 0.9480667978899512
118.0 0.9141922527273708
119.0 0.9308793485487254
120.0 0.894826469494893
