Time NormalisedFlux
0.0 0.9720355963830395
1.0 1.0621018668810178
2.0 0.8527564287974508
3.0 0.9470904099671361
4.0 1.0684931989302608
5.0 0.9700928123297117
6.0 1.027088712107481
7.0 0.9782200766115612
8.0 0.975111217555172
9.0 1.1528140354922467
10.0 0.9150515940764594
11.0 0.9737327489370108
12.0 1.0689419312092618
13.0 1.1013834971128014
14.0 1.1002133338967128
15.0 1.150226273983158
16.0 1.131959307469921
17.0 0.9539235119860111
18.0 1.0872232545379779
19.0 1.0627838754676509
20.0 0.9457892394717557
21.0 0.9850722137648534
22.0 0.9323747896690199
23.0 1.0344146040027085
24.0 0.9984563794254647
25.0 0.9860133009241312
26.0 0.8130312554374435
27.0 0.9842053872467547
28.0 0.9718357205327125
29.0 1.0097078036425897
30.0 0.881934516597328
31.0 1.0521512442578116
32.0 1.149845794522887
33.0 1.0017691374125346
34.0 0.8857585175393884
35.0 1.2283091491692784
36.0 1.1401656560830518
37.0 0.9308407669762656
38.0 0.8436310087104338
39.0 1.035439687857648
40.0 0.9839421020375434
41.0 0.9875292674655831
42.0 1.0191437841080626
43.0 1.1782946040338265
44.0 1.2012560780282926
45.0 0.9207822750033497
46.0 0.9473852418828634
47.0 0.9803327731790734
48.0 0.8567890274054488
49.0 1.1454640445550306
50.0 0.9245121340870265
51.0 1.0272395553450682
52.0 0.9918885205345098
53.0 1.0287154325756966
54.0 0.850348066917172
55.0 1.1246184275524012
56.0 1.0665808015424845
57.0 0.9348312706141025
58.0 1.1593434288739994
59.0 1.0058983432568722
60.0 1.095675273632028
61.0 0.8568502700247042
62.0 0.9868513510042146
63.0 1.1443708009028246
64.0 1.0624598173159865
65.0 1.25295098698072
66.0 0.7444428946229048
67.0 1.0720380863536563
68.0 0.9992082132932101
69.0 0.8168733671616286
70.0 0.9762133353079061
71.0 0.9536451175133044
72.0 0.9714877107689779
73.0 0.9972987920382382
74.0 0.9889526366845174
75.0 1.1230325983000173
76.0 1.0134820019486943
77.0 0.8921921860914976
78.0 1.0456724572055254
79.0 0.8588068079644389
80.0 0.9164690653900501
81.0 0.7539976008630078
82.0 1.048554454206124
83.0 0.9182317760010936
84.0 0.9185321226060651
85.0 1.1061198705016626
86.0 1.15423673190728
87.0 0.8318930777954183
88.0 0.944448120455658
89.0 0.9299189903345452
90.0 1.1778227850766614
91.0 0.9995992927758003
92.0 1.0368213857391602
93.0 0.8297271172962277
94.0 0.9551062837786312
95.0 0.9974593854456698
96.0 1.0162020504282165
97.0 0.9098987025803181
98.0 1.0280212859709579
99.0 0.866944329770735
100.0 1.0692598787423457
101.0 0.9313252167966162
102.0 0.9906084968421405
103.0 1.2351321067069359
104.0 0.9474154793263128
105.0 1.0765801693662835
106.0 0.7772907553752801
107.0 0.9174907744905988
108.0 1.02313090878399
109.0 1.013953473505165
110.0 0.9949907628971502
111.0 0.9642740363792403
112.0 0.9956626116310592
113.0 0.8927178801459745
114.0 1.0793017385184962
115.0 1.038855344544528
116.0 0.9660168240414011
117.0 0.950256592627757
118.0 0.9901440517249764
119.0 1.0257878177997635
120.0 1.0322395268366504
