Time NormalisedFlux
0.0 1.1216046913183937
1.0 1.0742179104522491
2.0 1.0480428411658538
3.0 1.046075309266358
4.0 1.0065459101081815
5.0 0.9834663924223345
6.0 0.9451429682416844
7.0 0.904544532147697
8.0 0.8817451352018807
9.0 0.8847881491524969
10.0 0.9217681529824888
11.0 0.8919099378729832
12.0 0.8762528950844578
13.0 0.896188770450771
14.0 0.9481705019327883
15.0 0.9412790701300442
16.0 0.9724918708770951
17.0 1.0037173183643213
18.0 0.9978468880328937
19.0 1.0538407761487247
20.0 1.1275573865379158
21.0 1.0734864688006491
22.0 1.1327859196392112
23.0 1.1562552428763373
24.0 1.092878544448826
25.0 1.089195701367677
26.0 1.073231803239716
27.0 1.0649105310816571
28.0 1.0084801392133205
29.0 0.9741976161436519
30.0 1.0172507251050031
31.0 0.9535098212112298
32.0 0.9480168293320584
33.0 0.9180457913848978
34.0 0.8927980533854386
35.0 0.8775025050756916
36.0 0.9155990124726555
37.0 0.8973549389636424
38.0 0.8902881711649857
39.0 0.9394073824192177
40.0 0.9419698211464899
41.0 0.9579315803404658
42.0 0.9960571500299634
43.0 1.0289966403889852
44.0 1.0618932269624783
45.0 1.068215304505754
46.0 1.0468256158748364
47.0 1.204626447758372
48.0 1.1760731774417812
49.0 1.1320253624351726
50.0 1.0409148588879136
51.0 1.0628151201355476
52.0 1.0278822327619581
53.0 1.0212427923087248
54.0 1.0597798105771667
55.0 1.003109948227801
56.0 0.9818836271463218
57.0 0.9327098985972682
58.0 0.9044536586000872
59.0 0.9223685748194952
60.0 0.8876125706317677
61.0 0.8790099099184513
62.0 0.9049138490666127
63.0 0.8987481725884489
64.0 0.8847057845529791
65.0 0.984310687792828
66.0 0.9701393621583488
67.0 0.9791023498627991
68.0 1.0886892632917944
69.0 1.0550344322194822
70.0 1.0763967260770673
71.0 1.0775479718472334
72.0 1.1107748517298393
73.0 1.165795515671999
74.0 1.056888083543606
75.0 1.1196397754268341
76.0 1.1140604476294544
77.0 1.0870013980897084
78.0 1.0674192048691629
79.0 1.0194742938875347
80.0 0.9636802665701468
81.0 0.9793930848099344
82.0 0.9571649297069529
83.0 0.922883837354863
84.0 0.9255886654362416
85.0 0.9017724743717284
86.0 0.8847786379642838
87.0 0.8802775996765819
88.0 0.8972146696782278
89.0 0.9507981198119092
90.0 0.9424937512819312
91.0 0.9619060871206061
92.0 1.045103192000531
93.0 1.0243894020674087
94.0 1.040857019415317
95.0 1.0764449871677213
96.0 1.1025416559761774
97.0 1.124677568179402
98.0 1.183204266999515
99.0 1.1226343475659089
100.0 1.0921335714087579
101.0 1.0932245643641785
102.0 1.0185948275573011
103.0 1.0372872450709012
104.0 1.017615688558198
105.0 0.9994940545660154
106.0 0.9597834962928264
107.0 0.952087485089178
108.0 0.9507680382948933
109.0 0.8977579085993056
110.0 0.8774620551496405
111.0 0.8451191289744695
112.0 0.8815596783779609
113.0 0.9075047851772388
114.0 0.9062787967016063
115.0 0.9369954051827936
116.0 1.003200206559143
117.0 0.9926517604206065
118.0 1.0405651398521707
119.0 1.0573405353544916
120.0 1.0653557346480447
