Time NormalisedFlux
0.0 0.7988451785243922
1.0 0.7680706524483015
2.0 0.7934010937170294
3.0 0.7822502000207013
4.0 0.8247779385417394
5.0 0.8086573437171749
6.0 0.7814910897582623
7.0 0.8117253581534315
8.0 0.8102872094855688
9.0 0.9113749618820071
10.0 0.8789954341524361
11.0 0.8892569848334448
12.0 0.8951516166461355
13.0 0.8381181191265417
14.0 0.8971081465014142
15.0 0.8528921958490157
16.0 0.9028008404433912
17.0 0.9224434189333885
18.0 0.9508861183812166
19.0 0.9458052708098719
20.0 1.0047680005417416
21.0 0.9736769385557923
22.0 0.9993555351421134
23.0 0.9687198633393573
24.0 1.0221757820853548
25.0 0.9720256033235803
26.0 1.0140249809127078
27.0 1.0175663300576496
28.0 1.0609952712338089
29.0 1.1040778734149586
30.0 1.0650767862276207
31.0 1.1130866127764982
32.0 1.0286634621348436
33.0 1.1052146286439413
34.0 1.1509562517136784
35.0 1.0835093412998564
36.0 1.1447164215268741
37.0 1.1346772387482387
38.0 1.144540475332394
39.0 1.0835327420475243
40.0 1.202442241343541
41.0 1.1831078139914148
42.0 1.1475695385222062
43.0 1.1648259197646629
44.0 1.2071468754506463
45.0 1.2173951745987521
46.0 1.2458572206904517
47.0 1.2058133051733466
48.0 1.1253904645832205
49.0 1.1901166172510524
50.0 1.2047098646107577
51.0 1.2577314834395246
52.0 1.2642002786034545
53.0 1.198655779201598
54.0 1.167041049279499
55.0 1.136955751678743
56.0 1.178217517553728
57.0 1.1867317111024736
58.0 1.1705500407711213
59.0 1.1617939966319055
60.0 1.1209007659067685
61.0 1.1308587886109396
62.0 1.1279834054753024
63.0 1.1068746609222526
64.0 1.092966208283159
65.0 1.095257379185723
66.0 1.1306522830196917
67.0 1.031011480881236
68.0 1.0946461844476465
69.0 1.1298645463432226
70.0 1.0697663656852696
71.0 1.052039235019148
72.0 1.0696326542197376
73.0 1.0724195939696741
74.0 0.944265986387119
75.0 0.9210012397051035
76.0 0.9890827034296924
77.0 0.9209151615306289
78.0 0.9401473125502199
79.0 0.944730638087974
80.0 0.9064982276851543
81.0 0.8676160626475762
82.0 0.8858982553651572
83.0 0.9470047535291385
84.0 0.7964152514938971
85.0 0.8943641966452124
86.0 0.8762421868692841
87.0 0.819874531008447
88.0 0.9051392452674278
89.0 0.8173368918892264
90.0 0.7845006295346288
91.0 0.8546754095020049
92.0 0.7859419386794325
93.0 0.8066670130907051
94.0 0.8206559962180926
95.0 0.8236503408388122
96.0 0.7777678494401666
97.0 0.7810062501451602
98.0 0.7401096875710046
99.0 0.7896227478125294
100.0 0.7993751694412028
101.0 0.8272919841548902
102.0 0.7420345416772568
103.0 0.803037926847395
104.0 0.8126242112187243
105.0 0.8590912012879912
106.0 0.8284700641157274
107.0 0.7807123516875738
108.0 0.8334419426706161
109.0 0.8740337635338209
110.0 0.8591722829215761
111.0 0.882111672082974
112.0 0.8932089137007605
113.0 0.8609125575419919
114.0 0.8772785722380593
115.0 0.8799134306689852
116.0 0.9555636494334983
117.0 0.9155638797023635
118.0 0.9726794008846565
119.0 0.930343202821979
120.0 0.9058072375512045
