Time NormalisedFlux
0.0 1.0535225002017563
1.0 1.0313017528581114
2.0 1.0527582671715074
3.0 1.060389412973674
4.0 1.078109521743119
5.0 1.046357911719406
6.0 0.9826147959303713
7.0 0.9974135227477559
8.0 1.0214392095151816
9.0 1.0161557903521683
10.0 0.9842771684639107
11.0 1.0015421045866784
12.0 0.9812369468609734
13.0 0.9738921187594622
14.0 1.021113119352673
15.0 0.9956719302430734
16.0 0.9778134903392832
17.0 0.9754693203885858
18.0 0.9651613445609479
19.0 0.9815383682776287
20.0 0.986596325749803
21.0 0.9996888843908076
22.0 0.9334923663673889
23.0 0.994092944220015
24.0 0.9700315151228213
25.0 0.9550347773973552
26.0 0.9433469659538154
27.0 0.9498201608440487
28.0 0.9220283535550629
29.0 0.877111266295905
30.0 0.9400910337733973
31.0 0.8770518909664525
32.0 0.9217533883313692
33.0 0.928119125207552
34.0 0.9264325169221852
35.0 0.9968628440091015
36.0 1.0094897674004688
37.0 1.0221450955889253
38.0 1.087538484597011
39.0 1.092708989043545
40.0 1.114921150297478
41.0 1.1155687833258814
42.0 1.0952182018649437
43.0 1.1217371402516276
44.0 1.089092118643891
45.0 1.056451182971457
46.0 1.0464904727485231
47.0 1.04982278905389
48.0 1.0367961085214175
49.0 1.0704751259387106
50.0 1.021484453866886
51.0 1.0522269476258028
52.0 1.0737317916853206
53.0 1.0414271541109021
54.0 0.9972306408139423
55.0 1.0325629868318134
56.0 1.0314460115315647
57.0 1.0203405911218955
58.0 0.9605505639149989
59.0 1.0197132283437185
60.0 0.9942120566259651
61.0 1.0040289799184563
62.0 1.026020517565393
63.0 0.9824975368398031
64.0 1.0164245636609959
65.0 0.9317709116210925
66.0 0.9483047033663433
67.0 0.9605785554096159
68.0 0.9394282389606275
69.0 0.9638994769709816
70.0 0.9518239901522229
71.0 0.9611657326503323
72.0 0.9732791739977659
73.0 0.9345384545669216
74.0 0.940241216311421
75.0 0.939572190924925
76.0 0.9520313155210892
77.0 0.9061702037204696
78.0 0.906530590425592
79.0 0.8880936777456204
80.0 0.8927470824113983
81.0 0.8921123301363523
82.0 0.9349607582143782
83.0 0.9266491893894373
84.0 0.9878866637163395
85.0 1.031666194463515
86.0 1.0524603427656054
87.0 1.0556279110162539
88.0 1.0848342854847146
89.0 1.1296054496775814
90.0 1.0968972049175292
91.0 1.0869121040341807
92.0 1.0746345381601647
93.0 1.0422564750396472
94.0 1.0609846874336155
95.0 1.0320424757772613
96.0 0.9891280601213874
97.0 1.0271791466135585
98.0 1.0387606220223244
99.0 1.0368522786091077
100.0 1.068766969360877
101.0 1.051447254775123
102.0 1.0235353472974935
103.0 1.0305449961389122
104.0 1.043988630420785
105.0 0.9930298502586111
106.0 1.0271945381506726
107.0 1.0260800543293562
108.0 1.00424609859146
109.0 1.018548916605642
110.0 0.9968796328057601
111.0 1.0122132837940991
112.0 0.9924617940294823
113.0 0.9848047808311513
114.0 0.9949884677844538
115.0 0.9806428087559557
116.0 0.9745415526367982
117.0 0.983266507383108
118.0 0.9385010386169261
119.0 0.9360556600599365
120.0 0.9526577738553726
