Time NormalisedFlux
0.0 1.148930084220852
1.0 1.0993434417840438
2.0 1.0707632247484131
3.0 1.103845603066375
4.0 1.044458716216395
5.0 1.0105832770081147
6.0 0.990955597911697
7.0 0.9925088792995403
8.0 0.9762922103091473
9.0 0.9137188770087564
10.0 0.9291825972356135
11.0 0.8955000166151676
12.0 0.865655138371765
13.0 0.8363067669630829
14.0 0.8917542987814625
15.0 0.891524188807616
16.0 0.9001470712385868
17.0 0.9319719023526424
18.0 0.9612681894246435
19.0 0.9860061493053272
20.0 0.9871221045940995
21.0 1.0242948960523686
22.0 1.0338290874195626
23.0 1.0289545164586236
24.0 1.0949232782770173
25.0 1.1160154026099645
26.0 1.1036870268038506
27.0 1.1374271101050797
28.0 1.0993673336198322
29.0 1.1151454098522369
30.0 1.0654172111744633
31.0 1.0927544528851336
32.0 1.0567681413367116
33.0 1.014595429371075
34.0 0.9906693285418544
35.0 0.9939815449450652
36.0 0.95890496430673
37.0 0.9502331857986746
38.0 0.8770594660498825
39.0 0.8913366462313264
40.0 0.8385742043125753
41.0 0.8138584617878043
42.0 0.8372466723164791
43.0 0.8913986556453392
44.0 0.8983175441001383
45.0 0.9384933319436747
46.0 0.9784522995582224
47.0 0.9673845984680771
48.0 1.0333046577777512
49.0 1.0534498217470882
50.0 1.041035780610327
51.0 1.0614686356524545
52.0 1.1098113651395662
53.0 1.1243641369222843
54.0 1.1577336430416085
55.0 1.136749794060327
56.0 1.0863192686274294
57.0 1.0694753389451346
58.0 1.0733650114763553
59.0 1.0549948256878736
60.0 1.0396945024269595
61.0 0.9863348746943892
62.0 0.9781626146272886
63.0 0.9726482004894021
64.0 0.9341395937158273
65.0 0.8786489630742413
66.0 0.8874051889935978
67.0 0.8641394693531725
68.0 0.8930307508034371
69.0 0.8981928502512563
70.0 0.9279017057881807
71.0 0.9521327977379576
72.0 0.9233475772064204
73.0 0.9656155874760617
74.0 0.961884042659954
75.0 1.0233828829298999
76.0 1.0622990561259726
77.0 1.0588978307182437
78.0 1.0394775387830568
79.0 1.0649289274543077
80.0 1.196661549528185
81.0 1.1803938594926062
82.0 1.1259897559829377
83.0 1.0743575206889089
84.0 1.0849628541295295
85.0 1.0508135427261074
86.0 1.057994323862423
87.0 1.0029438556076014
88.0 1.0456380014041156
89.0 1.0090823215247595
90.0 0.9322564669486582
91.0 0.8868368647712548
92.0 0.9061845137176553
93.0 0.8804037446704783
94.0 0.8438718558406032
95.0 0.8388182050930746
96.0 0.8778446748910984
97.0 0.9290604764255921
98.0 0.9645183559030863
99.0 0.9682547868825209
100.0 0.933486264048812
101.0 0.9958350948217528
102.0 1.0380670798292095
103.0 1.0032421952781312
104.0 1.0291806563926087
105.0 1.0574516240025107
106.0 1.0442883605779416
107.0 1.0993951049165578
108.0 1.1550270418549178
109.0 1.0617614776011677
110.0 1.0957567451814223
111.0 1.0670200580647617
112.0 1.0673752745805547
113.0 1.0238479935478508
114.0 1.0495278303346636
115.0 1.0138190610872249
116.0 0.9797187416473498
117.0 0.9199596655510315
118.0 0.9205700150973742
119.0 0.9005507081829415
120.0 0.8596691292782233
