Time NormalisedFlux
0.0 0.8513857764368222
1.0 0.8472763859543523
2.0 0.9493164261536564
3.0 0.8934057141526621
4.0 0.8953241500805806
5.0 0.7896444043138398
6.0 0.8784760753540451
7.0 0.8799148358437737
8.0 0.9344951652161884
9.0 0.9327802693642848
10.0 0.859499166824232
11.0 0.8427064992968604
12.0 0.7622936873210926
13.0 0.8189128913831613
14.0 0.80082332803015
15.0 0.8178578815375753
16.0 0.8136888712151791
17.0 0.7990081546775826
18.0 0.8012406562365565
19.0 0.7522572179461341
20.0 0.8409482631640098
21.0 0.817393036232944
22.0 0.7339287513408551
23.0 0.8035229628188234
24.0 0.8073492931874447
25.0 0.7708048897692175
26.0 0.7966986188158766
27.0 0.8028909518868023
28.0 0.8866160383399415
29.0 0.811044645070074
30.0 0.8510410978928863
31.0 0.9467224991157301
32.0 0.8787139670838204
33.0 0.9204351112750304
34.0 0.8500947557306021
35.0 0.8418474637052793
36.0 0.9726409579685988
37.0 0.9426540828058507
38.0 0.909066618364823
39.0 1.023960775353166
40.0 0.974705642049562
41.0 1.001989485863559
42.0 1.0093987380163654
43.0 0.9556473993278932
44.0 1.0069658557577335
45.0 0.9940563840039045
46.0 1.0002451688501612
47.0 1.0543103238954783
48.0 1.0917617900645895
49.0 1.1037134048893964
50.0 1.0816700375359078
51.0 1.0847625025057182
52.0 1.1395175386708305
53.0 1.1435646627183387
54.0 1.0846192238759476
55.0 1.1147853437549249
56.0 1.1696605189979037
57.0 1.1694383931870047
58.0 1.149152217835047
59.0 1.2056624473015114
60.0 1.192941818319541
61.0 1.1781076687243788
62.0 1.1459354876775918
63.0 1.2201289847340557
64.0 1.2273366081288248
65.0 1.196744833133517
66.0 1.153294876879896
67.0 1.227572080112785
68.0 1.212057697059097
69.0 1.2769072082174888
70.0 1.1548924915694605
71.0 1.1581260776699056
72.0 1.236025454720045
73.0 1.1510220981481962
74.0 1.2214755774079329
75.0 1.124069703306082
76.0 1.1577553720685145
77.0 1.132187528268864
78.0 1.1011292876820462
79.0 1.1722827952993415
80.0 1.08012833765245
81.0 1.1341939816048638
82.0 1.0805485690361596
83.0 1.1060854999841447
84.0 1.0727300387677192
85.0 1.0808240037874743
86.0 1.0500212837600311
87.0 1.100657479033422
88.0 1.0570488950985566
89.0 1.0790563552000028
90.0 1.0494000722692503
91.0 1.0312122620496254
92.0 1.0043263292564812
93.0 0.9861440179804785
94.0 0.9274029107590854
95.0 0.963443664621456
96.0 0.936949204548455
97.0 0.93688525075786
98.0 0.9669677035863024
99.0 0.9370300601125614
100.0 0.8930048889147165
101.0 0.9078047004186528
102.0 0.9674975998844282
103.0 0.8337283534809409
104.0 0.8617378922843276
105.0 0.8479801957691875
106.0 0.8235424930736661
107.0 0.8958130864841682
108.0 0.8194910466811108
109.0 0.8517644043892445
110.0 0.8903158241093199
111.0 0.812869614942556
112.0 0.8001751315030249
113.0 0.8007469519925338
114.0 0.7566463220279486
115.0 0.8331041684215907
116.0 0.7534284638865364
117.0 0.8031906175518558
118.0 0.7331339406720878
119.0 0.7904594344583783
120.0 0.8015555304128826
