Time NormalisedFlux
0.0 0.9694830982429176
1.0 0.8834853594959899
2.0 0.8954532673627311
3.0 1.0165003724490647
4.0 0.8792516581048859
5.0 0.9144729242759639
6.0 1.133407788208718
7.0 0.8784827862344073
8.0 0.9490022527828118
9.0 0.9695828599036219
10.0 1.0003560778595353
11.0 1.0314563497737363
12.0 1.0205461205017217
13.0 1.0175633183409172
14.0 0.9158607309793366
15.0 0.8703542867755318
16.0 0.9922770051305725
17.0 0.9607947433737261
18.0 0.9394005539622595
19.0 0.8205679186111732
20.0 1.161901073965684
21.0 1.1758757080387294
22.0 0.9164869658751635
23.0 1.0141805502071592
24.0 1.0319545951107725
25.0 0.9842749388579968
26.0 1.1430195378731425
27.0 1.032639032528074
28.0 1.0187135381297605
29.0 0.894927490677819
30.0 1.28981527323113
31.0 0.9404544106100636
32.0 1.041232098908301
33.0 0.9811074552853865
34.0 1.0390165170286503
35.0 1.1184999662009092
36.0 1.0802000819852682
37.0 0.7567523074218304
38.0 1.005322878590717
39.0 0.9301833717924267
40.0 0.9091352529556895
41.0 1.0201872079026217
42.0 0.9150914470987016
43.0 1.0770941520135155
44.0 1.0088124783525683
45.0 1.0479535049865323
46.0 1.0916758019804698
47.0 1.0332206939034747
48.0 0.992972331461146
49.0 0.9768402663631921
50.0 1.0820663569520104
51.0 1.0465065411667798
52.0 1.0625256191097512
53.0 1.047761607723067
54.0 1.2326779602722646
55.0 1.1239058698991544
56.0 0.9504679721394222
57.0 1.156037258524454
58.0 0.9242697227635578
59.0 0.9652223224883194
60.0 1.1046906617373784
61.0 1.0004049012273935
62.0 1.0129778276169243
63.0 1.0109024183009765
64.0 0.998687769869196
65.0 0.8897677044853418
66.0 0.9524443500076164
67.0 1.0235743408065383
68.0 1.0309417182739584
69.0 1.0694824357810842
70.0 1.0012843547934722
71.0 0.9376646893039605
72.0 1.0895672245996892
73.0 1.0679973147522293
74.0 1.0853794911810362
75.0 1.213978195252312
76.0 1.2209544465188227
77.0 0.8612845290412566
78.0 1.0094657574838326
79.0 1.147625209524613
80.0 0.8491959392734737
81.0 1.2093488130568952
82.0 0.825056860287778
83.0 0.9919769729664998
84.0 1.0264841552873532
85.0 0.7895940095052079
86.0 1.2269482812348962
87.0 0.9632890420857595
88.0 0.9835838720769902
89.0 0.9734934598772962
90.0 1.0077198686784181
91.0 0.9204768295305941
92.0 1.033739405956513
93.0 1.1034870221113335
94.0 0.9008541333961713
95.0 0.8361028907422094
96.0 0.9544295359411465
97.0 1.1508092659444624
98.0 0.948674106926715
99.0 1.0546466858249668
100.0 0.9578340167667629
101.0 0.8760205476210744
102.0 1.0184248704143506
103.0 0.8159345178773032
104.0 0.8357872069649703
105.0 1.030307980665668
106.0 1.0276488934369277
107.0 0.9662363053824644
108.0 1.060226282094945
109.0 1.0033671797177766
110.0 0.9251740345880664
111.0 0.838742919455111
112.0 0.9946935909766605
113.0 0.9882776819748849
114.0 0.9668889559433124
115.0 0.987538762752623
116.0 0.9146710256417168
117.0 1.071433186917044
118.0 0.9643767395364176
119.0 0.9917466923434338
120.0 0.8796822473907121
