Time NormalisedFlux
0.0 0.9934430261678134
1.0 0.9604606890556595
2.0 0.9967013355258324
3.0 0.9867165424712437
4.0 0.9879294066532187
5.0 0.9300859845652497
6.0 0.9553889873613994
7.0 0.9676011611835651
8.0 0.9554514982262473
9.0 0.9858630172931717
10.0 0.9606550326856483
11.0 0.9340226458700428
12.0 0.9307295931188163
13.0 0.9363204163542552
14.0 0.9016370108240571
15.0 0.9276078418834551
16.0 0.9134230591896753
17.0 0.9479846532423275
18.0 0.9591240801720502
19.0 0.971920824087791
20.0 1.001785228587232
21.0 1.0199329699286699
22.0 1.036672063922228
23.0 1.0906446299108168
24.0 1.0721963012185796
25.0 1.1117635458775081
26.0 1.0990723464327075
27.0 1.044740993451106
28.0 1.0625588598135265
29.0 1.0287101838562445
30.0 1.0509374386055597
31.0 1.0546829009459202
32.0 1.073012796077228
33.0 1.0374594236529684
34.0 1.0287997390547619
35.0 1.0243283502025597
36.0 1.0329413603636808
37.0 1.00757669986979
38.0 0.9947710957668654
39.0 1.0468160354789704
40.0 1.0059636129985998
41.0 1.0215041490551695
42.0 1.0050590147626464
43.0 1.0166122484262063
44.0 0.9968750486716412
45.0 0.9788548743321039
46.0 1.0089903510852076
47.0 0.9732410242291104
48.0 0.953306703127507
49.0 0.9417520557846727
50.0 0.958682867587899
51.0 0.9390755050854478
52.0 0.9653497540992851
53.0 0.9707493356435877
54.0 0.9813977422891517
55.0 0.9474361313060438
56.0 0.968324678969266
57.0 0.9420798650568963
58.0 0.8909967404300794
59.0 0.8795426698474397
60.0 0.9301223372584179
61.0 0.8967461059712525
62.0 0.9307126294666325
63.0 0.9721814321322179
64.0 0.9609257615022763
65.0 1.0545341968930626
66.0 1.0644885319243735
67.0 1.0495895825292987
68.0 1.0883659125128882
69.0 1.1149528739171102
70.0 1.0914668151109428
71.0 1.069196646206185
72.0 1.0847970428641844
73.0 1.0645745362457555
74.0 1.0718243012247404
75.0 1.0273656536878033
76.0 1.0521793529991585
77.0 1.0398888970322413
78.0 1.020100282855771
79.0 1.054900085367558
80.0 1.0462447370242975
81.0 1.0101439721373608
82.0 1.00823385329013
83.0 1.0151941498900852
84.0 1.0143051903163487
85.0 1.0018310683416871
86.0 0.9964796161503836
87.0 1.011639657441724
88.0 0.9993873448943658
89.0 0.9946745919837644
90.0 1.0115929382189206
91.0 0.9797694390257659
92.0 0.9587714871340742
93.0 0.9811676550720753
94.0 0.9802141538412098
95.0 0.9474636310448236
96.0 0.9707641952801015
97.0 0.9467524751015322
98.0 0.9877190676211504
99.0 0.9252178184347932
100.0 0.9433026987452674
101.0 0.9391629462463693
102.0 0.9640302363890515
103.0 0.8891868204953092
104.0 0.9074748898897895
105.0 0.9274863829217607
106.0 0.9312092503292524
107.0 0.9081237301248273
108.0 0.981980190543982
109.0 1.0035354112144002
110.0 1.0395169591150522
111.0 1.0784615367545198
112.0 1.0992339890904521
113.0 1.0981768456462773
114.0 1.1372435488328505
115.0 1.087821323888329
116.0 1.0822165278418594
117.0 1.0655328442576688
118.0 1.0569907879908618
119.0 1.053392589324175
120.0 1.0825258132945081
