Time NormalisedFlux
0.0 1.0273836269180334
1.0 1.0001383070668395
2.0 0.9902016551046329
3.0 0.9759896249603945
4.0 0.9969185886811225
5.0 0.9517596020704396
6.0 0.9787280094109794
7.0 0.9354833795689774
8.0 0.9236827700591393
9.0 0.9424636695296451
10.0 0.9410172617178534
11.0 0.9348682566578427
12.0 0.9480130149762853
13.0 0.9312043535167015
14.0 0.8965510493963439
15.0 0.9145106832576956
16.0 0.911160978369531
17.0 0.8868043583909306
18.0 0.9194965010132737
19.0 0.9399382398740889
20.0 0.9539088463407803
21.0 1.004734849158041
22.0 1.0168033166285178
23.0 1.0621560932844976
24.0 1.0540969278658066
25.0 1.0883750877719522
26.0 1.1173562685528962
27.0 1.086780478355321
28.0 1.1055164100069905
29.0 1.0752562040043943
30.0 1.0665730157769238
31.0 1.0589837699339522
32.0 1.04928737024429
33.0 1.0164092372463962
34.0 1.0440221869339112
35.0 1.060623679802539
36.0 1.0546457550936625
37.0 1.0527565737826805
38.0 1.0046079098471108
39.0 1.0287177574300421
40.0 0.9992134311541183
41.0 1.0224767385478302
42.0 1.0050127746482709
43.0 0.9918994289762835
44.0 0.999599473656771
45.0 1.0023123789016262
46.0 0.9998792997882288
47.0 1.0171583327998595
48.0 0.9967128678656787
49.0 0.9865732634262624
50.0 0.9482303711174882
51.0 0.9604405537063423
52.0 0.9741043891937461
53.0 0.9509896085831642
54.0 0.9719523339038492
55.0 0.992008753479729
56.0 0.946722046575529
57.0 0.9650070868785479
58.0 0.953076442861897
59.0 0.9225108654858126
60.0 0.9212995955870729
61.0 0.8986331442785677
62.0 0.9150833870962003
63.0 0.92862114451192
64.0 0.9059593629553072
65.0 0.9057876267996499
66.0 0.916039348384826
67.0 0.9624665864349462
68.0 0.9828405043713688
69.0 1.0436894728886612
70.0 1.0579387071486661
71.0 1.0859696883669452
72.0 1.0790820678970336
73.0 1.0893591483381013
74.0 1.1013678146731691
75.0 1.052349319810419
76.0 1.087240332820543
77.0 1.0534531624763157
78.0 1.022967632720118
79.0 0.9993260996832447
80.0 1.0356038678979351
81.0 1.0388226248864458
82.0 1.0404816025001038
83.0 1.0467242827507366
84.0 1.0513101980965525
85.0 1.0269739918386769
86.0 1.0155148450949656
87.0 1.0494205698493793
88.0 1.0341357312351667
89.0 1.012202100125687
90.0 0.9940103225432491
91.0 1.022071877060659
92.0 1.0103848854102235
93.0 0.9694871502979101
94.0 1.0006770907445632
95.0 0.9603107727412733
96.0 0.9997328874975516
97.0 0.9401187887956037
98.0 0.9599400196353876
99.0 0.9583854656512888
100.0 0.9377687420463706
101.0 0.9445614306305518
102.0 0.9517962893645976
103.0 0.9749629180873846
104.0 0.9467753746374343
105.0 0.9620433662052417
106.0 0.9582706952389595
107.0 0.9271161783700503
108.0 0.9108778835648451
109.0 0.9275284890483778
110.0 0.8808073069506608
111.0 0.9318843376837592
112.0 0.9339743418354706
113.0 0.9605485319796004
114.0 0.9322297516595265
115.0 1.0265657783764592
116.0 1.0526712826433728
117.0 1.065504534277717
118.0 1.0959038268054746
119.0 1.1059625908523718
120.0 1.0924017911189805
