Time NormalisedFlux
0.0 1.1030396489354533
1.0 1.121270568408519
2.0 1.0910536427875412
3.0 1.0833251448060577
4.0 1.0844127683766995
5.0 1.0562953931225647
6.0 1.0358981600472839
7.0 1.0635289428578811
8.0 1.0085933056759864
9.0 1.060513830419375
10.0 1.0490460572878586
11.0 1.052230819706393
12.0 1.0413388579555733
13.0 1.0442257202430751
14.0 1.014725974345675
15.0 1.0229298227500627
16.0 0.9949482819777105
17.0 0.9829141054556645
18.0 0.9913919452344578
19.0 0.9865872825954567
20.0 1.0157418508453575
21.0 0.9795586933887669
22.0 0.9946576512900471
23.0 0.9673826503352081
24.0 0.990346878392863
25.0 0.9619233471470092
26.0 0.9969259900159634
27.0 0.9789323855812996
28.0 0.9637539595021861
29.0 0.9380295427525033
30.0 0.9960338040271076
31.0 0.9416948331327238
32.0 0.9302487376785474
33.0 0.9578947093249098
34.0 0.930150411819649
35.0 0.918761705026901
36.0 0.9268731085461623
37.0 0.9255828845772456
38.0 0.9063343855593946
39.0 0.8971419437987749
40.0 0.9443168939725597
41.0 0.9858403908891422
42.0 1.0103930384104212
43.0 1.0456229585569567
44.0 1.0479777803082808
45.0 1.1014924049298467
46.0 1.073585573239794
47.0 1.114811890291785
48.0 1.0915293959667458
49.0 1.0849539930353653
50.0 1.071792195635365
51.0 1.0517817358643804
52.0 1.0358812224265692
53.0 1.0781766734142335
54.0 1.017957204549615
55.0 1.0479691609744723
56.0 1.0798974107914634
57.0 1.0428267412741612
58.0 1.06153298435273
59.0 1.0394625700666715
60.0 1.01051683376162
61.0 1.0322587094870932
62.0 0.9826958086901905
63.0 1.0045237789767543
64.0 1.0116950721516822
65.0 0.9909908484855875
66.0 1.0009902258057923
67.0 1.0063494148583338
68.0 1.0150514426885253
69.0 0.9958912432072021
70.0 0.9729677467754129
71.0 0.9533135910622417
72.0 0.9757679768332902
73.0 0.9687672743337564
74.0 0.9537575195411074
75.0 0.9658935608197583
76.0 0.9901514403895512
77.0 0.933483775459418
78.0 0.9415783694552553
79.0 0.9301252262894683
80.0 0.941496960914385
81.0 0.9149994540886334
82.0 0.9151983760598555
83.0 0.9076400928108466
84.0 0.9253963393338343
85.0 0.9435528371702012
86.0 0.9540995539911374
87.0 0.9553251459163784
88.0 1.0232115974327831
89.0 1.0555753766796536
90.0 1.0353219283012036
91.0 1.1013777698534175
92.0 1.0965337246736653
93.0 1.100235839517938
94.0 1.0971514636109903
95.0 1.0769832916684061
96.0 1.0469989634504073
97.0 1.061253702635465
98.0 1.0430531689785585
99.0 1.0409567808505382
100.0 1.0542745235125317
101.0 1.0588502748173774
102.0 1.025826395501021
103.0 1.0605513472234682
104.0 1.0651684205767211
105.0 1.0121967078099428
106.0 1.0400524087127265
107.0 1.0138802013630972
108.0 1.0004168280423145
109.0 1.0210159072445049
110.0 0.9884170189085246
111.0 1.038538327608194
112.0 1.0052119978410445
113.0 1.0004777161990461
114.0 0.992518702888179
115.0 0.9925802222062275
116.0 0.9453250196781234
117.0 0.9473625035951636
118.0 0.9877211849331882
119.0 0.9494865069814764
120.0 0.9642024955458262
