Time NormalisedFlux
0.0 1.1331943029279539
1.0 1.1198628445084673
2.0 1.131648410694436
3.0 1.1509305371866352
4.0 1.2015169745862675
5.0 1.1844814705771112
6.0 1.1810048230734171
7.0 1.1893146337212364
8.0 1.1833636053796686
9.0 1.219648887907829
10.0 1.234601480703956
11.0 1.2390124083160243
12.0 1.1961179354481768
13.0 1.217968936836467
14.0 1.2376190768925786
15.0 1.2044656740115616
16.0 1.1989854762306627
17.0 1.1564576169871907
18.0 1.2441076945968603
19.0 1.1862384557056935
20.0 1.164305658837307
21.0 1.1746875210594678
22.0 1.1396576679245827
23.0 1.1746081847512286
24.0 1.1954388028006522
25.0 1.1529435291665313
26.0 1.1098427358837106
27.0 1.1347157625443183
28.0 1.1003420218832585
29.0 1.0983278696385879
30.0 1.007057146217855
31.0 1.1028783668215512
32.0 0.9701640158448201
33.0 1.0084042859644062
34.0 1.0621777499609415
35.0 1.0563624903409696
36.0 1.0518817805347442
37.0 1.0244252328288408
38.0 0.95614626480267
39.0 1.0545719479503697
40.0 0.9685396051738802
41.0 0.9464603747378248
42.0 0.9621338715215592
43.0 0.9151734366190792
44.0 0.9226108860360086
45.0 0.9129152781207933
46.0 0.8902038253722452
47.0 0.8596486298499196
48.0 0.8979200163969497
49.0 0.8814501464121184
50.0 0.8433980539233819
51.0 0.8631116439882083
52.0 0.7780180121695538
53.0 0.8944377379605357
54.0 0.83014390281254
55.0 0.8304541033891338
56.0 0.8203995124886533
57.0 0.769474061236397
58.0 0.8094239715919654
59.0 0.8498059979841293
60.0 0.8294538009021007
61.0 0.8304969464283855
62.0 0.7648309380704179
63.0 0.8497635749130295
64.0 0.78304268275967
65.0 0.7795809219433374
66.0 0.8309871097055116
67.0 0.8475047572234069
68.0 0.8495742869236818
69.0 0.7916105274887912
70.0 0.7888880161469815
71.0 0.8849746157027694
72.0 0.8193396089056221
73.0 0.8010550693398534
74.0 0.8394129819868545
75.0 0.9223542361193782
76.0 0.8542715107492777
77.0 0.8877793431323527
78.0 0.9608769435601121
79.0 0.8911430662289862
80.0 0.9286887526979108
81.0 0.9446675774227263
82.0 0.9711489966563037
83.0 0.9668567916182556
84.0 1.0433616039281346
85.0 0.9655318815087671
86.0 0.9445891440121861
87.0 1.0226893653337417
88.0 1.0335278642248447
89.0 1.0469404242497369
90.0 0.9934830618359847
91.0 1.0297030238018516
92.0 1.085784105740206
93.0 1.0440344014259026
94.0 1.0937906353766549
95.0 1.1213360976278441
96.0 1.1102667774288524
97.0 1.1150376768911046
98.0 1.1304064706414796
99.0 1.1850327315477505
100.0 1.1243774416429209
101.0 1.1623592644212628
102.0 1.123024833677782
103.0 1.1888091710217612
104.0 1.1724798021902532
105.0 1.2267809119115558
106.0 1.2427766699627558
107.0 1.1911857219549198
108.0 1.1895335348593843
109.0 1.2111185141981524
110.0 1.1743324699299826
111.0 1.260675689496365
112.0 1.2247811541456155
113.0 1.1289466271655728
114.0 1.1774582373852605
115.0 1.142525886423467
116.0 1.205861887873665
117.0 1.1838289089909722
118.0 1.1895945894543356
119.0 1.2069444235508986
120.0 1.1779111076544733
