Time NormalisedFlux
0.0 1.192519878677504
1.0 1.134341193688156
2.0 1.1938993710476495
3.0 1.1902685800383968
4.0 1.1951431363435157
5.0 1.1621539308005993
6.0 1.1175850128217573
7.0 1.2418842128050385
8.0 1.1261812133909148
9.0 1.2038192361907176
10.0 1.1909812000874074
11.0 1.2055497495916323
12.0 1.240457578598929
13.0 1.1581794722500132
14.0 1.1995465207839624
15.0 1.2281890326788396
16.0 1.1848059778065156
17.0 1.2324961352928139
18.0 1.1316749954445404
19.0 1.1431087149702608
20.0 1.1292199216866456
21.0 1.0749064089073093
22.0 1.1678184494529087
23.0 1.1149621760426325
24.0 1.0800011032424395
25.0 1.0562651186302825
26.0 1.0969273506999546
27.0 1.1130037277474771
28.0 1.0913485311631188
29.0 1.1343164259215954
30.0 1.106740165694675
31.0 1.0670799942344706
32.0 0.9903688309167679
33.0 0.9283721779768764
34.0 0.9523950115670801
35.0 1.0059556946871029
36.0 0.9887752150589171
37.0 0.9513262745122014
38.0 0.9280581485471746
39.0 0.926816451307439
40.0 0.8925594747059423
41.0 0.8918088250684071
42.0 0.9420561846828475
43.0 0.8274934635907996
44.0 0.8741697698118376
45.0 0.8950625144257714
46.0 0.769629203796049
47.0 0.8663284248244684
48.0 0.8246580582573324
49.0 0.9017236574165398
50.0 0.8081550252000327
51.0 0.8048626155406587
52.0 0.8886777303643542
53.0 0.8043865531658522
54.0 0.7633415998866802
55.0 0.8198957940755293
56.0 0.8144827828582124
57.0 0.8234398952762092
58.0 0.7743733970341663
59.0 0.8015360069376933
60.0 0.8310820505522095
61.0 0.7624684114107637
62.0 0.7788412557798426
63.0 0.7329713014766921
64.0 0.8097201289926576
65.0 0.816279966444671
66.0 0.7975586914462418
67.0 0.819537339599187
68.0 0.8772833838366235
69.0 0.832631070961257
70.0 0.9014283158414307
71.0 0.8334310871223561
72.0 0.8772281558936518
73.0 0.8468181661114756
74.0 0.8600706278090303
75.0 0.9378076198822333
76.0 0.9293908699174915
77.0 0.8850749343502966
78.0 0.9191344741410269
79.0 0.9289138308852293
80.0 0.9249598997576891
81.0 1.0380696533142082
82.0 0.9654539586242306
83.0 0.974120874292863
84.0 1.049297943799903
85.0 1.0092240037132534
86.0 0.9934813408088048
87.0 1.066092378120645
88.0 1.0584821266024291
89.0 1.020855483321045
90.0 1.094543490624616
91.0 1.10302122256014
92.0 1.1366093563339303
93.0 1.0782985348073513
94.0 1.1601659705517786
95.0 1.1068955878799434
96.0 1.1640305749827653
97.0 1.1372541266470093
98.0 1.1601810987029344
99.0 1.1217355178741981
100.0 1.1707388521288282
101.0 1.1720923516889659
102.0 1.1919488306005157
103.0 1.1982504371112994
104.0 1.2006092724603563
105.0 1.2244671841817196
106.0 1.2148021098750559
107.0 1.2160394696905432
108.0 1.2031618389819483
109.0 1.2666768994623376
110.0 1.1582060006728627
111.0 1.192264865722145
112.0 1.182600041678596
113.0 1.1877671306556
114.0 1.1914685798226363
115.0 1.224040455424016
116.0 1.1358882938450183
117.0 1.1697723026537157
118.0 1.1589426640443299
119.0 1.1754996141276022
120.0 1.1401282013059135
