Time NormalisedFlux
0.0 1.1459989443697416
1.0 1.205362386004765
2.0 1.151293370113263
3.0 1.1200536991574852
4.0 1.088719444568596
5.0 1.074625839238072
6.0 0.9977296519311839
7.0 1.001653029355254
8.0 0.987288811931444
9.0 0.9713513894709132
10.0 0.9250302984170873
11.0 0.877597383107704
12.0 0.8774717254437454
13.0 0.8571962322667118
14.0 0.9004445339015096
15.0 0.9094671284141814
16.0 0.9039394270314712
17.0 0.9500175647950877
18.0 0.9503184628059878
19.0 1.006366980974518
20.0 1.0523725629978304
21.0 1.019121949979733
22.0 1.0447108945080408
23.0 1.0969639926487118
24.0 1.1121907041886505
25.0 1.103939756473372
26.0 1.1915412534406735
27.0 1.131972832541568
28.0 1.1345755923279768
29.0 1.0359601560835656
30.0 1.0367443174145206
31.0 1.0410689688920656
32.0 1.0743505868116556
33.0 0.9565440122310782
34.0 0.9835772599408118
35.0 0.9843198874333434
36.0 0.9577212122770971
37.0 0.8511547207057495
38.0 0.8636630977814146
39.0 0.8623875372540308
40.0 0.8456852968183098
41.0 0.9000805148203102
42.0 0.9083874385850073
43.0 0.9228340679011257
44.0 0.9588538264207902
45.0 1.0147467122808933
46.0 1.0451847535734826
47.0 1.03074355744372
48.0 1.126407722345565
49.0 1.0883783634882664
50.0 1.1138467441465625
51.0 1.114605373196418
52.0 1.074337206931204
53.0 1.1759630293158652
54.0 1.081874163175384
55.0 1.0562973649837508
56.0 1.041206651178753
57.0 1.0612235891336295
58.0 0.9585845886806386
59.0 0.9585190483172661
60.0 0.9256715748776106
61.0 0.9244679004502753
62.0 0.8574168533498464
63.0 0.9332962687652051
64.0 0.847730720604901
65.0 0.8770063127101027
66.0 0.9077988249777819
67.0 0.9570011992587806
68.0 0.93363275579728
69.0 0.984615774370777
70.0 1.022318447161945
71.0 1.0087599309409987
72.0 1.0609233401735905
73.0 1.0544598308161597
74.0 1.0495881314586957
75.0 1.1288665492442413
76.0 1.1451932915026726
77.0 1.1118749772574867
78.0 1.091519635189584
79.0 1.070365496145979
80.0 1.0558268004923421
81.0 1.0050441362321698
82.0 1.032788992545253
83.0 1.0012033850422433
84.0 1.002573275698944
85.0 0.9414225082447637
86.0 0.9282236215638671
87.0 0.9010476326985475
88.0 0.8687976908310263
89.0 0.8273267979175521
90.0 0.8690994601675585
91.0 0.8836437182317598
92.0 0.9058973012440611
93.0 0.9623413782232529
94.0 0.9771742374075327
95.0 0.9503185580905128
96.0 1.0436391643949665
97.0 1.0092453315383978
98.0 1.075933556689593
99.0 1.067371196181146
100.0 1.0861114055994212
101.0 1.0959419534217814
102.0 1.1168681884863734
103.0 1.148301241726894
104.0 1.0765277138011655
105.0 1.0744188697284376
106.0 1.0376604745113023
107.0 1.0381135388391451
108.0 1.0097224105554796
109.0 1.0115190176952156
110.0 0.9853357232448177
111.0 0.9241796042827319
112.0 0.9356814645408975
113.0 0.9192241348795481
114.0 0.9081730845773007
115.0 0.843384685289994
116.0 0.8527140630808089
117.0 0.9322452305902194
118.0 0.9506210463917194
119.0 0.9454066525595514
120.0 0.9642367717352938
