Time NormalisedFlux
0.0 1.001926372766762
1.0 1.1128325827823977
2.0 1.0691863752357893
3.0 1.134077068158642
4.0 1.141872587523211
5.0 1.1740771220146553
6.0 1.0972675751294585
7.0 1.0282986587077985
8.0 1.0982409690780603
9.0 1.0651150941072969
10.0 1.0007025929224869
11.0 1.0202778746587606
12.0 0.9730322945132172
13.0 0.9116546661176397
14.0 0.9317450283182552
15.0 0.906490371541299
16.0 0.8552489481013071
17.0 0.8924914920332256
18.0 0.897992931025989
19.0 0.8773803154933137
20.0 0.9486232496981695
21.0 0.9871130156068448
22.0 1.0085914964963136
23.0 1.017446245169825
24.0 1.0346982824005246
25.0 1.0842040992730435
26.0 1.1032015918973235
27.0 1.1351399727586775
28.0 1.1473815869097892
29.0 1.13082474071337
30.0 1.1241185611111768
31.0 1.0925085499357772
32.0 1.031406959717156
33.0 1.0977860749284243
34.0 1.013470318303704
35.0 0.9746480920920528
36.0 0.9462932218976992
37.0 0.9868263068168167
38.0 0.9332367218279166
39.0 0.8903791039373039
40.0 0.7862184447319503
41.0 0.8595090177183216
42.0 0.8645909371636389
43.0 0.8996242615482931
44.0 0.9362787623149866
45.0 0.9124242121125485
46.0 0.9807523739019405
47.0 1.0128199993439801
48.0 1.015422458481561
49.0 1.038353158905228
50.0 1.0782916771977618
51.0 1.0413271237259447
52.0 1.1356927223084252
53.0 1.1580211483105727
54.0 1.1504170023028237
55.0 1.1293311235880656
56.0 1.0569933468527897
57.0 1.0180780433873253
58.0 1.0209632429463977
59.0 1.0143893830060213
60.0 0.9918350076322733
61.0 0.928508458520426
62.0 0.957366312057464
63.0 0.8801588468808856
64.0 0.926334794205077
65.0 0.8728098606993402
66.0 0.8511115082206405
67.0 0.8931287206342413
68.0 0.900163192476113
69.0 0.9615340135558661
70.0 0.9223139546396327
71.0 0.9366873837393608
72.0 1.00583361214764
73.0 1.0131118893743283
74.0 1.0816589080607562
75.0 1.0353387927858544
76.0 1.0990850515270494
77.0 1.1234320155025617
78.0 1.1388095783380419
79.0 1.0945370520583804
80.0 1.0937353250415633
81.0 1.0523780681087602
82.0 1.0018203256561313
83.0 1.0018385426275478
84.0 1.0058700267052882
85.0 1.0302411756686496
86.0 0.918671204371429
87.0 0.943971361932637
88.0 0.8824379116047144
89.0 0.8732236546968607
90.0 0.8461597012761368
91.0 0.8476952239719723
92.0 0.8700764681179165
93.0 0.964704343467254
94.0 0.9677997256018707
95.0 1.0078191887121335
96.0 0.9975782060245878
97.0 1.007024674007329
98.0 1.0660482405610032
99.0 1.112628076102222
100.0 1.0814654010240827
101.0 1.0954785949785388
102.0 1.1598127262551683
103.0 1.1292177902601193
104.0 1.0910394105333447
105.0 1.0910599832640475
106.0 1.051742400650351
107.0 1.0400516899408154
108.0 0.9976472450023811
109.0 1.0179952795698044
110.0 0.9477123732335109
111.0 0.9599027231211175
112.0 0.9018786857377639
113.0 0.9192012811009803
114.0 0.8208517325612377
115.0 0.872991738127545
116.0 0.8578525482395932
117.0 0.9096602871754176
118.0 0.9645117851282529
119.0 0.972072548743746
120.0 0.9750845707901515
