Time NormalisedFlux
0.0 1.0520553351120732
1.0 0.9724147025888907
2.0 1.1160065325139388
3.0 0.9802748218736813
4.0 1.1695201307367908
5.0 0.8978382897730657
6.0 0.9959864455065688
7.0 0.9378675290059499
8.0 1.233179833258719
9.0 0.8832494822942125
10.0 0.9690506427064944
11.0 0.9761539715257634
12.0 0.8906791106903548
13.0 1.0628218666314524
14.0 1.0942029207261201
15.0 1.1052561742560925
16.0 1.1322125843501452
17.0 0.928095498100155
18.0 1.1719482192749222
19.0 0.994330307849745
20.0 0.9166281435571375
21.0 0.963496857660423
22.0 0.9707773367917398
23.0 1.0186614410261188
24.0 0.8670294694024253
25.0 1.079712851477573
26.0 1.0528524076056758
27.0 1.055111342955336
28.0 1.1707533617950145
29.0 0.9675076247049963
30.0 1.1367353828808506
31.0 0.9887663503265232
32.0 0.9205447004100269
33.0 0.9404511513111204
34.0 0.9458509037588442
35.0 1.3094720446311747
36.0 1.0213241788567748
37.0 1.082180811090237
38.0 1.1440112008208883
39.0 0.9459292384536557
40.0 1.0115034631663868
41.0 1.0539118350628538
42.0 0.9724226132478535
43.0 0.8098396945830144
44.0 1.0369294675772784
45.0 1.149033649985748
46.0 1.0715158184547693
47.0 0.9789637344548461
48.0 1.1411152018876591
49.0 1.0793681564507875
50.0 1.0295746597408124
51.0 1.1003050258146614
52.0 1.0750337046290066
53.0 1.126578560386319
54.0 0.9959623351329208
55.0 1.009191342867207
56.0 1.1456831864359707
57.0 1.0005535190121069
58.0 0.941620821443507
59.0 1.0355552311665976
60.0 1.0202031997039722
61.0 1.1069852154179833
62.0 0.9782701726484795
63.0 1.1169163620565123
64.0 1.020756619115605
65.0 1.216739177167631
66.0 1.0357837706145434
67.0 1.0811541646779559
68.0 1.0472621645856275
69.0 1.0359391442488952
70.0 1.0290428431996617
71.0 1.0023514990041689
72.0 1.2056382771035052
73.0 0.9638792881842413
74.0 1.0381847680795269
75.0 0.9380060144351583
76.0 0.8566001898513234
77.0 1.0105145573356338
78.0 1.07729332528286
79.0 0.8468543779753045
80.0 0.9309498397924334
81.0 0.8720764990693215
82.0 1.0445128294997073
83.0 0.8755216619936056
84.0 1.2735092982159193
85.0 1.0331437708148952
86.0 1.1337101270917749
87.0 1.1548029838396459
88.0 1.0870943562379025
89.0 0.9826052346890116
90.0 0.9807334077669428
91.0 1.003235667298183
92.0 0.9933961155534123
93.0 0.9945386450685236
94.0 1.1580954511197734
95.0 1.0142985188341884
96.0 0.8322756515016878
97.0 0.8067016952298794
98.0 1.2264666306354957
99.0 0.7484512760058946
100.0 1.1564836500655253
101.0 1.0821209305001946
102.0 1.0415792869893974
103.0 1.0999434075661223
104.0 0.9408392114350119
105.0 0.8988472219883183
106.0 1.010641645617183
107.0 1.0414369647614634
108.0 1.1072673280533236
109.0 0.8181243972509574
110.0 0.9052342082695508
111.0 1.1218365086282802
112.0 0.9406092322110902
113.0 1.0988407142012009
114.0 1.0155577551440875
115.0 1.1816811991485654
116.0 1.040923816038997
117.0 1.0801300043226487
118.0 0.8758977504740445
119.0 1.0131745783714503
120.0 1.0965836083445726
