Time NormalisedFlux
0.0 1.0016481709156506
1.0 0.9821509003304192
2.0 1.000958253077813
3.0 1.015646964837559
4.0 1.0096735540477972
5.0 0.9823337408061797
6.0 1.0031311868577897
7.0 0.9644307576780669
8.0 0.9792720508122948
9.0 0.968877295654053
10.0 0.9420401292182117
11.0 0.9329307560897319
12.0 0.9714668717370196
13.0 0.9689732390499638
14.0 0.9938273640688953
15.0 0.9666494306645075
16.0 0.9397826506611073
17.0 0.9389612283929618
18.0 0.922951667393814
19.0 0.9458108422432271
20.0 0.9000035085191179
21.0 0.8944217710389114
22.0 0.9025126672524268
23.0 0.9296348420795782
24.0 0.971291828756986
25.0 0.9935759554811251
26.0 0.9814386739270619
27.0 1.0569776602698715
28.0 1.1120980262776627
29.0 1.1107483765282902
30.0 1.0966467778252913
31.0 1.0920073350846833
32.0 1.0622442293705212
33.0 1.0567902060284868
34.0 1.087295922893076
35.0 1.03730659231453
36.0 1.040004521441673
37.0 1.0393036119279515
38.0 1.026864661418564
39.0 1.049224953075858
40.0 1.0384446594632735
41.0 1.0206364634043412
42.0 1.0038751116933642
43.0 1.0195917572140971
44.0 1.0424386815083977
45.0 1.029590300757487
46.0 1.0266890559911106
47.0 1.0092477385978724
48.0 1.004179000926129
49.0 0.9952665748900695
50.0 1.0022085689184415
51.0 0.9894217272512914
52.0 0.9847134751015488
53.0 0.9924085332508122
54.0 1.018876826679331
55.0 0.947600374959104
56.0 0.9616849608426294
57.0 0.9549324632149547
58.0 0.9490849387754102
59.0 0.9636624724464392
60.0 0.9489521457141559
61.0 0.9667971531908273
62.0 0.9417938087146173
63.0 0.9444886982632897
64.0 0.9191078364810167
65.0 0.935726041078239
66.0 0.9058168944744426
67.0 0.8917778126315086
68.0 0.924942093855407
69.0 0.9348669577880048
70.0 0.9489997520919013
71.0 1.0116310606780294
72.0 1.055543354199478
73.0 1.0569994336628639
74.0 1.091324815610256
75.0 1.0705677732343999
76.0 1.0748739175029791
77.0 1.078829841642107
78.0 1.115789804026956
79.0 1.0680023247090156
80.0 1.0905858350160247
81.0 0.9934766281448425
82.0 1.0283512207587548
83.0 1.0496730357933883
84.0 1.0254271009084712
85.0 1.0450241450327302
86.0 1.042658069864901
87.0 1.0385062893165187
88.0 1.044796662165995
89.0 1.0114386570278349
90.0 0.9975593315101894
91.0 0.985685299105597
92.0 1.0234640727803526
93.0 0.9783775557459662
94.0 0.991961805376417
95.0 0.9729631618567793
96.0 0.9876438469511526
97.0 0.993281160057487
98.0 1.0025835488690684
99.0 0.964965472320188
100.0 0.9694348736636872
101.0 0.9648963003386694
102.0 0.9430528383539014
103.0 0.9811060228003811
104.0 0.9792277413618987
105.0 0.9659518862785309
106.0 0.9561448539294654
107.0 0.9896187686618828
108.0 0.9456064703534568
109.0 0.9421123656222317
110.0 0.9331974049581081
111.0 0.8850130858289827
112.0 0.936412118823367
113.0 0.8816888529367093
114.0 0.9124669642657152
115.0 0.9470527528153637
116.0 0.9449065078924747
117.0 0.9938072602947922
118.0 1.0268890194784341
119.0 1.0441849044240379
120.0 1.087536813744137
