Time NormalisedFlux
0.0 1.160334465864628
1.0 1.121608046108506
2.0 1.1157260167994907
3.0 1.1120958688653615
4.0 1.0718766993653097
5.0 1.115524354004973
6.0 1.0462844287641302
7.0 0.9847577402119042
8.0 0.9778253497060472
9.0 0.9594608423643282
10.0 0.9208245128383326
11.0 0.9621734248808025
12.0 0.8601649695332586
13.0 0.8771295807751922
14.0 0.8638514198729866
15.0 0.8101924395012867
16.0 0.8234906248701949
17.0 0.9290978538526335
18.0 0.899927123387491
19.0 0.9180269571090155
20.0 0.9730081300339832
21.0 0.981498143137568
22.0 1.0030506154597985
23.0 1.014480389807107
24.0 1.037230812772804
25.0 1.0903879975237951
26.0 1.0886658322132687
27.0 1.0716962227535682
28.0 1.181764916003304
29.0 1.1419154172573458
30.0 1.1544503674852609
31.0 1.0735359618111897
32.0 1.0462574392398603
33.0 1.1011905968075133
34.0 0.9859539569696268
35.0 1.0139444938161661
36.0 1.0204169669527114
37.0 0.9264138939431842
38.0 0.916023047538583
39.0 0.9117479203475393
40.0 0.9155876603718517
41.0 0.8669264692751782
42.0 0.875535613581819
43.0 0.8946673813189396
44.0 0.8937533325446717
45.0 0.9359243230947761
46.0 0.9635619953685531
47.0 0.9339433747890962
48.0 0.9894469115656855
49.0 0.9804285046797717
50.0 1.0316878013338815
51.0 1.0018497599261993
52.0 1.0554543170424284
53.0 1.089311255026902
54.0 1.0731276555992262
55.0 1.105365483497618
56.0 1.0987813246061653
57.0 1.1665014104757527
58.0 1.1398857842438994
59.0 1.093324624636778
60.0 1.0804762816647968
61.0 1.030541856035179
62.0 1.0860076345962868
63.0 1.0496343420411054
64.0 0.9407252576165359
65.0 1.0073274219236361
66.0 0.9411907538074379
67.0 0.9448050858647318
68.0 0.8910618573428294
69.0 0.8820300486281996
70.0 0.8604205622913463
71.0 0.8820947148587851
72.0 0.9180920565138986
73.0 0.8730994412564296
74.0 0.9740097383265673
75.0 0.9113504406419646
76.0 0.9820062000682123
77.0 0.9731081422062801
78.0 0.985284001400891
79.0 1.0185653729568525
80.0 1.0758660370912028
81.0 1.046358172691495
82.0 1.0760576091016545
83.0 1.0975662142230938
84.0 1.1721433861641992
85.0 1.1427003072938777
86.0 1.1271711299871066
87.0 1.098546797645239
88.0 1.079115419779949
89.0 1.0525316381612748
90.0 1.067638734550478
91.0 1.031455756776967
92.0 0.9891738868605813
93.0 0.9788435625333605
94.0 0.9906547044924117
95.0 0.901457101898733
96.0 0.8701788680848932
97.0 0.8677782434007115
98.0 0.8111793011142973
99.0 0.845914006584603
100.0 0.8890689380199353
101.0 0.8811984641455481
102.0 0.9042576917037457
103.0 0.9174118002334278
104.0 0.9954088596324767
105.0 0.9953299225644043
106.0 1.0504320243238516
107.0 1.025916455354464
108.0 1.0872298999532002
109.0 1.090439045449681
110.0 1.0935954262257983
111.0 1.144685367860189
112.0 1.141667631526574
113.0 1.1766432037363859
114.0 1.1219996615649546
115.0 1.0382999622095117
116.0 1.1000164530274572
117.0 1.0900850958817203
118.0 0.9621601979949097
119.0 0.9724351938498041
120.0 1.002230056579437
