Time NormalisedFlux
0.0 0.824653885001274
1.0 0.8572830297695525
2.0 0.8083781737922001
3.0 0.833070592993641
4.0 0.8368688414144074
5.0 0.8381852594714408
6.0 0.7964531191092552
7.0 0.7922703533642116
8.0 0.797134159190908
9.0 0.7995104717509663
10.0 0.7875105705467883
11.0 0.7111968837695513
12.0 0.762533380565801
13.0 0.8412922203843943
14.0 0.7855580709715025
15.0 0.8158532940069605
16.0 0.8766547287896176
17.0 0.8268776788254626
18.0 0.8489533160340562
19.0 0.7588834958636009
20.0 0.8261293381771639
21.0 0.8087328347474183
22.0 0.8341597689456585
23.0 0.8942984619422322
24.0 0.8482788300507941
25.0 0.8814890137803854
26.0 0.9358025137060759
27.0 0.9338253557786158
28.0 0.8637739072057938
29.0 0.9242956455693163
30.0 0.9994012137675988
31.0 0.8688782487801373
32.0 1.0351492360288166
33.0 0.9900607762642365
34.0 1.0608359989240639
35.0 1.0615036990611935
36.0 1.0478267359123645
37.0 1.0931757084127751
38.0 1.1389190734468269
39.0 1.0171045297072618
40.0 1.0808530615275953
41.0 1.0679071263216062
42.0 1.1631653466717655
43.0 1.0919374924783114
44.0 1.1128664510148312
45.0 1.1354360130665544
46.0 1.0843625245923043
47.0 1.081025231015143
48.0 1.198617365384353
49.0 1.164069854683623
50.0 1.159869890560133
51.0 1.1489011272251435
52.0 1.1445587930855585
53.0 1.2234885058984748
54.0 1.189584896507387
55.0 1.1778739258058792
56.0 1.1973955782590195
57.0 1.1411904072368169
58.0 1.2040833859305495
59.0 1.1894053942818703
60.0 1.172570313722225
61.0 1.1954590524504858
62.0 1.2135267319239023
63.0 1.237061599776439
64.0 1.2098468588156792
65.0 1.2052241771128565
66.0 1.217934699094908
67.0 1.2018907221382293
68.0 1.170857630751997
69.0 1.1712187475088267
70.0 1.172126306094789
71.0 1.1421436565833671
72.0 1.1501119611892852
73.0 1.1464441384552708
74.0 1.0558907335741288
75.0 1.0957105022328686
76.0 1.160831198040219
77.0 1.1133925525072261
78.0 1.1076009753301155
79.0 1.1097312651076678
80.0 1.0487698612654597
81.0 1.0515910175744578
82.0 1.0559901126693043
83.0 1.0314652810333973
84.0 1.0008535029691539
85.0 0.9717859489605358
86.0 0.9309083557638218
87.0 0.9890946601045609
88.0 0.961267201660007
89.0 0.9704801760289432
90.0 0.9389670486274017
91.0 0.8591726928414823
92.0 0.908063762513007
93.0 0.9444023768403599
94.0 0.8922905814789268
95.0 0.8654057239572338
96.0 0.7903636630780662
97.0 0.8798926390660076
98.0 0.8355520086751629
99.0 0.8164620235558755
100.0 0.8368615741569366
101.0 0.8665874930615606
102.0 0.8423517633511377
103.0 0.8202814695314664
104.0 0.7758432743028528
105.0 0.8616904335184908
106.0 0.7610027172470566
107.0 0.8464031750281198
108.0 0.7999931383669006
109.0 0.8465132488357149
110.0 0.7867751698271156
111.0 0.8489396839558434
112.0 0.863094992201684
113.0 0.755690670656094
114.0 0.6968099302149562
115.0 0.82932473407335
116.0 0.8681339646121775
117.0 0.8697889667236574
118.0 0.8114777720062923
119.0 0.8195773601371014
120.0 0.904057869024513
