Time NormalisedFlux
0.0 0.6399259831028166
1.0 0.9267322082213085
2.0 0.9056872824932548
3.0 1.1229404075875562
4.0 1.0746264683875686
5.0 1.0205221264832753
6.0 0.9898169003626326
7.0 1.135912664754528
8.0 1.1362474894018182
9.0 0.9737189948802633
10.0 0.7693409088066164
11.0 1.0312944181898915
12.0 0.9735666815229032
13.0 1.107725855473437
14.0 0.9850933833274487
15.0 0.8538489892461503
16.0 1.137686241900989
17.0 1.0886267359219344
18.0 1.1489373018849822
19.0 1.1294496952651196
20.0 1.0290843363960447
21.0 1.019731233444248
22.0 1.1111246183520775
23.0 1.0637620442901177
24.0 0.8150150752723231
25.0 0.9131684769826429
26.0 1.0723775426125575
27.0 0.9611605777427166
28.0 0.8453829172869815
29.0 1.1293556741283528
30.0 0.8410588192863414
31.0 1.0158956893428117
32.0 0.969056002333565
33.0 0.9743042782892233
34.0 1.14392992436356
35.0 1.0217849056596664
36.0 0.9989734231983071
37.0 0.845655841990601
38.0 0.9269963753708788
39.0 1.1834381398063607
40.0 1.0071946372939395
41.0 0.8855643118781936
42.0 1.0721408750535295
43.0 0.8985872898327897
44.0 0.7511633054182143
45.0 0.8825880714710929
46.0 1.0943358959546514
47.0 0.9572195525363514
48.0 1.058473412258291
49.0 0.9813252194770088
50.0 0.9149163479722728
51.0 1.1447520082435794
52.0 0.8757485980326443
53.0 1.0787941229982225
54.0 1.0296994141851672
55.0 1.0131519481395816
56.0 0.9673439401775238
57.0 0.9058029041134906
58.0 1.0752250759047277
59.0 0.9351458184160217
60.0 0.9367973122379133
61.0 1.0494566295783265
62.0 1.1959234231504237
63.0 1.0185651097913557
64.0 1.055630956205284
65.0 1.0390643981750338
66.0 0.9870883760875593
67.0 1.0983655732576225
68.0 0.9737129482054494
69.0 0.9689754196004203
70.0 0.8311508010778648
71.0 1.0925954156516162
72.0 0.939492559986878
73.0 0.9895802446185393
74.0 1.0265291600987083
75.0 1.0779524414800967
76.0 0.8743910972027577
77.0 1.0976670230854095
78.0 0.9143031620620977
79.0 0.8693397185118954
80.0 0.8511364794724168
81.0 1.0087707977075346
82.0 1.1889497060790604
83.0 1.1869768182937372
84.0 0.9492031556235837
85.0 1.0163179967393756
86.0 0.8680331616919437
87.0 0.9720643308358444
88.0 1.129393968660389
89.0 1.0667875032761265
90.0 1.0848641112440403
91.0 0.9802145993024133
92.0 1.0360473357880207
93.0 0.9343669472181436
94.0 1.0942381740129696
95.0 0.9676151702248453
96.0 1.1391159630223058
97.0 1.0833115570656335
98.0 1.0100566853222515
99.0 0.8474384967617872
100.0 0.9776015279943301
101.0 0.9592186865678585
102.0 0.9512207228382072
103.0 0.9498476416546264
104.0 1.0007995733411021
105.0 0.8818783083249404
106.0 1.1460256632577175
107.0 1.0819990869236622
108.0 1.068321669159123
109.0 0.9074908557127686
110.0 1.0433625074873059
111.0 0.9730267095243947
112.0 0.9347473225200087
113.0 0.8811445573698659
114.0 0.9117633437850294
115.0 0.9767338199068157
116.0 1.0682336903242626
117.0 1.1706549767371035
118.0 1.0413217055492066
119.0 1.1579006220846395
120.0 1.1314815527330555
