Time NormalisedFlux
0.0 1.0703747921656581
1.0 1.0250059576518693
2.0 1.0534937110238565
3.0 1.0357229622743547
4.0 1.033616135013348
5.0 1.0526693483748955
6.0 1.0307488005844772
7.0 1.0469846315362483
8.0 1.014823163587469
9.0 1.0121507171826034
10.0 1.0492295059571404
11.0 1.013042029027946
12.0 1.008069018513697
13.0 0.9981973798762291
14.0 1.0160510097664333
15.0 0.9853745658391567
16.0 1.0149426104468025
17.0 1.0252012151117358
18.0 0.9844525003161738
19.0 1.0118728072136896
20.0 0.9754613137260301
21.0 0.9677993833701375
22.0 0.9743741605079039
23.0 0.9637649567397383
24.0 0.9317270691920918
25.0 0.9694496267317735
26.0 0.9477535516516874
27.0 0.935702581230144
28.0 0.9491609628610332
29.0 0.925417744667755
30.0 0.9291711677540878
31.0 0.9445348263629827
32.0 0.8965055364011022
33.0 0.9013605686560376
34.0 0.9236046339548408
35.0 0.9137376603756927
36.0 0.9692248828667878
37.0 0.9908037217440471
38.0 1.0073777074517667
39.0 1.0757444871853676
40.0 1.0603079704468958
41.0 1.1020118764665139
42.0 1.1113130155850728
43.0 1.063878796399103
44.0 1.076640554332743
45.0 1.0435911573343146
46.0 1.0559924391432642
47.0 1.0532377411032974
48.0 1.0393905225818372
49.0 1.0664568547002362
50.0 1.065181887609943
51.0 1.0470536775513264
52.0 1.0334832655780435
53.0 1.033011114183611
54.0 1.033054416100397
55.0 0.9801022397970399
56.0 1.0067490244938004
57.0 0.9935183271300528
58.0 1.026537228253414
59.0 1.0025902630100805
60.0 1.0055728296461945
61.0 1.0035317268291237
62.0 1.0198935043095523
63.0 0.9787589722043754
64.0 0.9588636290349579
65.0 0.9779397389043032
66.0 0.9805712213870124
67.0 0.9630365518811563
68.0 0.9358785673227238
69.0 0.9525726281802868
70.0 0.9611196187480597
71.0 0.9485784385975958
72.0 0.9511549280597685
73.0 0.9703544092399647
74.0 0.9277919137465788
75.0 0.9619065589582613
76.0 0.9279839270251791
77.0 0.883585997945495
78.0 0.900671425181806
79.0 0.9213309704151014
80.0 0.9263816267397732
81.0 0.9527533461590743
82.0 0.9845741695412856
83.0 1.0231074465234749
84.0 1.060423296103365
85.0 1.060205438089767
86.0 1.0998100382579419
87.0 1.079943922226521
88.0 1.0907385701523056
89.0 1.0839028050473267
90.0 1.0723092273311627
91.0 1.0663326406570346
92.0 1.041445253714959
93.0 1.0551532054321993
94.0 1.0791764672200532
95.0 1.0247331254607972
96.0 1.0667256414901465
97.0 1.049385885551552
98.0 1.0599204205683366
99.0 1.0283484248843797
100.0 1.0478658413016964
101.0 1.0059738552923936
102.0 0.9736509945832035
103.0 0.9991492830340285
104.0 0.9982744157679132
105.0 1.0293976455129543
106.0 0.993418586756118
107.0 1.0121136855405244
108.0 1.008600063314277
109.0 0.9972526889419824
110.0 0.9894694001542634
111.0 0.9980393341558268
112.0 0.993636408197312
113.0 0.9634347517780696
114.0 0.9720225392667141
115.0 0.9376892234047249
116.0 0.946378946958494
117.0 0.9443849832974197
118.0 0.9526406610430032
119.0 0.9597618904550232
120.0 0.9836152890583005
