Time NormalisedFlux
0.0 0.8804262256575296
1.0 0.9546165611178439
2.0 0.8738584902677747
3.0 0.8416794880370921
4.0 0.9027665902008845
5.0 0.9133500937509881
6.0 0.9126681127382311
7.0 0.9748848769025396
8.0 0.9562079520756571
9.0 0.9820969276458927
10.0 0.956845016274196
11.0 1.0076276435355689
12.0 1.0018302986578174
13.0 1.0620696976853798
14.0 1.0557860682988847
15.0 1.0309795582907844
16.0 1.0739253033871115
17.0 1.0856106971226522
18.0 1.1048800085187531
19.0 1.066909807562889
20.0 1.0698256649573903
21.0 1.031274902355769
22.0 1.1015303652885278
23.0 1.1392743809013202
24.0 1.1430921918936867
25.0 1.1057301696053516
26.0 1.186884709541444
27.0 1.1324306622665026
28.0 1.194431585645409
29.0 1.1579821704014726
30.0 1.2041828735334044
31.0 1.2014802674140186
32.0 1.2004113166450188
33.0 1.1985051500321668
34.0 1.238042801074748
35.0 1.2009111096212965
36.0 1.2376301509778507
37.0 1.218218660434309
38.0 1.1840719137515066
39.0 1.187584169665087
40.0 1.2158007611791963
41.0 1.2347404880265067
42.0 1.2448107833261781
43.0 1.2144175186331587
44.0 1.1562374084533054
45.0 1.1837674782140044
46.0 1.142679910880036
47.0 1.2016927948769482
48.0 1.1209821667711877
49.0 1.166005210284792
50.0 1.1601328558771669
51.0 1.1568499085826978
52.0 1.0907214243541128
53.0 1.1353694803100483
54.0 1.134364553587447
55.0 1.0379303679042744
56.0 1.0968969906590147
57.0 1.0254654405129255
58.0 1.0686667978897673
59.0 1.026268611472562
60.0 1.1126928442555448
61.0 1.0085950479277295
62.0 0.9876645277767884
63.0 0.9325998928321856
64.0 1.0463292243295743
65.0 0.962595455511574
66.0 0.990111018879239
67.0 0.9471295711319233
68.0 0.9181957883835477
69.0 0.9054007449572538
70.0 0.9796173725058693
71.0 0.8857298237504121
72.0 0.9020523491514373
73.0 0.8723083732899196
74.0 0.8198267975528903
75.0 0.933500313307569
76.0 0.8357696167012232
77.0 0.841073727323764
78.0 0.8369445631163518
79.0 0.7831098164364518
80.0 0.8330579934266297
81.0 0.8304882496313359
82.0 0.8072346627057556
83.0 0.8009260555721882
84.0 0.7239696342433054
85.0 0.816534197709646
86.0 0.7859268244628858
87.0 0.8107414492509845
88.0 0.7935009397981688
89.0 0.7672996170680452
90.0 0.8052540986952165
91.0 0.8008071464435131
92.0 0.7898441257330907
93.0 0.7653616758022233
94.0 0.8875320658189119
95.0 0.8190882255263142
96.0 0.8804638409454393
97.0 0.8236413144225503
98.0 0.889582925164034
99.0 0.8587469579540974
100.0 0.8949382690913459
101.0 0.9339476580407144
102.0 0.8826456855663274
103.0 0.8776961223457707
104.0 0.8941822573040793
105.0 0.9822050619586002
106.0 0.9810263093779293
107.0 0.9376546585316752
108.0 0.8960330098387015
109.0 0.9557747307299449
110.0 0.9774017357499812
111.0 1.0467436061033606
112.0 0.9663453705115358
113.0 1.0019217577299315
114.0 1.0870426976073155
115.0 1.0443552252312336
116.0 1.0468259252414835
117.0 1.0621833447785503
118.0 1.042646746923997
119.0 1.0378853700133508
120.0 1.0753114554205276
