Time NormalisedFlux
0.0 1.1194850257136957
1.0 0.9592264554779958
2.0 0.9580978084213135
3.0 0.8154552376978341
4.0 0.916352227026403
5.0 1.0147514039986347
6.0 0.9733100068226646
7.0 0.9329392389331894
8.0 0.7330930286353955
9.0 1.0686157402437029
10.0 0.9477198252992396
11.0 0.853279497750316
12.0 0.9439720826008877
13.0 1.0120063622859576
14.0 1.0426434959063604
15.0 0.8178653151134847
16.0 0.7627734546423153
17.0 0.9621113739761475
18.0 0.9975967217741663
19.0 1.017546249683016
20.0 0.9195210312184776
21.0 1.1013682721980613
22.0 0.8701375762531895
23.0 1.077851801236661
24.0 1.0580873408967593
25.0 1.0596456038000923
26.0 0.9440674795259405
27.0 0.9202883833200536
28.0 1.0162791620307468
29.0 1.0977420009634344
30.0 0.9507013070215976
31.0 1.0330519831208438
32.0 1.085127270049174
33.0 0.8092182311686271
34.0 1.105512141887208
35.0 1.083713078887111
36.0 1.0419337389278096
37.0 0.8607705665759049
38.0 0.8985435056858516
39.0 0.9575062155979048
40.0 1.0497477290030286
41.0 0.9481269348982649
42.0 0.7461759681395399
43.0 0.9673644362687619
44.0 1.0522189210808737
45.0 0.8783833851128682
46.0 0.9587408356450617
47.0 1.1746049973149912
48.0 1.0842455143984295
49.0 0.8791362312097748
50.0 1.079714465905879
51.0 1.160466069570481
52.0 0.8732384269735143
53.0 0.9413746747164025
54.0 1.058106238863578
55.0 0.9326148468125833
56.0 1.1148075117370837
57.0 1.127473087432661
58.0 0.6552992194579663
59.0 1.0983159024487088
60.0 1.2065128135999166
61.0 0.9703333966832709
62.0 1.1180116443452028
63.0 1.112426827551328
64.0 0.8719190681319706
65.0 0.8549837101481188
66.0 0.798269740566093
67.0 1.1948020031750168
68.0 1.0655405528993351
69.0 1.0352467507587522
70.0 0.7529241062072272
71.0 0.8012930861000711
72.0 0.9461935848614299
73.0 0.9941864423480068
74.0 1.1298773047359956
75.0 0.9838743334346817
76.0 1.0919921400458728
77.0 1.0583029497174778
78.0 1.158742827302341
79.0 1.0626166772787573
80.0 0.9461322195504954
81.0 1.0783979101469274
82.0 0.935901775220737
83.0 0.8483637399977162
84.0 1.1079885005779022
85.0 0.9416359577291619
86.0 0.9119462440720466
87.0 1.1233111332597574
88.0 1.0071550493444683
89.0 0.943878334321048
90.0 1.0526150555853824
91.0 1.0408653377620516
92.0 0.941815755576445
93.0 0.8541213299472152
94.0 1.0785502339292004
95.0 1.0167701905638469
96.0 0.8834755157190081
97.0 1.1188613049810068
98.0 1.0079150179401102
99.0 0.8207157605131391
100.0 1.0578202946287494
101.0 1.062769470712279
102.0 1.032571457709892
103.0 0.9668570758672446
104.0 1.0729449618301272
105.0 0.9751140296455711
106.0 0.9936701592428944
107.0 1.1785108464714227
108.0 0.981115099152235
109.0 0.9889712364765498
110.0 0.9973922345943315
111.0 1.0163104003606462
112.0 0.9713864772664418
113.0 0.9977354425308005
114.0 0.9751353027072933
115.0 1.0146515490770298
116.0 1.1339233043676864
117.0 0.9548284518101268
118.0 0.9994967828667637
119.0 0.8692016368754696
120.0 1.0250981693581944
