Time NormalisedFlux
0.0 0.8855189871016137
1.0 0.835118176986319
2.0 0.8888521265230639
3.0 0.9038307414337348
4.0 0.9428149603974727
5.0 0.9981798605366242
6.0 0.9705289533243104
7.0 0.9272085858825367
8.0 0.9920612871049267
9.0 1.0233047333707346
10.0 1.049262862794809
11.0 1.0829056218418651
12.0 1.1274302925400141
13.0 1.0870093813263855
14.0 1.1326346514050454
15.0 1.153528673014902
16.0 1.1499868578024286
17.0 1.0860862076258173
18.0 1.0756279109820333
19.0 1.0620047395619028
20.0 1.012473367289269
21.0 0.9975757310567798
22.0 0.9022574045113689
23.0 0.9307411259625973
24.0 0.9368852416371799
25.0 0.8883732829953956
26.0 0.9075158957472167
27.0 0.82587445705783
28.0 0.8065187535128314
29.0 0.8885164673413545
30.0 0.9013760403154822
31.0 0.9419062426335868
32.0 1.0343307240431496
33.0 0.976387125123622
34.0 1.0340609607744733
35.0 1.0221262386008703
36.0 1.061077372659207
37.0 1.0316786452224807
38.0 1.0797129796190172
39.0 1.0974120863893424
40.0 1.0845375540284108
41.0 1.1784173207158877
42.0 1.1125296687835273
43.0 1.0769345737737248
44.0 1.0893251296577395
45.0 1.0431864775337334
46.0 1.0108313424177477
47.0 0.9816438388964447
48.0 1.017128871407912
49.0 0.9403328266802526
50.0 0.9527418069371039
51.0 0.8864446206801389
52.0 0.8805622963870637
53.0 0.8710037990648204
54.0 0.8941314438204105
55.0 0.8448326749480181
56.0 0.9062953769881139
57.0 0.9230657595287166
58.0 0.9581095149626976
59.0 0.943699227994638
60.0 0.9790218161903144
61.0 0.9729384602917469
62.0 1.0238228259438396
63.0 0.9956806670428355
64.0 1.1003311318969786
65.0 1.0887430766729675
66.0 1.1020407496548141
67.0 1.1054418531463992
68.0 1.160650949454771
69.0 1.0945778300609699
70.0 1.0819782909000446
71.0 1.0950679224465807
72.0 1.0250680727581056
73.0 1.008162593382351
74.0 0.9610065864459484
75.0 0.9924395671726499
76.0 0.9853667147116892
77.0 0.9426157804517697
78.0 0.9162334630398111
79.0 0.8893514397650845
80.0 0.8536043393856502
81.0 0.8376931053877097
82.0 0.8832327539529248
83.0 0.8926917300722611
84.0 0.9539638096296256
85.0 0.9788713911623161
86.0 0.9503216802829818
87.0 1.0070627516501787
88.0 1.0263740981771556
89.0 1.049158336781027
90.0 1.045093660825956
91.0 1.073086369984357
92.0 1.1324024115572233
93.0 1.1350336655074142
94.0 1.1939458525984408
95.0 1.0861999468263541
96.0 1.1229725486402908
97.0 1.0622947137994196
98.0 1.0693393577127974
99.0 1.05306751511506
100.0 0.969842925068629
101.0 1.007423228322629
102.0 1.0200909551246544
103.0 0.9287089175521794
104.0 0.895904525751871
105.0 0.928784316435265
106.0 0.8726443463668168
107.0 0.8366772280789403
108.0 0.8332196804980259
109.0 0.8798734419269061
110.0 0.9267746006477147
111.0 0.9249125740319862
112.0 0.9244470597201022
113.0 0.9895441425746497
114.0 0.949347199166877
115.0 0.9762174111413416
116.0 1.040539532576497
117.0 1.0702445030976873
118.0 1.1100749090540603
119.0 1.1556566157062267
120.0 1.1353487105202815
