Time NormalisedFlux
0.0 1.033340597432265
1.0 0.991226248092783
2.0 1.0334176769869163
3.0 1.0298156706247004
4.0 1.0824102072009818
5.0 1.07679983062497
6.0 1.1514832172037395
7.0 1.112751473724886
8.0 1.1466803386644129
9.0 1.111936073478221
10.0 1.0623911399898878
11.0 1.0177176126036582
12.0 1.0208611557129714
13.0 1.0379723773194787
14.0 1.0356804361851537
15.0 1.0183184533738854
16.0 0.9653684416189688
17.0 0.8985243372152487
18.0 0.8703750390882068
19.0 0.9026789502025111
20.0 0.8469558050625753
21.0 0.8792475974221282
22.0 0.9376488781298605
23.0 0.9469547206493238
24.0 0.9397337439894965
25.0 0.9654284118946806
26.0 1.0071035577821927
27.0 1.011376332133875
28.0 1.0685503756140353
29.0 1.004563739881451
30.0 1.1015154604450879
31.0 1.0757888837096683
32.0 1.099763659666727
33.0 1.1461812442323498
34.0 1.1047389250834876
35.0 1.130040851988276
36.0 1.0755226461477663
37.0 1.0242620020114916
38.0 1.0936131909653872
39.0 0.9909806834366364
40.0 1.011209130528692
41.0 0.9134594146776404
42.0 0.9168038270553259
43.0 0.8666953342722907
44.0 0.8877957986170951
45.0 0.9019392523596501
46.0 0.8262635684942671
47.0 0.8627659994694297
48.0 0.9062055213205957
49.0 0.9513674150091757
50.0 1.0190857128068092
51.0 0.9737299647894301
52.0 1.006439616615627
53.0 1.030884876012089
54.0 1.0738554974919385
55.0 1.072639167903973
56.0 1.0251177626212489
57.0 1.1137191161184112
58.0 1.168471221821592
59.0 1.134912553440923
60.0 1.0654822159654933
61.0 1.0936900718388178
62.0 1.0327573864934285
63.0 0.985852147356086
64.0 0.9938798922426314
65.0 0.9816561929269861
66.0 0.9897347185802585
67.0 0.9324785732032329
68.0 0.9581783897786933
69.0 0.8772433493693074
70.0 0.9301295926076826
71.0 0.850971638148217
72.0 0.875829597813048
73.0 0.8936729670779119
74.0 0.872125312569569
75.0 0.9513345272478045
76.0 1.0081288195515483
77.0 1.012220908984827
78.0 0.9715841625061934
79.0 1.0105517325089888
80.0 1.037946327533725
81.0 1.0999462406317468
82.0 1.1095692380839774
83.0 1.1255449917838314
84.0 1.1648037895376195
85.0 1.095423415670419
86.0 1.0508332824866295
87.0 1.0513165173748502
88.0 1.0839289092116227
89.0 1.0471409737862423
90.0 1.0266851766931078
91.0 0.9793925348989005
92.0 0.9805540079217832
93.0 0.9028419431418828
94.0 0.9115711556413292
95.0 0.9302856885818963
96.0 0.8558627770607723
97.0 0.8505630314338896
98.0 0.9029003928438858
99.0 0.8638623518612442
100.0 0.9222461204849618
101.0 0.9361236405265843
102.0 1.0073295140034646
103.0 1.0155251016342994
104.0 1.0000645121092442
105.0 1.0400169228423526
106.0 1.064109170403482
107.0 1.0896032851407464
108.0 1.1188044712145513
109.0 1.0833420901514383
110.0 1.1819845457189346
111.0 1.1240616331731836
112.0 1.0862470916968283
113.0 1.06576681997126
114.0 1.0329418204625318
115.0 1.0237914430725175
116.0 0.9997055808384293
117.0 0.9626771984894762
118.0 0.9342242498446117
119.0 0.9008210783613047
120.0 0.9110095472643217
