Time NormalisedFlux
0.0 0.9780100412086105
1.0 1.025462530015027
2.0 0.9478463691929296
3.0 0.9888433155425973
4.0 0.9855275595538217
5.0 1.045864321193226
6.0 1.024216948517011
7.0 1.0300407231036923
8.0 1.0735221559462969
9.0 1.0727801377401298
10.0 1.0433952217890543
11.0 1.1156604930016996
12.0 1.1288210955244196
13.0 1.1543646528142382
14.0 1.1502054495714065
15.0 1.1075265972097064
16.0 1.1286982300922528
17.0 1.2081808135937435
18.0 1.1856186204267056
19.0 1.1510076133747238
20.0 1.2120483337761832
21.0 1.2654603564135696
22.0 1.2124592873472522
23.0 1.1953660757858737
24.0 1.1558110740675285
25.0 1.2142827348449547
26.0 1.214837989664981
27.0 1.141934034370543
28.0 1.1699556095343229
29.0 1.2009727994625723
30.0 1.1571142164459867
31.0 1.2392180107845685
32.0 1.1432314853198422
33.0 1.226214328219134
34.0 1.196459717829756
35.0 1.1795470606987055
36.0 1.139073806788038
37.0 1.133080626661709
38.0 1.1455061000943958
39.0 1.1590392773092337
40.0 1.0633559209523114
41.0 1.1081602410859142
42.0 1.043647547652458
43.0 1.1523379651292376
44.0 1.1179095603390194
45.0 1.0392074692402384
46.0 1.0705770361661198
47.0 1.017449970538226
48.0 0.9822452467745572
49.0 0.9722977061500491
50.0 1.0195514598912967
51.0 1.0240392024673473
52.0 0.9843849085661955
53.0 0.9850043851068296
54.0 0.9767635601860543
55.0 0.960664830489458
56.0 0.860192863080143
57.0 0.9043840706491438
58.0 0.908363097247638
59.0 0.911241234450747
60.0 0.8412536775460587
61.0 0.8604768791076598
62.0 0.9100445801681234
63.0 0.8950102369462841
64.0 0.8404054803540574
65.0 0.8554853071113303
66.0 0.8366532607610275
67.0 0.867303964052505
68.0 0.8082014434668794
69.0 0.8037054775107858
70.0 0.7889106269097292
71.0 0.7928802889149646
72.0 0.77328286566468
73.0 0.7603324481737133
74.0 0.8601047751924878
75.0 0.8183607072767117
76.0 0.8572614474450703
77.0 0.8220667393627368
78.0 0.7971367106908631
79.0 0.7997698588862592
80.0 0.82271950969017
81.0 0.8000631976079764
82.0 0.8148073273675324
83.0 0.8435173594384096
84.0 0.8768673571707478
85.0 0.8239868722396373
86.0 0.8600391753968525
87.0 0.8229228407263751
88.0 0.8398348892171855
89.0 0.9182359758704812
90.0 0.8736954929201622
91.0 0.8623401961211639
92.0 0.9258232694276756
93.0 0.9579794237084248
94.0 0.9496829431012627
95.0 0.9302510141414002
96.0 0.997449691211697
97.0 1.0120440985425374
98.0 0.9954742762460309
99.0 1.0409746820868282
100.0 1.0052998168372913
101.0 1.1010622589982693
102.0 1.096799910919623
103.0 1.074417640520368
104.0 1.0305076301945058
105.0 1.0874866272349646
106.0 1.044996048753041
107.0 1.088622106553936
108.0 1.1801705814409114
109.0 1.1360816908479687
110.0 1.1963254168282957
111.0 1.1690705469323455
112.0 1.192026864526014
113.0 1.1787340335403613
114.0 1.2121045169468125
115.0 1.1439348692056548
116.0 1.2430708193210651
117.0 1.1479783834009503
118.0 1.1932568629308045
119.0 1.18083463335364
120.0 1.2391876199746463
