Time NormalisedFlux
0.0 1.0608964645962913
1.0 0.8533567406363627
2.0 0.9354783128689769
3.0 1.0605039873751105
4.0 1.0949927877919252
5.0 1.1007550333132117
6.0 0.976525275927347
7.0 0.9630958564304267
8.0 0.8997218125031795
9.0 1.0104273119949065
10.0 0.9326198552629223
11.0 0.9884537861352656
12.0 0.9144351473737995
13.0 0.9336217521934682
14.0 0.8897625456321774
15.0 0.9557121985704295
16.0 1.041746306088525
17.0 1.0798064428614502
18.0 1.0351281763029836
19.0 1.0627127453466667
20.0 0.9258571627848393
21.0 0.9868513850739541
22.0 1.0550747743434357
23.0 1.0138351993898425
24.0 1.134408879250567
25.0 1.0765466889553021
26.0 0.9736488673979904
27.0 1.058915903844496
28.0 0.9497807208778652
29.0 0.6565535998080421
30.0 0.819961600776743
31.0 0.963819009374015
32.0 0.9399655244710852
33.0 0.962287322069371
34.0 0.9990727566575727
35.0 1.1049056780864943
36.0 0.883080682941683
37.0 1.0821669317404363
38.0 0.9461212184751999
39.0 0.9718390586323722
40.0 1.0135135753427225
41.0 1.1478116599544115
42.0 1.1773919694083812
43.0 1.000181173648695
44.0 1.0458952248915305
45.0 0.812674875025716
46.0 1.1193222175920017
47.0 0.94538758761235
48.0 1.1717925572899643
49.0 0.9550517765413452
50.0 1.1118261559629603
51.0 1.0592156904252366
52.0 1.1476461766060944
53.0 0.8890603668806178
54.0 0.8594128304527174
55.0 0.8456986850251813
56.0 1.1338579836981322
57.0 0.9720657471421384
58.0 1.0254566188061
59.0 1.0695512232237565
60.0 0.9566642176543206
61.0 0.901055243670607
62.0 1.1471229128481184
63.0 0.915826792467673
64.0 0.8251471299363153
65.0 1.037911842965803
66.0 0.9192964625046243
67.0 1.0716767513194179
68.0 0.9107224495027005
69.0 1.1438792785182037
70.0 1.042184527838251
71.0 0.9944574652108428
72.0 1.0470023027311357
73.0 1.1595937639642144
74.0 0.870901605566733
75.0 1.184181954089361
76.0 1.0412436319124554
77.0 0.990632131944468
78.0 0.9975298042252474
79.0 0.8169825313149787
80.0 1.0514178430957755
81.0 1.058180395524938
82.0 0.968776871436058
83.0 1.1347183369081586
84.0 0.9724669783178458
85.0 0.9472550961730754
86.0 0.8883127140345172
87.0 1.0922105212008912
88.0 0.9681762821455072
89.0 1.0219237460980397
90.0 0.932889942562224
91.0 0.9694322491652978
92.0 1.0300135520937201
93.0 0.8119644380766684
94.0 0.8161042844702339
95.0 1.15438401268262
96.0 1.0963597653599444
97.0 0.7495668730068504
98.0 1.0181873230901313
99.0 0.9601473937805094
100.0 1.0334273653216932
101.0 1.1795062708717674
102.0 1.0945661844808736
103.0 0.9622182746779447
104.0 0.9455898446655563
105.0 1.0182487286238
106.0 1.1093684906989154
107.0 1.1308078306205933
108.0 0.8760935753623478
109.0 0.9095212873553362
110.0 1.0576598717467487
111.0 1.151396099749692
112.0 0.9470986970163499
113.0 0.9786191853009906
114.0 0.9975566408396052
115.0 0.8646491886069397
116.0 1.1311051938427237
117.0 0.9242990483295348
118.0 1.279942592761333
119.0 1.0754293993444164
120.0 1.1199396932991945
