Time NormalisedFlux
0.0 0.9395454931880556
1.0 0.9069479052250365
2.0 0.9726470045214936
3.0 1.0244802127977528
4.0 1.0496376985557019
5.0 1.026754105067673
6.0 1.078940518681315
7.0 1.0572228162557205
8.0 1.0994337727099148
9.0 1.1222706518909134
10.0 1.149765027102561
11.0 1.1391942626100204
12.0 1.1320874772293745
13.0 1.063909847556804
14.0 1.0608238869540716
15.0 1.0371705343619735
16.0 1.0353356702983778
17.0 0.9948748386464578
18.0 0.9428452135035195
19.0 0.9479407946286645
20.0 0.9527343781220015
21.0 0.9130429046657053
22.0 0.884291576193394
23.0 0.9114278127843852
24.0 0.8399499046523883
25.0 0.8764957703327139
26.0 0.9335158342069482
27.0 0.9195878150669723
28.0 0.9775531364950238
29.0 0.9554936523503252
30.0 0.9926280453756966
31.0 0.9833976384806808
32.0 1.039969179595871
33.0 1.0939068006928092
34.0 1.0657944293367956
35.0 1.088813528925679
36.0 1.0833732696470213
37.0 1.1514325928520908
38.0 1.164647712274718
39.0 1.1056267774534465
40.0 1.120979479458922
41.0 1.0817300790412967
42.0 1.048815174685852
43.0 1.013887104406039
44.0 1.0297565674562157
45.0 0.9762321693627086
46.0 0.9787602406989055
47.0 0.9172850173130505
48.0 0.8722124642007683
49.0 0.9415166901503768
50.0 0.8846288976058337
51.0 0.811704149492489
52.0 0.8528197816146538
53.0 0.8815698396336737
54.0 0.9134502895335616
55.0 0.9397666996957248
56.0 0.935984710104583
57.0 1.0142168111932282
58.0 1.0265062055432752
59.0 1.0063641663289653
60.0 1.0534810995254806
61.0 1.005283527969674
62.0 1.1082693932706216
63.0 1.0739801769138275
64.0 1.1379930582180653
65.0 1.1373125443221141
66.0 1.0850056888373394
67.0 1.1015075999748558
68.0 1.116441581869178
69.0 1.0924518093619138
70.0 1.013567039868163
71.0 0.9924246955223983
72.0 1.0094478928915886
73.0 0.9852108786391673
74.0 0.9643088644390301
75.0 0.9286689902964291
76.0 0.881613052331027
77.0 0.8812613996792018
78.0 0.872345164284414
79.0 0.8597670574726285
80.0 0.866631576948189
81.0 0.915290787752875
82.0 0.9182118181151737
83.0 0.9395499322878985
84.0 0.9468420608480541
85.0 1.0028845578577463
86.0 0.998029907855769
87.0 1.0296624663613292
88.0 1.0819044648049203
89.0 1.0612792721198758
90.0 1.1115759265872769
91.0 1.1542400467590492
92.0 1.1562880934986262
93.0 1.1640440335960176
94.0 1.1242598371444368
95.0 1.0759372959007005
96.0 1.0962249164933087
97.0 1.0474018681642523
98.0 0.9886563212200226
99.0 1.0119708965816396
100.0 0.9933257643214985
101.0 0.9230410382730947
102.0 0.9401844274828215
103.0 0.8985749681289162
104.0 0.850670889652319
105.0 0.8521007547568006
106.0 0.9172043481891656
107.0 0.8485274502766024
108.0 0.8655751970664108
109.0 0.8796730502337956
110.0 0.9606394546706655
111.0 1.0172367743209667
112.0 0.9920507562370112
113.0 0.9703383388652008
114.0 1.0258761195405022
115.0 1.0204060604513872
116.0 1.1111493989413928
117.0 1.1175177206082396
118.0 1.1183406263756166
119.0 1.1862543240985661
120.0 1.138207178846528
