Time NormalisedFlux
0.0 1.0601424660503724
1.0 1.0947093963844647
2.0 1.142729720917493
3.0 1.1769089765685306
4.0 1.12884757375973
5.0 1.1477939392071133
6.0 1.1079560463941447
7.0 1.093242378815789
8.0 1.0584050276484818
9.0 1.0281660702378563
10.0 0.9530767068093499
11.0 0.9723511380135369
12.0 0.9230383649782478
13.0 0.906272890198308
14.0 0.9000946791704496
15.0 0.8389710016965739
16.0 0.8795654649051622
17.0 0.8746429349736639
18.0 0.9051198854253454
19.0 0.9402021328318558
20.0 0.9755540331803899
21.0 1.0135539884846454
22.0 1.0391610502830488
23.0 0.9899266822429452
24.0 1.0700160522457944
25.0 1.1229584154890728
26.0 1.1349381354117118
27.0 1.1554428840933089
28.0 1.1414826933871003
29.0 1.0770881551965445
30.0 1.0736013134059914
31.0 1.0258096717748184
32.0 1.0123443868230142
33.0 1.031378159432942
34.0 0.9341095213801859
35.0 0.9556516141627075
36.0 0.9377255016503843
37.0 0.8276796970985201
38.0 0.8980425894291478
39.0 0.8765107252767376
40.0 0.8619577692180624
41.0 0.9056273636733967
42.0 0.9249084383081513
43.0 0.9566039787207292
44.0 0.9680184961816104
45.0 0.9877052867855013
46.0 1.0583540263997395
47.0 1.0216537811159643
48.0 1.0568465844084325
49.0 1.126972393496052
50.0 1.131014084080204
51.0 1.1069927672758855
52.0 1.137715630393326
53.0 1.103168037662522
54.0 1.0791119544790795
55.0 1.0443948829785594
56.0 1.0158637573815117
57.0 0.9797435434046948
58.0 0.9667157034791964
59.0 0.9634148842453667
60.0 0.8753208871041375
61.0 0.868195488634247
62.0 0.9176547761482078
63.0 0.8970498719016
64.0 0.8732033673327702
65.0 0.9322140071802797
66.0 0.9386767033063724
67.0 0.982828477761273
68.0 1.0101404820431732
69.0 1.0272788438380176
70.0 1.0850540807602231
71.0 1.0784122928171442
72.0 1.0467490605122758
73.0 1.0865689172090442
74.0 1.15848175630933
75.0 1.0890014822588279
76.0 1.13679001701932
77.0 1.0510321685759814
78.0 1.0787073345524516
79.0 1.0617372252124557
80.0 0.9819906446945491
81.0 0.9748439010681584
82.0 0.9078529827389561
83.0 0.9169312786608927
84.0 0.8925076679192067
85.0 0.9173506119837053
86.0 0.8399546524682795
87.0 0.8583696927371179
88.0 0.8879217515361293
89.0 0.9692531829462054
90.0 0.9670515487782887
91.0 0.9673249651005343
92.0 0.9777319460503373
93.0 1.0332436246331178
94.0 1.0601944859333594
95.0 1.0619508206914476
96.0 1.1246361451354814
97.0 1.1231518898938864
98.0 1.1272262200334167
99.0 1.0863534766471978
100.0 1.0949526388784523
101.0 1.087611162213566
102.0 1.006624925098978
103.0 0.9922364259679725
104.0 0.9900039323604889
105.0 0.9506553221665494
106.0 0.9523419847271412
107.0 0.9220243913801438
108.0 0.9083545124622252
109.0 0.8784563255739527
110.0 0.8803120851217301
111.0 0.9106283272331364
112.0 0.9562278657072191
113.0 0.9441677561975286
114.0 0.9650878431471485
115.0 0.9955689689479804
116.0 0.9806604876796272
117.0 0.9951156714639388
118.0 1.0618855756620005
119.0 1.0570945384499673
120.0 1.1292791258865633
