Time NormalisedFlux
0.0 1.190914698083896
1.0 1.1499020353969016
2.0 1.1188838768849472
3.0 1.1890537182431065
4.0 1.1905011443549052
5.0 1.2644688029162874
6.0 1.183530764165242
7.0 1.2091192518573508
8.0 1.172583151923605
9.0 1.2537510641280223
10.0 1.2030977091296797
11.0 1.1940212175792517
12.0 1.169036175915405
13.0 1.1605206564985804
14.0 1.2271607130477697
15.0 1.1689813657299255
16.0 1.1244148310624849
17.0 1.189501336184198
18.0 1.1373365438442726
19.0 1.1494390699825585
20.0 1.1458376672549762
21.0 1.1903710557630864
22.0 1.1014165429024814
23.0 1.0996782385695905
24.0 1.0820318353523684
25.0 1.0425774896719546
26.0 1.121955293604101
27.0 0.9916072910010436
28.0 1.0387105581916136
29.0 1.0231638008892783
30.0 0.9929526782598063
31.0 1.037691126582685
32.0 0.9873078466436096
33.0 1.1099405510128522
34.0 0.9962616777210392
35.0 0.908216229205967
36.0 0.9654042597134866
37.0 0.9326194210150817
38.0 0.8642567084533531
39.0 0.8886237809684459
40.0 0.915646559602123
41.0 0.8812077276112581
42.0 0.8627197666682772
43.0 0.8412240250460689
44.0 0.8421294331057846
45.0 0.896703586832684
46.0 0.848312242462395
47.0 0.7989710560830244
48.0 0.7766095072354897
49.0 0.8422779723524396
50.0 0.818792598887214
51.0 0.8401475994741958
52.0 0.7767195764731355
53.0 0.8023168828286352
54.0 0.8398462021362529
55.0 0.8162715098617107
56.0 0.7650970761361814
57.0 0.780669655381229
58.0 0.7609162488074842
59.0 0.8716622656787097
60.0 0.7652320753184148
61.0 0.7592238407074545
62.0 0.7586212724994862
63.0 0.8815947605554318
64.0 0.8339864179775971
65.0 0.8396972211327979
66.0 0.805013060933207
67.0 0.836254848945931
68.0 0.8689996223522942
69.0 0.8544993420019714
70.0 0.844651694036378
71.0 0.8901711577052868
72.0 0.9266790069712079
73.0 0.8622783704614451
74.0 0.9549033888155782
75.0 0.8613393413066712
76.0 1.0051062719002968
77.0 1.0282571645264256
78.0 0.9440157416594884
79.0 1.0049098413957556
80.0 1.0012285446718723
81.0 1.0370571197727816
82.0 0.9763323138543178
83.0 1.0941451141680891
84.0 1.0357271251069895
85.0 1.0864014481985649
86.0 1.0426930308389513
87.0 1.1088097523156102
88.0 1.1219417826645075
89.0 1.0871467600885958
90.0 1.0659925899404614
91.0 1.1992918233788665
92.0 1.1658279124900313
93.0 1.184809929859218
94.0 1.1438960259339834
95.0 1.1893148072623987
96.0 1.1954543144115986
97.0 1.1954580005427742
98.0 1.1545290768835128
99.0 1.1942487599374556
100.0 1.1714813780815279
101.0 1.2472540462409236
102.0 1.1724928114561468
103.0 1.2252915825370017
104.0 1.160177220870498
105.0 1.1690578469227662
106.0 1.2552530177030368
107.0 1.2225128086512442
108.0 1.1987996320422627
109.0 1.203484617161457
110.0 1.1823506317416748
111.0 1.2388254950292132
112.0 1.1840756697018868
113.0 1.1282859582039009
114.0 1.174579374062896
115.0 1.151430145112046
116.0 1.1972460648432068
117.0 1.1398302462821865
118.0 1.0849078601546167
119.0 1.023747451971206
120.0 1.089211532697827
