Time NormalisedFlux
0.0 1.096518691408244
1.0 0.9982399063110422
2.0 1.0152573098143352
3.0 1.1062992809521126
4.0 1.0610301411055307
5.0 1.0658450579076044
6.0 1.072950592404279
7.0 1.2001633278392019
8.0 1.0928339166088077
9.0 1.082402840676447
10.0 1.0791693124030872
11.0 1.174680731962597
12.0 1.1394460718075796
13.0 1.1529629069609761
14.0 1.2061577042802214
15.0 1.2018616829828097
16.0 1.2595066660640575
17.0 1.2236562214295026
18.0 1.2206866408061954
19.0 1.2500581239419106
20.0 1.2173365373432479
21.0 1.2020044077214813
22.0 1.1835767483789326
23.0 1.1558579779341058
24.0 1.1370261564402042
25.0 1.1834736981000427
26.0 1.1696911746662608
27.0 1.2249282449811152
28.0 1.2907394808192845
29.0 1.2190672507040696
30.0 1.11887113190561
31.0 1.1445838080599138
32.0 1.1703280016747737
33.0 1.1695231267010169
34.0 1.1893790171238807
35.0 1.111785484439359
36.0 1.1270856110116234
37.0 1.12043451888377
38.0 1.0754423796859243
39.0 1.0291156040883027
40.0 1.0406355692913118
41.0 1.1241761474031475
42.0 1.0086540899608896
43.0 1.0491682883954245
44.0 1.057675111083705
45.0 1.023638577190467
46.0 1.0060135688101532
47.0 0.9851361842607913
48.0 1.0134492868614253
49.0 0.8939192725293521
50.0 0.9240813765734197
51.0 0.9003533237954902
52.0 0.9114711205617487
53.0 0.8572436087884469
54.0 0.8883805604521678
55.0 0.8863844835864821
56.0 0.8659795265336143
57.0 0.8388106755614996
58.0 0.8620138143587217
59.0 0.8689861885844292
60.0 0.8506528055142876
61.0 0.8175465161475025
62.0 0.8624156373613082
63.0 0.823788053717182
64.0 0.8572144199789774
65.0 0.7874878784364718
66.0 0.8542440335366756
67.0 0.8009918107879842
68.0 0.8079432586836033
69.0 0.8367227119111348
70.0 0.8554724091667186
71.0 0.7941423321269231
72.0 0.7791355543445468
73.0 0.7459245343355071
74.0 0.7996953207836515
75.0 0.7639455482048216
76.0 0.8060973239584531
77.0 0.8234962549532452
78.0 0.8881426260429635
79.0 0.9038354121652099
80.0 0.8387668195708441
81.0 0.8428367763479025
82.0 0.8860203767014445
83.0 0.8497151860490098
84.0 0.8933280298303554
85.0 0.908286207819257
86.0 0.9428929795442632
87.0 0.9073209496895225
88.0 0.946875114450683
89.0 1.022704840393311
90.0 1.035023460528359
91.0 1.0091160741823129
92.0 0.983950931295984
93.0 0.9977777625275122
94.0 1.0487450354718069
95.0 1.0733243138810802
96.0 1.074107018613764
97.0 1.0750926965648917
98.0 1.038059302150336
99.0 1.1150601629067367
100.0 1.066688624909649
101.0 1.131652496809582
102.0 1.1183776420382145
103.0 1.1437001433017502
104.0 1.1679162094936035
105.0 1.1375233309269746
106.0 1.1813290459719352
107.0 1.2112397973658184
108.0 1.2020526756382865
109.0 1.217015695174493
110.0 1.2244651655396521
111.0 1.227386225120724
112.0 1.19173467600204
113.0 1.2023238518194548
114.0 1.1843922838343155
115.0 1.2193506604570394
116.0 1.203014609540398
117.0 1.2235680435063565
118.0 1.2600714875855652
119.0 1.2146156962934247
120.0 1.1696531213009862
