Time NormalisedFlux
0.0 1.0458313915769308
1.0 1.062979193806512
2.0 1.100844156513348
3.0 1.104246246210769
4.0 1.1211404022727771
5.0 1.0884458634050365
6.0 1.0874015417842926
7.0 1.0402274966575753
8.0 1.068777622834867
9.0 1.057695292177997
10.0 1.0316857624373177
11.0 1.0095694783830376
12.0 1.0715344622072365
13.0 1.0417811922792273
14.0 1.0735497549531607
15.0 1.0073927460794838
16.0 1.0346161200781947
17.0 1.0337152857035683
18.0 1.0372707514288033
19.0 0.9795682604490448
20.0 0.9793862764822759
21.0 1.0336899948508114
22.0 0.9951465396164567
23.0 0.9734391117062089
24.0 0.9732782089417793
25.0 0.9795608537754042
26.0 0.980497712766824
27.0 0.9683283936022541
28.0 0.9721531016561696
29.0 0.965022122097831
30.0 0.990936729141247
31.0 0.9481255229085662
32.0 0.9554264526055932
33.0 0.9308376634701883
34.0 0.9580474430300203
35.0 0.9655462194486588
36.0 0.9310356123250018
37.0 0.940239461187595
38.0 0.9250570750390681
39.0 0.9297689744700827
40.0 0.910167007476054
41.0 0.9179716606241111
42.0 0.8865875900172872
43.0 0.9122010009683292
44.0 0.9188420835842844
45.0 0.9900928279142761
46.0 0.9887927849910536
47.0 0.9983643778788182
48.0 1.0560560055177568
49.0 1.0525917811372776
50.0 1.1102730557731655
51.0 1.0931679180001888
52.0 1.0877848013778826
53.0 1.078112751135845
54.0 1.0634172622689675
55.0 1.0618836528292515
56.0 1.084174708034458
57.0 1.0224654119044732
58.0 1.0205977985170562
59.0 1.0809636293248805
60.0 1.0214821187325318
61.0 1.0513697427432334
62.0 1.0502762211093
63.0 1.0397166763504442
64.0 1.037339559407948
65.0 1.0151840168959865
66.0 1.0104118695956028
67.0 0.9884346305846874
68.0 1.0215852595216075
69.0 1.0126936888716087
70.0 0.9666641120971087
71.0 0.9742727864383985
72.0 0.990102071683131
73.0 0.9995614688861543
74.0 1.0153689905673309
75.0 0.979884629937438
76.0 1.0068741851560818
77.0 0.9625082122873546
78.0 0.9927040142127925
79.0 0.9716965747409191
80.0 0.9819967062545154
81.0 0.9529255465829358
82.0 0.9839353380433912
83.0 0.973686621022263
84.0 0.9911577559815296
85.0 0.9354058636983413
86.0 0.9342711818096177
87.0 0.9355224396542313
88.0 0.8963795791336273
89.0 0.8997629069345544
90.0 0.9027229023675583
91.0 0.9009617883931894
92.0 0.9311583215962332
93.0 0.9640710970929183
94.0 1.0042419377041218
95.0 1.0274228916827084
96.0 1.0477056787719645
97.0 1.0810208012549154
98.0 1.0774762137873266
99.0 1.0640239556907014
100.0 1.089600459438003
101.0 1.079492324088002
102.0 1.0554768426463532
103.0 1.02335069257484
104.0 1.061118868310288
105.0 1.0795089381729834
106.0 1.0231977179745773
107.0 1.0216899359704295
108.0 1.0194187180352423
109.0 1.0350204587579768
110.0 1.0499986757672883
111.0 1.069855938362963
112.0 1.0327698642464276
113.0 0.9990670515080945
114.0 0.9860425945255581
115.0 1.0275458756096856
116.0 0.9935258288957132
117.0 0.9959965967831841
118.0 0.994427553439034
119.0 1.000374739980194
120.0 1.016336885998324
