Time NormalisedFlux
0.0 1.09049925286703
1.0 1.0997645468792476
2.0 1.070995575732308
3.0 0.9504855699773382
4.0 1.2084720910848283
5.0 0.9675645432992568
6.0 0.9602769580626989
7.0 0.9595067850742368
8.0 0.9641256950346686
9.0 1.020301636202417
10.0 1.0214085331942642
11.0 0.9692480196993207
12.0 1.0007111016309154
13.0 0.7588711725195706
14.0 1.079775245385852
15.0 0.9318218555653872
16.0 1.0451073624850407
17.0 0.9249785262676504
18.0 1.0620513857250065
19.0 1.073011676673738
20.0 1.025747454191724
21.0 1.0026038394326793
22.0 1.0544785339564173
23.0 1.148733982854827
24.0 0.9231288545378318
25.0 0.9454428256024823
26.0 1.1001346112680104
27.0 0.9730055950890587
28.0 1.039395858252334
29.0 0.9779956255678446
30.0 1.1201436277431507
31.0 1.0317564284006253
32.0 0.9586954126992552
33.0 0.8720225468446232
34.0 0.8995931774262106
35.0 0.9351190006356296
36.0 1.0367765600867562
37.0 0.9075165361486853
38.0 0.9305948541632529
39.0 1.205421974814491
40.0 0.9491929564725698
41.0 1.0137399586482208
42.0 1.0825372817766272
43.0 0.9182003433556127
44.0 1.076183116667473
45.0 1.0935422221875741
46.0 1.0079165806287638
47.0 1.0950517338958834
48.0 1.0619287555062438
49.0 0.8867062032841456
50.0 0.8218315936236029
51.0 0.9652386314355555
52.0 1.093314881696504
53.0 0.9456218945540298
54.0 0.941550358876479
55.0 1.0751144488801643
56.0 1.0327708867942953
57.0 1.048664728681524
58.0 0.9840701368175068
59.0 0.8656916058177948
60.0 0.9977178155769558
61.0 1.0169279504450184
62.0 0.8678212364705453
63.0 0.8130760127126055
64.0 0.9859379831189099
65.0 1.1233522250465675
66.0 0.9153849931080557
67.0 1.0434846592749187
68.0 1.0001410903096681
69.0 1.2539419893396464
70.0 1.027741883478828
71.0 0.9993155805021907
72.0 1.0011533093441165
73.0 1.0388039933474857
74.0 1.1013384400711106
75.0 1.0057023412970136
76.0 0.9055205367413727
77.0 0.8809151885036729
78.0 0.8541131175857327
79.0 0.9833949214325987
80.0 0.934833921279954
81.0 0.8400567061890024
82.0 1.0404263182540594
83.0 1.0825024332030768
84.0 0.9578535857094232
85.0 1.2087880727050297
86.0 0.9930692108027591
87.0 1.0813424617021874
88.0 1.1466270631706554
89.0 1.2212389627620401
90.0 1.2109816421085484
91.0 1.1256598462303253
92.0 0.9636414716819072
93.0 0.87155998471056
94.0 1.1748492106203823
95.0 1.051632059443802
96.0 1.0111394545157093
97.0 1.060512877784481
98.0 0.9795157707179081
99.0 0.974689671074183
100.0 1.033717967664959
101.0 0.8305169465940695
102.0 0.8225383336804059
103.0 1.143121188808747
104.0 0.9466801615073899
105.0 1.0074321608247125
106.0 1.0695182583160918
107.0 1.0544646979484587
108.0 1.0336652869676741
109.0 1.073540041406277
110.0 1.040338803576506
111.0 0.9253010846565046
112.0 1.1863641739976178
113.0 0.8689891552855209
114.0 0.9478705011741392
115.0 1.0377551538698173
116.0 1.1085203879047436
117.0 1.1333226740251008
118.0 0.9907112706657918
119.0 1.021414575804283
120.0 0.9834129150767423
