Time NormalisedFlux
0.0 1.0449699167683348
1.0 1.130265638244034
2.0 1.1552364979143792
3.0 1.1511001106911847
4.0 1.1261833043503302
5.0 1.081720511444116
6.0 1.1011907592381116
7.0 1.0904362833474506
8.0 1.0539831168895804
9.0 1.0710904594344246
10.0 0.9949848622523803
11.0 0.9672092504030554
12.0 0.9027169129572747
13.0 0.904420159711034
14.0 0.9094326272445705
15.0 0.8467594989377302
16.0 0.8793441618312957
17.0 0.8885495690144086
18.0 0.8900635312740584
19.0 0.8986193707766668
20.0 0.8762210293728202
21.0 0.9638273578311461
22.0 0.9397331302037139
23.0 1.0075843289193438
24.0 1.0301256974591024
25.0 1.046788656037458
26.0 1.034114566833763
27.0 1.1201306349558446
28.0 1.1602255894814455
29.0 1.14938645456189
30.0 1.1603952718290431
31.0 1.092220403708771
32.0 1.1206315829095421
33.0 1.0846363840416333
34.0 1.1150680874980905
35.0 1.0121279439693782
36.0 1.0455983725387308
37.0 0.9899225742258138
38.0 0.9652764076265977
39.0 0.8976551746587899
40.0 0.9007606579650359
41.0 0.91227672655897
42.0 0.855350247360416
43.0 0.8261900407258651
44.0 0.8823875523383632
45.0 0.8706812945724719
46.0 0.9017828493195652
47.0 0.9126856388901694
48.0 0.9741906679695237
49.0 0.9949770823615276
50.0 0.987171709040776
51.0 1.025578289486906
52.0 1.0322962341859634
53.0 1.0757445860056336
54.0 1.0536262185612815
55.0 1.1170089753518786
56.0 1.1627710946683896
57.0 1.1568214618109585
58.0 1.1356321601695996
59.0 1.1129830284780136
60.0 1.0882309252249975
61.0 1.088027654613853
62.0 1.0564371419427705
63.0 1.0069315815066842
64.0 0.9962472381363163
65.0 0.9640669839794282
66.0 0.9804977268141282
67.0 0.9425311021940814
68.0 0.8828212730425984
69.0 0.8864682498118847
70.0 0.844648357908101
71.0 0.8433713466965163
72.0 0.86838041417532
73.0 0.8908317254044029
74.0 0.9047597051302043
75.0 0.9678400955557429
76.0 0.9815448639685882
77.0 0.9860313294821871
78.0 1.0266681384392682
79.0 1.0167086281743736
80.0 1.055141094173924
81.0 1.0940726220796668
82.0 1.0854795865538733
83.0 1.0906731829204155
84.0 1.1416125242455553
85.0 1.1683933602633125
86.0 1.117742333215493
87.0 1.0868587067167983
88.0 1.0564091778812348
89.0 1.0520446712210758
90.0 0.9993313625330423
91.0 0.9821668597060202
92.0 0.9918275211561873
93.0 0.9528097809557367
94.0 0.9144207231546082
95.0 0.9404240669103577
96.0 0.9085793342252517
97.0 0.8479849806808588
98.0 0.8376472853785134
99.0 0.9115295493940498
100.0 0.9040150103228148
101.0 0.896067010404126
102.0 1.001093432755273
103.0 1.0265842425332141
104.0 1.0115066952561214
105.0 1.0203895602296864
106.0 1.078744522285984
107.0 1.0644177424837085
108.0 1.1093997492461969
109.0 1.1581269648363277
110.0 1.1244290897207587
111.0 1.1805633900759565
112.0 1.1315086720866439
113.0 1.1039642945236514
114.0 1.071932682851749
115.0 1.0450404108456934
116.0 1.048339123029287
117.0 1.005966580919437
118.0 0.9473865574387859
119.0 0.9582855099917892
120.0 0.9569376588939787
