Time NormalisedFlux
0.0 1.0897466337628148
1.0 1.1438662497929015
2.0 1.065004154483796
3.0 1.1198531425449234
4.0 1.0464439781968493
5.0 1.033277180382616
6.0 1.0206909307521916
7.0 0.9867857570692129
8.0 0.9606012057109766
9.0 0.9576228507954169
10.0 0.9100854524374309
11.0 0.9525260325252989
12.0 0.9765613306686685
13.0 0.8822739242728013
14.0 0.9053668842142404
15.0 0.9277665793355824
16.0 0.89806176292497
17.0 0.8887565207015163
18.0 0.8688288472621472
19.0 0.8394904469909998
20.0 0.8390361447972959
21.0 0.8459519742455552
22.0 0.8352456354340577
23.0 0.8462649126477666
24.0 0.7601546456970392
25.0 0.8096563695049301
26.0 0.7845949147142969
27.0 0.7934953828722175
28.0 0.7822013433962669
29.0 0.8142852116757544
30.0 0.8269146411965747
31.0 0.8483619506460803
32.0 0.7516720072625357
33.0 0.7799103826918126
34.0 0.7913294239928133
35.0 0.8511453443162874
36.0 0.814833858947957
37.0 0.8426698226587974
38.0 0.8286529525883194
39.0 0.8296101837439656
40.0 0.849947625882298
41.0 0.8158790656753439
42.0 0.8806844915847902
43.0 0.833849793105969
44.0 0.8127856491706643
45.0 0.8870761962848622
46.0 0.9023752276639773
47.0 0.9748394593274192
48.0 0.8960824421699733
49.0 0.9333985921161013
50.0 0.9041174871956689
51.0 0.9256677653728214
52.0 0.9284506451160981
53.0 0.939075707597354
54.0 1.0052770731192464
55.0 0.9983476361125938
56.0 1.0496066676763323
57.0 1.0344192414183557
58.0 1.1000842900331662
59.0 1.1065819202972935
60.0 1.0684244332007145
61.0 1.1022840582568425
62.0 1.0782852219786792
63.0 1.0749287318890937
64.0 1.0605404615309293
65.0 1.1240512707844885
66.0 1.1462559875975225
67.0 1.150510449698722
68.0 1.1793911253152123
69.0 1.1450642239081819
70.0 1.1662721603040402
71.0 1.1644691832740024
72.0 1.1783653771291096
73.0 1.1686747021947743
74.0 1.1983327331914306
75.0 1.2118889842306877
76.0 1.235251350535907
77.0 1.159523530748275
78.0 1.2614494980968112
79.0 1.2562482141037101
80.0 1.1830421389710193
81.0 1.1760453436352722
82.0 1.169970362654583
83.0 1.2003783572599191
84.0 1.1572001418407438
85.0 1.1876862443924614
86.0 1.1863816204551347
87.0 1.126349080818951
88.0 1.196600453329798
89.0 1.1260712386351774
90.0 1.0762549166423705
91.0 1.1487399572327763
92.0 1.153749322788551
93.0 1.1146903037859128
94.0 1.1239995064191846
95.0 1.1184615346315976
96.0 1.0856991454821088
97.0 1.0530007767786471
98.0 1.049267544117179
99.0 1.0371101076288385
100.0 1.0296913373218242
101.0 1.0423192243442012
102.0 0.9705157869880834
103.0 1.0019488612211243
104.0 1.0176964776888489
105.0 0.9302723313632328
106.0 0.9305477882263767
107.0 0.9231317075109637
108.0 0.9548596368873717
109.0 0.9297441340489019
110.0 0.9193521000443375
111.0 0.8768828066397866
112.0 0.8658954452422744
113.0 0.8765156057228598
114.0 0.8061285680874075
115.0 0.8234055457560775
116.0 0.8549254286112596
117.0 0.8338373779162822
118.0 0.7917144830347129
119.0 0.7528816612277103
120.0 0.8478303230423565
