Time NormalisedFlux
0.0 0.9401564895009878
1.0 0.9698114246350942
2.0 0.9647776006070417
3.0 0.9253653073013393
4.0 0.9291449493341901
5.0 0.9318731959871639
6.0 0.9059480911690729
7.0 0.906301461627444
8.0 0.8970640403521778
9.0 0.9554597797609204
10.0 0.9705670502191093
11.0 1.0299875089654371
12.0 1.03412572166938
13.0 1.0602716811531514
14.0 1.0878179942055852
15.0 1.109045229158174
16.0 1.1392649926714227
17.0 1.0982029486705274
18.0 1.0628755751152297
19.0 1.0780320362609634
20.0 1.0554561329750816
21.0 1.025972386724006
22.0 1.0308950546330196
23.0 1.035784055222559
24.0 1.0309007108024524
25.0 1.048753622900044
26.0 1.051374620258958
27.0 1.0212237066365788
28.0 1.0280459136453053
29.0 1.0156970378914356
30.0 1.0281805703756213
31.0 0.9851327298114849
32.0 0.9928757345149318
33.0 0.980868266839829
34.0 1.0150790424335399
35.0 1.0006287387584887
36.0 1.0197754405519928
37.0 0.9984693597991665
38.0 1.0035322988009745
39.0 0.9599259159950203
40.0 0.9406278715030102
41.0 0.9470904634870672
42.0 0.9646935290493464
43.0 0.9402186148943418
44.0 0.9478524297735199
45.0 0.9803280885808745
46.0 0.9600160610576824
47.0 0.9486941677728568
48.0 0.9439785075593934
49.0 0.9040671068530158
50.0 0.9302843992018647
51.0 0.9066926060291727
52.0 0.9135607515357917
53.0 0.9149117185769616
54.0 0.9242827011424662
55.0 0.9303124332996299
56.0 0.94882920629206
57.0 0.9967150077414777
58.0 1.0561408654578899
59.0 1.0846322654519334
60.0 1.0667851918407882
61.0 1.0885518381212709
62.0 1.0840601550264715
63.0 1.0809867894839815
64.0 1.084349568796963
65.0 1.0822315250060999
66.0 1.046619405085051
67.0 1.0196207473117718
68.0 1.0558732646436784
69.0 1.0584685933038616
70.0 1.0385620917236456
71.0 1.0364150816250002
72.0 1.067873118611603
73.0 1.0181597431684581
74.0 1.0383220534201483
75.0 1.0056816625875664
76.0 1.0193538989291266
77.0 1.0151431148739831
78.0 1.0122028909685776
79.0 1.0030624755420505
80.0 0.9729900061909321
81.0 1.0050671770584358
82.0 1.0013846422329746
83.0 0.9864516355312906
84.0 0.9850876674899769
85.0 0.9916257570469877
86.0 0.951657130709648
87.0 0.9466462914725879
88.0 0.9455679864130782
89.0 0.9598119456399168
90.0 0.9511133392087814
91.0 0.9475612750482177
92.0 0.9556937592958002
93.0 0.955952498987801
94.0 0.9327528516011356
95.0 0.9000262774631798
96.0 0.9300783727422341
97.0 0.8744467789969019
98.0 0.8863907021386864
99.0 0.8862215568717519
100.0 0.9196451222093707
101.0 0.9167666425828225
102.0 0.937601824096563
103.0 1.0090399179027174
104.0 1.0011531646353957
105.0 1.0773536563935198
106.0 1.1075292963968293
107.0 1.0820317138736322
108.0 1.097317152849178
109.0 1.0704325297198158
110.0 1.0697505409537653
111.0 1.0668655691023763
112.0 1.0665091628622818
113.0 1.0488688221927573
114.0 1.0455795368982936
115.0 1.0442624031764427
116.0 1.0611554185893004
117.0 1.054968337299432
118.0 1.039128685888136
119.0 1.0321882772720044
120.0 1.042688418489145
