Time NormalisedFlux
0.0 1.0261400780179355
1.0 0.9452972832401914
2.0 0.9896849266882591
3.0 0.9376212165654664
4.0 0.902323185401564
5.0 0.8988686461300119
6.0 0.8305114954868893
7.0 0.813247116414107
8.0 0.8273426444281825
9.0 0.8394290063444306
10.0 0.901470711941664
11.0 0.9286036173822633
12.0 0.9652193519313693
13.0 0.9747833594464643
14.0 0.9954327539085287
15.0 1.0395575030981163
16.0 1.0085319486350146
17.0 1.044287529810412
18.0 1.0444290307313222
19.0 1.093341825372136
20.0 1.1070115740595743
21.0 1.1620588873266777
22.0 1.1296449409546045
23.0 1.0827415738074209
24.0 1.1232452529600476
25.0 1.0492285069267278
26.0 1.1015306510632907
27.0 1.0584540050219524
28.0 0.9986705637073487
29.0 0.9849707391481177
30.0 0.9595658192359486
31.0 0.9299414758177817
32.0 0.9068239204637847
33.0 0.9076013160179396
34.0 0.8963043576609259
35.0 0.822459001211278
36.0 0.8467880573682498
37.0 0.8765547424310817
38.0 0.9107318403122101
39.0 0.9430484240242402
40.0 0.9530657676870601
41.0 0.9690805344936406
42.0 0.9934465765528887
43.0 0.9578689875085898
44.0 1.0319541983660425
45.0 1.0637276052922073
46.0 1.099045148559401
47.0 1.0857817364953608
48.0 1.1279530579965322
49.0 1.131741472294781
50.0 1.1823716267617819
51.0 1.1039723121385439
52.0 1.0735906287700263
53.0 1.0193967557822339
54.0 1.0470036748537535
55.0 0.9933513472137648
56.0 1.0029228766295484
57.0 1.0143710710809526
58.0 0.9600152158802283
59.0 0.9133600513392125
60.0 0.9146287487142798
61.0 0.8763024697127564
62.0 0.8989000490018402
63.0 0.8980189106796772
64.0 0.901486975569679
65.0 0.8561011936053404
66.0 0.9416207584348416
67.0 0.9324988038621699
68.0 0.98510262057917
69.0 0.9632277069472506
70.0 1.0052094301135837
71.0 1.0013418230948177
72.0 1.01855943488579
73.0 1.084259800533791
74.0 1.04561686190511
75.0 1.0870258703520996
76.0 1.148277664909164
77.0 1.0858234084576521
78.0 1.1166243188360312
79.0 1.1119544012484663
80.0 1.122242370364455
81.0 1.0397543470204602
82.0 1.0756663442458911
83.0 1.0208106655128446
84.0 1.0154357194202257
85.0 0.9730426942070436
86.0 0.9904454380477842
87.0 0.9454895462754546
88.0 0.9404778459474094
89.0 0.8955110869670138
90.0 0.911776898999737
91.0 0.8482618354361718
92.0 0.8484579607417104
93.0 0.869410546874358
94.0 0.9427932665561137
95.0 0.9035977786632676
96.0 0.9579826621689418
97.0 0.9259138843670787
98.0 1.0087953329665245
99.0 0.9678605879539014
100.0 1.082558880368413
101.0 1.0763162627279739
102.0 1.0846488939833467
103.0 1.1306191210207222
104.0 1.133373414754014
105.0 1.1721346194272777
106.0 1.1668257448695072
107.0 1.1280589231187512
108.0 1.082189695473675
109.0 1.044244314161325
110.0 1.0674689823879395
111.0 1.0014096011239846
112.0 1.0191318733368895
113.0 1.0057405488157618
114.0 0.9466674419719068
115.0 0.9379828335481983
116.0 0.9272229603399709
117.0 0.9190607272885487
118.0 0.8745945970345865
119.0 0.8680679732173414
120.0 0.8697589947431336
