Time NormalisedFlux
0.0 1.045968280657473
1.0 1.0332015244357131
2.0 1.0145495640544018
3.0 0.9409164120432272
4.0 0.9338941751657412
5.0 0.931766047399534
6.0 0.8422264654710157
7.0 0.8535889197000188
8.0 0.8978265094812746
9.0 0.8255174446335998
10.0 0.934659406623922
11.0 0.9311511012969539
12.0 0.9626074291071164
13.0 0.9561197917027736
14.0 0.9401439275018871
15.0 0.9933557007641024
16.0 1.0158674218544255
17.0 1.0820819590004378
18.0 1.0864568424073993
19.0 1.074055627044957
20.0 1.1034147660547633
21.0 1.1690574465408525
22.0 1.1860581279556848
23.0 1.1379450058614293
24.0 1.0968031210080338
25.0 1.0460715391255282
26.0 1.003825366173033
27.0 1.0344807782993217
28.0 1.0281664857049613
29.0 0.9508257879349602
30.0 0.9538814385529973
31.0 0.9563924946153228
32.0 0.9771979737655349
33.0 0.8963358511999204
34.0 0.8776605249121902
35.0 0.8700927605772484
36.0 0.9041995115184231
37.0 0.8973474252102528
38.0 0.9408105037760538
39.0 0.9311307575968774
40.0 0.9428411917363031
41.0 1.0073118428158752
42.0 0.9693777038366276
43.0 1.0526264226667001
44.0 1.0588733840958813
45.0 1.043767761629765
46.0 1.0603030269513076
47.0 1.1081593393461155
48.0 1.1377437432696245
49.0 1.1385024162999318
50.0 1.0764806371554705
51.0 1.0984727952995748
52.0 1.0789930035260134
53.0 1.0864680107746403
54.0 1.0222251344360864
55.0 0.9672369477073107
56.0 0.9808216637073653
57.0 0.9846179035232627
58.0 0.9626193659371808
59.0 0.8460861966337839
60.0 0.8621101389870871
61.0 0.8590579351345553
62.0 0.8913809417327467
63.0 0.9081409091704155
64.0 0.9223263315414625
65.0 0.958699143825432
66.0 0.9277109682659259
67.0 1.0101652917683992
68.0 1.0198150885909958
69.0 1.0350071672590389
70.0 1.052592801246329
71.0 1.106533523392665
72.0 1.1265886789855863
73.0 1.1170523990672885
74.0 1.1561559267859491
75.0 1.1440245590202025
76.0 1.1281127696492008
77.0 1.040979988754811
78.0 1.1147953523333094
79.0 1.0505244264105364
80.0 1.01974867035079
81.0 0.9887464044205698
82.0 0.9784419987868627
83.0 0.9888473227446225
84.0 0.9342815790868791
85.0 0.8935640964251514
86.0 0.8891924561592931
87.0 0.863444420144261
88.0 0.8656416492527687
89.0 0.8951871021097677
90.0 0.8907170465840912
91.0 0.9331592255067265
92.0 0.9637968872535314
93.0 0.9400637236857742
94.0 1.0068721662213627
95.0 1.043887297943612
96.0 1.0705573785235836
97.0 1.055122998137157
98.0 1.059141606183143
99.0 1.1480882243442487
100.0 1.1076254034545348
101.0 1.1122713948449547
102.0 1.118755881665746
103.0 1.0779540840218742
104.0 1.0683382281380052
105.0 1.046786852622729
106.0 1.002428857226589
107.0 0.9744354633831372
108.0 0.9334994301534751
109.0 0.9529445252121186
110.0 0.9582532218215464
111.0 0.8875808975259616
112.0 0.8564844934996986
113.0 0.8201051028651314
114.0 0.8817413799776392
115.0 0.8866326254381849
116.0 0.9380198719561068
117.0 0.9070241247524861
118.0 0.9640216687393826
119.0 0.965084736271224
120.0 0.9978796190070859
