Time NormalisedFlux
0.0 1.0902917379087143
1.0 1.1046345320729969
2.0 1.1433945937988292
3.0 1.137826991672913
4.0 1.1083595680192353
5.0 1.1087395309965244
6.0 1.1874873231343603
7.0 1.1612115803449514
8.0 1.18415258828938
9.0 1.1804152093982616
10.0 1.220026649668131
11.0 1.1833060194794986
12.0 1.2179147562244976
13.0 1.2219089246404076
14.0 1.212637043885859
15.0 1.1796538305115003
16.0 1.185887192135766
17.0 1.1981977347608892
18.0 1.1949434915936203
19.0 1.2029457231276919
20.0 1.1770011678112533
21.0 1.2001729509688637
22.0 1.1555057047379333
23.0 1.1385707123144246
24.0 1.1596358005219156
25.0 1.2053331702927974
26.0 1.1558446015302866
27.0 1.1093005459108507
28.0 1.1236227298699928
29.0 1.122370380222135
30.0 1.1024137830103582
31.0 1.1121094508733687
32.0 1.0736696772980963
33.0 1.095154130662048
34.0 1.061899045258324
35.0 1.0630254009956985
36.0 1.0363647143166066
37.0 1.02636046011342
38.0 1.0623270737380863
39.0 1.0087511007285792
40.0 1.0379738689899884
41.0 0.9806333306544525
42.0 0.9979757256761663
43.0 0.9981032246530744
44.0 0.9736318431106401
45.0 0.9792067509998589
46.0 0.9388516526452103
47.0 0.9178631122094715
48.0 0.9304226431404035
49.0 0.962908062433004
50.0 0.9123451536815987
51.0 0.892597398089623
52.0 0.8715875900946051
53.0 0.8780075386023658
54.0 0.8184277961715208
55.0 0.8582296274437766
56.0 0.8966297605796634
57.0 0.8802128380594865
58.0 0.8536806557705595
59.0 0.8373619817639539
60.0 0.8604292606433095
61.0 0.7397146190893986
62.0 0.7876012988352488
63.0 0.7842864078041363
64.0 0.8315677722225918
65.0 0.7959929135332674
66.0 0.7539873232178728
67.0 0.7896030787247187
68.0 0.8195032908862202
69.0 0.8271249836473276
70.0 0.8387273032873679
71.0 0.8153355313645492
72.0 0.8019153931469505
73.0 0.816531716196319
74.0 0.7919082525105803
75.0 0.8215600052998596
76.0 0.8474800873233573
77.0 0.823230586721118
78.0 0.8634696866461672
79.0 0.824273832671707
80.0 0.8685023698705363
81.0 0.9101547850012891
82.0 0.8586646992155738
83.0 0.9165629894507469
84.0 0.9201309380286068
85.0 0.8535556937675902
86.0 0.8898213268790722
87.0 0.9291924583526798
88.0 0.9493279376701255
89.0 0.9019189853882241
90.0 0.9882274155571945
91.0 1.051284760924125
92.0 0.9937923785042403
93.0 1.0282319827472315
94.0 1.0423750863821126
95.0 1.0476663372494857
96.0 1.0550509329502091
97.0 1.0802551210352944
98.0 1.0717666036072684
99.0 1.0920230790738834
100.0 1.1724264647280473
101.0 1.215507632839431
102.0 1.1369259482000742
103.0 1.1413570298238016
104.0 1.1602062163892184
105.0 1.2189370085317528
106.0 1.152174796291982
107.0 1.1460499496136762
108.0 1.1511685875934072
109.0 1.1611947075797666
110.0 1.2385093981652073
111.0 1.1738548701434321
112.0 1.1562370726777664
113.0 1.2438281968382288
114.0 1.2391189462453491
115.0 1.2232285133626855
116.0 1.1766239470767954
117.0 1.2038620334689492
118.0 1.182183047651273
119.0 1.2149089569906033
120.0 1.2345111088498755
