Time NormalisedFlux
0.0 0.9131162985863646
1.0 0.9824079855985137
2.0 0.9560791999436584
3.0 1.0093862566976708
4.0 1.0258572016319025
5.0 1.0349290903740826
6.0 1.0499642979505377
7.0 1.0513305229422312
8.0 1.1190427592899173
9.0 1.1429171415176036
10.0 1.1664206976185119
11.0 1.0916928764122933
12.0 1.1101216667267206
13.0 1.0600436263753203
14.0 1.0305616214078623
15.0 1.0820391489400227
16.0 1.043605504183125
17.0 0.9805161791713993
18.0 0.9442845459879396
19.0 0.9220085427130106
20.0 0.8976570069086204
21.0 0.8958659091162193
22.0 0.8191669200674302
23.0 0.7984745662086083
24.0 0.8661691375751264
25.0 0.881832949058712
26.0 0.93456258673606
27.0 0.9412556895247893
28.0 0.9643259925240576
29.0 0.9690041774884733
30.0 1.0528459523062588
31.0 1.0296537150267022
32.0 1.0999870138603922
33.0 1.0935816422882612
34.0 1.1089448979681926
35.0 1.1438406564282488
36.0 1.1446736708066834
37.0 1.1176600560768921
38.0 1.120202723782883
39.0 1.0453234486573888
40.0 1.0088362113451603
41.0 1.0334904915356038
42.0 1.0082391286077517
43.0 1.0143983080994952
44.0 0.9632281182963122
45.0 0.9236088682305784
46.0 0.889838881211354
47.0 0.9083350633009126
48.0 0.866939509669082
49.0 0.9062570234763501
50.0 0.8919298210921996
51.0 0.9379299546643927
52.0 0.9162691118250463
53.0 0.9844667556402198
54.0 0.9755674435560748
55.0 1.0344021382659374
56.0 1.0866997920739643
57.0 1.052023586020022
58.0 1.0629555969529465
59.0 1.1091461302564667
60.0 1.0964158443746124
61.0 1.106897625922442
62.0 1.144604829966615
63.0 1.0894589929184166
64.0 1.0792203221821532
65.0 1.062679381702812
66.0 1.0379306351101447
67.0 0.9883497665280384
68.0 0.9888513778420491
69.0 0.9452384532530268
70.0 0.9268397205287315
71.0 0.8947551503408161
72.0 0.904638949945923
73.0 0.85281399798744
74.0 0.8280577483181761
75.0 0.8999377277106213
76.0 0.8635123178452633
77.0 0.9208748805988713
78.0 0.9645422953486161
79.0 0.9807701372482186
80.0 0.9762576272504773
81.0 1.030058754310226
82.0 1.0372310491531416
83.0 1.0957732109985039
84.0 1.064509045070997
85.0 1.1176150392694746
86.0 1.1464789477744608
87.0 1.153299943721217
88.0 1.121593143730957
89.0 1.1130024018599598
90.0 1.0496372145665471
91.0 1.0910881508295784
92.0 1.061272064061
93.0 0.9701413712834862
94.0 0.9976514083882296
95.0 0.9409408343331112
96.0 0.959082293644127
97.0 0.9288052836735143
98.0 0.8941534847370213
99.0 0.8754637485651441
100.0 0.8266366148561255
101.0 0.8528939506503335
102.0 0.9419537491711675
103.0 0.9101285993405264
104.0 0.9480977296239042
105.0 0.9569973666765635
106.0 1.0084764996422155
107.0 1.033762816327473
108.0 1.061678352412278
109.0 1.0473977062868387
110.0 1.0960323082327443
111.0 1.1373388558522715
112.0 1.161984048012605
113.0 1.1719639456732505
114.0 1.0603814243150056
115.0 1.0829371168165058
116.0 1.0694754409804363
117.0 1.0459568984588534
118.0 0.9972125806145219
119.0 1.001638861068696
120.0 0.9513306352411433
