Time NormalisedFlux
0.0 1.048382886204986
1.0 1.0487824722345587
2.0 1.0714917410424376
3.0 1.0180581858175821
4.0 1.0522268744317045
5.0 1.0261556268751195
6.0 1.0580231259683812
7.0 1.115472647248767
8.0 1.1177490753304897
9.0 1.124133701803102
10.0 1.0937024099972594
11.0 1.0965137616810574
12.0 1.1453424715196592
13.0 1.2259142194493817
14.0 1.1760096310614934
15.0 1.129003327971051
16.0 1.1724893168316879
17.0 1.1609565329060532
18.0 1.141597507906744
19.0 1.2023484485187013
20.0 1.209032443409814
21.0 1.184631096439947
22.0 1.2689464253951677
23.0 1.1794858194564326
24.0 1.2020713808907435
25.0 1.2378009179327936
26.0 1.1426735341692686
27.0 1.2220469449041915
28.0 1.1664170719330833
29.0 1.2216613023385323
30.0 1.2251364824031579
31.0 1.1520352958569766
32.0 1.1761176771227397
33.0 1.1327728809300703
34.0 1.199528877857773
35.0 1.1341856810623603
36.0 1.1543967013697685
37.0 1.1421675185486202
38.0 1.1902197796201852
39.0 1.1651140892752503
40.0 1.1032765805997182
41.0 1.1162479897358106
42.0 1.065382190128746
43.0 1.0605028530064222
44.0 1.0349462517104895
45.0 1.0496311799976386
46.0 0.9652891069706075
47.0 0.9663306538583913
48.0 1.0406733003736541
49.0 1.0301220533682305
50.0 0.9759753893623003
51.0 0.9292137201398584
52.0 0.9567957594571994
53.0 0.9779185460129879
54.0 0.9197084439178271
55.0 0.867146966171646
56.0 0.8537561566746262
57.0 0.8898999405591627
58.0 0.8443716654631647
59.0 0.839322184010811
60.0 0.8288922461275947
61.0 0.8858509161957933
62.0 0.8403561422259711
63.0 0.8377875060128417
64.0 0.8078388500336775
65.0 0.7986568397149009
66.0 0.8259225218743458
67.0 0.7973214650390517
68.0 0.8091257794179775
69.0 0.8332279311048821
70.0 0.7782374780540033
71.0 0.7796508488693521
72.0 0.8243002945155647
73.0 0.735863877657352
74.0 0.7552124225632875
75.0 0.829218216381568
76.0 0.7700010322172727
77.0 0.833357575724737
78.0 0.7836430674623351
79.0 0.8476113780551141
80.0 0.8649958799677433
81.0 0.7717168399527375
82.0 0.8397603799461568
83.0 0.8238679023662144
84.0 0.7837074663751611
85.0 0.9012732394622059
86.0 0.8773960316597063
87.0 0.8125568400836731
88.0 0.8560186370885634
89.0 0.9161716493032893
90.0 0.8756314486936105
91.0 0.9023713239929456
92.0 0.9392597660338926
93.0 0.9528921860503173
94.0 1.009116825352489
95.0 0.9769319742595453
96.0 0.9559307447184479
97.0 0.9061576704251348
98.0 1.0214054820831067
99.0 1.0017795613352232
100.0 1.0676834196382001
101.0 1.0753573159384697
102.0 1.0239943026149168
103.0 1.1137165106557194
104.0 1.0723445644241514
105.0 1.1193728668161755
106.0 1.0813497539622836
107.0 1.1065231174616899
108.0 1.122897379880039
109.0 1.1878078400167298
110.0 1.165669609295467
111.0 1.1893932014854185
112.0 1.2438633759499362
113.0 1.2144533578549486
114.0 1.1489782976246676
115.0 1.1891904563310869
116.0 1.1955178998810112
117.0 1.2114886724977671
118.0 1.21979034231268
119.0 1.1681852748990071
120.0 1.2092855394335205
