Name Equatorial Polar BlueF GreenF RedF Parallax RadialVelocity Variable?
S112225 6.0649 21.8463 5.149e-22 1.171e-21 4.532e-21 0.0 83.44 0.0
S112226 6.1318 21.8371 6.68e-25 2.774e-24 3.9629999999999996e-23 0.001 86.59 0.0
S112227 6.0437 21.8224 5.2080000000000004e-20 7.445e-20 1.098e-19 0.0 84.58 0.0
S112228 6.0956 21.8403 2.186e-17 3.659e-17 7.665e-17 0.0 84.05 0.0
S112229 6.1005 21.8404 4.311999999999999e-22 8.723e-22 2.67e-21 0.0 84.15 0.0
S112230 6.0947 21.8382 1.027e-19 1.368e-19 1.768e-19 0.0 83.87 0.0
S112231 5.7181 21.8988 3.802e-19 4.729e-19 5.331e-19 0.0 83.49 0.0
S112232 6.1588 21.8389 4.184e-17 3.57e-17 1.924e-17 0.0 86.48 0.0
S112233 6.1291 21.8417 6.073e-24 1.87e-23 1.4119999999999998e-22 0.0 85.1 0.0
S112234 6.1287 21.8375 1.011e-20 1.743e-20 3.92e-20 0.0 86.39 0.0
S112235 6.0049 21.8505 2.765e-19 3.361e-19 3.633e-19 0.0 83.32 0.0
S112236 6.0829 21.8299 1.441e-22 3.7729999999999995e-22 1.971e-21 0.0 84.24 0.0
S112237 6.1399 21.8345 1.551e-21 3.126e-21 9.752e-21 0.0 86.52 0.0
S112238 6.1221 21.8329 7.444000000000001e-20 1.086e-19 1.761e-19 0.0 85.29 0.0
S112239 6.1354 21.8318 6.317999999999999e-22 1.3450000000000001e-21 4.6300000000000004e-21 0.0 85.96 0.0
S112240 6.1274 21.8367 3.855e-17 9.119e-17 3.881e-16 0.0 85.77 1.0
S112241 6.142 21.8317 1.387e-21 2.631e-21 7.348e-21 0.0 86.36 0.0
S112242 6.1409 21.8556 7.37e-20 1.022e-19 1.461e-19 0.0 85.35 0.0
S112243 6.1362 21.8395 6.124e-19 7.077e-19 6.9e-19 0.0 86.41 0.0
S112244 6.0014 21.8402 5.844000000000001e-20 8.009e-20 1.074e-19 0.0 83.61 0.0
S112245 6.1444 21.8322 6.109999999999999e-22 1.279e-21 4.126e-21 0.0 86.84 0.0
S112246 5.6632 21.8957 6.283e-23 1.7199999999999998e-22 1.002e-21 0.0 83.28 0.0
S112247 6.2322 21.832 3.948e-24 1.339e-23 1.2009999999999998e-22 0.0 87.04 0.0
S112248 6.1235 21.8433 7.972e-24 2.5759999999999998e-23 2.1939999999999997e-22 0.0 84.89 0.0
S112249 6.1822 21.8379 2.177e-21 4.421e-21 1.3310000000000001e-20 0.0 87.06 0.0
S112250 6.2497 21.8334 9.256e-25 3.541e-24 4.173e-23 0.0 87.15 0.0
S112251 6.1228 21.8195 6.477e-17 5.285e-17 2.616e-17 0.0 85.42 0.0
S112252 6.1107 21.819 4.639e-18 4.723e-18 3.59e-18 0.0 85.37 0.0
S112253 6.0233 21.8473 7.319e-17 5.828e-17 2.755e-17 0.0 83.25 0.0
S112254 6.0555 21.8406 7.472e-19 8.773e-19 9.017e-19 0.0 83.35 0.0
S112255 6.1683 21.8478 1.411e-21 1.0150000000000001e-21 3.7919999999999997e-22 0.0 85.9 0.0
S112256 6.1788 21.8434 6.547999999999999e-23 1.8829999999999997e-22 1.197e-21 0.0 86.68 0.0
S112257 6.1788 21.8695 7.652000000000001e-20 1.108e-19 1.769e-19 0.0 85.56 0.0
S112258 6.1221 21.839 3.411e-24 1.0769999999999999e-23 8.670999999999999e-23 0.0 84.96 0.0
S112259 6.0282 21.8685 8.095999999999999e-22 1.6450000000000001e-21 5.2130000000000004e-21 0.0 83.91 0.0
S112260 6.0726 21.8451 6.341e-22 1.415e-21 5.424e-21 0.0 83.36 0.0
S112261 6.2092 21.8296 1.114e-19 1.495e-19 2.019e-19 0.0 87.25 0.0
S112262 6.0897 21.8359 6.064999999999999e-22 1.369e-21 5.16e-21 0.0 84.12 0.0
S112263 6.1081 21.8339 3.425e-23 9.265999999999999e-23 5.100999999999999e-22 0.0 83.93 0.0
S112264 6.3723 21.8004 6.32e-24 1.869e-23 1.288e-22 0.0 87.48 0.0
S112265 6.1593 21.8351 6.1e-19 7.07e-19 6.814e-19 0.0 86.59 0.0
S112266 6.0763 21.8576 4.662e-19 5.582e-19 5.917e-19 0.0 84.44 0.0
S112267 6.163 21.8303 9.149e-24 2.943e-23 2.4019999999999997e-22 0.0 87.03 0.0
S112268 6.2536 21.8221 5.116e-21 8.682e-21 1.936e-20 0.0 87.38 0.0
S112269 6.1481 21.8343 3.511e-22 8.324999999999999e-22 3.745e-21 0.0 86.3 0.0
S112270 6.1679 21.839 2.39e-22 5.584e-22 2.372e-21 0.0 87.08 0.0
S112271 6.1741 21.8287 5.826999999999999e-22 1.292e-21 5.077e-21 0.0 87.18 0.0
S112272 6.1159 21.8311 2.87e-24 9.306e-24 7.968999999999999e-23 0.0 85.13 0.0
S112273 6.1318 21.8347 2.38e-23 7.081e-23 4.926e-22 0.0 86.23 0.0
S112274 6.0888 21.8415 2.379e-21 4.533e-21 1.244e-20 0.0 84.07 0.0
S112275 6.0923 21.8399 7.039e-18 1.323e-17 3.519e-17 0.0 83.69 0.0
S112276 6.1253 21.8369 4.428e-17 6.61e-17 1.085e-16 0.0 85.35 0.0
S112277 5.948 21.8571 5.196e-17 1.317e-16 6.425e-16 0.0 83.18 1.0
S112278 5.9377 21.8631 1.493e-17 1.383e-17 8.314e-18 0.0 83.25 0.0
S112279 6.0948 21.8276 3.3449999999999996e-22 6.230999999999999e-22 1.614e-21 0.0 84.8 0.0
S112280 6.1564 21.8324 1.928e-19 2.471e-19 3.009e-19 0.0 86.55 0.0
S112281 6.1544 21.8621 2.738e-22 6.148e-22 2.405e-21 0.0 85.4 0.0
S112282 6.1012 21.8358 9.78e-23 2.568e-22 1.403e-21 0.0 83.8 0.0
S112283 6.1009 21.837 3.211e-21 5.9260000000000004e-21 1.5440000000000002e-20 0.0 84.24 0.0
S112284 6.108 21.807 1.072e-19 1.537e-19 2.309e-19 0.0 85.36 0.0
S112285 6.1255 21.8273 1.6749999999999997e-22 3.8269999999999996e-22 1.511e-21 0.0 85.48 0.0
S112286 6.2898 21.8342 2.097e-21 1.429e-21 4.74e-22 0.0 87.18 0.0
S112287 6.1612 21.8303 3.287e-17 7.913e-17 3.558e-16 0.0 86.89 1.0
S112288 6.2383 21.8371 8.64e-19 1.012e-18 9.98e-19 0.0 86.76 0.0
S112289 6.1068 21.8372 1.264e-18 1.312e-18 1.049e-18 0.0 84.48 0.0
S112290 6.1251 21.8324 4.4150000000000003e-20 6.383e-20 9.625e-20 0.0 85.92 0.0
S112291 6.1085 21.8399 4.455e-13 3.117e-13 1.104e-13 0.0 83.99 0.0
S112292 6.1112 21.8647 5.959e-13 4.549e-13 1.913e-13 0.0 85.0 1.0
S112293 6.1425 21.8361 2.034e-21 3.887e-21 1.0880000000000001e-20 0.0 86.54 0.0
S112294 6.1242 21.839 1.3099999999999999e-23 4.16e-23 3.3509999999999996e-22 0.0 84.72 0.0
S112295 6.0934 21.8359 6.320999999999999e-22 1.411e-21 5.45e-21 0.0 84.32 0.0
S112296 6.0709 21.8475 6.685999999999999e-22 1.298e-21 3.555e-21 0.0 83.37 0.0
S112297 6.141 21.8416 1.06e-21 2.1130000000000002e-21 6.2240000000000005e-21 0.0 86.21 0.0
S112298 5.8722 21.867 1.155e-22 2.8749999999999995e-22 1.329e-21 0.0 83.09 0.0
S112299 6.1231 21.8387 1.619e-17 3.278e-17 1.07e-16 0.0 83.73 0.0
S112300 6.0539 21.8458 1.3189999999999998e-22 3.4779999999999996e-22 1.843e-21 0.0 83.32 0.0
S112301 6.0725 21.8408 5.201e-27 3.586e-26 1.432e-24 0.0 83.42 0.0
S112302 6.1707 21.8296 1.395e-21 9.963999999999999e-22 3.7879999999999995e-22 0.0 86.81 0.0
S112303 6.1117 21.8287 2.6e-24 8.908e-24 8.673999999999999e-23 0.0 85.21 0.0
S112304 6.1379 21.8388 7.588e-20 1.069e-19 1.535e-19 0.0 86.61 0.0
S112305 6.1265 21.8366 6.152e-19 6.881e-19 6.141e-19 0.0 86.87 0.0
S112306 6.0094 21.8376 3.017e-20 4.63e-20 8.057000000000001e-20 0.0 83.82 0.0
S112307 6.1397 21.8429 9.153999999999999e-23 1.9659999999999998e-22 6.706999999999999e-22 0.0 86.68 0.0
S112308 6.0105 21.8081 1.386e-19 1.855e-19 2.483e-19 0.0 84.79 0.0
S112309 6.0101 21.8536 1.9049999999999997e-22 4.4199999999999995e-22 1.768e-21 0.0 83.36 0.0
S112310 6.0976 21.8421 1.29e-19 1.728e-19 2.293e-19 0.0 84.34 0.0
S112311 6.1363 21.8361 6.504e-22 1.438e-21 5.333e-21 0.0 86.17 0.0
S112312 5.9341 21.8484 7.574999999999999e-22 1.618e-21 5.811e-21 0.0 83.28 0.0
S112313 6.0689 21.8487 2.3859999999999998e-23 6.319999999999999e-23 3.4089999999999995e-22 0.0 83.48 0.0
S112314 6.0805 21.8377 9.491e-21 1.576e-20 3.1860000000000003e-20 0.0 83.54 0.0
S112315 6.1242 21.8397 7.605000000000001e-20 1.103e-19 1.772e-19 0.0 85.03 0.0
S112316 6.122 21.8336 3.769e-19 4.645e-19 5.059e-19 0.0 85.25 0.0
S112317 6.1323 21.8256 1.795e-17 1.599e-17 9.2e-18 0.0 85.67 0.0
S112318 6.1806 21.8315 1.248e-22 3.3949999999999995e-22 1.981e-21 0.0 87.09 0.0
S112319 6.1259 21.8404 1.092e-21 2.234e-21 7.02e-21 0.0 84.34 0.0
S112320 6.104 21.8584 2.426e-19 2.845e-19 2.748e-19 0.0 84.77 0.0
S112321 6.1701 21.8306 1.094e-20 1.874e-20 4.029e-20 0.0 86.84 0.0
S112322 6.2625 21.8016 2.2739999999999996e-22 5.299e-22 2.192e-21 0.0 87.0 0.0
S112323 6.1101 21.8498 4.073e-21 7.488e-21 1.9580000000000002e-20 0.0 84.67 0.0
S112324 6.1465 21.8373 5.048e-25 1.993e-24 2.496e-23 0.0 86.64 0.0
S112325 6.1756 21.8378 2.5660000000000002e-20 3.9370000000000005e-20 6.846e-20 0.0 86.96 0.0
S112326 6.1224 21.8425 1.14e-21 2.181e-21 5.941e-21 0.0 85.05 0.0
S112327 6.335 21.8254 5.848e-20 8.455e-20 1.349e-19 0.0 87.4 0.0
S112328 6.1352 21.8343 3.897e-21 7.465000000000001e-21 2.036e-20 0.0 86.55 0.0
S112329 6.0592 21.8227 1.718e-20 2.7350000000000005e-20 4.9170000000000005e-20 0.0 84.56 0.0
S112330 6.2485 21.8468 1.8289999999999999e-22 4.0959999999999997e-22 1.533e-21 0.0 86.71 0.0
S112331 6.0302 21.8283 1.5049999999999998e-22 3.8119999999999996e-22 1.84e-21 0.0 84.25 0.0
S112332 5.8718 21.863 1.03e-14 6.783e-15 2.102e-15 0.0 83.08 0.0
S112333 6.1245 21.83 3.7640000000000005e-20 6.098e-20 1.184e-19 0.0 85.54 0.0
S112334 6.1217 21.8384 1.7280000000000002e-26 1.043e-25 3.2449999999999998e-24 0.0 83.83 0.0
S112335 6.2962 21.832 5.246e-18 4.958e-18 3.21e-18 0.0 87.33 0.0
S112336 6.1302 21.8355 1.806e-21 3.438e-21 9.503e-21 0.0 86.68 0.0
S112337 6.0707 21.7996 2.0089999999999998e-23 6.22e-23 4.608999999999999e-22 0.0 85.14 0.0
S112338 6.1293 21.8376 5.481e-25 2.314e-24 3.5209999999999996e-23 0.0 86.95 0.0
S112339 6.1283 21.8362 3.344e-24 1.239e-23 1.385e-22 0.0 86.16 0.0
S112340 6.1255 21.832 3.1599999999999996e-23 8.945999999999999e-23 5.584e-22 0.0 85.94 0.0
S112341 6.1685 21.8494 1.4499999999999998e-22 3.4579999999999997e-22 1.495e-21 0.0 85.93 0.0
S112342 6.1271 21.8411 1.9549999999999998e-22 4.879999999999999e-22 2.291e-21 0.0 84.51 0.0
S112343 5.9911 21.8411 5.0229999999999997e-23 1.1039999999999998e-22 4.2249999999999994e-22 0.0 83.56 0.0
S112344 6.3888 21.8338 2.488e-19 3.03e-19 3.359e-19 0.0 87.24 0.0
S112345 6.1433 21.8177 1.406e-22 3.1829999999999997e-22 1.201e-21 0.0 86.01 0.0
S112346 6.1034 21.8434 1.92e-23 5.6e-23 3.8319999999999994e-22 0.0 83.96 0.0
S112347 6.0852 21.8499 4.03e-20 6.249e-20 1.064e-19 0.0 83.62 0.0
S112348 6.2315 21.8433 5.565e-19 6.247e-19 5.785e-19 0.0 86.48 0.0
S112349 6.1727 21.8344 7.439e-22 1.655e-21 6.016e-21 0.0 86.85 0.0
S112350 6.1665 21.8259 9.696e-23 2.4089999999999997e-22 1.165e-21 0.0 86.87 0.0
S112351 5.9969 21.8472 2.244e-22 5.449e-22 2.472e-21 0.0 83.39 0.0
S112352 6.0387 21.8365 4.072e-24 1.4679999999999998e-23 1.5789999999999998e-22 0.0 83.69 0.0
S112353 6.1057 21.8347 4.8570000000000005e-21 8.453e-21 1.928e-20 0.0 84.29 0.0
S112354 6.1802 21.8362 7.657e-13 5.669e-13 2.223e-13 0.0 87.09 0.0
S112355 6.1256 21.838 2.9439999999999997e-22 7.222999999999999e-22 3.456e-21 0.0 83.96 0.0
S112356 6.1277 21.8351 8.413999999999999e-22 1.668e-21 5.032e-21 0.0 86.44 0.0
S112357 6.1091 21.8378 2.6e-21 5.459e-21 1.8380000000000002e-20 0.0 84.11 0.0
S112358 6.1371 21.8411 2.3799999999999997e-22 6.439999999999999e-22 3.587e-21 0.0 86.55 0.0
S112359 5.9308 21.845 1.9049999999999998e-23 5.1819999999999997e-23 3.008e-22 0.0 83.48 0.0
S112360 6.137 21.837 2.808e-23 8.196e-23 5.317e-22 0.0 86.22 0.0
S112361 6.032 21.8475 3.2600000000000002e-21 6.353e-21 1.8240000000000002e-20 0.0 83.24 0.0
S112362 6.0952 21.8444 8.7e-18 8.328e-18 5.458e-18 0.0 83.72 0.0
S112363 6.0872 21.8418 1.6829999999999998e-22 3.8109999999999995e-22 1.49e-21 0.0 83.63 0.0
S112364 6.1235 21.8494 1.5020000000000003e-20 2.433e-20 4.7220000000000006e-20 0.001 85.05 0.0
S112365 6.0922 21.8656 4.367e-23 1.328e-22 9.471e-22 0.0 84.78 0.0
S112366 6.1194 21.832 1.131e-16 8.87e-17 3.845e-17 0.0 85.17 1.0
S112367 6.0822 21.8528 1.275e-18 1.426e-18 1.327e-18 0.0 83.87 0.0
S112368 6.0962 21.8354 1.585e-22 3.689e-22 1.5230000000000001e-21 0.0 84.26 0.0
S112369 6.21 21.8091 1.58e-21 3.0760000000000002e-21 8.519e-21 0.001 86.7 0.0
S112370 6.0229 21.8404 2.959e-19 3.738e-19 4.347e-19 0.0 83.47 0.0
S112371 6.1489 21.8353 2.23e-17 3.626e-17 6.996e-17 0.0 86.64 0.0
S112372 6.0781 21.8292 3.449e-18 5.882e-18 1.271e-17 0.0 84.61 0.0
S112373 6.1274 21.8385 2.874e-18 2.884e-18 2.123e-18 0.0 85.64 0.0
S112374 6.1172 21.8459 5.837000000000001e-20 8.308e-20 1.275e-19 0.0 84.84 0.0
S112375 6.1005 21.8366 2.108e-18 2.202e-18 1.754e-18 0.0 84.21 0.0
S112376 6.1724 21.8151 7.736e-24 2.3129999999999998e-23 1.6399999999999999e-22 0.0 86.21 0.0
S112377 5.962 21.8252 5.46e-19 5.983e-19 5.352e-19 0.0 83.99 0.0
S112378 6.2786 21.8272 2.5230000000000003e-20 3.954e-20 7.076000000000001e-20 0.0 87.28 0.0
S112379 6.1588 21.848 2.529e-18 2.627e-18 2.019e-18 0.0 86.08 0.0
S112380 6.1212 21.8336 3.192e-22 7.076999999999999e-22 2.704e-21 0.0 84.03 0.0
S112381 6.1751 21.8564 7.079e-23 2.0039999999999999e-22 1.2410000000000001e-21 0.0 85.8 0.0
S112382 6.1103 21.8351 4.5990000000000005e-20 6.672000000000001e-20 1.011e-19 0.0 84.31 0.0
S112383 6.1887 21.8302 3.0029999999999996e-22 7.029999999999999e-22 2.8440000000000002e-21 0.0 87.37 0.0
S112384 6.0299 21.8453 1.415e-21 1.019e-21 3.7309999999999996e-22 0.0 83.24 0.0
S112385 6.1389 21.8394 2.128e-21 4.175e-21 1.206e-20 0.0 86.58 0.0
S112386 6.1363 21.8478 3.221e-22 7.010999999999999e-22 2.5470000000000002e-21 0.0 85.4 0.0
S112387 6.1313 21.8322 3.91e-21 7.178e-21 1.843e-20 0.0 85.75 0.0
S112388 6.0146 21.8279 1.459e-23 4.812e-23 4.2209999999999996e-22 0.0 84.22 0.0
S112389 6.1273 21.8418 3.481e-23 9.615e-23 5.676999999999999e-22 0.0 84.95 0.0
S112390 6.1118 21.8321 2.2140000000000002e-21 4.2260000000000004e-21 1.1700000000000002e-20 0.0 85.03 0.0
S112391 6.1251 21.8368 3.7020000000000005e-20 5.737e-20 1.021e-19 0.0 84.13 0.0
S112392 6.1396 21.8402 8.913e-23 2.3359999999999997e-22 1.257e-21 0.0 85.73 0.0
S112393 6.1066 21.838 2.062e-17 3.822e-17 9.963e-17 0.0 83.97 0.0
S112394 6.1274 21.8333 6.832e-21 1.1930000000000001e-20 2.7350000000000005e-20 0.0 86.43 0.0
S112395 6.4433 21.736 7.863e-18 7.456e-18 4.806e-18 0.0 86.51 0.0
S112396 6.1079 21.8332 9.279000000000001e-20 1.258e-19 1.685e-19 0.0 84.88 0.0
S112397 6.1141 21.8414 4.106e-20 6.317e-20 1.103e-19 0.0 84.08 0.0
S112398 6.2053 21.8078 1.1009999999999999e-22 2.604e-22 1.16e-21 0.0 86.49 0.0
S112399 6.1743 21.8231 9.011999999999999e-22 1.9e-21 6.381e-21 0.0 86.99 0.0
S112400 6.0589 21.8484 3.775e-23 9.915e-23 5.448e-22 0.0 83.38 0.0
S112401 6.0739 21.8467 3.626e-13 2.498e-13 8.677e-14 0.0 83.27 0.0
S112402 6.0712 21.8379 1.0150000000000001e-20 1.7550000000000002e-20 4.0760000000000004e-20 0.0 83.96 0.0
S112403 6.088 21.8373 1.657e-17 1.46e-17 8.137e-18 0.0 84.3 0.0
S112404 6.1485 21.8354 2.655e-18 4.367e-18 8.731e-18 0.0 86.68 0.0
S112405 6.1426 21.8269 2.712e-24 8.447e-24 6.529e-23 0.0 86.22 0.0
S112406 6.15 21.831 4.63e-18 4.445e-18 2.917e-18 0.0 86.6 0.0
S112407 6.1422 21.8361 2.0989999999999998e-22 4.942e-22 2.07e-21 0.0 86.5 0.0
S112408 6.1186 21.8407 1.337e-17 1.221e-17 7.064e-18 0.0 84.72 0.0
S112409 6.2029 21.8285 3.9889999999999996e-23 1.043e-22 5.523e-22 0.0 87.4 0.0
S112410 6.1 21.8281 2.883e-17 2.53e-17 1.399e-17 0.0 84.9 0.0
S112411 6.1167 21.8358 8.368e-18 8.047e-18 5.142e-18 0.0 84.72 0.0
S112412 6.0885 21.8512 4.631e-19 5.527e-19 5.826e-19 0.0 84.09 0.0
S112413 6.272 21.8045 5.2410000000000005e-20 7.551000000000001e-20 1.149e-19 0.0 87.14 0.0
S112414 6.0673 21.8236 1.755e-19 2.326e-19 3.132e-19 0.0 84.73 0.0
S112415 6.0401 21.8518 2.427e-22 5.552e-22 2.316e-21 0.0 83.23 0.0
S112416 6.2125 21.835 3.657e-19 4.328e-19 4.461e-19 0.0 86.86 0.0
S112417 6.102 21.8391 2.147e-22 5.339999999999999e-22 2.573e-21 0.0 83.87 0.0
S112418 6.1214 21.8192 2.3409999999999996e-22 5.872999999999999e-22 2.728e-21 0.0 85.51 0.0
S112419 6.176 21.8242 3.9150000000000006e-20 5.878e-20 9.615e-20 0.0 87.36 0.0
S112420 6.3175 21.8023 3.917e-19 4.634e-19 4.72e-19 0.0 87.35 0.0
S112421 6.1415 21.8416 4.417e-19 5.008e-19 4.732e-19 0.0 86.43 0.0
S112422 6.076 21.8478 8.04e-23 2.191e-22 1.289e-21 0.0 84.16 0.0
S112423 6.172 21.8593 2.3989999999999998e-23 5.946999999999999e-23 2.785e-22 0.0 85.63 0.0
S112424 6.1929 21.837 2.5499999999999996e-22 5.275999999999999e-22 1.791e-21 0.0 87.29 0.0
S112425 6.3908 21.8133 9.404e-19 1.08e-18 9.905e-19 0.0 87.5 0.0
S112426 6.2925 21.8582 2.539e-19 3.169e-19 3.713e-19 0.0 86.29 0.0
S112427 6.2392 21.818 5.432e-17 8.766e-17 1.718e-16 0.0 87.26 0.0
S112428 6.1562 21.8174 8.506e-18 1.725e-17 5.483e-17 0.0 86.05 0.0
S112429 6.0945 21.8348 1.0289999999999999e-22 2.434e-22 1.092e-21 0.0 84.38 0.0
S112430 6.1638 21.8373 5.189e-17 4.051e-17 1.82e-17 0.0 86.67 0.0
S112431 6.176 21.8242 2.203e-27 1.624e-26 7.863000000000001e-25 0.0 86.91 0.0
S112432 6.1237 21.8362 2.3030000000000003e-20 3.768e-20 7.523000000000001e-20 0.0 85.24 1.0
S112433 6.1449 21.8338 6.964e-22 1.426e-21 4.468e-21 0.0 86.84 0.0
S112434 6.1241 21.8378 2.8909999999999996e-22 6.001e-22 1.958e-21 0.0 85.12 0.0
S112435 6.1917 21.8469 2.536e-19 3.177e-19 3.665e-19 0.0 86.17 0.0
S112436 6.1428 21.8359 2.452e-18 2.534e-18 1.984e-18 0.0 86.6 0.0
S112437 6.0946 21.849 6.309000000000001e-20 9.565000000000001e-20 1.631e-19 0.0 84.15 0.0
S112438 6.1928 21.8314 2.3510000000000002e-25 1.09e-24 1.93e-23 0.0 87.26 0.0
S112439 6.0739 21.8447 4.151e-19 4.842e-19 4.996e-19 0.0 83.39 0.0
S112440 6.119 21.8372 1.093e-19 1.451e-19 1.94e-19 0.0 84.92 0.0
S112441 6.169 21.8272 2.419e-20 3.6880000000000005e-20 6.427e-20 0.0 86.93 0.0
S112442 6.0828 21.8454 3.866e-24 1.3899999999999998e-23 1.4199999999999998e-22 0.0 83.56 0.0
S112443 5.9616 21.8718 3.31e-18 3.23e-18 2.239e-18 0.0 83.46 0.0
S112444 6.1161 21.8392 3.99e-18 3.974e-18 2.931e-18 0.0 84.13 0.0
S112445 6.2057 21.8073 1.169e-23 3.2609999999999996e-23 2.0069999999999998e-22 0.0 86.61 0.0
S112446 6.2689 21.8224 6.791e-18 6.426e-18 4.254e-18 0.0 87.32 0.0
S112447 6.1272 21.837 9.083e-23 2.152e-22 9.340999999999999e-22 0.0 85.5 0.0
S112448 6.121 21.8404 1.8579999999999998e-22 4.653999999999999e-22 2.161e-21 0.0 84.17 0.0
S112449 6.0593 21.8291 2.842e-20 4.3320000000000003e-20 7.543e-20 0.0 84.52 0.0
S112450 6.1177 21.8359 2.62e-21 5.211e-21 1.5e-20 0.0 84.79 0.0
S112451 6.1699 21.8244 1.966e-21 3.869e-21 1.1570000000000001e-20 0.0 86.71 0.0
S112452 6.0686 21.8248 6.194e-22 1.267e-21 3.883e-21 0.0 84.72 0.0
S112453 6.0838 21.8432 1.8759999999999998e-23 5.513e-23 3.764e-22 0.0 83.6 0.0
S112454 6.1601 21.8416 5.446e-26 2.839e-25 6.478e-24 0.0 86.94 0.0
S112455 6.0796 21.8378 6.214999999999999e-22 1.343e-21 4.742e-21 0.0 83.57 0.0
S112456 6.0587 21.8425 3.954e-20 5.794e-20 9.165000000000001e-20 0.0 83.28 0.0
S112457 6.1116 21.8326 1.512e-19 2.015e-19 2.589e-19 0.0 84.97 0.0
S112458 6.1329 21.8417 4.448e-23 1.1519999999999998e-22 5.847e-22 0.0 85.51 0.0
S112459 6.151 21.8409 3.389e-23 8.87e-23 4.725e-22 0.0 86.21 0.0
S112460 6.1099 21.8489 3.379e-18 3.458e-18 2.619e-18 0.0 84.59 0.0
S112461 6.1179 21.8398 2.0499999999999999e-23 5.637999999999999e-23 3.3059999999999995e-22 0.0 84.13 0.0
S112462 6.1326 21.847 5.0969999999999996e-23 1.4279999999999999e-22 8.875e-22 0.0 85.3 0.0
S112463 6.1461 21.824 3.878e-21 7.758e-21 2.3340000000000003e-20 0.0 86.06 0.0
S112464 6.2876 21.8045 3.069e-21 5.781e-21 1.5550000000000002e-20 0.0 87.23 0.0
S112465 6.1746 21.8389 1.159e-21 2.302e-21 6.656e-21 0.0 86.65 1.0
S112466 6.0947 21.8363 5.096e-21 9.228e-21 2.3140000000000002e-20 0.0 83.79 0.0
S112467 6.1202 21.8331 3.258e-21 5.884e-21 1.453e-20 0.0 85.16 0.0
S112468 6.1166 21.8538 3.334e-20 5.203e-20 9.405e-20 0.0 85.02 0.0
S112469 6.1305 21.838 1.056e-22 2.6399999999999997e-22 1.247e-21 0.0 86.19 0.0
S112470 6.1094 21.8486 1.2e-18 1.348e-18 1.25e-18 0.0 84.63 0.0
S112471 6.086 21.8354 2.4730000000000002e-20 3.76e-20 6.547e-20 0.0 84.22 0.0
S112472 6.0761 21.8306 3.387e-20 5.3860000000000005e-20 9.817000000000001e-20 0.0 84.25 0.0
S112473 6.1055 21.8365 5.302e-22 1.09e-21 3.455e-21 0.0 84.12 0.0
S112474 6.1818 21.8318 1.426e-19 1.843e-19 2.332e-19 0.0 87.19 0.0
S112475 6.107 21.8279 3.1609999999999998e-22 7.618e-22 3.475e-21 0.0 84.96 0.0
S112476 6.4312 21.8051 8.275e-20 1.131e-19 1.577e-19 0.0 87.58 0.0
S112477 6.1258 21.834 2.166e-19 2.806e-19 3.533e-19 0.0 86.41 0.0
S112478 6.1264 21.8375 4.0719999999999996e-22 9.368999999999999e-22 3.9290000000000004e-21 0.0 85.62 0.0
S112479 6.0963 21.8351 1.128e-17 2.057e-17 5.325e-17 0.001 83.99 0.0
S112480 6.1524 21.8171 3.163e-24 1.0149999999999999e-23 8.309e-23 0.0 85.99 0.0
S112481 6.1274 21.8362 2.136e-22 5.735999999999999e-22 3.128e-21 0.0 85.63 0.0
S112482 6.0823 21.8437 2.8739999999999996e-23 7.691999999999999e-23 4.1829999999999996e-22 0.0 83.55 0.0
S112483 6.0598 21.8421 1.118e-22 2.874e-22 1.493e-21 0.0 83.42 0.0
S112484 6.0754 21.8449 3.649e-24 1.2849999999999999e-23 1.28e-22 0.0 83.46 0.0
S112485 6.1568 21.8221 6.701999999999999e-22 1.347e-21 4.1070000000000004e-21 0.0 86.31 0.0
S112486 6.0225 21.8364 3.636e-19 4.454e-19 4.96e-19 0.0 83.57 0.0
S112487 6.1189 21.8348 6.46e-18 9.025e-18 1.323e-17 0.0 84.28 0.0
S112488 6.1133 21.8385 2.78e-21 5.289e-21 1.3860000000000002e-20 0.0 84.26 0.0
S112489 6.0951 21.8492 9.015e-21 1.5540000000000003e-20 3.567e-20 0.0 83.86 0.0
S112490 6.1107 21.8263 4.0460000000000006e-20 6.138e-20 1.015e-19 0.0 85.12 0.0
S112491 6.176 21.8186 1.972e-17 3.233e-17 6.406e-17 0.0 86.53 0.0
S112492 6.3437 21.793 6.283e-20 8.67e-20 1.25e-19 0.0 87.14 0.0
S112493 6.0253 21.8502 4.0340000000000004e-20 5.811000000000001e-20 8.991e-20 0.0 83.4 0.0
S112494 6.1302 21.8351 1.2659999999999999e-24 4.821e-24 5.617e-23 0.0 86.51 0.0
S112495 6.1124 21.8358 1.78e-17 2.809e-17 5.259e-17 0.0 84.43 1.0
S112496 6.0966 21.8367 6.565e-19 7.825e-19 7.812e-19 0.0 84.23 0.0
S112497 6.081 21.8612 9.857e-24 3.3129999999999996e-23 2.955e-22 0.0 84.41 0.0
S112498 5.9356 21.8719 6.101e-24 1.849e-23 1.355e-22 0.0 83.23 0.0
S112499 6.1511 21.8194 6.123e-20 8.526000000000001e-20 1.19e-19 0.0 86.19 0.0
S112500 6.1555 21.8362 3.795e-21 6.744e-21 1.6370000000000002e-20 0.0 86.62 0.0
S112501 6.1274 21.8399 1.073e-18 1.169e-18 1.005e-18 0.0 85.17 0.0
S112502 6.1171 21.8372 8.857e-24 2.943e-23 2.547e-22 0.0 84.04 0.0
S112503 6.2462 21.84 5.477e-22 1.199e-21 4.482e-21 0.0 86.89 0.0
S112504 6.1604 21.8511 1.181e-22 3.14e-22 1.655e-21 0.0 85.81 0.0
S112505 6.2528 21.8297 9.27e-19 1.048e-18 9.477e-19 0.0 87.27 0.0
S112506 6.1979 21.8237 9.896e-18 9.118e-18 5.715e-18 0.0 86.88 0.0
S112507 6.1233 21.838 7.2e-22 1.595e-21 6.175e-21 0.0 83.82 0.0
S112508 6.1242 21.839 2.1039999999999999e-22 5.707999999999999e-22 3.1950000000000002e-21 0.0 85.22 0.0
S112509 6.1381 21.8145 7.022e-22 1.314e-21 3.55e-21 0.0 87.19 0.0
S112510 6.0979 21.8573 2.565e-19 3.153e-19 3.472e-19 0.0 83.59 0.0
S112511 6.1411 21.8265 3.487e-21 6.388e-21 1.588e-20 0.0 86.24 0.0
S112512 6.0894 21.8484 1.268e-16 9.941e-17 4.434e-17 0.0 83.52 0.0
S112513 6.0982 21.8322 1.185e-16 9.603e-17 4.519e-17 0.0 84.4 0.0
S112514 6.1309 21.8316 2.0819999999999999e-22 4.2179999999999994e-22 1.376e-21 0.0 86.06 0.0
S112515 6.1062 21.8349 4.058e-21 7.64e-21 2.0270000000000002e-20 0.0 84.09 1.0
S112516 6.1178 21.8538 1.1760000000000001e-20 1.8780000000000003e-20 3.664e-20 0.0 84.64 0.0
S112517 6.0889 21.8534 2.861e-21 5.766e-21 1.808e-20 0.0 83.51 0.0
S112518 6.1274 21.846 7.678e-24 2.4509999999999998e-23 1.99e-22 0.0 84.96 0.0
S112519 6.1131 21.8449 2.449e-16 7.723e-16 6.24e-15 0.0 83.83 1.0
S112520 6.1517 21.8357 2.311e-18 2.375e-18 1.843e-18 0.0 86.67 0.0
S112521 6.0892 21.8377 2.53e-18 2.709e-18 2.157e-18 0.0 83.98 0.0
S112522 6.1252 21.8479 2.041e-21 4.284e-21 1.47e-20 0.0 84.77 0.0
S112523 6.1868 21.8344 7.5e-22 1.6450000000000001e-21 6.182e-21 0.0 87.36 0.0
S112524 6.0968 21.8323 5.079e-21 9.191e-21 2.2760000000000002e-20 0.0 84.42 0.0
S112525 6.0712 21.8193 2.3350000000000003e-25 1.166e-24 2.3049999999999998e-23 0.0 83.9 0.0
S112526 6.1272 21.8547 2.141e-18 2.199e-18 1.658e-18 0.0 84.46 0.0
S112527 6.1413 21.8306 1.963e-21 1.3480000000000001e-21 4.606e-22 0.0 86.82 0.0
S112528 6.1105 21.84 9.993e-18 1.639e-17 3.359e-17 0.0 84.05 0.0
S112529 6.0829 21.8461 2.8839999999999996e-22 6.682e-22 2.7850000000000002e-21 0.0 83.58 0.0
S112530 6.1198 21.8441 8.523999999999999e-23 2.138e-22 1.03e-21 0.0 84.18 0.0
S112531 6.0912 21.8417 4.598e-23 1.1709999999999998e-22 5.841999999999999e-22 0.0 83.93 0.0
S112532 6.0754 21.8191 1.594e-17 1.388e-17 7.465e-18 0.0 83.54 0.0
S112533 6.1439 21.8202 3.978e-23 1.0889999999999998e-22 6.479999999999999e-22 0.0 86.47 0.0
S112534 6.1156 21.8411 3.269e-23 8.652e-23 4.576e-22 0.001 84.34 0.0
S112535 6.0819 21.8333 1.994e-18 2.146e-18 1.776e-18 0.0 84.37 0.0
S112536 6.1583 21.848 2.6249999999999997e-22 6.221e-22 2.706e-21 0.0 85.88 0.0
S112537 6.1697 21.8205 3.8519999999999998e-22 8.499e-22 3.215e-21 0.0 87.28 0.0
S112538 6.0734 21.8519 2.6790000000000003e-20 4.285e-20 8.068000000000001e-20 0.0 83.32 0.0
S112539 6.052 21.8413 8.698e-18 8.012e-18 4.976e-18 0.0 83.43 0.0
S112540 6.1351 21.8304 1.706e-21 1.186e-21 4.249e-22 0.0 86.03 0.0
S112541 6.1138 21.8334 1.63e-17 2.946e-17 7.268e-17 0.0 85.06 0.0
S112542 6.1109 21.8426 4.581e-17 3.809e-17 1.797e-17 0.0 83.96 0.0
S112543 6.1453 21.8463 6.194e-13 4.616e-13 1.853e-13 0.0 86.16 0.0
S112544 6.1268 21.8538 3.315e-16 2.518e-16 1.026e-16 0.0 83.55 1.0
S112545 6.0826 21.8515 2.385e-17 3.628e-17 6.071e-17 0.0 83.53 1.0
S112546 6.1007 21.8253 2.13e-17 3.406e-17 6.353e-17 0.0 83.65 0.0
S112547 6.1015 21.8423 1.7960000000000002e-20 2.9780000000000004e-20 6.178000000000001e-20 0.0 83.94 0.0
S112548 6.1641 21.8317 3.905e-19 5.009e-19 5.939e-19 0.0 86.55 0.0
S112549 6.0563 21.8413 6.646999999999999e-22 1.384e-21 4.601e-21 0.0 83.36 0.0
S112550 6.1703 21.8381 6.815e-22 1.4580000000000001e-21 5.251e-21 0.0 87.07 0.0
S112551 6.1149 21.8384 1.344e-23 3.67e-23 2.0539999999999998e-22 0.0 84.35 0.0
S112552 6.0782 21.835 2.32e-17 2.011e-17 1.103e-17 0.0 83.42 0.0
S112553 6.0805 21.8251 3.767e-21 7.074000000000001e-21 1.9140000000000002e-20 0.0 83.48 0.0
S112554 6.1285 21.8405 1.612e-19 2.174e-19 2.911e-19 0.0 85.46 0.0
S112555 6.138 21.8486 7.678e-18 7.073e-18 4.45e-18 0.0 85.6 0.0
S112556 6.1771 21.8445 1.139e-17 1.739e-17 2.95e-17 0.0 87.08 0.0
S112557 6.1893 21.8647 8.247e-18 1.219e-17 2.022e-17 0.0 86.24 0.0
S112558 6.0822 21.841 9.145e-19 1.013e-18 8.862e-19 0.0 83.54 0.0
S112559 6.0966 21.8431 5.275e-23 1.5649999999999998e-22 1.08e-21 0.0 83.78 0.0
S112560 6.2401 21.8316 1.606e-16 1.241e-16 5.236e-17 0.0 87.29 1.0
S112561 6.1816 21.8404 1.182e-21 2.381e-21 7.336000000000001e-21 0.0 87.13 0.0
S112562 6.0732 21.8477 1.082e-21 8.072999999999999e-22 3.208e-22 0.0 83.38 0.0
S112563 6.1494 21.8346 7.326e-13 6.736e-13 4.184e-13 0.0 86.83 1.0
S112564 6.1438 21.8328 6.537e-13 4.927e-13 2.013e-13 0.0 86.32 1.0
S112565 6.0813 21.8211 1.713e-21 1.18e-21 4.1889999999999995e-22 0.0 84.54 0.0
S112566 6.112 21.8278 2.155e-23 5.477e-23 2.604e-22 0.0 84.54 0.0
S112567 6.0727 21.8483 3.124e-24 1.1549999999999999e-23 1.211e-22 0.0 83.68 0.0
S112568 6.1012 21.8248 4.311e-17 6.687e-17 1.194e-16 0.0 84.8 0.0
S112569 6.1217 21.8188 7.529e-20 1.08e-19 1.625e-19 0.0 86.96 0.0
S112570 6.1396 21.8219 4.761e-23 1.114e-22 4.591e-22 0.0 86.42 0.0
S112571 6.1401 21.8185 6.7e-18 1.033e-17 1.889e-17 0.0 87.17 0.0
S112572 6.1029 21.8441 1.069e-17 9.618e-18 5.464e-18 0.0 83.71 0.0
S112573 6.1328 21.8164 2.189e-22 5.359e-22 2.538e-21 0.0 86.1 0.0
S112574 6.1012 21.826 1.442e-17 1.291e-17 7.479e-18 0.0 84.62 0.0
S112575 6.1497 21.8432 1.47e-23 3.894e-23 2.1109999999999998e-22 0.0 86.91 0.0
S112576 6.1177 21.8345 1.164e-12 1.015e-12 5.516e-13 0.0 84.91 1.0
S112577 6.1536 21.8217 1.5750000000000002e-20 2.5440000000000003e-20 5.059e-20 0.0 87.24 0.0
S112578 6.0979 21.8214 1.233e-18 1.393e-18 1.3e-18 0.0 84.88 0.0
S112579 6.1777 21.8399 4.139e-18 4.285e-18 3.305e-18 0.0 87.27 0.0
S112580 6.0982 21.8385 7.249e-18 6.693e-18 4.235e-18 0.0 84.23 0.0
S112581 6.136 21.8271 2.375e-16 1.885e-16 8.233e-17 0.0 86.11 1.0
S112582 6.0854 21.837 1.018e-17 1.734e-17 3.763e-17 0.0 84.05 0.0
S112583 6.1584 21.8232 3.2250000000000005e-20 4.809e-20 7.861e-20 0.0 86.83 0.0
S112584 6.1047 21.8246 1.205e-19 1.662e-19 2.266e-19 0.0 84.66 0.0
S112585 6.1191 21.8637 4.368e-19 5.565e-19 6.798e-19 0.0 84.05 0.0
S112586 6.1128 21.8367 1.483e-17 1.338e-17 7.618e-18 0.0 84.29 0.0
S112587 6.1461 21.8269 1.885e-17 2.98e-17 5.466e-17 0.0 86.92 0.0
S112588 6.159 21.8345 5.017e-23 1.143e-22 4.557e-22 0.0 86.72 0.0
S112589 6.1312 21.8457 2.85e-19 3.487e-19 3.803e-19 0.0 85.3 0.0
S112590 6.1015 21.8422 2.5630000000000002e-20 3.6760000000000003e-20 5.598000000000001e-20 0.0 83.8 0.0
S112591 6.0857 21.8474 6.675999999999999e-22 1.34e-21 4.177e-21 0.0 83.51 0.0
S112592 6.1016 21.8327 1.234e-17 1.073e-17 5.949e-18 0.0 84.64 0.0
S112593 6.1564 21.8224 3.071e-21 5.8670000000000004e-21 1.6510000000000002e-20 0.001 87.03 0.0
S112594 6.1778 21.8513 2.236e-18 2.364e-18 1.868e-18 0.0 86.62 0.0
S112595 6.1021 21.8627 1.044e-17 2.154e-17 7.033e-17 0.0 83.3 0.0
S112596 6.1418 21.826 1.0129999999999999e-22 2.526e-22 1.227e-21 0.0 86.54 0.0
S112597 6.1195 21.8494 9.409e-22 2.025e-21 7.015000000000001e-21 0.0 84.81 0.0
S112598 6.0912 21.8387 4.867e-18 4.729e-18 3.156e-18 0.0 83.71 0.0
S112599 6.1066 21.8298 1.258e-18 1.385e-18 1.238e-18 0.0 83.74 0.0
S112600 6.106 21.8272 9.077e-18 1.586e-17 3.567e-17 0.001 84.88 0.0
S112601 6.1536 21.82 6.924e-17 5.565e-17 2.68e-17 0.0 86.85 0.0
S112602 6.1031 21.8405 7.614e-13 5.689e-13 2.277e-13 0.0 83.86 0.0
S112603 6.0823 21.8362 4.2029999999999994e-22 8.641e-22 2.801e-21 0.0 83.64 0.0
S112604 6.1345 21.8604 2.166e-22 5.469999999999999e-22 2.704e-21 0.0 85.03 0.0
S112605 6.0855 21.8224 4.951e-17 1.071e-16 3.816e-16 0.0 84.22 1.0
S112606 6.1456 21.8346 1.505e-17 1.371e-17 8.14e-18 0.0 86.41 0.0
S112607 6.1131 21.8358 6.733000000000001e-20 9.777e-20 1.523e-19 0.0 84.75 0.0
S112608 6.1634 21.8418 8.751e-19 9.483e-19 8.073e-19 0.0 86.57 0.0
S112609 6.1408 21.8408 8.911e-20 1.217e-19 1.614e-19 0.0 85.83 0.0
S112610 6.0759 21.8424 1.842e-21 1.271e-21 4.403999999999999e-22 0.0 83.41 0.0
S112611 6.0911 21.8313 1.111e-21 8.266999999999999e-22 3.349e-22 0.0 83.64 0.0
S112612 6.1375 21.8401 5.194e-19 6.213e-19 6.613e-19 0.0 86.03 0.0
S112613 6.0737 21.8329 3.355e-17 2.851e-17 1.454e-17 0.0 83.44 0.0
S112614 6.1469 21.8439 2.237e-21 1.537e-21 5.111999999999999e-22 0.0 86.38 0.0
S112615 6.1402 21.8638 1.094e-17 1.768e-17 3.453e-17 0.0 83.73 0.0
S112616 6.1535 21.8434 8.582e-21 1.518e-20 3.666e-20 0.0 86.22 0.0
S112617 6.1294 21.8349 3.14e-23 8.587999999999999e-23 5.005e-22 0.0 85.48 0.0
S112618 6.1084 21.8445 3.953e-18 4.033e-18 3.046e-18 0.0 84.32 0.0
S112619 6.0693 21.8492 4.497e-22 9.314999999999999e-22 3.027e-21 0.0 83.28 0.0
S112620 6.1657 21.8571 2.375e-17 1.939e-17 9.136e-18 0.001 86.44 0.0
S112621 6.1128 21.8337 2.142e-17 1.987e-17 1.263e-17 0.0 84.54 0.0
S112622 6.1267 21.8319 1.244e-23 3.831e-23 2.9369999999999997e-22 0.0 85.73 0.0
S112623 6.1 21.8273 2.07e-17 1.838e-17 1.011e-17 0.0 83.62 0.0
S112624 6.043 21.8432 1.777e-17 1.625e-17 9.798e-18 0.0 83.27 0.0
S112625 6.0978 21.8186 7.547e-18 7.055e-18 4.387e-18 0.0 84.63 0.0
S112626 6.1014 21.8219 7.448e-18 7.236e-18 4.884e-18 0.0 83.76 0.0
S112627 6.1453 21.8301 8.753e-19 1.013e-18 1.004e-18 0.001 86.15 0.0
S112628 6.1446 21.8394 2.032e-21 3.936e-21 1.149e-20 0.0 86.0 0.0
S112629 6.1028 21.8056 8.553e-25 3.359e-24 4.1479999999999996e-23 0.0 85.44 0.0
S112630 6.1375 21.8325 9.094e-19 9.909e-19 8.894e-19 0.0 86.53 0.0
S112631 6.1339 21.8562 1.289e-18 1.467e-18 1.407e-18 0.0 84.6 0.0
S112632 6.1259 21.8426 2.728e-21 5.389e-21 1.584e-20 0.0 85.15 0.0
S112633 6.155 21.8255 3.989e-24 1.336e-23 1.181e-22 0.0 87.09 0.0
S112634 6.1353 21.82 5.369e-13 3.978e-13 1.616e-13 0.0 87.08 0.0
S112635 6.0919 21.8321 3.2509999999999996e-23 8.008e-23 3.7519999999999995e-22 0.0 83.62 0.0
S112636 6.1002 21.8354 2.574e-21 1.688e-21 5.337999999999999e-22 0.0 84.18 0.0
S112637 6.0792 21.8161 2.1149999999999999e-23 6.298e-23 4.252999999999999e-22 0.0 83.93 0.0
S112638 6.1189 21.8271 8.602e-13 6.21e-13 2.314e-13 0.0 85.41 0.0
S112639 6.1839 21.8309 2.7700000000000005e-20 4.266e-20 7.402000000000001e-20 0.0 87.25 0.0
S112640 6.1185 21.827 6.001000000000001e-20 8.196e-20 1.154e-19 0.0 85.34 0.0
S112641 6.1215 21.8464 2.679e-19 3.533e-19 4.529e-19 0.0 84.07 0.0
S112642 6.1161 21.821 3.4760000000000003e-20 5.425000000000001e-20 9.542000000000001e-20 0.0 85.92 0.0
S112643 6.0788 21.8351 2.421e-23 6.711e-23 4.031e-22 0.0 83.51 0.0
S112644 6.1311 21.842 8.450000000000001e-20 1.082e-19 1.328e-19 0.0 85.44 0.0
S112645 6.1902 21.8425 1.371e-17 2.478e-17 5.84e-17 0.0 86.56 0.0
S112646 6.092 21.8435 3.381e-17 2.869e-17 1.536e-17 0.0 83.65 0.0
S112647 6.15 21.8379 1.507e-17 1.36e-17 8.137e-18 0.0 86.23 0.0
S112648 6.1413 21.8539 1.906e-21 1.31e-21 4.491999999999999e-22 0.0 85.42 0.0
S112649 6.0558 21.8369 3.61e-19 4.459e-19 5.025e-19 0.0 83.48 0.0
S112650 6.1163 21.8426 1.405e-21 9.846999999999999e-22 3.5919999999999998e-22 0.0 83.97 0.0
S112651 6.1385 21.845 7.99e-19 8.614e-19 7.297e-19 0.0 85.93 0.0
S112652 6.0728 21.8445 2.999e-23 7.543e-23 3.771e-22 0.0 83.63 0.0
S112653 6.1071 21.8607 9.229e-22 2.093e-21 7.932e-21 0.0 83.39 0.0
S112654 6.132 21.8449 1.38e-21 9.86e-22 3.6989999999999995e-22 0.001 85.3 0.0
S112655 6.1582 21.8276 1.661e-24 5.835e-24 5.805e-23 0.0 86.87 0.0
S112656 6.1364 21.8453 4.297e-17 6.085e-17 8.951e-17 0.0 85.85 0.0
S112657 6.1732 21.8577 1.802e-21 1.261e-21 4.372999999999999e-22 0.0 86.38 0.0
S112658 6.1841 21.8371 3.261e-19 3.896e-19 4.059e-19 0.0 86.8 0.0
S112659 6.1685 21.8514 8.973e-18 1.656e-17 4.344e-17 0.0 87.06 0.0
S112660 6.154 21.8335 1.557e-17 2.486e-17 4.836e-17 0.0 86.08 0.0
S112661 6.0573 21.8409 7.152999999999999e-22 1.485e-21 5.056e-21 0.0 83.3 0.0
S112662 6.1226 21.8211 3.738e-17 6.579e-17 1.6e-16 0.0 85.87 0.0
S112663 6.1215 21.8462 2.178e-19 2.722e-19 3.107e-19 0.0 84.29 0.0
S112664 6.189 21.841 5.704e-19 6.348e-19 5.617e-19 0.0 87.32 0.0
S112665 6.1461 21.8471 5.102e-23 1.518e-22 1.066e-21 0.0 85.75 0.0
S112666 6.1387 21.8368 8.555e-25 3.111e-24 3.3419999999999996e-23 0.0 86.17 0.0
S112667 6.1502 21.8431 3.802e-20 5.669e-20 9.540000000000001e-20 0.0 85.9 0.0
S112668 6.1254 21.8166 1.6419999999999998e-22 4.250999999999999e-22 2.173e-21 0.0 85.72 0.0
S112669 6.0788 21.8287 1.83e-22 4.0369999999999997e-22 1.487e-21 0.0 84.23 0.0
S112670 6.132 21.8152 9.424e-25 3.452e-24 3.855e-23 0.001 87.28 0.0
S112671 6.1668 21.8251 6.043000000000001e-20 8.659e-20 1.307e-19 0.0 87.22 0.0
S112672 6.144 21.8193 4.562e-18 4.356e-18 2.961e-18 0.0 86.88 0.0
S112673 6.1458 21.8459 2.243e-19 2.688e-19 2.858e-19 0.0 85.79 0.0
S112674 6.1519 21.8514 7.031e-25 2.8589999999999998e-24 3.7389999999999997e-23 0.0 86.09 0.0
S112675 6.1105 21.8281 1.0009999999999999e-22 2.3659999999999998e-22 9.734e-22 0.0 85.07 0.0
S112676 6.1962 21.8455 2.147e-17 4.097e-17 1.1e-16 0.0 87.11 0.0
S112677 6.1563 21.8356 3.46e-17 2.965e-17 1.576e-17 0.0 86.87 0.0
S112678 6.1362 21.8145 1.92e-17 2.95e-17 4.893e-17 0.0 86.34 0.0
S112679 6.0592 21.8447 2.888e-21 5.476e-21 1.494e-20 0.0 83.32 0.0
S112680 6.106 21.8373 5.744e-23 1.3899999999999998e-22 6.165999999999999e-22 0.0 84.11 0.0
S112681 6.0758 21.8434 3.588e-18 3.671e-18 2.752e-18 0.0 83.56 0.0
S112682 6.1575 21.8335 3.8819999999999997e-23 1.221e-22 9.580999999999999e-22 0.0 87.0 0.0
S112683 6.159 21.8359 6.404e-17 1.161e-16 2.753e-16 0.0 86.96 0.0
S112684 6.1702 21.8299 7.548e-19 8.985e-19 9.187e-19 0.0 87.22 0.0
S112685 6.1009 21.8361 3.721e-18 5.888e-18 1.129e-17 0.0 83.86 0.0
S112686 6.1721 21.8303 2.074e-17 1.763e-17 9.324e-18 0.0 87.25 0.0
S112687 6.0737 21.839 2.399e-13 1.639e-13 5.409e-14 0.0 83.57 0.0
S112688 6.0531 21.8419 1.7920000000000002e-21 1.246e-21 4.287e-22 0.0 83.26 0.0
S112689 6.0686 21.8445 2.2320000000000002e-21 1.515e-21 5.055999999999999e-22 0.0 83.23 0.0
S112690 6.2034 21.8278 1.145e-17 1.04e-17 6.368e-18 0.0 87.41 0.0
S112691 6.1721 21.8328 1.025e-17 1.806e-17 4.209e-17 0.0 87.06 0.0
S112692 6.1688 21.8324 9.15e-13 7.001e-13 2.919e-13 0.0 87.09 1.0
S112693 6.081 21.8381 5.288e-13 4.513e-13 2.329e-13 0.0 83.59 1.0
S112694 6.0887 21.8398 3.868e-13 2.738e-13 9.511e-14 0.0 83.75 0.0
S112695 6.0842 21.8371 3.179e-19 3.943e-19 4.393e-19 0.0 83.73 0.0
S112696 6.1743 21.8309 3.285e-20 5.0420000000000004e-20 8.743e-20 0.0 87.19 0.0
S112697 6.0525 21.843 9.258e-18 8.902e-18 5.783e-18 0.0 83.32 0.0
S112698 6.105 21.8406 2.5490000000000002e-20 3.8410000000000004e-20 6.538000000000001e-20 0.0 83.85 0.0
S112699 6.1003 21.8448 2.1750000000000003e-20 3.4180000000000006e-20 6.413e-20 0.0 83.76 0.0
S112700 6.0784 21.8426 2.0210000000000002e-20 3.429e-20 7.752000000000001e-20 0.0 83.39 0.0
S112701 6.0984 21.8427 1.413e-24 5.054e-24 5.1099999999999996e-23 0.0 83.68 0.0
S112702 6.0725 21.8437 2.7e-18 5.006e-18 1.299e-17 0.0 83.32 0.0
S112703 6.1914 21.8338 2.437e-22 5.714e-22 2.453e-21 0.0 87.36 0.0
S112704 6.1601 21.8393 3.915e-19 4.558e-19 4.448e-19 0.0 86.76 0.0
S112705 6.1776 21.8307 2.731e-22 6.476999999999999e-22 2.93e-21 0.0 87.22 0.0
S112706 6.2027 21.8293 2.171e-24 7.555e-24 7.158e-23 0.0 87.43 0.0
S112707 6.0817 21.8391 3.237e-23 9.658999999999999e-23 6.847e-22 0.0 83.61 0.0
S112708 6.0744 21.8462 2.569e-19 3.122e-19 3.399e-19 0.0 83.36 0.0
S112709 6.0832 21.8379 6.533e-18 1.129e-17 2.497e-17 0.0 83.68 0.0
S112710 6.1612 21.8381 6.612e-17 1.041e-16 1.891e-16 0.0 86.93 1.0
S112711 6.1833 21.8323 4.802e-18 4.661e-18 3.284e-18 0.0 87.35 0.0
S112712 6.1851 21.835 6.449e-23 1.5349999999999998e-22 6.820999999999999e-22 0.0 87.24 0.0
S112713 6.1522 21.8369 8.8e-13 7.999e-13 4.805e-13 0.0 86.89 1.0
S112714 6.0642 21.8473 3.452e-20 5.3710000000000006e-20 9.528000000000001e-20 0.0 83.32 0.0
S112715 6.1925 21.8374 3.583e-18 3.396e-18 2.265e-18 0.0 87.32 0.0
S112716 6.1009 21.8453 1.841e-19 2.4e-19 2.943e-19 0.0 83.71 0.0
S112717 6.1345 21.8336 1.307e-18 1.339e-18 1.01e-18 0.0 86.44 0.0
S112718 6.0709 21.8467 1.596e-21 3.06e-21 8.728e-21 0.0 83.31 0.0
S112719 6.0694 21.846 7.092999999999999e-22 1.478e-21 5.0590000000000005e-21 0.0 83.29 0.0
S112720 6.0679 21.8419 1.352e-21 2.837e-21 9.246e-21 0.0 83.43 0.0
S112721 6.1919 21.8295 8.7e-22 1.777e-21 5.695e-21 0.0 87.27 0.0
S112722 6.096 21.8424 5.684e-22 1.206e-21 4.109e-21 0.0 83.89 0.0
S112723 6.1959 21.8377 1.4e-16 1.159e-16 5.731e-17 0.0 87.42 0.0
S112724 6.154 21.8279 1.728e-21 1.186e-21 4.143e-22 0.0 87.1 0.0
S112725 6.195 21.8302 2.394e-19 3.037e-19 3.647e-19 0.0 87.35 0.0
S112726 6.1848 21.8325 3.083e-17 2.594e-17 1.338e-17 0.0 87.31 0.0
S112727 6.1763 21.8298 3.298e-17 2.82e-17 1.493e-17 0.0 87.19 0.0
S112728 6.1876 21.8374 4.688e-24 1.376e-23 9.410999999999999e-23 0.0 87.3 0.0
S112729 6.072 21.8369 1.637e-18 1.863e-18 1.731e-18 0.0 83.37 0.0
S112730 6.0674 21.8397 6.092e-13 5.418e-13 3.272e-13 0.0 83.38 1.0
S112731 6.1972 21.8314 1.63e-17 2.254e-17 3.183e-17 0.001 87.36 0.0
S112732 6.1766 21.8299 1.118e-21 2.514e-21 9.851e-21 0.0 87.18 0.0
S112733 6.2045 21.8274 2.785e-23 7.284e-23 3.793e-22 0.0 87.27 0.0
S112734 6.1842 21.8381 3.159e-13 2.118e-13 7.171e-14 0.0 87.05 0.0
S112735 6.1777 21.8291 3.7640000000000005e-20 5.532e-20 8.745e-20 0.0 87.34 0.0
S112736 6.0626 21.8402 7.984e-18 7.631e-18 5.017e-18 0.0 83.37 0.0
S112737 6.062 21.8447 1.258e-21 2.486e-21 7.448e-21 0.0 83.34 0.0
S112738 6.163 21.8358 2.436e-17 2.108e-17 1.147e-17 0.0 86.94 0.0
S112739 6.2089 21.8326 2.9870000000000002e-21 5.627e-21 1.4790000000000002e-20 0.0 87.4 0.0
S112740 6.1932 21.8315 4.757999999999999e-22 1.038e-21 3.861e-21 0.0 87.3 0.0
S112741 6.0489 21.8449 4.17e-18 4.297e-18 3.279e-18 0.0 83.29 0.0
S112742 6.0719 21.8408 5.217999999999999e-22 1.17e-21 4.58e-21 0.0 83.44 0.0
S112743 6.0635 21.8384 1.211e-22 2.821e-22 1.146e-21 0.001 83.38 0.0
S112744 6.1986 21.8301 1.598e-17 2.431e-17 4.031e-17 0.0 87.37 0.0
S112745 6.2163 21.8258 8.274e-18 7.83e-18 4.904e-18 0.0 87.41 0.0
S112746 6.1575 21.8363 1.932e-20 3.134e-20 6.084e-20 0.0 86.92 0.0
S112747 6.0754 21.8439 3.856e-18 3.76e-18 2.623e-18 0.0 83.45 0.0
S112748 6.1833 21.833 2.677e-23 7.011e-23 3.7069999999999995e-22 0.0 87.25 0.0
S112749 6.0767 21.8447 2.2619999999999998e-22 5.417e-22 2.449e-21 0.0 83.47 0.0
S112750 6.0892 21.8457 4.882e-22 1.047e-21 3.804e-21 0.0 83.6 0.0
S112751 6.082 21.8425 1.104e-17 1.031e-17 6.429e-18 0.0 83.5 0.0
S112752 6.0458 21.8422 4.014e-18 3.893e-18 2.669e-18 0.0 83.22 0.0
S112753 6.0636 21.8434 1.1969999999999998e-22 2.755e-22 1.135e-21 0.0 83.43 0.0
S112754 6.0588 21.8451 2.847e-17 2.498e-17 1.375e-17 0.0 83.3 0.0
S112755 6.1856 21.8315 2.201e-17 4.287e-17 1.263e-16 0.0 87.17 0.0
S112756 6.2053 21.8273 6.495999999999999e-22 1.4250000000000001e-21 5.452e-21 0.0 87.39 0.0
S112757 6.1783 21.8328 1.272e-13 8.595e-14 2.869e-14 0.0 87.15 0.0
S112758 6.0507 21.8485 7.782e-18 7.547e-18 5.273e-18 0.0 83.25 0.0
S112759 6.1736 21.8353 1.9070000000000002e-20 3.0320000000000005e-20 5.853000000000001e-20 0.0 87.12 0.0
S112760 6.1769 21.8276 2.663e-17 5.061e-17 1.419e-16 0.0 87.22 0.0
S112761 6.1882 21.8372 2.698e-18 2.742e-18 2.061e-18 0.0 87.19 0.0
S112762 6.1884 21.8331 2.778e-19 3.49e-19 4.075e-19 0.0 87.37 0.0
S112763 6.2028 21.8359 1.238e-12 9.587e-13 4.161e-13 0.0 87.25 1.0
S112764 6.1855 21.8352 1.225e-21 2.376e-21 6.665e-21 0.0 87.29 0.0
S112765 6.2121 21.8282 1.057e-16 8.707e-17 4.127e-17 0.0 87.32 0.0
S112766 6.07 21.8386 6.308e-18 6.111e-18 4.127e-18 0.0 83.43 0.0
S112767 6.0595 21.8424 3.128e-18 3.169e-18 2.348e-18 0.0 83.31 0.0
S112768 6.0714 21.8417 1.342e-17 1.238e-17 7.739e-18 0.0 83.33 0.0
S112769 6.0753 21.8413 1.204e-20 2.1410000000000002e-20 5.0880000000000006e-20 0.0 83.49 0.0
S112770 6.0547 21.8478 4.1309999999999996e-22 9.598e-22 3.813e-21 0.0 83.29 0.0
S112771 6.1891 21.8322 3.821e-18 3.658e-18 2.482e-18 0.0 87.34 0.0
S112772 6.0694 21.8453 3.566e-21 6.489e-21 1.6410000000000002e-20 0.0 83.31 0.0
S112773 6.0699 21.8475 3.291e-20 4.8910000000000004e-20 8.146000000000001e-20 0.0 83.27 0.0
S112774 6.0559 21.8387 9.343999999999999e-22 1.999e-21 6.945e-21 0.0 83.42 0.0
S112775 6.1944 21.8282 2.441e-22 6.185999999999999e-22 3.079e-21 0.0 87.36 0.0
S112776 6.1911 21.8357 1.569e-20 2.4920000000000003e-20 4.576e-20 0.0 87.37 0.0
S112777 6.0573 21.8452 7.461e-14 4.948e-14 1.588e-14 0.0 83.29 0.0
S112778 6.0735 21.8422 9.124e-19 1.019e-18 8.975e-19 0.0 83.46 0.0
S112779 6.0776 21.8464 2.995e-21 5.674e-21 1.573e-20 0.0 83.5 0.0
S112780 6.2173 21.8301 3.255e-17 2.721e-17 1.431e-17 0.0 87.34 0.0
S112781 6.0429 21.8477 5.153e-18 5.339e-18 4.183e-18 0.0 83.28 0.0
S112782 6.1855 21.8357 3.8950000000000005e-20 5.879000000000001e-20 9.883000000000001e-20 0.0 87.3 0.0
S112783 6.055 21.8409 1.12e-12 8.32e-13 3.332e-13 0.0 83.34 0.0
S112784 6.2031 21.8305 3.513e-20 5.2020000000000003e-20 8.557000000000001e-20 0.0 87.4 0.0
S112785 6.1836 21.8337 1.5e-20 2.5240000000000003e-20 5.493000000000001e-20 0.0 87.24 0.0
S112786 6.0466 21.8487 2.101e-20 3.2600000000000005e-20 5.844000000000001e-20 0.0 83.29 0.0
S112787 6.071 21.8425 6.606e-18 6.446e-18 4.46e-18 0.0 83.38 0.0
S112788 6.2033 21.8308 6.125e-21 1.1330000000000001e-20 2.966e-20 0.0 87.27 0.0
S112789 6.1994 21.8305 5.553e-20 7.905000000000001e-20 1.129e-19 0.0 87.43 0.0
S112790 6.0253 21.8429 1.24e-17 1.206e-17 8.435e-18 0.0 83.35 0.0
S112791 6.2023 21.8248 1.194e-18 1.28e-18 1.093e-18 0.0 87.41 1.0
S112792 6.2017 21.833 3.251e-19 3.839e-19 3.964e-19 0.0 87.43 0.0
S112793 6.2005 21.83 1.949e-17 1.669e-17 9.167e-18 0.0 87.34 0.0
S112794 6.2217 21.8269 2.4919999999999999e-23 7.015e-23 4.279e-22 0.0 87.39 0.0
S112795 6.0268 21.8456 7.760000000000001e-20 1.096e-19 1.596e-19 0.0 83.27 0.0
S112796 6.0645 21.8437 6.296e-20 8.598e-20 1.191e-19 0.0 83.33 0.0
S112797 6.2023 21.8316 4.758e-19 5.648e-19 5.856e-19 0.0 87.38 0.0
S112798 6.1982 21.8318 4.387e-18 4.433e-18 3.346e-18 0.0 87.32 0.0
S112799 6.0548 21.8472 7.052e-19 7.896e-19 7.199e-19 0.0 83.23 0.0
S112800 6.0492 21.8388 4.354e-19 5.309e-19 5.591e-19 0.0 83.38 0.0
S112801 6.1914 21.8354 1.686e-18 1.871e-18 1.617e-18 0.0 87.31 0.0
S112802 6.0547 21.8448 9.816e-19 1.108e-18 1.035e-18 0.0 83.29 0.0
S112803 6.0401 21.8491 1.23e-21 2.4760000000000002e-21 7.372e-21 0.0 83.29 0.0
S112804 6.1607 21.8364 3.677e-17 3.186e-17 1.675e-17 0.0 86.91 0.0
S112805 6.182 21.8291 2.839e-23 6.711e-23 2.836e-22 0.0 87.29 0.0
S112806 6.1971 21.8296 4.408e-17 3.676e-17 1.877e-17 0.0 87.28 0.0
S112807 6.1877 21.8338 3.083e-18 3.073e-18 2.287e-18 0.0 87.29 0.0
S112808 6.047 21.8409 8.538e-19 9.312e-19 7.88e-19 0.0 83.39 0.0
S112809 6.1955 21.838 6.722e-13 5.061e-13 2.128e-13 0.0 87.31 1.0
S112810 6.0277 21.8466 3.045e-24 9.848e-24 7.872e-23 0.0 83.25 0.0
S112811 6.1878 21.8338 7.286999999999999e-22 5.674e-22 2.441e-22 0.0 87.3 0.0
S112812 6.0519 21.8442 2.399e-18 2.492e-18 1.961e-18 0.0 83.27 0.0
S112813 6.2369 21.8269 8.344999999999999e-23 2.332e-22 1.407e-21 0.0 87.36 0.0
S112814 6.0478 21.8449 7.579e-21 1.4330000000000003e-20 3.845e-20 0.0 83.28 0.0
S112815 6.2105 21.8261 8.173000000000001e-20 1.114e-19 1.488e-19 0.0 87.41 0.0
S112816 6.2199 21.8266 5.608e-23 1.6349999999999998e-22 1.085e-21 0.0 87.39 0.0
S112817 6.2012 21.8309 3.361e-19 4.028e-19 4.202e-19 0.0 87.38 0.0
S112818 6.2059 21.8303 5.827e-17 4.717e-17 2.267e-17 0.0 87.44 0.0
S112819 6.0377 21.8465 2.816e-17 4.221e-17 6.772e-17 0.0 83.33 0.0
S112820 6.0365 21.8439 2.42e-17 5.173e-17 1.775e-16 0.0 83.22 0.0
S112821 6.0416 21.8506 1.056e-17 9.666e-18 5.826e-18 0.0 83.33 0.0
S112822 6.0742 21.8444 7.6e-17 6.383e-17 3.199e-17 0.0 83.38 0.0
S112823 6.0181 21.8465 4.6939999999999996e-23 1.239e-22 6.869999999999999e-22 0.0 83.27 0.0
S112824 6.2106 21.8347 5.272e-17 1.008e-16 2.816e-16 0.0 87.38 0.0
S112825 6.039 21.8544 1.0650000000000001e-20 1.9060000000000003e-20 4.4890000000000005e-20 0.0 83.23 0.0
S112826 6.1875 21.8333 1.474e-21 1.047e-21 3.8569999999999996e-22 0.0 87.31 1.0
S112827 6.0511 21.8436 3.528e-18 3.721e-18 2.894e-18 0.0 83.29 0.0
S112828 6.0337 21.8501 1.135e-21 2.493e-21 9.172e-21 0.0 83.31 0.0
S112829 6.195 21.8347 2.0559999999999998e-23 5.683999999999999e-23 3.4179999999999996e-22 0.0 87.19 0.0
S112830 6.2102 21.8336 8.666e-18 8.71e-18 6.344e-18 0.0 87.35 0.0
S112831 6.2285 21.8284 4.843e-17 8.377e-17 1.9e-16 0.0 87.36 0.0
S112832 6.0568 21.8467 2.9789999999999995e-22 6.9009999999999995e-22 2.889e-21 0.0 83.34 0.0
S112833 6.2165 21.8294 6.069e-13 4.447e-13 1.779e-13 0.0 87.41 0.0
S112834 6.2125 21.8293 1.2009999999999998e-22 2.932e-22 1.307e-21 0.0 87.5 0.0
S112835 6.0646 21.849 2.9889999999999998e-24 9.932999999999999e-24 8.537e-23 0.0 83.28 0.0
S112836 6.0462 21.843 1.81e-17 3.443e-17 9.254e-17 0.0 83.4 0.0
S112837 6.1868 21.8301 1.869e-17 1.595e-17 8.505e-18 0.0 87.37 0.0
S112838 6.2091 21.827 4.824e-16 3.647e-16 1.529e-16 0.0 87.34 1.0
S112839 6.029 21.8464 3.2859999999999997e-22 7.621999999999999e-22 3.104e-21 0.0 83.28 0.0
S112840 6.2037 21.8314 5.496e-18 5.11e-18 3.169e-18 0.0 87.38 0.0
S112841 6.0417 21.8439 3.831e-22 8.809999999999999e-22 3.458e-21 0.0 83.27 0.0
S112842 6.1774 21.8328 3.497e-21 6.861e-21 1.988e-20 0.0 87.22 0.0
S112843 6.2291 21.8217 9.035e-18 1.484e-17 2.938e-17 0.0 87.26 0.0
S112844 6.029 21.841 5.356e-17 1.279e-16 5.877e-16 0.0 83.39 1.0
S112845 6.2301 21.8301 1.744e-24 5.857e-24 5.475e-23 0.0 87.48 0.0
S112846 6.0033 21.856 6.182e-18 9.461e-18 1.595e-17 0.0 83.33 0.0
S112847 6.0158 21.8483 3.347e-24 1.052e-23 8.173e-23 0.0 83.3 0.0
S112848 6.2361 21.8298 4.477e-24 1.4419999999999998e-23 1.229e-22 0.0 87.32 0.0
S112849 6.0399 21.842 7.545e-17 6.087e-17 2.913e-17 0.0 83.31 1.0
S112850 6.2165 21.8305 4.379e-17 3.552e-17 1.705e-17 0.0 87.35 0.0
S112851 6.2497 21.8219 3.741e-16 2.732e-16 1.09e-16 0.0 87.41 0.0
S112852 6.029 21.8433 5.077e-19 5.795e-19 5.515e-19 0.0 83.4 0.0
S112853 6.2297 21.8298 2.2479999999999998e-23 7.084999999999999e-23 5.6089999999999995e-22 0.0 87.33 0.0
S112854 6.0168 21.8433 1.292e-21 9.297e-22 3.4479999999999996e-22 0.0 83.25 0.0
S112855 6.0217 21.8459 1.244e-17 1.128e-17 6.649e-18 0.0 83.3 0.0
S112856 6.0354 21.8434 1.807e-19 2.475e-19 3.48e-19 0.0 83.28 0.0
S112857 6.0379 21.85 1.161e-17 1.036e-17 5.948e-18 0.0 83.22 0.0
S112858 6.2266 21.8282 4.266e-21 7.899e-21 2.112e-20 0.0 87.39 0.0
S112859 6.2165 21.8286 9.24e-25 3.803e-24 5.108e-23 0.0 87.38 0.0
S112860 6.0178 21.8465 1.284e-18 1.386e-18 1.157e-18 0.0 83.33 0.0
S112861 6.2233 21.8302 3.477e-18 3.654e-18 2.901e-18 0.0 87.34 0.0
S112862 6.0224 21.8476 5.573e-17 4.567e-17 2.26e-17 0.0 83.42 0.0
S112863 6.0472 21.845 3.0529999999999995e-22 7.263999999999999e-22 3.0940000000000002e-21 0.0 83.37 0.0
S112864 6.2447 21.8281 1.11e-18 1.257e-18 1.195e-18 0.0 87.29 0.0
S112865 6.2051 21.8256 1.93e-17 1.681e-17 9.343e-18 0.0 87.39 0.0
S112866 6.224 21.8272 7.57e-19 8.458e-19 7.795e-19 0.0 87.36 0.0
S112867 6.2374 21.8261 4.424e-22 1.04e-21 4.388e-21 0.0 87.42 0.0
S112868 6.027 21.8422 9.128e-18 8.629e-18 5.396e-18 0.0 83.3 0.0
S112869 6.2341 21.8236 1.537e-18 1.616e-18 1.349e-18 0.0 87.33 0.0
S112870 6.2373 21.826 1.879e-17 1.734e-17 1.088e-17 0.0 87.37 0.0
S112871 6.0308 21.8436 4.869e-18 4.44e-18 2.643e-18 0.0 83.21 0.0
S112872 6.0178 21.849 2.129e-23 6.162e-23 3.9729999999999994e-22 0.0 83.28 0.0
S112873 6.2557 21.8252 2.501e-18 2.56e-18 1.981e-18 0.0 87.36 0.0
S112874 6.0336 21.8484 7.117e-20 9.66e-20 1.347e-19 0.0 83.22 0.0
S112875 6.0144 21.8452 8.697e-19 9.494e-19 8.277e-19 0.0 83.29 0.0
S112876 6.036 21.8474 7.123e-19 7.99e-19 7.451e-19 0.0 83.25 0.0
S112877 6.2241 21.8255 1.678e-23 4.735e-23 2.983e-22 0.0 87.3 0.0
S112878 6.036 21.8476 9.766000000000001e-20 1.41e-19 2.161e-19 0.0 83.29 0.0
S112879 6.0246 21.8481 3.2730000000000006e-20 4.9180000000000004e-20 8.244000000000001e-20 0.0 83.29 0.0
S112880 6.0152 21.8484 5.804e-18 5.593e-18 3.816e-18 0.0 83.34 0.0
S112881 6.0352 21.8467 6.914999999999999e-22 1.505e-21 5.492e-21 0.0 83.22 0.0
S112882 6.0015 21.8497 7.299e-24 2.4039999999999998e-23 2.1259999999999996e-22 0.0 83.32 0.0
S112883 6.0199 21.8452 4.907e-20 7.755000000000001e-20 1.433e-19 0.0 83.39 0.0
S112884 6.2037 21.8281 1.062e-16 8.291e-17 3.754e-17 0.0 87.33 1.0
S112885 6.2555 21.8234 2.766e-23 7.792e-23 4.853e-22 0.0 87.42 0.0
S112886 5.9906 21.8491 4.6480000000000005e-20 6.668e-20 1.007e-19 0.0 83.37 0.0
S112887 6.2449 21.828 2.169e-17 1.826e-17 9.435e-18 0.0 87.34 0.0
S112888 6.2752 21.8328 2.829e-24 1.138e-23 1.458e-22 0.0 87.4 0.0
S112889 6.0203 21.8536 5.5810000000000004e-21 1.016e-20 2.502e-20 0.001 83.33 0.0
S112890 6.0424 21.8477 7.559e-22 1.579e-21 5.159e-21 0.0 83.27 0.0
S112891 6.0115 21.8452 1.178e-19 1.589e-19 2.166e-19 0.0 83.23 0.0
S112892 6.2509 21.824 1.109e-17 1.042e-17 6.581e-18 0.0 87.34 0.0
S112893 6.2457 21.8222 1.336e-23 4.27e-23 3.3759999999999997e-22 0.0 87.34 0.0
S112894 6.012 21.8502 5.988999999999999e-22 1.32e-21 4.9160000000000004e-21 0.0 83.31 0.0
S112895 6.0003 21.849 2.553e-20 3.983e-20 7.115e-20 0.0 83.4 0.0
S112896 6.2667 21.8311 6.988e-23 1.9129999999999998e-22 1.15e-21 0.0 87.28 0.0
S112897 6.0093 21.8483 5.048e-18 4.622e-18 2.917e-18 0.0 83.27 0.0
S112898 5.9847 21.8532 3.096e-13 2.358e-13 9.814e-14 0.0 83.34 1.0
S112899 6.2468 21.8231 7.648999999999999e-23 1.934e-22 9.726999999999999e-22 0.0 87.33 0.0
S112900 5.9813 21.8496 1.3240000000000001e-21 2.536e-21 6.928e-21 0.0 83.34 0.0
S112901 6.01 21.847 1.4430000000000001e-21 1.02e-21 3.7329999999999998e-22 0.0 83.42 0.0
S112902 6.2314 21.824 2.1130000000000002e-21 1.451e-21 4.793e-22 0.0 87.37 0.0
S112903 5.9824 21.856 5.429e-17 1.339e-16 6.371e-16 0.0 83.3 1.0
S112904 6.0045 21.8449 9.502e-17 7.35e-17 3.258e-17 0.001 83.43 1.0
S112905 6.2536 21.8269 5.302e-22 1.169e-21 4.282e-21 0.0 87.27 0.0
S112906 6.0003 21.8475 9.765e-18 1.851e-17 4.934e-17 0.0 83.29 0.0
S112907 6.2352 21.8224 2.362e-21 1.566e-21 5.184e-22 0.0 87.42 0.0
S112908 6.2426 21.8275 5.611e-20 8.187000000000001e-20 1.257e-19 0.0 87.32 0.0
S112909 5.9834 21.856 7.954e-18 1.3e-17 2.644e-17 0.0 83.34 0.0
S112910 6.2545 21.8277 3.797e-18 6.828e-18 1.735e-17 0.0 87.4 0.0
S112911 6.2623 21.8248 5.394e-13 3.913e-13 1.554e-13 0.0 87.35 0.0
S112912 6.2459 21.8266 1.225e-19 1.699e-19 2.308e-19 0.0 87.25 0.0
S112913 6.2553 21.8272 6.981e-18 6.734e-18 4.444e-18 0.0 87.36 0.0
S112914 6.2506 21.8309 5.972e-13 5.804e-13 4.024e-13 0.0 87.27 1.0
S112915 6.2763 21.8254 6.365e-19 7.651e-19 7.897e-19 0.0 87.36 0.0
S112916 6.2554 21.826 1.684e-21 3.221e-21 8.844e-21 0.0 87.28 0.0
S112917 5.9996 21.8503 7.354e-18 7.221e-18 4.919e-18 0.0 83.35 0.0
S112918 6.2849 21.8253 5.907e-17 4.733e-17 2.214e-17 0.0 87.44 0.0
S112919 6.0055 21.849 1.308e-13 8.822e-14 2.942e-14 0.0 83.41 0.0
S112920 5.9888 21.8476 4.192e-17 3.606e-17 2.004e-17 0.0 83.33 0.0
S112921 6.2749 21.8224 1.455e-16 1.119e-16 4.954e-17 0.0 87.43 1.0
S112922 6.0078 21.8468 1.8989999999999998e-22 4.700999999999999e-22 2.304e-21 0.0 83.44 0.0
S112923 6.2601 21.8294 1.2200000000000002e-20 2.1470000000000003e-20 5.086e-20 0.0 87.39 0.0
S112924 5.9926 21.8497 1.368e-18 1.543e-18 1.477e-18 0.0 83.29 0.0
S112925 5.9857 21.8495 1.595e-18 1.748e-18 1.516e-18 0.0 83.38 0.0
S112926 6.0198 21.8489 1.897e-21 1.332e-21 4.581999999999999e-22 0.0 83.34 0.0
S112927 6.0076 21.8466 8.415e-23 2.146e-22 1.059e-21 0.0 83.35 0.0
S112928 6.2721 21.8245 3.2680000000000004e-20 5.2020000000000003e-20 1.031e-19 0.0 87.4 0.0
S112929 6.2519 21.8199 6.062999999999999e-22 1.355e-21 5.219e-21 0.0 87.31 0.0
S112930 6.2304 21.8269 8.985e-19 9.496e-19 7.651e-19 0.0 87.43 0.0
S112931 6.2893 21.8222 2.5339999999999996e-22 6.37e-22 3.136e-21 0.0 87.4 0.0
S112932 6.2894 21.8246 2.601e-19 3.144e-19 3.339e-19 0.0 87.47 0.0
S112933 5.999 21.8547 1.093e-18 1.172e-18 9.593e-19 0.0 83.36 0.0
S112934 5.9785 21.8507 5.659e-18 5.35e-18 3.368e-18 0.0 83.29 0.0
S112935 6.2827 21.8212 7.773999999999999e-22 5.988999999999999e-22 2.5949999999999997e-22 0.0 87.43 0.0
S112936 6.2523 21.8271 7.847e-24 2.2219999999999998e-23 1.4489999999999998e-22 0.0 87.26 0.0
S112937 6.0038 21.8488 6.249e-22 1.27e-21 4.002e-21 0.0 83.27 0.0
S112938 6.2431 21.8248 1.053e-17 1.003e-17 6.682e-18 0.0 87.32 0.0
S112939 6.272 21.8288 2.9030000000000003e-20 4.3150000000000006e-20 7.257000000000001e-20 0.0 87.37 0.0
S112940 5.972 21.8544 2.658e-18 4.856e-18 1.211e-17 0.0 83.26 0.0
S112941 6.2422 21.8269 7.226e-23 1.9169999999999998e-22 1.04e-21 0.0 87.35 0.0
S112942 6.0026 21.8495 1.9949999999999998e-22 4.771999999999999e-22 2.153e-21 0.0 83.32 0.0
S112943 6.281 21.8211 2.817e-19 3.576e-19 4.189e-19 0.0 87.44 0.0
S112944 5.9971 21.8456 2.4000000000000002e-20 3.8350000000000003e-20 7.039000000000001e-20 0.0 83.39 0.0
S112945 6.2574 21.8279 4.3689999999999996e-23 1.1009999999999999e-22 5.379999999999999e-22 0.0 87.37 0.0
S112946 6.2657 21.8193 2.0060000000000002e-21 1.381e-21 4.695e-22 0.0 87.34 0.0
S112947 5.9806 21.8497 8.071e-24 3.071e-23 3.5729999999999995e-22 0.0 83.37 0.0
S112948 5.9785 21.8558 2.3e-24 7.795e-24 6.978e-23 0.0 83.31 0.0
S112949 5.9631 21.8495 3.6119999999999996e-23 1.0369999999999999e-22 6.513999999999999e-22 0.0 83.31 0.0
S112950 6.2834 21.8258 1.965e-21 3.817e-21 1.044e-20 0.0 87.39 0.0
S112951 6.3097 21.8217 1.792e-17 1.603e-17 9.057e-18 0.0 87.46 0.0
S112952 6.2735 21.8238 2.466e-22 5.606999999999999e-22 2.211e-21 0.0 87.37 0.0
S112953 6.277 21.8254 5.318e-17 1.271e-16 5.423e-16 0.0 87.36 1.0
S112954 5.9537 21.8559 6.753e-18 6.784e-18 4.933e-18 0.0 83.2 0.0
S112955 6.2768 21.8268 4.918e-13 3.433e-13 1.186e-13 0.0 87.4 0.0
S112956 6.0053 21.8504 2.508e-19 3.3e-19 4.057e-19 0.001 83.29 0.0
S112957 5.9686 21.8589 8.859e-19 9.953e-19 9.026e-19 0.0 83.27 0.0
S112958 6.2885 21.8182 7.625e-20 1.077e-19 1.641e-19 0.0 87.46 0.0
S112959 5.9909 21.8526 4.638e-21 8.008e-21 1.7170000000000002e-20 0.0 83.37 0.0
S112960 6.3027 21.8225 5.725e-23 1.7399999999999999e-22 1.2380000000000001e-21 0.0 87.42 0.0
S112961 5.9485 21.8517 2.486e-23 6.735e-23 3.8889999999999998e-22 0.0 83.27 0.0
S112962 6.2773 21.8226 1.125e-16 8.75e-17 3.738e-17 0.0 87.37 0.0
S112963 6.1259 21.8376 9.465e-19 1.108e-18 1.062e-18 0.0 84.81 0.0
S112964 6.2677 21.8261 2.331e-15 1.61e-15 5.6e-16 0.0 87.29 0.0
S112965 6.2728 21.8254 6.172e-18 5.916e-18 4.068e-18 0.0 87.39 0.0
S112966 5.977 21.8511 5.229e-17 4.318e-17 2.117e-17 0.0 83.23 0.0
S112967 6.2693 21.8255 2.49e-18 2.517e-18 1.883e-18 0.0 87.34 0.0
S112968 6.2803 21.823 6.654e-13 4.78e-13 1.839e-13 0.0 87.4 0.0
S112969 5.9743 21.8529 1.758e-15 1.218e-15 4.211e-16 0.0 83.35 0.0
S112970 5.9749 21.8527 2.034e-16 1.614e-16 7.333e-17 0.0 83.26 1.0
S112971 6.2708 21.8226 1.787e-17 2.758e-17 4.847e-17 0.0 87.25 0.0
S112972 6.2754 21.8226 1.772e-15 1.23e-15 4.395e-16 0.0 87.38 0.0
S112973 6.277 21.8222 1.605e-17 1.501e-17 9.036e-18 0.0 87.4 0.0
S112974 6.2858 21.8218 7.288e-17 5.92e-17 2.863e-17 0.0 87.47 1.0
S112975 6.2768 21.8221 1.439e-16 1.14e-16 5.034e-17 0.0 87.46 1.0
S112976 6.2715 21.8231 1.136e-17 1.043e-17 6.423e-18 0.0 87.36 0.0
S112977 6.2789 21.8201 7.737e-17 6.108e-17 2.721e-17 0.0 87.44 0.0
S112978 6.2825 21.8211 4.905e-15 3.398e-15 1.162e-15 0.0 87.39 0.0
S112979 6.281 21.8204 6.538e-18 1.258e-17 3.56e-17 0.0 87.39 0.0
S112980 6.2883 21.8191 7.416e-16 5.358e-16 2.017e-16 0.0 87.44 0.0
S112981 5.9801 21.8537 7.884e-16 5.801e-16 2.215e-16 0.0 83.35 0.0
S112982 5.9728 21.8561 4.912e-16 3.536e-16 1.355e-16 0.0 83.22 0.0
S112983 6.2738 21.8199 2.189e-17 1.922e-17 1.11e-17 0.0 87.36 0.0
S112984 5.9815 21.8554 1.156e-17 1.843e-17 3.67e-17 0.0 83.29 0.0
S112985 6.2792 21.8189 6.485e-15 4.355e-15 1.396e-15 0.0 87.49 0.0
S112986 5.9753 21.8574 7.344e-13 5.796e-13 2.563e-13 0.0 83.26 1.0
S112987 5.9648 21.8588 1.517e-17 1.397e-17 8.433e-18 0.0 83.26 0.0
S112988 6.2918 21.8164 5.669e-21 1.0380000000000001e-20 2.657e-20 0.0 87.36 0.0
S112989 5.9651 21.8585 7.968e-13 5.969e-13 2.403e-13 0.0 83.27 0.0
S112990 6.276 21.8171 1.112e-15 7.976e-16 2.961e-16 0.0 87.41 0.0
S112991 5.9768 21.8597 1.34e-18 1.45e-18 1.29e-18 0.0 83.32 0.0
S112992 5.972 21.8585 1.65e-13 1.153e-13 4.195e-14 0.0 83.29 0.0
S112993 5.9719 21.8593 4.226e-17 3.56e-17 1.764e-17 0.0 83.38 0.0
S112994 6.2779 21.8159 6.422e-17 4.932e-17 2.135e-17 0.0 87.35 0.0
S112995 6.2724 21.8165 8.615e-17 7.161e-17 3.603e-17 0.0 87.31 0.0
S112996 5.9703 21.8611 8.474e-13 6.406e-13 2.671e-13 0.0 83.34 1.0
S112997 5.9627 21.8617 2.6300000000000002e-21 4.893e-21 1.2740000000000001e-20 0.0 83.36 0.0
S112998 5.9749 21.8615 6.264e-16 4.677e-16 1.888e-16 0.0 83.28 0.0
S112999 5.9648 21.8645 7.997e-18 1.29e-17 2.455e-17 0.0 83.3 0.0
S113000 6.282 21.8138 2.278e-17 1.95e-17 1.015e-17 0.0 87.3 0.0
S113001 5.9785 21.8616 6.789000000000001e-20 9.492000000000001e-20 1.337e-19 0.0 83.39 0.0
S113002 6.2765 21.8126 7.068e-17 5.776e-17 2.799e-17 0.0 87.25 0.0
S113003 5.98 21.8625 7.615e-19 8.576e-19 7.934e-19 0.0 83.35 0.0
S113004 6.2782 21.8126 5.543e-17 4.508e-17 2.11e-17 0.0 87.32 0.0
S113005 5.9781 21.864 3.473e-17 3.007e-17 1.57e-17 0.0 83.5 0.0
S113006 5.9761 21.8651 2.448e-15 1.68e-15 5.658e-16 0.0 83.39 0.0
S113007 6.2777 21.8093 4.337e-17 3.572e-17 1.716e-17 0.0 87.2 0.0
S113008 6.2725 21.8112 5.635e-17 4.666e-17 2.353e-17 0.0 87.16 0.0
S113009 6.2675 21.8117 2.37e-16 1.803e-16 7.443e-17 0.0 87.18 1.0
S113010 5.9731 21.8655 3.393e-17 2.878e-17 1.529e-17 0.0 83.42 0.0
S113011 5.99 21.8642 2.226e-16 1.616e-16 6.226e-17 0.0 83.53 0.0
S113012 6.2587 21.8081 1.47e-16 1.141e-16 4.864e-17 0.0 87.1 1.0
S113013 6.2622 21.8086 1.12e-15 7.95e-16 2.973e-16 0.0 87.09 0.0
S113014 5.9853 21.8657 3.821e-17 3.052e-17 1.375e-17 0.0 83.59 0.0
S113015 6.2595 21.8092 8.127e-13 7.319e-13 4.328e-13 0.0 87.08 1.0
S113016 6.0069 21.8643 2.062e-16 1.619e-16 6.941e-17 0.0 83.68 1.0
S113017 6.0014 21.8672 2.485e-15 1.765e-15 6.517e-16 0.0 83.68 0.0
S113018 5.9945 21.8679 8.483e-17 6.705e-17 2.988e-17 0.0 83.74 0.0
S113019 5.9991 21.8681 1.126e-16 1.911e-16 4.224e-16 0.0 83.71 0.0
S113020 6.2562 21.8065 1.742e-15 1.178e-15 3.912e-16 0.0 86.87 0.0
S113021 6.0029 21.8668 5.017e-16 3.761e-16 1.579e-16 0.0 83.69 0.0
S113022 6.0154 21.868 2.176e-17 4.342e-17 1.256e-16 0.0 83.81 0.0
S113023 6.2459 21.8065 7.575e-16 5.26e-16 1.843e-16 0.0 86.75 1.0
S113024 6.0122 21.8676 5.725e-16 4.245e-16 1.723e-16 0.0 83.79 0.0
S113025 6.0149 21.8694 6.986e-19 8.331e-19 8.695e-19 0.0 83.94 0.0
S113026 6.0196 21.869 7.372e-17 5.818e-17 2.622e-17 0.0 84.0 0.0
S113027 6.0204 21.8684 5.263e-17 4.453e-17 2.246e-17 0.0 83.92 0.0
S113028 6.0222 21.871 1.891e-15 1.334e-15 4.632e-16 0.0 84.01 0.0
S113029 6.2249 21.8054 3.329e-19 4.2e-19 4.933e-19 0.0 86.65 0.0
S113030 6.2223 21.8073 2.066e-15 1.456e-15 5.144e-16 0.0 86.66 0.0
S113031 6.0358 21.8711 4.022e-13 2.812e-13 9.878e-14 0.0 84.17 0.0
S113032 6.2146 21.8054 7.477e-19 8.193e-19 7.246e-19 0.0 86.52 0.0
S113033 6.045 21.8679 1.233e-15 8.85e-16 3.258e-16 0.0 84.17 0.0
S113034 6.2076 21.806 3.266e-13 2.222e-13 7.363e-14 0.0 86.45 0.0
S113035 6.0481 21.8703 2.612e-17 2.173e-17 1.089e-17 0.0 84.22 0.0
S113036 6.1997 21.8056 4.391e-15 2.929e-15 9.889e-16 0.0 86.41 0.0
S113037 6.1975 21.8067 2.992e-16 2.253e-16 9.384e-17 0.0 86.34 1.0
S113038 6.1906 21.8057 4.26e-17 3.504e-17 1.719e-17 0.0 86.24 0.0
S113039 6.0649 21.8693 1.42e-17 2.476e-17 5.812e-17 0.0 84.42 0.0
S113040 6.0681 21.8687 9.242e-13 6.854e-13 2.801e-13 0.0 84.5 0.0
S113041 6.0705 21.8679 3.847e-17 3.31e-17 1.796e-17 0.0 84.45 0.0
S113042 6.078 21.8696 9.563e-16 6.808e-16 2.462e-16 0.0 84.71 0.0
S113043 6.1697 21.8057 1.783e-16 1.411e-16 6.454e-17 0.0 85.95 1.0
S113044 6.0853 21.868 6.111e-16 4.292e-16 1.556e-16 0.0 84.66 0.0
S113045 6.1623 21.8048 4.204e-18 4.029e-18 2.609e-18 0.0 85.98 0.0
S113046 6.0998 21.8683 1.3e-15 9.52e-16 3.554e-16 0.0 84.82 0.0
S113047 6.1518 21.8086 1.267e-15 4.153e-15 3.752e-14 0.0 85.85 1.0
S113048 6.1414 21.8069 3.282e-17 2.132e-17 6.759e-18 0.0 85.78 0.0
S113049 6.1127 21.8663 2.288e-15 1.582e-15 5.481e-16 0.0 85.0 0.0
S113050 6.1171 21.8654 6.983e-17 5.739e-17 2.845e-17 0.0 84.97 0.0
S113051 6.1236 21.8682 1.246e-17 1.904e-17 3.311e-17 0.0 85.05 0.0
S113052 6.1251 21.8108 4.493e-16 3.405e-16 1.38e-16 0.001 85.57 0.0
S113053 6.1176 21.8081 1.222e-16 9.422e-17 3.995e-17 0.0 85.44 1.0
S113054 6.1386 21.8649 1.106e-16 8.516e-17 3.693e-17 0.0 85.2 1.0
S113055 6.104 21.8106 1.99e-16 1.479e-16 5.722e-17 0.0 85.3 0.0
S113056 6.1531 21.8656 4.247e-16 3.223e-16 1.355e-16 0.0 85.33 1.0
S113057 6.0973 21.8113 1.198e-15 8.694e-16 3.294e-16 0.0 85.28 0.0
S113058 6.1645 21.8633 1.59e-16 1.241e-16 5.513e-17 0.0 85.53 1.0
S113059 6.0795 21.8129 1.007e-15 7.492e-16 2.933e-16 0.001 85.09 0.0
S113060 6.0738 21.8129 3.528e-17 7.102e-17 2.215e-16 0.0 84.98 0.0
S113061 6.0673 21.8137 1.308e-16 1.064e-16 4.882e-17 0.0 84.97 0.0
S113062 6.1869 21.8599 5.362e-23 1.384e-22 7.3619999999999995e-22 0.0 85.71 0.0
S113063 6.1973 21.86 8.182e-17 1.921e-16 7.964e-16 0.0 85.8 1.0
S113064 6.0514 21.8175 5.631e-18 8.42e-18 1.416e-17 0.0 84.8 0.0
S113065 6.2069 21.8581 1.293e-17 1.953e-17 3.369e-17 0.0 85.93 0.0
S113066 6.0332 21.8189 3.058e-18 3.223e-18 2.665e-18 0.0 84.62 0.0
S113067 6.2247 21.8564 1.604e-19 2.151e-19 2.825e-19 0.0 86.12 0.0
S113068 6.2283 21.8548 7.936e-16 5.734e-16 2.247e-16 0.0 86.1 0.0
S113069 6.2425 21.8523 4.153e-16 3.241e-16 1.45e-16 0.0 86.27 0.0
S113070 6.0078 21.8223 1.839e-15 1.295e-15 4.708e-16 0.0 84.39 0.0
S113071 6.2505 21.8534 4.203e-13 2.923e-13 9.89e-14 0.0 86.33 0.0
S113072 5.9965 21.8255 1.192e-18 1.298e-18 1.098e-18 0.0 84.29 0.0
S113073 5.9889 21.8274 2.196e-15 1.525e-15 5.252e-16 0.0 84.2 0.0
S113074 6.2767 21.8492 1.053e-12 8.143e-13 3.457e-13 0.0 86.5 1.0
S113075 5.9741 21.8291 2.053e-17 1.727e-17 8.756e-18 0.0 84.09 0.0
S113076 6.2808 21.8471 1.948e-17 1.609e-17 7.923e-18 0.0 86.57 0.0
S113077 6.2969 21.8448 1.252e-16 9.921e-17 4.391e-17 0.0 86.74 1.0
S113078 5.9552 21.8325 5.704e-16 4.292e-16 1.706e-16 0.0 83.84 0.0
S113079 6.3043 21.8427 1.499e-17 2.765e-17 6.909e-17 0.0 86.8 0.0
S113080 6.3028 21.8406 4.647e-17 3.843e-17 1.82e-17 0.0 86.93 0.0
S113081 6.3067 21.84 5.821e-16 4.228e-16 1.611e-16 0.0 86.91 0.0
S113082 5.9324 21.8364 9.065e-16 6.753e-16 2.62e-16 0.0 83.63 0.0
S113083 6.3192 21.8382 1.921e-16 1.482e-16 6.284e-17 0.0 86.95 1.0
S113084 6.3503 21.8359 2.431e-18 2.485e-18 1.856e-18 0.0 87.06 0.0
S113085 5.9211 21.8406 2.676e-15 1.818e-15 6.155e-16 0.0 83.53 0.0
S113086 6.3243 21.836 2.236e-16 1.709e-16 7.314e-17 0.0 87.05 1.0
S113087 6.3519 21.8305 3.56e-17 3.133e-17 1.762e-17 0.0 87.29 0.0
S113088 6.366 21.8303 5.521e-16 4.226e-16 1.832e-16 0.0 87.25 0.0
S113089 5.889 21.847 1.089e-15 7.593e-16 2.691e-16 0.0 83.35 0.0
S113090 6.3528 21.8279 2.582e-17 5.433e-17 1.864e-16 0.0 87.33 0.0
S113091 5.8854 21.8504 1.474e-17 3.087e-17 1.073e-16 0.0 83.31 0.0
S113092 5.8735 21.8523 3.439e-17 2.858e-17 1.474e-17 0.0 83.34 0.0
S113093 5.8765 21.8532 3.217e-18 3.309e-18 2.458e-18 0.0 83.26 0.0
S113094 6.3715 21.8224 1.103e-16 8.352e-17 3.642e-17 0.0 87.44 1.0
S113095 6.3949 21.8179 5.682e-18 5.804e-18 4.215e-18 0.0 87.45 0.0
S113096 5.8705 21.8579 9.559e-17 7.619e-17 3.47e-17 0.0 83.12 0.0
S113097 5.8713 21.8578 1.128e-15 7.965e-16 2.866e-16 0.0 83.09 0.0
S113098 6.3848 21.8144 9.103e-18 8.735e-18 5.875e-18 0.0 87.49 0.0
S113099 6.3857 21.8129 8.405e-18 1.595e-17 4.561e-17 0.0 87.53 0.0
S113100 6.386 21.8113 4.24e-17 5.925e-17 8.5e-17 0.0 87.51 0.0
S113101 5.8688 21.8642 1.679e-16 1.331e-16 5.925e-17 0.0 83.13 1.0
S113102 6.3719 21.8104 4.19e-16 3.069e-16 1.212e-16 0.0 87.53 0.0
S113103 6.3922 21.8072 4.935e-16 3.592e-16 1.312e-16 0.0 87.53 0.0
S113104 5.8682 21.8701 7.616e-17 1.5e-16 4.402e-16 0.0 83.17 1.0
S113105 5.8729 21.8704 2.242e-17 1.924e-17 1.022e-17 0.001 83.26 0.0
S113106 5.8471 21.8736 2.578e-17 2.148e-17 1.07e-17 0.0 83.12 0.0
S113107 6.3685 21.8027 3.119e-16 2.24e-16 8.458e-17 0.0 87.42 0.0
S113108 5.8719 21.8741 2.883e-17 6.37e-17 2.371e-16 0.0 83.23 1.0
S113109 6.3775 21.8015 1.575e-16 1.245e-16 5.628e-17 0.0 87.45 1.0
S113110 6.3859 21.7986 3.7e-20 5.614e-20 9.679000000000001e-20 0.0 87.47 0.0
S113111 5.8847 21.879 5.439e-16 4.013e-16 1.584e-16 0.0 83.26 0.0
S113112 5.8915 21.878 7.084e-18 6.508e-18 4.069e-18 0.0 83.31 0.0
S113113 6.3472 21.7956 3.201e-18 3.165e-18 2.273e-18 0.001 87.33 0.0
S113114 5.8935 21.8829 1.755e-21 3.427e-21 1.0100000000000001e-20 0.0 83.44 0.0
S113115 5.9065 21.8851 2.255e-16 1.744e-16 7.467e-17 0.0 83.51 1.0
S113116 5.93 21.8804 2.392e-17 2.069e-17 1.136e-17 0.0 83.62 0.0
S113117 6.3274 21.7913 9.456e-18 8.74e-18 5.416e-18 0.0 87.02 0.0
S113118 6.3149 21.791 9.921e-18 2.007e-17 6.135e-17 0.0 86.98 0.0
S113119 6.3147 21.7893 3.126e-13 2.153e-13 7.47e-14 0.0 86.97 0.0
S113120 5.9576 21.8856 6.867e-17 5.58e-17 2.641e-17 0.0 83.82 0.0
S113121 5.9577 21.8854 1.442e-17 1.311e-17 7.972e-18 0.0 83.81 0.0
S113122 5.9734 21.8834 1.422e-17 1.274e-17 7.197e-18 0.0 84.01 0.0
S113123 6.2639 21.789 6.186e-18 6.039e-18 4.081e-18 0.0 86.53 0.0
S113124 5.997 21.8851 2.985e-16 2.171e-16 8.395e-17 0.0 84.17 0.0
S113125 6.2522 21.7899 2.518e-17 2.233e-17 1.248e-17 0.0 86.48 0.0
S113126 6.2305 21.7919 9.114e-16 6.28e-16 2.186e-16 0.0 86.39 0.0
S113127 6.0375 21.8846 1.192e-15 8.673e-16 3.294e-16 0.0 84.42 0.0
S113128 6.1985 21.7908 1.825e-18 2.006e-18 1.702e-18 0.0 86.09 0.0
S113129 6.066 21.8853 4.203e-16 3.114e-16 1.2e-16 0.0 84.62 0.0
S113130 6.174 21.7938 7.137e-18 1.492e-17 4.908e-17 0.0 85.83 0.0
S113131 6.0979 21.8808 1.266e-16 9.5e-17 3.937e-17 0.0 84.9 1.0
S113132 6.1086 21.8812 1.569e-18 1.738e-18 1.535e-18 0.0 84.99 0.0
S113133 6.1235 21.8758 5.005e-15 3.479e-15 1.197e-15 0.0 85.06 0.0
S113134 5.9911 21.8518 3.53e-16 2.625e-16 1.031e-16 0.0 83.26 0.0
S113135 5.9869 21.8558 2.548e-16 1.942e-16 8.098e-17 0.0 83.27 1.0
S113136 6.2677 21.8209 1.96e-21 4.047e-21 1.3580000000000002e-20 0.0 87.35 0.0
S113137 6.2855 21.8176 1.081e-16 8.397e-17 3.699e-17 0.0 87.41 1.0
S113138 6.3057 21.8181 2.182e-21 4.43e-21 1.3920000000000002e-20 0.0 87.42 0.0
S113139 6.0041 21.8522 7.709e-18 7.363e-18 4.725e-18 0.0 83.28 0.0
S113140 5.9781 21.857 6.478e-17 5.486e-17 2.824e-17 0.0 83.23 0.0
S113141 6.2493 21.8236 9.901e-23 2.621e-22 1.4370000000000001e-21 0.0 87.29 0.0
S113142 6.2779 21.8209 1.793e-18 1.935e-18 1.624e-18 0.0 87.41 0.0
S113143 6.2668 21.8211 1.315e-19 1.808e-19 2.548e-19 0.0 87.36 0.0
S113144 5.9812 21.8581 1.935e-17 3.193e-17 6.537e-17 0.0 83.21 0.0
S113145 5.9799 21.8566 6.658e-16 4.835e-16 1.847e-16 0.0 83.36 0.0
S113146 6.2833 21.8197 4.986e-17 4.111e-17 2.07e-17 0.0 87.39 0.0
S113147 6.271 21.8196 1.191e-16 9.638e-17 4.58e-17 0.0 87.33 0.0
S113148 5.9911 21.8574 2.983e-20 4.5510000000000005e-20 7.926000000000001e-20 0.0 83.29 0.0
S113149 5.9862 21.8571 1.126e-15 8.238e-16 3.091e-16 0.0 83.29 0.0
S113150 5.9798 21.8594 1.544e-16 1.172e-16 4.891e-17 0.0 83.37 1.0
S113151 6.2819 21.818 2.188e-16 1.666e-16 7.191e-17 0.0 87.44 1.0
S113152 5.9902 21.8568 2.704e-16 2.063e-16 8.788e-17 0.0 83.38 1.0
S113153 5.9824 21.8559 2.16e-16 1.686e-16 7.654e-17 0.0 83.32 1.0
S113154 6.29 21.8154 1.725e-24 5.768e-24 5.085e-23 0.0 87.44 0.0
S113155 6.2654 21.8177 1.868e-19 2.485e-19 3.114e-19 0.0 87.35 0.0
S113156 6.2629 21.8189 1.1969999999999998e-22 3.2419999999999997e-22 1.797e-21 0.0 87.25 0.0
S113157 6.295 21.8122 2.287e-17 3.851e-17 8.01e-17 0.0 87.39 0.0
S113158 6.2615 21.8204 3.624e-13 2.444e-13 8.225e-14 0.0 87.29 0.0
S113159 6.2873 21.8111 1.58e-18 1.657e-18 1.352e-18 0.0 87.44 0.0
S113160 5.9677 21.8607 2.732e-22 5.924e-22 2.098e-21 0.0 83.28 0.0
S113161 6.2837 21.815 1.587e-23 4.4049999999999996e-23 2.694e-22 0.0 87.31 0.0
S113162 5.9809 21.8591 4.883e-25 2.185e-24 3.48e-23 0.0 83.39 0.0
S113163 6.2936 21.8113 2.103e-18 2.242e-18 1.874e-18 0.0 87.39 0.0
S113164 5.9758 21.8621 1.861e-17 3.962e-17 1.329e-16 0.0 83.32 0.0
S113165 5.9673 21.8636 8.719e-18 1.279e-17 1.992e-17 0.0 83.29 0.0
S113166 6.2883 21.8114 3.148e-16 2.445e-16 1.054e-16 0.0 87.32 1.0
S113167 6.2824 21.815 5.774e-16 4.312e-16 1.744e-16 0.0 87.3 0.0
S113168 6.2438 21.8144 2.3620000000000002e-20 3.5360000000000005e-20 5.991000000000001e-20 0.0 87.15 0.0
S113169 5.9735 21.8614 4.852e-24 1.483e-23 1.121e-22 0.0 83.41 0.0
S113170 5.9812 21.8628 1.101e-17 9.983e-18 5.833e-18 0.0 83.39 0.0
S113171 5.9827 21.8591 2.83e-21 5.726e-21 1.798e-20 0.0 83.42 0.0
S113172 6.2865 21.813 6.012e-16 4.521e-16 1.892e-16 0.0 87.38 0.0
S113173 5.966 21.865 4.326e-17 3.589e-17 1.826e-17 0.0 83.36 0.0
S113174 5.9819 21.8661 6.332e-19 7.558e-19 7.684e-19 0.0 83.39 0.0
S113175 5.9672 21.866 1.715e-16 1.303e-16 5.424e-17 0.0 83.34 1.0
S113176 5.996 21.8631 4.674000000000001e-25 1.85e-24 2.215e-23 0.0 83.46 0.0
S113177 5.9729 21.8622 2.354e-17 5.962e-17 2.895e-16 0.0 83.39 1.0
S113178 5.9946 21.8616 1.437e-17 1.25e-17 6.832e-18 0.0 83.53 0.0
S113179 6.0017 21.8636 2.6340000000000003e-20 4.0350000000000003e-20 7.091000000000001e-20 0.0 83.55 0.0
S113180 6.2389 21.8155 9.744e-20 1.313e-19 1.81e-19 0.0 87.04 0.0
S113181 5.9864 21.8618 1.833e-18 1.932e-18 1.523e-18 0.0 83.49 0.0
S113182 5.9929 21.8657 8.594e-13 6.053e-13 2.17e-13 0.0 83.55 0.0
S113183 6.0117 21.86 1.36e-17 1.221e-17 7.247e-18 0.0 83.62 0.0
S113184 6.2738 21.8063 3.998e-16 2.968e-16 1.166e-16 0.0 87.17 0.0
S113185 6.2697 21.8098 5.106e-19 6.21e-19 6.798e-19 0.0 87.06 0.0
S113186 6.0086 21.8651 4.875e-18 4.623e-18 3.048e-18 0.0 83.7 0.0
S113187 6.2496 21.8074 1.819e-17 1.7e-17 1.061e-17 0.0 86.99 0.0
S113188 6.2412 21.8087 1.951e-18 2.1e-18 1.733e-18 0.0 86.89 0.0
S113189 6.0138 21.8635 4.268e-19 4.939e-19 4.739e-19 0.0 83.74 0.0
S113190 6.2415 21.8113 1.519e-19 1.921e-19 2.26e-19 0.0 87.01 1.0
S113191 6.252 21.8053 4.993e-18 4.873e-18 3.358e-18 0.0 86.95 0.0
S113192 5.9965 21.8616 3.324e-17 6.851e-17 2.119e-16 0.0 83.6 0.0
S113193 6.2467 21.8093 1.306e-18 1.438e-18 1.236e-18 0.0 86.96 0.0
S113194 6.2492 21.8099 3.573e-20 5.1470000000000003e-20 7.867000000000001e-20 0.0 87.03 0.0
S113195 6.2455 21.8089 8.996e-19 1.031e-18 9.936e-19 0.0 86.85 0.0
S113196 6.2501 21.8023 1.488e-18 1.583e-18 1.317e-18 0.0 86.89 0.0
S113197 6.2402 21.8147 3.333e-17 2.767e-17 1.397e-17 0.0 86.96 0.0
S113198 6.2375 21.8079 8.055e-18 1.382e-17 3.01e-17 0.0 86.82 0.0
S113199 6.2298 21.809 7.587e-16 5.316e-16 1.965e-16 0.0 86.71 0.0
S113200 6.0206 21.8673 5.757e-18 9.952e-18 2.265e-17 0.0 83.9 0.0
S113201 6.2261 21.8082 7.487e-19 7.966e-19 6.831e-19 0.0 86.8 0.0
S113202 6.011 21.8665 5.555e-17 9.081e-17 1.747e-16 0.0 83.82 0.0
S113203 6.02 21.8692 1.712e-16 1.359e-16 6.061e-17 0.0 83.91 1.0
S113204 6.2299 21.8087 1.119e-16 2.948e-16 1.589e-15 0.0 86.73 1.0
S113205 6.0343 21.8653 3.311e-20 5.225000000000001e-20 9.249000000000001e-20 0.0 84.17 0.0
S113206 6.2225 21.8115 2.312e-17 2.06e-17 1.207e-17 0.0 86.66 0.0
S113207 6.2292 21.8047 1.312e-17 2.297e-17 5.107e-17 0.0 86.54 0.0
S113208 6.0304 21.8706 1.628e-17 3.828e-17 1.681e-16 0.0 84.06 0.0
S113209 6.2224 21.806 9.15e-23 2.2079999999999996e-22 1.0060000000000001e-21 0.0 86.6 0.0
S113210 6.0323 21.8686 7.652e-18 7.08e-18 4.416e-18 0.0 84.07 0.0
S113211 6.0536 21.8659 2.18e-18 2.143e-18 1.514e-18 0.0 84.23 0.0
S113212 6.0483 21.8705 6.257e-18 9.807e-18 1.753e-17 0.0 84.19 0.0
S113213 6.2054 21.8079 2.039e-17 4.023e-17 1.16e-16 0.0 86.43 0.0
S113214 6.211 21.8053 2.347e-17 3.95e-17 8.535e-17 0.0 86.54 0.0
S113215 6.2015 21.8057 4.818999999999999e-22 9.601999999999998e-22 2.925e-21 0.0 86.45 0.0
S113216 6.2061 21.8055 1.541e-17 2.646e-17 5.825e-17 0.0 86.39 0.0
S113217 6.046 21.8648 1.452e-18 1.515e-18 1.211e-18 0.0 84.11 0.0
S113218 6.1993 21.8044 3.405e-21 6.026e-21 1.4400000000000003e-20 0.0 86.43 0.0
S113219 6.0499 21.8725 1.1100000000000001e-20 1.9790000000000002e-20 4.6830000000000004e-20 0.0 84.27 0.0
S113220 6.0576 21.8652 4.575e-18 4.641e-18 3.461e-18 0.0 84.4 0.0
S113221 6.0537 21.8637 1.28e-17 1.983e-17 3.46e-17 0.0 84.24 0.0
S113222 6.1869 21.8079 3.125e-16 2.337e-16 9.57e-17 0.0 86.23 0.0
S113223 6.0606 21.8687 5.048e-17 4.117e-17 2.001e-17 0.0 84.35 0.0
S113224 6.1741 21.8074 8.006e-13 6.388e-13 2.865e-13 0.0 86.14 1.0
S113225 6.0617 21.8727 1.774e-19 2.215e-19 2.612e-19 0.0 84.4 0.0
S113226 6.1749 21.8094 5.687e-17 4.926e-17 2.626e-17 0.0 86.08 0.0
S113227 6.0804 21.8685 2.505e-17 2.078e-17 1.03e-17 0.0 84.63 0.0
S113228 6.0861 21.8656 1.517e-17 2.483e-17 4.927e-17 0.0 84.78 0.0
S113229 6.0832 21.8669 4.006e-23 1.0419999999999999e-22 5.4599999999999995e-22 0.0 84.55 0.0
S113230 6.0908 21.8622 3.272e-19 3.889e-19 4.088e-19 0.0 84.65 0.0
S113231 6.0882 21.8632 1.8100000000000002e-21 1.248e-21 4.28e-22 0.0 84.64 0.0
S113232 6.1541 21.805 3.4189999999999996e-22 7.695999999999999e-22 2.958e-21 0.0 85.79 0.0
S113233 6.1571 21.8078 6.884e-20 9.422000000000001e-20 1.339e-19 0.0 85.88 0.0
S113234 6.1475 21.8113 1.674e-17 3.908e-17 1.674e-16 0.0 85.81 0.0
S113235 6.1023 21.8656 2.123e-18 2.308e-18 1.992e-18 0.0 84.85 0.0
S113236 6.1104 21.8658 8.309e-17 6.705e-17 3.194e-17 0.0 84.91 0.0
S113237 6.1167 21.8631 2.479e-17 2.209e-17 1.273e-17 0.0 84.97 0.0
S113238 6.1342 21.8115 5.673000000000001e-20 8.267000000000001e-20 1.291e-19 0.0 85.6 0.0
S113239 6.1317 21.8067 2.488e-17 4.323e-17 9.425e-17 0.0 85.55 0.0
S113240 6.1294 21.8102 2.1069999999999998e-22 5.048e-22 2.33e-21 0.0 85.62 0.0
S113241 6.126 21.807 7.371e-17 6.193e-17 3.151e-17 0.0 85.51 0.0
S113242 6.1303 21.8664 4.925e-16 3.652e-16 1.44e-16 0.0 85.14 0.0
S113243 6.1349 21.8668 2.331e-17 2.005e-17 1.063e-17 0.0 85.14 0.0
S113244 6.1128 21.8124 1.47e-19 1.925e-19 2.435e-19 0.0 85.4 0.0
S113245 6.1434 21.864 3.429e-17 3.034e-17 1.759e-17 0.0 85.32 0.0
S113246 6.151 21.8616 3.087e-17 2.707e-17 1.512e-17 0.0 85.4 0.0
S113247 6.0998 21.8115 1.903e-18 1.9e-18 1.361e-18 0.0 85.19 0.0
S113248 6.089 21.8139 7.718e-19 9.741e-19 1.12e-18 0.0 85.15 0.0
S113249 6.1595 21.8668 2.8929999999999997e-22 6.52e-22 2.509e-21 0.0 85.4 0.0
S113250 6.1704 21.8637 1.557e-20 2.474e-20 4.5630000000000007e-20 0.0 85.51 0.0
S113251 6.1716 21.8611 2.528e-18 2.634e-18 2.072e-18 0.0 85.6 0.0
S113252 6.1737 21.8643 1.94e-21 3.892e-21 1.242e-20 0.0 85.57 0.0
S113253 6.1824 21.8662 3.413e-16 2.545e-16 1.009e-16 0.0 85.57 0.0
S113254 6.1759 21.8624 1.06e-17 1.503e-17 2.302e-17 0.0 85.62 0.0
S113255 6.1861 21.8628 4.778e-17 3.913e-17 1.931e-17 0.0 85.72 0.0
S113256 6.0644 21.8158 1.085e-17 1.007e-17 6.401e-18 0.0 84.94 1.0
S113257 6.1999 21.8572 3.481e-17 3.04e-17 1.652e-17 0.0 85.91 0.0
S113258 6.1903 21.8608 6.962e-18 6.486e-18 4.046e-18 0.0 85.72 0.0
S113259 6.1997 21.8609 1.158e-24 4.06e-24 4.183e-23 0.0 85.83 0.0
S113260 6.0463 21.8203 1.839e-17 1.634e-17 9.103e-18 0.0 84.63 0.0
S113261 6.0389 21.8143 2.553e-16 1.987e-16 8.735e-17 0.0 84.77 1.0
S113262 6.0241 21.8262 3.439e-18 3.533e-18 2.71e-18 0.0 84.36 0.0
S113263 6.2117 21.8528 2.574e-23 7.569e-23 5.319e-22 0.0 86.09 0.0
S113264 6.0313 21.82 3.643e-17 3.165e-17 1.722e-17 0.0 84.54 0.0
S113265 6.015 21.8178 9.84e-21 1.6480000000000002e-20 3.4480000000000004e-20 0.0 84.53 0.0
S113266 6.2349 21.8547 1.791e-17 3.009e-17 6.337e-17 0.0 86.29 0.0
S113267 6.0041 21.8264 7.57e-17 6.099e-17 2.915e-17 0.0 84.2 0.0
S113268 6.0075 21.8243 3.133e-17 4.45e-17 6.904e-17 0.0 84.34 0.0
S113269 6.2257 21.8569 8.328e-13 5.789e-13 2.088e-13 0.0 86.08 0.0
S113270 6.0042 21.8226 1.933e-13 1.296e-13 4.227e-14 0.0 84.34 0.0
S113271 6.2682 21.8492 4.62e-16 3.217e-16 1.122e-16 0.0 86.53 0.0
S113272 5.9798 21.8225 4.264e-20 6.691000000000001e-20 1.224e-19 0.001 84.16 0.0
S113273 6.2691 21.8471 7.791e-18 6.965e-18 4.127e-18 0.0 86.45 0.0
S113274 6.008 21.8219 1.508e-18 1.567e-18 1.223e-18 0.0 84.35 0.0
S113275 6.2611 21.8516 3.089e-17 5.435e-17 1.278e-16 0.0 86.37 0.0
S113276 5.9693 21.8264 3.751e-16 2.769e-16 1.118e-16 0.0 84.06 0.0
S113277 6.2817 21.8492 1.273e-17 2.431e-17 6.746e-17 0.0 86.6 0.0
S113278 6.2689 21.8464 4.104e-16 2.931e-16 1.101e-16 0.0 86.6 0.0
S113279 6.2895 21.8427 2.976e-17 2.507e-17 1.269e-17 0.0 86.83 0.0
S113280 6.2889 21.8471 2.772e-19 3.387e-19 3.674e-19 0.0 86.68 0.0
S113281 5.9488 21.8324 2.661e-17 4.862e-17 1.224e-16 0.0 83.75 0.0
S113282 6.3044 21.8424 1.53e-17 3.467e-17 1.439e-16 0.0 86.91 0.0
S113283 5.973 21.8335 4.466e-20 6.480000000000001e-20 1.029e-19 0.0 83.92 0.0
S113284 6.2944 21.8379 5.735e-19 6.675e-19 6.506e-19 0.0 86.99 0.0
S113285 6.313 21.8372 1.373e-19 1.815e-19 2.357e-19 0.001 87.07 0.0
S113286 6.3035 21.8408 4.058e-17 3.225e-17 1.459e-17 0.0 86.96 0.0
S113287 6.3324 21.8382 5.262e-18 1.047e-17 3.023e-17 0.0 87.03 0.0
S113288 6.3184 21.837 4.312e-18 4.19e-18 2.827e-18 0.0 86.98 0.0
S113289 6.3208 21.8345 1.895e-21 1.313e-21 4.564999999999999e-22 0.0 87.03 0.0
S113290 5.9013 21.8471 1.545e-18 1.685e-18 1.485e-18 0.0 83.35 0.0
S113291 5.9124 21.8397 7.993e-18 1.598e-17 4.915e-17 0.0 83.49 0.0
S113292 5.8881 21.8458 6.008e-21 1.073e-20 2.491e-20 0.0 83.37 0.0
S113293 6.3668 21.8314 4.797e-16 3.753e-16 1.698e-16 0.0 87.17 0.0
S113294 5.8893 21.847 3.879e-21 7.126e-21 1.828e-20 0.0 83.34 0.0
S113295 5.8996 21.8476 2.809e-17 5.116e-17 1.285e-16 0.0 83.34 0.0
S113296 5.8942 21.8483 3.985e-16 2.951e-16 1.193e-16 0.0 83.29 0.0
S113297 6.3882 21.8259 4.745e-17 4.136e-17 2.354e-17 0.0 87.34 0.0
S113298 6.3817 21.8229 2.847e-19 3.579e-19 4.157e-19 0.0 87.43 0.0
S113299 6.3366 21.8257 3.475e-19 4.401e-19 4.995e-19 0.0 87.32 0.0
S113300 6.3548 21.823 1.357e-18 1.541e-18 1.428e-18 0.0 87.49 0.0
S113301 6.3563 21.8215 3.92e-16 2.913e-16 1.213e-16 0.0 87.4 1.0
S113302 5.8907 21.8527 1.091e-16 9.149e-17 4.492e-17 0.0 83.24 0.0
S113303 6.3656 21.8203 5.319e-18 5.239e-18 3.689e-18 0.0 87.54 0.0
S113304 5.8502 21.8612 1.633e-16 1.283e-16 5.8e-17 0.0 83.24 1.0
S113305 6.4104 21.8121 2.14e-21 1.438e-21 4.825e-22 0.0 87.48 0.0
S113306 5.888 21.8577 4.995e-17 4.07e-17 1.975e-17 0.0 83.23 0.0
S113307 6.3682 21.8147 4.782e-17 4.005e-17 2.007e-17 0.0 87.48 0.0
S113308 5.8862 21.8608 7.264e-17 5.805e-17 2.656e-17 0.0 83.21 0.0
S113309 5.8509 21.8631 1.125e-18 1.288e-18 1.24e-18 0.0 83.07 0.0
S113310 6.4041 21.8093 2.479e-17 4.87e-17 1.455e-16 0.0 87.59 0.0
S113311 6.4008 21.8093 1.023e-19 1.405e-19 1.926e-19 0.0 87.47 0.0
S113312 5.8686 21.8657 1.593e-13 1.08e-13 3.578e-14 0.0 83.14 0.0
S113313 6.3484 21.814 3.05e-16 2.171e-16 8.01e-17 0.0 87.5 0.0
S113314 5.8925 21.8645 1.644e-17 2.509e-17 4.357e-17 0.0 83.19 0.0
S113315 6.3647 21.8065 1.925e-16 1.576e-16 7.422e-17 0.0 87.47 0.0
S113316 5.9173 21.8645 5.482e-19 6.482e-19 6.597e-19 0.0 83.13 0.0
S113317 5.83 21.8759 1.733e-17 1.601e-17 9.668e-18 0.0 83.25 1.0
S113318 5.8308 21.8754 2.132e-18 2.228e-18 1.742e-18 0.0 83.06 0.0
S113319 6.3773 21.8015 3.93e-19 4.691e-19 5.152e-19 0.0 87.48 0.0
S113320 6.3778 21.802 2.54e-17 4.141e-17 8.232e-17 0.0 87.43 0.0
S113321 5.9092 21.8742 1.713e-17 2.941e-17 6.362e-17 0.0 83.28 0.0
S113322 6.3585 21.8023 4.913e-17 3.909e-17 1.808e-17 0.0 87.43 0.0
S113323 6.3704 21.7998 1.993e-17 1.846e-17 1.102e-17 0.0 87.46 0.0
S113324 5.9285 21.8745 5.997e-17 4.853e-17 2.305e-17 0.0 83.39 0.0
S113325 5.9211 21.8765 5.961e-18 5.771e-18 4e-18 0.0 83.37 0.0
S113326 6.371 21.7962 2.517e-16 1.859e-16 7.499e-17 0.0 87.39 0.0
S113327 6.3523 21.7961 1.277e-17 1.209e-17 7.586e-18 0.0 87.33 0.0
S113328 6.3765 21.7942 9.576e-18 1.693e-17 3.873e-17 0.0 87.21 0.0
S113329 5.9268 21.882 2.465e-18 2.554e-18 2.036e-18 0.0 83.55 0.0
S113330 6.348 21.7957 1.471e-17 1.313e-17 7.477e-18 0.0 87.17 0.0
S113331 6.3109 21.7959 6.629e-17 5.316e-17 2.417e-17 0.0 86.97 0.0
S113332 6.3225 21.7907 3.859e-18 3.797e-18 2.716e-18 0.0 87.05 0.0
S113333 6.3213 21.7924 4.901e-17 4.172e-17 2.094e-17 0.0 86.96 0.0
S113334 5.9044 21.8838 1.429e-21 1.007e-21 3.6869999999999997e-22 0.0 83.54 0.0
S113335 5.9211 21.8892 1.901e-22 4.354999999999999e-22 1.732e-21 0.0 83.75 0.0
S113336 5.9703 21.885 1.16e-21 8.539999999999999e-22 3.399e-22 0.0 83.9 0.0
S113337 6.3156 21.7897 1.506e-19 1.861e-19 2.142e-19 0.0 86.96 0.0
S113338 6.2581 21.7921 7.194e-19 8.582e-19 8.831e-19 0.0 86.59 0.0
S113339 5.9588 21.8864 5.081e-17 4.158e-17 1.987e-17 0.0 83.83 0.0
S113340 6.2768 21.7873 3.685e-16 2.738e-16 1.104e-16 0.0 86.68 0.0
S113341 6.2481 21.7919 2.695e-16 2.04e-16 8.35e-17 0.0 86.47 0.0
S113342 6.2277 21.7901 1.164e-16 9.12e-17 4.067e-17 0.0 86.24 1.0
S113343 6.2674 21.7935 6.931e-18 6.842e-18 4.847e-18 0.0 86.72 0.0
S113344 5.9997 21.8824 2.734e-16 2.125e-16 9.336e-17 0.0 84.15 1.0
S113345 6.0325 21.8807 2.712e-13 1.903e-13 6.563e-14 0.0 84.41 0.0
S113346 6.2242 21.7953 7.743e-17 5.85e-17 2.502e-17 0.0 86.28 1.0
S113347 6.1983 21.7995 6.285e-20 8.761000000000001e-20 1.241e-19 0.0 86.12 0.0
S113348 6.1889 21.7965 1.621e-20 2.4680000000000003e-20 4.1250000000000003e-20 0.0 86.03 0.0
S113349 6.1851 21.7906 1.08e-18 1.272e-18 1.335e-18 0.0 85.91 0.0
S113350 6.1873 21.7903 1.844e-16 1.452e-16 6.202e-17 0.0 85.98 1.0
S113351 6.1747 21.7913 6.412e-19 7.96e-19 8.642e-19 0.0 85.88 0.0
S113352 6.1605 21.7982 6.278e-20 8.718000000000001e-20 1.245e-19 0.0 85.82 0.0
S113353 6.105 21.881 1.319e-17 2.006e-17 3.364e-17 0.0 84.86 0.0
S113354 6.139 21.7987 3.014e-17 2.67e-17 1.552e-17 0.0 85.67 0.0
S113355 6.1274 21.7934 1.184e-19 1.556e-19 1.919e-19 0.0 85.6 0.0
S113356 6.1342 21.8773 9.46e-17 7.464e-17 3.427e-17 0.0 85.15 1.0
S113357 6.1062 21.8003 1.282e-17 1.187e-17 7.494e-18 0.0 85.41 0.0
S113358 6.0822 21.8015 2.607e-17 2.272e-17 1.224e-17 0.0 85.24 0.0
S113359 6.1722 21.8694 2.459e-17 2.204e-17 1.252e-17 0.0 85.49 0.0
S113360 6.188 21.8696 9.602e-17 7.824e-17 3.885e-17 0.0 85.6 0.0
