Name Equatorial Polar BlueF GreenF RedF Parallax RadialVelocity Variable?
S087498 45.7715 82.5331 5.756e-23 1.8639999999999997e-22 1.487e-21 0.0 36.79 0.0
S087499 45.7695 82.5479 1.3339999999999998e-22 3.2829999999999995e-22 1.5620000000000001e-21 0.0 36.94 0.0
S087500 45.8094 82.4269 5.88e-19 7.117e-19 7.846e-19 0.0 33.19 0.0
S087501 45.7671 82.5811 6.0509999999999996e-24 2.1669999999999999e-23 2.1169999999999997e-22 0.0 37.47 0.0
S087502 45.7784 82.5349 1.474e-23 4.3889999999999997e-23 3.149e-22 0.0 36.53 0.0
S087503 45.7733 82.5389 1.017e-17 9.899e-18 6.567e-18 0.0 36.85 0.0
S087504 45.8318 82.4917 4.609e-19 6.05e-19 7.886e-19 0.0 34.86 0.0
S087506 45.774 82.5758 2.293e-19 2.944e-19 3.701e-19 0.0 37.5 0.0
S087507 45.7901 82.461 3.788e-21 2.564e-21 8.585e-22 0.0 33.2 0.0
S087508 45.7646 82.572 2.129e-21 4.312e-21 1.2850000000000001e-20 0.0 37.17 0.0
S087509 45.7828 82.5289 1.077e-16 8.412e-17 3.72e-17 0.0 36.17 0.0
S087510 45.8454 82.3336 1.427e-23 5.223e-23 5.571999999999999e-22 0.0 33.18 0.0
S087511 45.7765 82.5144 1.132e-21 2.578e-21 1.002e-20 0.0 34.05 0.0
S087512 45.7907 82.4798 3.2859999999999997e-22 7.359999999999999e-22 2.783e-21 0.0 33.53 0.0
S087513 45.7704 82.5181 2.493e-17 3.969e-17 7.302e-17 0.0 35.51 0.0
S087514 45.7742 82.5125 1.383e-24 5.525e-24 6.991e-23 0.0 34.51 0.0
S087515 45.7826 82.5242 2.105e-21 4.4160000000000004e-21 1.4550000000000002e-20 0.0 36.04 0.0
S087516 45.7642 82.434 3.458e-18 3.775e-18 3.359e-18 0.0 33.45 0.0
S087517 45.7793 82.5204 5.416e-18 5.404e-18 3.889e-18 0.0 36.01 0.0
S087518 45.7678 82.4559 8.072e-19 9.356e-19 9.338e-19 0.0 33.59 0.0
S087519 45.7776 82.5695 2.807e-21 2.004e-21 7.219999999999999e-22 0.0 37.08 0.0
S087520 45.7917 82.5235 2.133e-19 2.836e-19 3.634e-19 0.0 35.79 0.0
S087522 45.7802 82.6005 4.981e-23 1.459e-22 9.913e-22 0.0 37.28 0.0
S087523 45.7567 82.6689 1.132e-17 1.121e-17 7.615e-18 0.0 37.8 0.0
S087524 45.7929 82.4868 7.812999999999999e-23 2.136e-22 1.277e-21 0.0 34.24 0.0
S087525 45.8082 82.4894 1.285e-22 3.2199999999999997e-22 1.5530000000000001e-21 0.0 34.35 0.0
S087526 45.7355 82.6478 7.561e-18 7.568e-18 5.678e-18 0.0 37.58 0.0
S087527 45.7777 82.5322 3.704e-21 7.054e-21 1.87e-20 0.0 36.66 0.0
S087529 45.8007 82.474 1.795e-20 3.1990000000000004e-20 7.402000000000001e-20 0.0 33.7 0.0
S087530 45.7927 82.5401 9.274999999999999e-23 2.5489999999999996e-22 1.533e-21 0.0 36.53 0.0
S087532 45.7817 82.503 3.211e-21 6.404e-21 1.9580000000000002e-20 0.0 34.32 0.0
S087533 45.7935 82.5162 4.957e-24 1.778e-23 1.8589999999999999e-22 0.0 34.52 0.0
S087534 45.7804 82.5752 6.771e-22 1.377e-21 4.326e-21 0.0 37.18 0.0
S087535 45.7803 82.5048 1.463e-12 1.059e-12 4.216e-13 0.0 34.08 0.0
S087536 45.8208 82.4362 1.106e-21 2.316e-21 7.922e-21 0.0 33.65 0.0
S087537 45.75 82.5577 1.4759999999999998e-22 3.6939999999999996e-22 1.859e-21 0.0 36.34 0.0
S087538 45.7833 82.517 1.908e-24 7.354e-24 8.792999999999999e-23 0.0 35.68 0.0
S087539 45.7842 82.5141 6.790999999999999e-22 1.589e-21 6.781e-21 0.0 35.02 0.0
S087540 45.7883 82.5132 1.036e-19 1.61e-19 2.833e-19 0.0 35.13 0.0
S087541 45.8044 82.5116 9.485000000000001e-20 1.353e-19 2.104e-19 0.0 35.01 0.0
S087542 45.7765 82.5024 6.942999999999999e-22 1.436e-21 4.623e-21 0.0 34.01 0.0
S087543 45.7715 82.4969 3.238e-17 5.145e-17 9.341e-17 0.001 34.3 0.0
S087544 45.8157 82.4071 2.615e-24 9.298e-24 9.497999999999999e-23 0.0 33.35 0.0
S087545 45.791 82.5178 4.741e-26 2.628e-25 6.581e-24 0.0 34.48 0.0
S087546 45.807 82.4964 1.62e-17 1.506e-17 9.274e-18 0.0 34.63 0.0
S087547 45.7867 82.5169 6.426000000000001e-20 1.02e-19 1.949e-19 0.0 34.2 0.0
S087548 45.798 82.4948 1.928e-18 2.082e-18 1.747e-18 0.0 34.45 0.0
S087549 45.7796 82.5074 2.795e-21 5.557e-21 1.697e-20 0.0 34.48 0.0
S087550 45.7814 82.4689 5.343e-21 9.522000000000001e-21 2.2490000000000002e-20 0.0 33.37 0.0
S087551 45.7868 82.5117 1.502e-21 3.131e-21 1.0380000000000001e-20 0.0 34.61 0.0
S087552 45.8092 82.5086 6.321e-18 6.54e-18 5.034e-18 0.0 35.03 0.0
S087553 45.7774 82.5198 5.684e-19 6.986e-19 7.549e-19 0.0 36.54 0.0
S087554 45.7853 82.5235 3.661e-18 4.087e-18 3.753e-18 0.0 36.06 0.0
S087555 45.7889 82.4884 8.831e-23 2.376e-22 1.283e-21 0.0 33.9 0.0
S087556 45.7503 82.4969 1.428e-17 2.826e-17 8.225e-17 0.0 35.03 0.0
S087557 45.7936 82.5059 1.355e-21 2.958e-21 1.0840000000000001e-20 0.0 34.73 0.0
S087558 45.7675 82.4963 1.211e-20 2.0450000000000002e-20 4.34e-20 0.0 34.55 0.0
S087559 45.7838 82.505 2.7560000000000005e-20 4.335e-20 8.343e-20 0.0 34.48 0.0
S087560 45.7749 82.5321 5.982e-22 1.292e-21 4.823e-21 0.0 36.39 0.0
S087561 45.8028 82.4906 6.0340000000000005e-21 1.049e-20 2.4380000000000002e-20 0.0 34.26 0.0
S087562 45.7814 82.5303 1.157e-21 2.528e-21 9.369000000000001e-21 0.0 36.64 0.0
S087563 45.7773 82.5209 1.618e-20 2.7850000000000004e-20 6.052000000000001e-20 0.0 36.34 0.0
S087565 45.8047 82.4792 6.732e-23 1.889e-22 1.161e-21 0.0 34.35 0.0
S087566 45.7954 82.5106 1.898e-19 2.741e-19 4.042e-19 0.0 34.71 0.0
S087567 45.7676 82.5147 7.933e-24 2.4949999999999998e-23 1.9549999999999998e-22 0.0 35.36 0.0
S087568 45.7668 82.4937 6.896e-21 1.2830000000000001e-20 3.3920000000000004e-20 0.0 34.16 0.0
S087569 45.7455 82.5899 8.786999999999999e-24 2.775e-23 2.1639999999999997e-22 0.0 37.14 0.0
S087570 45.8055 82.3747 1.32e-17 1.241e-17 8.13e-18 0.0 33.06 0.0
S087571 45.7822 82.4962 2.119e-23 5.767999999999999e-23 3.2839999999999995e-22 0.0 34.07 0.0
S087572 45.7745 82.3417 2.001e-22 5.439999999999999e-22 3.129e-21 0.0 33.21 0.0
S087573 45.7815 82.5112 4.677e-19 6.023e-19 7.42e-19 0.0 34.98 0.0
S087574 45.7406 82.5761 1.729e-19 2.276e-19 2.953e-19 0.0 36.38 0.0
S087575 45.7857 82.5182 2.181e-23 5.777e-23 3.119e-22 0.0 35.45 0.0
S087576 45.7828 82.5086 1.924e-17 3.09e-17 5.982e-17 0.0 34.22 0.0
S087577 45.7798 82.5089 5.6060000000000005e-21 1.0150000000000001e-20 2.515e-20 0.0 34.65 0.0
S087578 45.8041 82.5019 2.776e-21 1.926e-21 7.0349999999999995e-22 0.0 34.64 0.0
S087579 45.7423 82.5686 1.187e-23 3.936e-23 3.429e-22 0.0 36.38 0.0
S087581 45.7801 82.515 6.399e-20 9.772e-20 1.715e-19 0.0 33.7 0.0
S087582 45.7829 82.5196 3.448e-23 8.919e-23 4.605e-22 0.0 36.17 0.0
S087583 45.7869 82.5053 4.548999999999999e-22 1.192e-21 6.357e-21 0.0 34.19 0.0
S087584 45.7852 82.5162 1.293e-21 2.8e-21 9.858e-21 0.0 34.85 0.0
S087585 45.792 82.5244 4.4630000000000003e-20 6.851e-20 1.157e-19 0.0 35.94 0.0
S087586 45.7587 82.4682 2.912e-23 8.009999999999999e-23 4.695999999999999e-22 0.0 34.35 0.0
S087587 45.8457 82.5085 8.497e-22 1.747e-21 5.628e-21 0.0 35.12 0.0
S087588 45.756 82.5085 6.585e-24 2.3829999999999998e-23 2.4759999999999997e-22 0.0 35.03 0.0
S087589 45.7821 82.5175 4.635e-24 1.6549999999999998e-23 1.63e-22 0.0 36.88 0.0
S087590 45.7841 82.5352 3.126e-21 2.205e-21 7.816999999999999e-22 0.0 36.71 0.0
S087591 45.797 82.5664 4.137e-25 1.801e-24 2.753e-23 0.0 36.59 0.0
S087592 45.745 82.6469 4.079e-23 1.151e-22 7.276e-22 0.0 37.46 0.0
S087593 45.8027 82.5526 2.6520000000000002e-20 4.099e-20 7.279e-20 0.0 36.34 0.0
S087594 45.8127 82.5092 2.2440000000000003e-20 3.865e-20 8.969000000000001e-20 0.0 35.14 0.0
S087595 45.7785 82.5577 1.287e-20 2.229e-20 4.886e-20 0.0 37.27 0.0
S087596 45.7717 82.5558 1.011e-20 1.819e-20 4.3790000000000004e-20 0.0 37.32 0.0
S087597 45.8209 82.4742 6.462e-17 1.332e-16 4.418e-16 0.0 34.54 0.0
S087598 45.7431 82.5944 6.051999999999999e-22 1.314e-21 4.783e-21 0.0 36.82 0.0
S087599 45.7629 82.4899 4.312e-23 1.236e-22 8.1049999999999995e-22 0.0 34.18 0.0
S087600 45.7741 82.5372 7.326e-23 2.086e-22 1.3480000000000001e-21 0.0 36.76 0.0
S087601 45.7413 82.6277 1.4679999999999998e-22 3.4489999999999996e-22 1.448e-21 0.0 37.41 0.0
S087602 45.7697 82.5186 1.551e-17 1.517e-17 1.027e-17 0.0 36.55 0.0
S087603 45.7918 82.4812 1.5270000000000002e-20 2.577e-20 5.3990000000000006e-20 0.0 34.15 0.0
S087604 45.7399 82.5822 2.7670000000000002e-21 1.91e-21 6.774999999999999e-22 0.0 37.19 0.0
S087605 45.7998 82.5024 2.0300000000000003e-20 3.5300000000000004e-20 8.080000000000001e-20 0.0 34.5 0.0
S087606 45.7728 82.5913 2.384e-22 5.487999999999999e-22 2.26e-21 0.0 37.43 0.0
S087607 45.7608 82.5178 4.775e-20 7.722000000000001e-20 1.484e-19 0.0 35.53 0.0
S087608 45.7807 82.5023 9.116e-25 3.964e-24 6.052e-23 0.0 34.02 0.0
S087609 45.7924 82.5214 3.266e-22 7.462999999999999e-22 3.0820000000000002e-21 0.0 35.5 0.0
S087610 45.7988 82.51 8.319e-21 1.546e-20 3.96e-20 0.0 35.01 0.0
S087611 45.8113 82.5196 4.769e-22 1.013e-21 3.598e-21 0.0 35.25 0.0
S087612 45.7848 82.5243 1.617e-19 2.291e-19 3.28e-19 0.0 36.37 0.0
S087613 45.7623 82.5793 5.1730000000000004e-20 7.862000000000001e-20 1.387e-19 0.0 37.41 0.0
S087615 45.7725 82.4978 7.372999999999999e-22 1.635e-21 6.148e-21 0.0 34.36 0.0
S087616 45.7697 82.5114 1.206e-21 2.712e-21 1.0240000000000001e-20 0.0 35.1 0.0
S087617 45.7767 82.5177 5.726e-20 9.528000000000001e-20 1.889e-19 0.0 35.57 0.0
S087618 45.7616 82.5333 5.111999999999999e-22 1.317e-21 6.833e-21 0.0 36.03 0.0
S087619 45.8241 82.4919 3.343e-19 4.046e-19 4.34e-19 0.001 34.83 0.0
S087620 45.8389 82.3946 1.206e-22 3.3499999999999995e-22 1.979e-21 0.0 33.64 0.0
S087621 45.7779 82.4814 2.343e-21 4.711e-21 1.4370000000000002e-20 0.0 33.74 0.0
S087622 45.8086 82.5242 1.584e-21 3.23e-21 1.0120000000000001e-20 0.0 35.45 0.0
S087623 45.7066 82.5906 5.048e-22 1.051e-21 3.37e-21 0.0 36.17 0.0
S087624 45.7732 82.52 1.966e-23 5.712e-23 3.8639999999999996e-22 0.001 35.92 0.0
S087625 45.7734 82.5129 2.941e-18 3.276e-18 2.855e-18 0.0 34.32 0.0
S087626 45.776 82.5113 2.142e-18 2.375e-18 2.124e-18 0.0 34.85 0.0
S087627 45.7889 82.5432 6.603e-19 7.894e-19 8.124e-19 0.0 36.68 1.0
S087628 45.816 82.4776 1.59e-20 2.879e-20 7.047e-20 0.0 34.54 0.0
S087629 45.7917 82.4434 5.77e-17 9.72e-17 2.105e-16 0.0 33.24 0.0
S087630 45.7829 82.495 3.855e-21 2.605e-21 8.82e-22 0.0 33.88 0.0
S087631 45.817 82.5345 1.759e-22 3.9759999999999996e-22 1.588e-21 0.0 35.57 0.0
S087632 45.795 82.5159 1.172e-22 2.8529999999999995e-22 1.287e-21 0.0 35.17 0.0
S087633 45.8026 82.5422 4.298e-17 8.103e-17 2.196e-16 0.0 35.91 0.0
S087634 45.7906 82.5268 1.481e-21 2.7e-21 6.576e-21 0.0 35.64 0.0
S087635 45.7882 82.4524 4.625999999999999e-22 1.093e-21 4.578e-21 0.0 33.21 0.0
S087636 45.7806 82.5321 1.683e-16 2.877e-16 6.478e-16 0.0 36.63 0.0
S087637 45.7849 82.5097 7.805999999999999e-22 1.656e-21 5.758e-21 0.0 34.82 0.0
S087638 45.7787 82.551 5.298e-22 1.179e-21 4.371e-21 0.0 37.24 0.0
S087639 45.7463 82.5976 4.956000000000001e-25 2.037e-24 2.8609999999999996e-23 0.0 37.25 0.0
S087640 45.7796 82.5061 6.118e-19 7.38e-19 7.904e-19 0.0 34.55 0.0
S087641 45.75 82.5071 3.229e-21 2.2560000000000002e-21 8.1049999999999995e-22 0.0 35.25 0.0
S087642 45.7536 82.5274 1.211e-17 2.776e-17 1.135e-16 0.0 35.69 0.0
S087643 45.744 82.4571 4.629e-17 1.157e-16 5.556e-16 0.0 34.62 1.0
S087644 45.7589 82.6079 1.9770000000000001e-25 9.851e-25 1.95e-23 0.0 37.54 0.0
S087645 45.768 82.5335 1.5230000000000002e-20 2.6200000000000003e-20 5.841e-20 0.0 36.31 0.0
S087646 45.773 82.5584 9.215e-24 2.8969999999999996e-23 2.2459999999999997e-22 0.0 37.26 0.0
S087647 45.7761 82.542 1.484e-21 2.938e-21 8.58e-21 0.0 36.94 0.0
S087648 45.7869 82.5108 1.658e-17 1.494e-17 8.992e-18 0.0 34.96 0.0
S087649 45.7483 82.5461 6.741e-17 1.115e-16 2.231e-16 0.0 36.24 0.0
S087650 45.7858 82.5193 3.158e-18 3.421e-18 2.818e-18 0.0 36.53 0.0
S087651 45.8013 82.4413 5.111999999999999e-22 1.044e-21 3.258e-21 0.0 33.22 0.0
S087652 45.7698 82.5427 1.003e-19 1.492e-19 2.457e-19 0.0 37.04 0.0
S087653 45.7771 82.5092 3.316e-19 4.648e-19 6.667e-19 0.0 34.41 0.0
S087654 45.841 82.5483 1.143e-21 2.414e-21 8.146e-21 0.0 35.65 0.0
S087655 45.7843 82.5003 5.0899999999999995e-23 1.354e-22 7.560999999999999e-22 0.0 34.04 0.0
S087656 45.7819 82.4981 1.0889999999999999e-23 3.0759999999999997e-23 1.8909999999999998e-22 0.0 33.97 0.0
S087657 45.7434 82.5384 6.408000000000001e-20 9.991000000000001e-20 1.839e-19 0.0 35.96 0.0
S087658 45.7596 82.5324 3.024e-21 2.091e-21 7.601e-22 0.0 35.94 0.0
S087659 45.7769 82.5299 8.248e-19 9.431e-19 8.746e-19 0.0 36.62 0.0
S087660 45.7972 82.5203 4.275e-19 5.507e-19 6.719e-19 0.0 35.4 0.0
S087661 45.7636 82.5262 1.833e-19 2.614e-19 3.889e-19 0.0 35.97 0.0
S087662 45.7814 82.4636 1.674e-21 3.603e-21 1.2860000000000001e-20 0.0 33.43 0.0
S087663 45.7774 82.5976 1.867e-20 3.119e-20 6.746e-20 0.0 37.51 0.0
S087664 45.7938 82.516 4.876e-19 6.353e-19 7.933e-19 0.0 35.09 0.0
S087665 45.7557 82.5533 2.9080000000000005e-20 4.886e-20 1.046e-19 0.0 37.19 0.0
S087666 45.7726 82.4773 4.476e-19 5.686e-19 6.684e-19 0.0 34.23 0.0
S087667 45.7809 82.5192 3.136e-21 2.193e-21 7.72e-22 0.0 36.16 0.0
S087668 45.7846 82.5697 1.352e-22 3.7699999999999997e-22 2.202e-21 0.0 37.12 0.0
S087669 45.7977 82.5285 2.423e-19 3.195e-19 4.055e-19 0.0 35.69 0.0
S087670 45.8216 82.4167 1.982e-22 4.705e-22 1.962e-21 0.0 33.66 0.0
S087671 45.7711 82.5262 2.12e-19 2.826e-19 3.762e-19 0.0 36.46 0.0
S087672 45.7796 82.522 2.0789999999999998e-23 6.084e-23 4.1219999999999995e-22 0.0 35.74 0.0
S087673 45.7136 82.4498 2.725e-25 1.313e-24 2.593e-23 0.0 34.71 0.0
S087674 45.7694 82.5185 8.359e-18 7.937e-18 5.16e-18 0.0 35.49 0.0
S087675 45.7862 82.4671 1.947e-21 4.308e-21 1.608e-20 0.0 33.67 0.0
S087676 45.7797 82.5183 9.554999999999999e-23 2.54e-22 1.39e-21 0.0 36.77 0.0
S087677 45.7966 82.5066 5.001e-17 8.428e-17 1.799e-16 0.0 34.63 0.0
S087678 45.7777 82.5402 4.412e-21 8.046e-21 2.0070000000000002e-20 0.0 36.88 0.0
S087679 45.7614 82.6121 7.488999999999999e-22 1.602e-21 5.6880000000000004e-21 0.0 37.61 0.0
S087680 45.7855 82.5251 4.97e-19 6.265e-19 7.229e-19 0.0 35.89 0.0
S087681 45.7902 82.5532 4.2560000000000003e-20 6.889000000000001e-20 1.302e-19 0.0 36.7 0.0
S087682 45.7795 82.5285 4.069e-21 8.112e-21 2.4540000000000003e-20 0.0 36.25 0.0
S087683 45.8277 82.5469 1.9869999999999997e-22 5.145999999999999e-22 2.667e-21 0.0 35.7 0.0
S087684 45.7575 82.5311 4.377e-22 1.077e-21 5.054e-21 0.0 35.86 0.0
S087685 45.7732 82.5277 3.432e-18 3.81e-18 3.326e-18 0.0 36.38 0.0
S087686 45.7634 82.4928 8.136000000000001e-20 1.178e-19 1.794e-19 0.0 34.06 0.0
S087687 45.7815 82.5207 3.669e-17 8.766e-17 3.846e-16 0.0 35.62 1.0
S087688 45.8115 82.5648 1.085e-19 1.623e-19 2.719e-19 0.0 36.3 0.0
S087689 45.7534 82.5926 1.348e-23 3.764e-23 2.287e-22 0.0 37.21 0.0
S087690 45.774 82.4844 1.797e-22 4.1469999999999996e-22 1.641e-21 0.0 34.21 0.0
S087691 45.781 82.5558 7.718e-13 8.621e-13 7.542e-13 0.0 37.25 0.0
S087692 45.7621 82.5164 1.2189999999999999e-23 3.5339999999999996e-23 2.241e-22 0.0 35.5 0.0
S087693 45.8049 82.4981 3.022e-23 7.752999999999999e-23 3.9529999999999996e-22 0.0 34.56 0.0
S087695 45.7887 82.51 1.284e-21 2.927e-21 1.173e-20 0.0 34.96 0.0
S087696 45.7933 82.5132 4.9390000000000004e-20 7.516000000000001e-20 1.262e-19 0.0 35.04 0.0
S087697 45.7572 82.5966 1.047e-17 9.737e-18 6.268e-18 0.0 37.43 0.0
S087698 45.7831 82.5166 1.7439999999999999e-22 4.606e-22 2.513e-21 0.0 34.0 0.0
S087699 45.7856 82.5281 3.323e-21 2.281e-21 7.972e-22 0.0 36.63 0.0
S087700 45.7689 82.5129 5.631000000000001e-20 8.13e-20 1.299e-19 0.0 35.23 0.0
S087701 45.7821 82.6029 1.0010000000000002e-20 1.825e-20 4.597e-20 0.0 37.6 0.0
S087702 45.7667 82.5645 1.228e-22 3.207e-22 1.734e-21 0.0 37.15 0.0
S087703 45.773 82.5077 1.288e-18 1.608e-18 1.75e-18 0.0 34.6 0.0
S087704 45.7217 82.6343 5.0389999999999997e-23 1.255e-22 5.987999999999999e-22 0.0 37.03 0.0
S087705 45.7793 82.4988 1.679e-19 2.305e-19 3.167e-19 0.0 34.15 0.0
S087706 45.7972 82.4645 1.1629999999999998e-22 3.207e-22 1.902e-21 0.0 33.24 0.0
S087707 45.775 82.5035 1.754e-17 3.523e-17 1.035e-16 0.0 34.53 0.0
S087708 45.7668 82.434 9.917e-21 1.7100000000000002e-20 3.7490000000000006e-20 0.0 33.84 0.0
S087709 45.7837 82.5118 5.914e-24 1.956e-23 1.6509999999999999e-22 0.0 34.4 0.0
S087710 45.7504 82.5994 1.7210000000000002e-21 3.366e-21 9.616e-21 0.0 37.32 0.0
S087711 45.7821 82.5182 3.1679999999999997e-22 7.114e-22 2.792e-21 0.0 36.37 0.0
S087712 45.7844 82.5189 8.052999999999999e-22 1.662e-21 5.527e-21 0.0 36.03 0.0
S087713 45.7806 82.5208 1.822e-19 2.482e-19 3.277e-19 0.0 35.62 0.0
S087714 45.8057 82.5016 1.476e-19 2.048e-19 2.93e-19 0.0 34.76 0.0
S087716 45.8301 82.4564 2.3630000000000002e-21 4.891e-21 1.5470000000000003e-20 0.0 34.29 0.0
S087717 45.7681 82.5554 9.547000000000001e-20 1.372e-19 2.071e-19 0.0 36.98 0.0
S087718 45.7441 82.5959 4.092e-19 5.16e-19 5.988e-19 0.0 37.32 0.0
S087719 45.7667 82.5173 7.178e-24 2.4979999999999998e-23 2.4179999999999998e-22 0.0 35.81 0.0
S087720 45.7925 82.511 8.243e-17 1.184e-16 1.898e-16 0.0 34.17 0.0
S087721 45.748 82.631 7.028e-19 8.35e-19 8.476e-19 0.0 37.62 0.0
S087722 45.7901 82.5015 1.939e-20 3.264e-20 7.139e-20 0.0 33.96 0.0
S087723 45.8074 82.4575 5.776e-19 7.183e-19 8.104e-19 0.0 33.79 0.0
S087724 45.8104 82.4063 5.057e-19 6.353e-19 7.508e-19 0.0 33.38 0.0
S087725 45.7937 82.5099 4.077e-13 2.762e-13 8.93e-14 0.0 35.13 0.0
S087726 45.7999 82.4624 2.2680000000000002e-21 4.624e-21 1.515e-20 0.0 33.75 0.0
S087727 45.7549 82.5019 6.896999999999999e-22 1.506e-21 5.473e-21 0.0 34.94 0.0
S087728 45.7851 82.5147 1.501e-18 1.615e-18 1.376e-18 0.0 34.69 0.0
S087729 45.7551 82.5928 4.164e-21 8.327e-21 2.6090000000000004e-20 0.0 37.35 0.0
S087730 45.7843 82.519 7.115e-17 5.948e-17 2.966e-17 0.0 35.57 0.0
S087731 45.7924 82.4838 8.194e-21 1.425e-20 3.314e-20 0.0 33.51 0.0
S087732 45.7846 82.5139 2.032e-19 2.77e-19 3.835e-19 0.0 34.44 0.0
S087733 45.776 82.5283 1.046e-21 2.265e-21 8.508e-21 0.0 36.34 0.0
S087734 45.7831 82.5284 5.284e-23 1.5979999999999998e-22 1.168e-21 0.0 36.3 0.0
S087735 45.7937 82.5413 1.37e-17 1.344e-17 9.006e-18 0.0 36.39 0.0
S087736 45.7725 82.5138 1.255e-17 1.18e-17 7.614e-18 0.0 34.19 0.0
S087737 45.7687 82.5561 6.091e-23 1.6489999999999997e-22 9.513999999999998e-22 0.0 37.27 0.0
S087738 45.7294 82.5392 1.425e-23 4.364e-23 3.2929999999999996e-22 0.0 35.87 0.0
S087739 45.7729 82.5356 1.719e-12 1.592e-12 1.008e-12 0.0 36.58 1.0
S087740 45.7526 82.6553 3.746e-20 5.916000000000001e-20 1.098e-19 0.0 37.57 0.0
S087741 45.8829 82.3921 1.782e-27 1.553e-26 1.04e-24 0.0 34.33 0.0
S087742 45.7673 82.4781 1.299e-12 1.011e-12 4.393e-13 0.0 33.97 1.0
S087743 45.8085 82.5106 8.247e-20 1.204e-19 1.861e-19 0.0 35.09 0.0
S087744 45.7737 82.5152 6.958e-18 6.844e-18 4.761e-18 0.0 34.45 0.0
S087745 45.7413 82.5921 5.1390000000000004e-20 7.947000000000001e-20 1.437e-19 0.0 36.93 0.0
S087746 45.7675 82.529 6.243e-20 9.515e-20 1.646e-19 0.0 36.39 0.0
S087747 45.768 82.532 4.616e-24 1.586e-23 1.541e-22 0.0 36.71 0.0
S087748 45.7811 82.5166 1.152e-18 1.377e-18 1.384e-18 0.0 35.36 0.0
S087749 45.7767 82.5033 2.188e-21 4.358e-21 1.2640000000000001e-20 0.0 34.45 0.0
S087750 45.7804 82.5124 8.308e-23 2.1059999999999998e-22 1.079e-21 0.0 34.31 0.0
S087751 45.7796 82.5285 5.101999999999999e-22 1.215e-21 5.1780000000000005e-21 0.0 36.34 0.0
S087752 45.7956 82.5475 2.116e-22 4.1769999999999996e-22 1.25e-21 0.0 35.93 0.0
S087753 45.7113 82.5586 1.189e-19 1.68e-19 2.478e-19 0.0 35.94 0.0
S087754 45.7796 82.4976 1.218e-17 1.227e-17 8.763e-18 0.0 33.99 0.0
S087755 45.8296 82.4293 4.327e-14 2.875e-14 8.884e-15 0.0 33.82 0.0
S087756 45.7858 82.5023 3.087e-21 6.015e-21 1.7160000000000003e-20 0.0 33.97 0.0
S087757 45.7739 82.3395 1.282e-17 2.183e-17 5.017e-17 0.0 33.21 0.0
S087758 45.793 82.5183 3.162e-20 4.54e-20 6.726000000000001e-20 0.0 35.33 0.0
S087759 45.7718 82.5067 7.218999999999999e-22 1.5440000000000001e-21 5.36e-21 0.001 34.42 0.0
S087760 45.7871 82.5442 4.414e-17 3.939e-17 2.198e-17 0.0 36.66 0.0
S087761 45.7821 82.5148 2.575e-19 3.397e-19 4.447e-19 0.0 34.96 0.0
S087762 45.7749 82.5051 6.188e-19 7.475e-19 7.875e-19 0.0 34.09 0.0
S087763 45.7564 82.5859 2.858e-24 1.018e-23 1.0049999999999999e-22 0.0 37.29 0.0
S087764 45.7798 82.5192 9.75e-21 1.712e-20 4.008e-20 0.001 36.69 0.0
S087765 45.7828 82.5215 1.776e-24 6.765e-24 7.618e-23 0.0 36.36 0.0
S087766 45.77 82.5513 9.135e-18 1.572e-17 3.362e-17 0.0 36.94 0.0
S087767 45.8189 82.4383 7.892e-23 2.2249999999999998e-22 1.353e-21 0.0 33.77 0.0
S087768 45.759 82.5976 3.069e-20 4.9650000000000005e-20 1.019e-19 0.0 37.4 0.0
S087769 45.7783 82.4985 1.4400000000000003e-20 2.4680000000000003e-20 5.602e-20 0.001 33.92 0.0
S087771 45.7892 82.5821 3.718e-20 5.777e-20 1.014e-19 0.0 37.35 0.0
S087772 45.8413 82.4503 2.828e-17 2.568e-17 1.512e-17 0.0 34.22 0.0
S087773 45.7646 82.4271 1.2260000000000001e-20 2.1140000000000002e-20 4.8290000000000003e-20 0.0 33.79 0.0
S087774 45.7782 82.4746 1.557e-20 2.726e-20 6.368000000000001e-20 0.0 33.39 0.0
S087775 45.7676 82.4947 1.666e-18 1.863e-18 1.671e-18 0.0 34.05 0.0
S087776 45.7588 82.644 2.103e-18 2.365e-18 2.168e-18 0.0 37.62 0.0
S087777 45.7945 82.5027 1.123e-21 2.496e-21 9.694e-21 0.0 34.59 0.0
S087778 45.8129 82.5074 2.765e-21 1.965e-21 7.208999999999999e-22 0.0 35.15 0.0
S087779 45.7775 82.5272 1.108e-19 1.61e-19 2.445e-19 0.0 36.56 0.0
S087780 45.7743 82.5135 3.713e-22 8.822e-22 3.962e-21 0.0 35.04 0.0
S087781 45.7866 82.5385 3.055e-17 5.717e-17 1.496e-16 0.0 36.56 0.0
S087782 45.7779 82.5063 9.302e-19 1.063e-18 9.822e-19 0.001 34.77 0.0
S087783 45.7805 82.5227 3.274e-21 6.5210000000000004e-21 1.967e-20 0.0 36.01 0.0
S087785 45.7768 82.5058 3.2070000000000002e-21 6.077e-21 1.605e-20 0.0 34.08 0.0
S087786 45.7728 82.519 2.267e-19 3.052e-19 4.082e-19 0.0 35.65 0.0
S087789 45.7887 82.5327 1.238e-19 1.894e-19 3.299e-19 0.0 36.31 0.0
S087791 45.7859 82.5192 2.473e-18 2.71e-18 2.342e-18 0.0 35.7 0.0
S087792 45.7704 82.5516 1.124e-19 1.468e-19 1.847e-19 0.0 36.87 0.0
S087793 45.78 82.5003 3.7230000000000005e-20 6.133e-20 1.236e-19 0.0 34.0 0.0
S087794 45.778 82.5056 4.568e-21 8.281e-21 2.015e-20 0.0 34.15 0.0
S087795 45.7719 82.6018 1.9480000000000002e-26 1.226e-25 4.082e-24 0.0 37.5 0.0
S087796 45.764 82.54 1.379e-21 3.03e-21 1.1690000000000001e-20 0.0 36.43 0.0
S087797 45.7627 82.5665 2.055e-21 4.288e-21 1.4440000000000002e-20 0.0 36.97 0.0
S087798 45.7926 82.5049 2.425e-21 4.918e-21 1.595e-20 0.0 34.88 0.0
S087799 45.7816 82.5002 3.744e-23 9.705999999999999e-23 4.963e-22 0.0 34.05 0.0
S087800 45.8002 82.6083 7.489e-20 1.121e-19 1.824e-19 0.0 36.86 0.0
S087801 45.7648 82.5669 2.853e-23 8.237e-23 5.384999999999999e-22 0.0 37.38 0.0
S087802 45.7852 82.5197 1.9019999999999998e-22 4.1849999999999997e-22 1.5350000000000001e-21 0.0 36.14 0.0
S087803 45.7642 82.5351 2.5710000000000002e-21 4.9990000000000004e-21 1.369e-20 0.0 36.26 0.0
S087804 45.7533 82.4593 4.084e-19 5.406e-19 6.9e-19 0.0 34.41 0.0
S087805 45.802 82.5077 1.901e-17 3.423e-17 8.452e-17 0.0 34.94 0.0
S087806 45.7694 82.5226 2.285e-23 6.575e-23 4.1809999999999994e-22 0.001 35.84 0.0
S087807 45.7677 82.4884 8.587e-22 1.937e-21 7.499e-21 0.0 34.62 0.0
S087808 45.7993 82.4735 2.455e-17 2.163e-17 1.175e-17 0.0 33.64 0.0
S087809 45.7991 82.4784 9.852000000000001e-20 1.383e-19 2.061e-19 0.0 33.48 0.0
S087810 45.7829 82.5171 9.919999999999999e-23 2.5049999999999996e-22 1.239e-21 0.0 35.7 0.0
S087811 45.7632 82.5987 3.533e-20 5.2670000000000007e-20 8.381000000000001e-20 0.0 37.41 0.0
S087812 45.7723 82.5333 7.323000000000001e-21 1.351e-20 3.431e-20 0.0 36.78 0.0
S087813 45.7736 82.5849 1.546e-18 1.812e-18 1.841e-18 0.0 37.47 0.0
S087814 45.774 82.5154 1.2980000000000001e-20 2.287e-20 5.448e-20 0.0 35.27 0.0
S087815 45.7678 82.5091 2.092e-18 2.393e-18 2.27e-18 0.0 35.22 0.0
S087816 45.7625 82.5627 7.273000000000001e-20 1.093e-19 1.827e-19 0.0 37.39 0.0
S087817 45.7625 82.5502 1.271e-19 1.743e-19 2.324e-19 0.0 36.54 0.0
S087818 45.7861 82.5419 3.3839999999999998e-22 8.355999999999999e-22 3.804e-21 0.0 36.84 0.0
S087819 45.7894 82.5183 2.708e-17 2.315e-17 1.224e-17 0.0 35.56 0.0
S087820 45.8072 82.4673 3.965e-17 7.411e-17 1.95e-16 0.0 34.1 0.0
S087821 45.7674 82.5297 4.024e-20 6.521e-20 1.24e-19 0.0 36.34 0.0
S087822 45.7842 82.5197 5.187999999999999e-22 1.157e-21 4.326e-21 0.0 36.47 0.0
S087823 45.7821 82.4933 5.834e-20 8.608000000000001e-20 1.418e-19 0.0 33.95 0.0
S087824 45.7813 82.5147 3.707e-17 3.393e-17 2.106e-17 0.001 34.83 0.0
S087825 45.7675 82.4774 5.03e-18 5.277e-18 4.269e-18 0.0 33.89 0.0
S087826 45.7799 82.5198 1.5449999999999997e-22 4.416999999999999e-22 2.863e-21 0.0 35.65 0.0
S087827 45.794 82.4468 2.0349999999999997e-22 5.234999999999999e-22 2.635e-21 0.0 33.21 0.0
S087828 45.7704 82.5173 2.36e-21 5.012e-21 1.777e-20 0.0 35.51 0.0
S087829 45.7856 82.486 6.944e-27 4.9940000000000003e-26 2.184e-24 0.0 33.72 0.0
S087830 45.7742 82.5196 6.344999999999999e-22 1.341e-21 4.672e-21 0.0 36.11 0.0
S087831 45.7773 82.3764 1.337e-22 3.2e-22 1.412e-21 0.0 33.21 0.0
S087832 45.7757 82.4499 9.287e-17 7.296e-17 3.319e-17 0.0 33.31 0.0
S087833 45.7841 82.5019 1.626e-24 5.963e-24 6.569e-23 0.0 34.03 0.0
S087834 45.7334 82.5036 1.395e-21 2.831e-21 8.559000000000001e-21 0.0 35.22 0.0
S087835 45.7736 82.5076 8.134000000000001e-26 4.589e-25 1.2e-23 0.0 34.74 0.0
S087837 45.7751 82.5617 6.347e-18 6.507e-18 4.826e-18 0.0 37.31 0.0
S087838 45.7836 82.4328 4.3700000000000006e-20 6.488e-20 1.077e-19 0.0 33.18 0.0
S087839 45.7773 82.4598 1.942e-20 3.09e-20 5.845e-20 0.0 33.48 0.0
S087840 45.7913 82.4733 3.632e-19 4.459e-19 4.839e-19 0.0 33.7 0.0
S087841 45.8059 82.4738 3.407e-19 4.297e-19 5.044e-19 0.0 33.39 0.0
S087842 45.7837 82.5086 6.044e-18 6.418e-18 5.18e-18 0.0 34.77 0.0
S087843 45.7838 82.5464 2.607e-17 2.252e-17 1.256e-17 0.0 36.64 0.0
S087844 45.8006 82.4908 5.932e-17 9.641e-17 1.878e-16 0.0 33.67 0.0
S087845 45.7493 82.5121 2.314e-17 2.087e-17 1.177e-17 0.0 35.29 0.0
S087846 45.7771 82.5012 2.233e-16 1.749e-16 7.591e-17 0.0 34.59 1.0
S087847 45.7967 82.4983 2.563e-21 5.168e-21 1.58e-20 0.0 34.16 0.0
S087848 45.752 82.4511 6.298e-23 1.626e-22 8.517e-22 0.0 33.38 0.0
S087849 45.7546 82.5287 1.57e-15 1.132e-15 4.394e-16 0.0 36.61 0.0
S087850 45.7794 82.457 5.650000000000001e-20 8.173000000000001e-20 1.328e-19 0.0 33.63 0.0
S087851 45.7473 82.5175 1.023e-12 7.044e-13 2.525e-13 0.0 35.93 1.0
S087852 45.7826 82.5868 4.382e-20 6.676000000000001e-20 1.111e-19 0.0 37.48 0.0
S087853 45.7765 82.4678 2.612e-19 3.446e-19 4.393e-19 0.0 33.24 0.0
S087854 45.7573 82.4918 4.734e-24 1.649e-23 1.6509999999999999e-22 0.0 34.12 0.0
S087855 45.7753 82.5272 1.712e-17 3.17e-17 8.619e-17 0.0 36.54 0.0
S087856 45.8051 82.5064 1.957e-17 1.908e-17 1.282e-17 0.0 34.03 0.0
S087857 45.8041 82.5534 4.639e-17 1.015e-16 3.702e-16 0.0 36.27 0.0
S087858 45.8104 82.549 4.331e-17 3.719e-17 2.012e-17 0.0 36.28 0.0
S087859 45.7767 82.5158 7.273e-19 8.573e-19 8.659e-19 0.0 35.28 0.0
S087860 45.7787 82.4833 2.211e-13 1.461e-13 4.786e-14 0.0 33.81 0.0
S087861 45.7503 82.486 1.447e-18 1.651e-18 1.589e-18 0.0 33.6 0.0
S087862 45.7973 82.5164 7.097e-18 7.178e-18 5.179e-18 0.0 35.19 0.0
S087863 45.8025 82.5696 3.38e-21 2.358e-21 8.248999999999999e-22 0.0 37.42 0.0
S087864 45.8086 82.5432 2.902e-22 6.679e-22 2.708e-21 0.0 36.64 0.0
S087865 45.8142 82.5165 1.172e-19 1.721e-19 2.864e-19 0.0 35.05 0.0
S087866 45.7954 82.5283 3.673e-24 1.34e-23 1.488e-22 0.0 36.07 0.0
S087867 45.7954 82.5091 4.89e-18 4.998e-18 3.776e-18 0.0 34.01 0.0
S087868 45.773 82.5554 5.475e-19 6.945e-19 8.509e-19 0.0 37.23 0.0
S087869 45.7752 82.5113 1.569e-17 3.001e-17 8.517e-17 0.0 35.15 0.0
S087870 45.7555 82.5532 4.386e-21 8.190000000000001e-21 2.205e-20 0.0 37.32 0.0
S087871 45.7675 82.4672 2.194e-20 3.816e-20 8.718000000000001e-20 0.0 33.39 0.0
S087872 45.8225 82.5241 1.8310000000000002e-20 2.99e-20 6.121e-20 0.0 35.41 0.0
S087873 45.7924 82.5622 3.667e-17 6.46e-17 1.539e-16 0.0 37.39 0.0
S087874 45.7845 82.5172 3.682e-18 4.005e-18 3.537e-18 0.0 35.34 0.0
S087875 45.7651 82.5466 5.765e-18 5.849e-18 4.228e-18 0.0 36.43 0.0
S087876 45.7797 82.539 1.729e-16 1.391e-16 6.568e-17 0.0 36.78 0.0
S087877 45.7691 82.5097 4.052e-19 5.345e-19 6.856e-19 0.0 34.31 0.0
S087878 45.7337 82.4996 2.028e-17 3.288e-17 6.394e-17 0.0 34.81 0.0
S087879 45.776 82.5613 6.126e-19 7.649e-19 8.83e-19 0.0 37.26 0.0
S087880 45.7684 82.5581 3.014e-19 3.955e-19 4.955e-19 0.0 36.73 0.0
S087881 45.7387 82.5177 1.4869999999999998e-22 3.713e-22 1.838e-21 0.0 36.31 0.0
S087882 45.8139 82.5202 1.255e-12 9.336e-13 3.668e-13 0.0 35.19 0.0
S087883 45.7941 82.5538 3.864e-21 7.412e-21 2.0720000000000002e-20 0.0 37.08 0.0
S087884 45.7349 82.5015 2.1329999999999996e-22 5.992999999999999e-22 3.774e-21 0.0 33.97 0.0
S087885 45.7972 82.5539 7.115e-17 1.193e-16 2.468e-16 0.0 36.93 0.0
S087886 45.741 82.468 1.1070000000000001e-21 2.186e-21 6.364e-21 0.0 33.43 0.0
S087887 45.7708 82.5287 1.392e-12 1.084e-12 4.603e-13 0.0 36.31 1.0
S087888 45.7697 82.5171 1.12e-19 1.571e-19 2.255e-19 0.0 35.51 0.0
S087889 45.7509 82.5097 1.547e-19 2.125e-19 2.923e-19 0.0 35.22 0.0
S087890 45.7716 82.5322 5.417e-20 8.318000000000001e-20 1.396e-19 0.0 36.22 0.0
S087891 45.8073 82.5335 2.141e-17 3.504e-17 6.936e-17 0.0 36.36 0.0
S087892 45.7633 82.5542 9.042e-19 1.069e-18 1.105e-18 0.0 37.32 0.0
S087893 45.7767 82.5223 2.436e-18 2.826e-18 2.84e-18 0.0 35.9 0.0
S087894 45.7827 82.5775 1.933e-25 9.513e-25 1.909e-23 0.0 37.4 0.0
S087895 45.8025 82.475 8.82e-23 2.226e-22 1.115e-21 0.001 33.32 0.0
S087896 45.7634 82.5098 2.1720000000000002e-20 3.5520000000000003e-20 7.329000000000001e-20 0.0 35.13 0.0
S087897 45.7609 82.5017 2.0680000000000003e-20 3.624e-20 8.186e-20 0.0 34.3 0.0
S087898 45.7756 82.5346 1.978e-18 2.211e-18 2e-18 0.0 36.56 0.0
S087899 45.7762 82.5227 6.099000000000001e-20 9.280000000000001e-20 1.575e-19 0.0 35.7 0.0
S087900 45.8082 82.4618 1.278e-12 1.183e-12 7.45e-13 0.0 33.2 1.0
S087901 45.7362 82.5217 1.288e-19 1.81e-19 2.613e-19 0.0 35.79 0.0
S087902 45.8015 82.4914 2.416e-17 4.559e-17 1.235e-16 0.0 33.55 0.0
S087903 45.8075 82.518 1.8099999999999998e-22 3.711e-22 1.228e-21 0.0 34.73 0.0
S087904 45.7847 82.5674 7.89e-19 9.081e-19 8.67e-19 0.0 37.47 0.0
S087905 45.8325 82.5079 8.656e-20 1.195e-19 1.665e-19 0.0 33.4 0.0
S087906 45.7609 82.5222 8.613e-22 1.903e-21 6.902e-21 0.0 36.27 0.0
S087907 45.768 82.4958 1.529e-17 2.606e-17 5.437e-17 0.0 34.47 0.0
S087908 45.7325 82.5305 1.2639999999999998e-22 3.452e-22 1.967e-21 0.0 36.79 0.0
S087909 45.7972 82.5217 1.079e-24 4.476e-24 5.96e-23 0.0 35.48 0.0
S087910 45.7823 82.4931 1.303e-12 1.045e-12 4.699e-13 0.0 34.06 1.0
S087911 45.8002 82.5367 3.359e-17 2.855e-17 1.431e-17 0.0 36.13 0.0
S087912 45.7415 82.5603 1.5320000000000001e-21 1.178e-21 4.986e-22 0.0 37.37 0.0
S087913 45.8208 82.4806 1.3710000000000003e-20 2.2270000000000003e-20 4.458e-20 0.0 34.05 0.0
S087914 45.7322 82.5257 1.1e-18 1.299e-18 1.276e-18 0.0 36.62 0.0
S087915 45.7948 82.5224 1.814e-21 3.645e-21 1.0770000000000002e-20 0.0 35.62 0.0
S087916 45.7903 82.4933 3.186e-19 4.39e-19 5.982e-19 0.0 34.05 0.0
S087917 45.7673 82.5438 3.024e-17 4.871e-17 9.577e-17 0.001 36.75 0.0
S087918 45.7792 82.4914 2.029e-19 2.929e-19 4.521e-19 0.0 33.87 0.0
S087919 45.7925 82.4882 2.676e-17 5.092e-17 1.377e-16 0.0 33.81 0.0
S087920 45.7469 82.4916 1.403e-22 3.8539999999999994e-22 2.269e-21 0.0 34.27 0.0
S087921 45.7885 82.4874 7.527e-20 1.135e-19 1.931e-19 0.0 33.73 0.0
S087922 45.7864 82.5211 5.206e-17 4.455e-17 2.392e-17 0.0 35.54 0.0
S087923 45.7924 82.5516 2.429e-19 3.329e-19 4.578e-19 0.0 36.38 0.0
S087924 45.7503 82.4958 4.041e-18 4.355e-18 3.579e-18 0.0 34.53 0.0
S087925 45.7946 82.4437 4.493e-20 6.858e-20 1.208e-19 0.0 33.24 0.0
S087926 45.8063 82.5261 9.144e-24 2.986e-23 2.4969999999999996e-22 0.0 35.68 0.0
S087927 45.7852 82.5181 3.81e-16 2.896e-16 1.27e-16 0.0 35.36 1.0
S087928 45.7483 82.5567 6.566e-19 8.532e-19 1.049e-18 0.0 37.44 0.0
S087929 45.7972 82.5107 1.789e-19 2.418e-19 3.23e-19 0.0 34.96 0.0
S087930 45.7393 82.5476 6.496e-19 7.62e-19 7.741e-19 0.0 36.87 0.0
S087931 45.7509 82.4939 2.95e-17 5.559e-17 1.489e-16 0.0 33.82 0.0
S087932 45.7956 82.5029 1.0120000000000001e-20 1.912e-20 5.225000000000001e-20 0.0 34.6 0.0
S087933 45.7585 82.5507 9.846e-23 2.548e-22 1.313e-21 0.0 37.3 0.0
S087934 45.746 82.5019 1.336e-18 1.49e-18 1.3e-18 0.0 34.34 0.0
S087935 45.7996 82.5094 8.103999999999999e-22 1.838e-21 7.393e-21 0.0 34.82 0.0
S087936 45.7577 82.4999 4.434e-19 5.501e-19 6.154e-19 0.0 33.68 0.0
S087937 45.7496 82.5372 2.276e-21 4.65e-21 1.445e-20 0.0 37.11 0.0
S087938 45.7922 82.4943 1.716e-18 1.868e-18 1.647e-18 0.0 34.37 0.0
S087939 45.8077 82.5122 1.066e-19 1.605e-19 2.706e-19 0.0 34.04 0.0
S087940 45.7906 82.5099 2.244e-22 5.961999999999999e-22 3.319e-21 0.0 34.88 0.0
S087941 45.8199 82.5424 2.146e-20 3.2730000000000006e-20 5.753000000000001e-20 0.0 36.47 0.0
S087942 45.794 82.5555 4.3749999999999995e-22 9.117e-22 3.0580000000000002e-21 0.0 37.06 0.0
S087943 45.7362 82.4699 1.141e-17 1.123e-17 7.67e-18 0.0 33.55 0.0
S087944 45.7802 82.5394 3.987e-23 1.276e-22 1.008e-21 0.0 36.65 0.0
S087945 45.8102 82.4776 2.969e-17 5.526e-17 1.449e-16 0.0 33.52 0.0
S087946 45.749 82.5236 1.034e-23 3.151e-23 2.2839999999999997e-22 0.0 37.02 0.0
S087947 45.8146 82.5405 3.762e-21 2.617e-21 8.943e-22 0.0 36.8 0.0
S087948 45.7488 82.4938 3.191e-21 6.522e-21 2.0780000000000003e-20 0.0 33.72 0.0
S087949 45.7862 82.5099 1.069e-16 9.177e-17 4.824e-17 0.0 35.05 0.0
S087950 45.7762 82.5217 1.095e-18 1.325e-18 1.458e-18 0.0 35.68 0.0
S087951 45.768 82.4942 4.851e-20 7.468e-20 1.348e-19 0.0 33.77 0.0
S087952 45.741 82.5294 1.261e-23 3.948e-23 3.0119999999999997e-22 0.0 36.56 0.0
S087953 45.7551 82.4962 1.356e-16 1.113e-16 5.354e-17 0.0 33.57 0.0
S087954 45.7437 82.5474 1.456e-18 1.674e-18 1.574e-18 0.0 36.55 0.0
S087955 45.8038 82.5071 8.306e-18 8.172e-18 5.843e-18 0.0 34.1 0.0
S087956 45.8126 82.5096 2.806e-19 3.568e-19 4.422e-19 0.0 34.02 0.0
S087957 45.7596 82.5265 3.1300000000000002e-21 6.6630000000000004e-21 2.3070000000000002e-20 0.0 36.82 0.0
S087958 45.8173 82.4998 9.395e-21 1.6790000000000002e-20 3.933e-20 0.0 33.96 0.0
S087959 45.7903 82.4747 5.01e-17 4.337e-17 2.288e-17 0.0 33.38 0.0
S087960 45.782 82.4975 6.784999999999999e-23 1.7769999999999999e-22 9.196999999999999e-22 0.0 33.95 0.0
S087961 45.7834 82.5293 2.865e-16 2.113e-16 8.52e-17 0.0 36.62 0.0
S087962 45.8019 82.5205 1.942e-17 1.774e-17 1.051e-17 0.0 35.36 0.0
S087963 45.772 82.4959 2.1409999999999999e-23 6.764e-23 5.333999999999999e-22 0.0 33.91 0.0
S087964 45.8171 82.4915 1.34e-17 1.302e-17 8.733e-18 0.0 33.73 0.0
S087965 45.7707 82.4741 3.325e-22 7.096e-22 2.39e-21 0.0 33.44 0.0
S087966 45.7225 82.5058 1.4580000000000002e-20 2.543e-20 5.764000000000001e-20 0.0 34.99 0.0
S087967 45.7244 82.5005 1.453e-21 3.236e-21 1.2450000000000001e-20 0.0 35.07 0.0
S087968 45.8081 82.4981 1.9170000000000002e-21 4.0960000000000004e-21 1.4650000000000002e-20 0.0 33.58 0.0
S087969 45.809 82.4857 6.459e-17 1.339e-16 4.386e-16 0.0 33.52 0.0
S087970 45.7493 82.482 2.389e-16 1.837e-16 7.648e-17 0.0 33.41 0.0
S087971 45.797 82.4869 1.016e-20 1.8540000000000003e-20 4.673e-20 0.0 33.67 0.0
S087972 45.7319 82.5235 4.513e-15 2.963e-15 9.232e-16 0.0 37.12 0.0
S087973 45.8225 82.5138 6.582e-18 6.445e-18 4.606e-18 0.0 35.0 0.0
S087974 45.7698 82.541 1.431e-19 1.99e-19 2.834e-19 0.0 36.75 0.0
S087975 45.7695 82.522 3.563e-21 2.465e-21 8.502999999999998e-22 0.0 35.66 0.0
S087976 45.7834 82.4351 2.8159999999999996e-22 6.378999999999999e-22 2.525e-21 0.0 33.21 0.0
S087977 45.7178 82.5233 5.139e-22 1.246e-21 5.519e-21 0.0 36.76 0.0
S087978 45.7904 82.495 1.664e-24 5.995e-24 6.193e-23 0.0 34.02 0.0
S087979 45.808 82.4943 1.5720000000000002e-20 2.6480000000000003e-20 5.652000000000001e-20 0.0 33.99 0.0
S087980 45.8041 82.5032 2.15e-18 2.475e-18 2.405e-18 0.0 34.55 0.0
S087981 45.7581 82.5015 5.18e-17 9.52e-17 2.44e-16 0.0 34.38 0.0
S087982 45.7723 82.5326 4.8880000000000006e-20 7.571e-20 1.334e-19 0.0 36.73 0.0
S087983 45.8045 82.5505 8.354e-17 7.034e-17 3.636e-17 0.0 36.26 0.0
S087984 45.8247 82.5311 1.078e-19 1.476e-19 2.038e-19 0.0 36.0 0.0
S087985 45.7761 82.5289 3.281e-22 6.481999999999999e-22 1.953e-21 0.0 36.42 0.0
S087986 45.7683 82.4539 6.607e-20 9.971e-20 1.652e-19 0.0 33.33 0.0
S087987 45.7958 82.4911 2.652e-22 6.673999999999999e-22 3.116e-21 0.0 34.4 0.0
S087988 45.7631 82.503 1.186e-23 3.603e-23 2.619e-22 0.0 34.83 0.0
S087989 45.8143 82.5216 1.1250000000000001e-21 2.297e-21 7.246e-21 0.001 35.35 0.0
S087990 45.7858 82.4806 9.72e-21 1.705e-20 3.8390000000000006e-20 0.0 33.55 0.0
S087991 45.7906 82.52 3.653e-17 7.315e-17 2.169e-16 0.0 35.48 0.0
S087992 45.7798 82.5163 2.101e-18 2.287e-18 1.955e-18 0.0 30.21 0.0
S087993 45.7795 82.5165 5.44e-17 4.576e-17 2.355e-17 0.0 38.54 0.0
S087994 45.7797 82.5165 3.464e-17 3.232e-17 1.941e-17 0.001 42.21 0.0
S087995 45.7798 82.5163 1.646e-17 1.493e-17 8.589e-18 0.0 31.51 0.0
S087996 45.7796 82.5165 5.067e-15 3.508e-15 1.231e-15 0.0 38.31 0.0
S087997 45.7797 82.5165 1.489e-18 1.815e-18 1.947e-18 0.0 42.22 0.0
S087998 45.7798 82.5166 5.731e-16 4.374e-16 1.856e-16 0.0 39.87 1.0
S087999 45.7796 82.5165 2.032e-17 1.795e-17 1.012e-17 0.0 37.58 0.0
S088000 45.7765 82.532 2.363e-16 1.832e-16 8.118e-17 0.0 36.72 1.0
S088001 45.7822 82.4996 2.534e-15 1.743e-15 6.085e-16 0.0 34.01 0.0
S088002 45.7852 82.4993 2.05e-15 1.442e-15 5.211e-16 0.0 34.0 0.0
S088003 45.775 82.5341 3.557e-15 2.576e-15 9.897e-16 0.0 36.64 0.0
S088004 45.7724 82.5339 4.685e-16 3.688e-16 1.582e-16 0.0 36.65 1.0
S088005 45.7889 82.499 1.759e-15 1.258e-15 4.724e-16 0.0 34.13 0.0
S088006 45.7712 82.5337 9.096e-17 7.456e-17 3.568e-17 0.0 36.5 0.0
S088007 45.7894 82.4993 1.908e-13 1.296e-13 4.327e-14 0.0 34.31 0.0
S088008 45.788 82.5013 7.448e-13 5.549e-13 2.221e-13 0.0 34.45 0.0
S088009 45.7919 82.5044 5.8e-17 5.074e-17 2.836e-17 0.0 34.59 0.0
S088010 45.7665 82.527 2.041e-17 1.858e-17 1.095e-17 0.0 36.0 0.0
S088011 45.7672 82.5217 2.518e-16 2.067e-16 9.734e-17 0.0 35.68 0.0
S088012 45.7639 82.5211 1.631e-18 1.858e-18 1.761e-18 0.0 35.63 0.0
S088013 45.7684 82.5163 1.623e-16 4.241e-16 2.28e-15 0.0 35.45 1.0
S088014 45.7669 82.5119 3.306e-16 2.575e-16 1.101e-16 0.0 35.22 1.0
S088015 45.7706 82.5092 6.489e-16 4.894e-16 1.961e-16 0.0 35.02 0.0
S088016 45.7662 82.5001 5.448e-16 3.844e-16 1.423e-16 0.0 34.73 0.0
S088017 45.7924 82.5361 2.336e-13 3.128e-13 4.19e-13 0.0 36.17 0.0
S088018 45.7907 82.5399 8.154e-15 5.598e-15 1.926e-15 0.0 36.3 0.0
S088019 45.7894 82.5452 5.312e-17 7.552e-17 1.106e-16 0.0 36.5 1.0
S088020 45.787 82.5498 2.254e-16 1.745e-16 7.529e-17 0.0 36.72 1.0
S088021 45.7863 82.5583 6.042e-18 6.276e-18 4.902e-18 0.0 36.83 0.0
S088022 45.7852 82.5646 1.086e-15 7.761e-16 2.949e-16 0.0 36.97 0.0
S088023 45.7824 82.5665 2.318e-15 1.669e-15 6.099e-16 0.0 37.15 0.0
S088024 45.7792 82.5705 1.285e-16 1.017e-16 4.747e-17 0.0 37.2 0.0
S088025 45.7816 82.4595 1.175e-15 8.685e-16 3.57e-16 0.0 33.4 0.0
S088026 45.7848 82.4563 4.139e-21 7.96e-21 2.2170000000000002e-20 0.0 33.3 0.0
S088027 45.7839 82.4501 1.004e-12 7.352e-13 2.81e-13 0.0 33.24 0.0
S088028 45.788 82.4521 1.483e-15 4.866e-15 4.156e-14 0.0 33.26 1.0
S088029 45.7671 82.5876 1.179e-15 8.608e-16 3.303e-16 0.0 37.49 0.0
S088030 45.7928 82.4429 3.271e-17 2.914e-17 1.653e-17 0.0 33.15 1.0
S088031 45.7634 82.5896 1.765e-15 1.235e-15 4.2e-16 0.0 37.55 0.0
S088032 45.7992 82.4469 5.7e-13 3.887e-13 1.314e-13 0.0 33.3 0.0
S088033 45.799 82.4477 1.618e-16 1.31e-16 6.423e-17 0.0 33.28 0.0
S088034 45.8006 82.4541 4.249e-18 8.653e-18 2.777e-17 0.0 33.48 0.0
S088035 45.7558 82.5764 3.381e-16 2.663e-16 1.202e-16 0.0 37.08 1.0
S088036 45.7527 82.5741 1.172e-16 9.639e-17 4.956e-17 0.0 37.0 1.0
S088037 45.7514 82.5684 4.938e-19 6.246e-19 7.149e-19 0.0 36.86 0.0
S088038 45.7503 82.5613 3.379e-15 2.393e-15 8.624e-16 0.0 36.58 0.0
S088039 45.8092 82.4815 2.554e-17 2.291e-17 1.398e-17 0.0 34.34 0.0
S088040 45.8105 82.4886 1.989e-17 3.517e-17 7.919e-17 0.0 34.5 0.0
S088041 45.812 82.4955 2.576e-16 1.997e-16 8.773e-17 0.0 34.73 1.0
S088042 45.7477 82.5331 2.646e-16 1.98e-16 7.852e-17 0.0 35.77 0.0
S088043 45.7505 82.5194 1.698e-17 1.645e-17 1.139e-17 0.0 35.55 0.0
S088044 45.8122 82.523 1.34e-15 9.847e-16 3.821e-16 0.0 35.36 0.0
S088045 45.8106 82.5317 2.338e-16 1.824e-16 7.952e-17 0.0 35.54 1.0
S088046 45.7513 82.4909 1.882e-17 2.871e-17 4.916e-17 0.0 34.87 0.0
S088047 45.7543 82.4808 1.106e-17 1.076e-17 7.204e-18 0.0 34.64 0.0
S088048 45.8017 82.565 2.023e-15 1.377e-15 4.795e-16 0.0 36.3 0.0
S088049 45.7584 82.4567 1.319e-15 9.676e-16 3.698e-16 0.0 34.1 0.0
S088050 45.7609 82.4469 2.762e-15 1.953e-15 7.034e-16 0.0 34.0 0.0
S088051 45.7649 82.4402 1.406e-17 2.634e-17 7.27e-17 0.0 33.83 0.0
S088052 45.7656 82.4298 3.465e-17 5.57e-17 1.071e-16 0.0 33.68 0.0
S088053 45.7872 82.6103 1.081e-16 9.427e-17 5.035e-17 0.0 37.18 0.0
S088054 45.7838 82.6162 4.438e-16 3.347e-16 1.411e-16 0.0 37.44 1.0
S088055 45.7762 82.6188 3.47e-16 2.642e-16 1.145e-16 0.0 37.47 1.0
S088056 45.773 82.6254 3.489e-15 2.428e-15 8.539e-16 0.0 37.47 0.0
S088057 45.7687 82.6371 4.742e-15 3.334e-15 1.178e-15 0.0 37.61 0.0
S088058 45.7917 82.3901 2.837e-13 3.862e-13 5.234e-13 0.0 33.03 0.0
S088059 45.801 82.392 2.448e-15 1.703e-15 6.038e-16 0.0 33.01 0.0
S088060 45.7575 82.6441 1.443e-16 1.196e-16 5.918e-17 0.0 37.62 0.0
S088061 45.807 82.3876 1.174e-15 8.65e-16 3.278e-16 0.0 33.1 0.0
S088062 45.7493 82.6373 8.242e-13 8.761e-13 7.13e-13 0.0 37.57 1.0
S088063 45.7436 82.6357 1.148e-15 8.32e-16 3.189e-16 0.0 37.54 0.0
S088064 45.8189 82.403 1.945e-18 2.101e-18 1.801e-18 0.001 33.33 0.0
S088065 45.8222 82.4069 6.515e-16 4.969e-16 2.155e-16 0.0 33.42 0.0
S088066 45.7343 82.6173 4.997e-16 3.995e-16 1.764e-16 0.0 37.14 1.0
S088067 45.8253 82.4267 1.231e-15 8.917e-16 3.355e-16 0.0 33.8 0.0
S088068 45.7235 82.6033 4.225e-17 3.651e-17 1.939e-17 0.0 36.85 0.0
S088069 45.7347 82.5786 2.093e-15 1.522e-15 5.863e-16 0.0 36.57 0.0
S088070 45.7288 82.5745 1.603e-18 1.848e-18 1.811e-18 0.0 36.39 0.0
S088071 45.8321 82.478 1.613e-12 1.137e-12 4.233e-13 0.0 34.59 0.0
S088072 45.7297 82.5491 7.218e-15 4.932e-15 1.662e-15 0.0 35.94 0.0
S088073 45.729 82.5333 2.534e-17 3.905e-17 6.744e-17 0.0 35.73 0.0
S088074 45.7272 82.5095 5.611e-18 5.484e-18 3.887e-18 0.0 35.34 0.0
S088075 45.8291 82.5351 2.834e-17 5.222e-17 1.318e-16 0.0 35.53 0.0
S088076 45.8268 82.552 8.719e-17 7.455e-17 3.891e-17 0.0 35.82 0.0
S088077 45.7378 82.4723 3.914e-16 2.993e-16 1.258e-16 0.0 34.85 1.0
S088078 45.7425 82.4516 3.352e-15 2.364e-15 8.153e-16 0.0 34.46 0.0
S088079 45.8145 82.6022 5.056e-17 7.568e-17 1.245e-16 0.0 36.54 0.0
S088080 45.7515 82.4193 4.485e-16 3.539e-16 1.553e-16 0.0 34.08 1.0
S088081 45.7583 82.4002 3.739e-16 2.852e-16 1.224e-16 0.0 33.85 1.0
S088082 45.7604 82.3915 3.103e-21 2.188e-21 7.789999999999999e-22 0.0 33.6 0.0
S088083 45.7693 82.3826 9.55e-16 6.78e-16 2.559e-16 0.0 33.45 0.0
S088084 45.7853 82.6643 4.526e-17 3.831e-17 1.923e-17 0.0 37.39 0.0
S088085 45.7817 82.3537 1.955e-15 1.4e-15 5.163e-16 0.0 33.17 0.0
S088086 45.7866 82.3426 1.681e-16 1.377e-16 6.832e-17 0.0 33.13 0.0
S088087 45.7924 82.3513 1.445e-16 1.164e-16 5.586e-17 0.0 32.99 0.0
S088089 45.8028 82.3329 4.935e-16 3.694e-16 1.55e-16 0.0 33.0 1.0
S088090 45.8094 82.3305 3.162e-16 2.385e-16 9.816e-17 0.0 32.9 1.0
S088092 45.8243 82.3404 8.078e-16 6.023e-16 2.425e-16 0.0 33.08 0.0
S088093 45.8297 82.3456 4.408e-15 3.052e-15 1.017e-15 0.0 33.06 0.0
S088095 45.8411 82.3526 8.709e-15 5.939e-15 1.961e-15 0.0 33.26 0.0
S088096 45.7206 82.6599 1.047e-16 8.978e-17 4.868e-17 0.0 37.19 0.0
S088097 45.7174 82.6484 9.534e-13 6.591e-13 2.313e-13 0.0 37.13 0.0
S088098 45.7148 82.6306 3.901e-17 7.738e-17 2.38e-16 0.0 36.91 0.0
S088099 45.8464 82.4194 1.746e-16 1.368e-16 5.954e-17 0.0 34.08 0.0
S088100 45.7094 82.5994 3.943e-15 2.726e-15 9.641e-16 0.0 36.45 0.0
S088101 45.7051 82.5865 5.052e-16 3.719e-16 1.453e-16 0.001 36.24 0.0
S088102 45.8531 82.4633 8.131e-17 6.646e-17 3.252e-17 0.0 34.73 0.0
S088103 45.8475 82.4956 5.101e-15 3.47e-15 1.118e-15 0.0 35.04 0.0
S088104 45.8464 82.5078 8.735e-13 7.014e-13 3.153e-13 0.0 35.16 1.0
S088105 45.8484 82.5357 4.633e-17 4.004e-17 2.147e-17 0.0 35.46 0.0
S088106 45.8406 82.5589 3.064e-17 5.612e-17 1.404e-16 0.0 35.78 0.0
S088107 45.8361 82.5907 1.117e-17 1.938e-17 4.416e-17 0.0 36.1 0.0
S088108 45.8304 82.6052 5.4990000000000005e-21 1.0650000000000001e-20 2.9430000000000004e-20 0.0 36.35 0.0
S088109 45.7319 82.4075 2.05e-16 1.607e-16 7.128e-17 0.0 34.21 1.0
S088110 45.8216 82.6363 1.397e-17 1.323e-17 8.236e-18 0.0 36.67 0.0
S088111 45.8128 82.6573 1.812e-17 1.647e-17 1.005e-17 0.0 36.8 0.0
S088112 45.7536 82.3398 3.128e-15 2.3e-15 9.031e-16 0.0 33.73 0.0
S088113 45.7995 82.6854 3.456e-15 2.448e-15 8.803e-16 0.0 37.28 0.0
S088114 45.7731 82.5294 3.539e-19 4.492e-19 5.217e-19 0.0 36.6 0.0
S088115 45.7779 82.5333 1.222e-18 1.459e-18 1.468e-18 0.0 36.65 0.0
S088116 45.7803 82.5003 3.062e-20 4.782e-20 8.542e-20 0.0 34.13 0.0
S088117 45.7839 82.501 2.809e-16 2.11e-16 8.741e-17 0.001 34.19 1.0
S088118 45.7712 82.5335 2.338e-22 5.581e-22 2.4220000000000002e-21 0.0 36.53 0.0
S088119 45.7895 82.4999 4.564e-17 8.101e-17 1.91e-16 0.0 34.25 0.0
S088120 45.788 82.5034 1.096e-21 2.195e-21 6.62e-21 0.0 34.34 0.0
S088121 45.7722 82.5289 1.2199999999999999e-22 3.0899999999999995e-22 1.555e-21 0.0 36.25 0.0
S088122 45.7688 82.5302 1.831e-21 3.891e-21 1.3470000000000001e-20 0.0 36.28 0.0
S088123 45.7854 82.5053 3.255e-16 2.501e-16 1.069e-16 0.0 34.61 1.0
S088124 45.787 82.506 1.2229999999999998e-22 3.1529999999999997e-22 1.634e-21 0.0 34.67 0.0
S088125 45.7738 82.5241 3.285e-17 2.803e-17 1.439e-17 0.0 35.87 0.0
S088126 45.7711 82.5209 2.261e-16 1.833e-16 8.969e-17 0.0 35.68 0.0
S088127 45.7717 82.5198 1.31e-19 1.858e-19 2.761e-19 0.0 35.58 0.0
S088128 45.7671 82.5186 9.423e-17 7.552e-17 3.393e-17 0.0 35.59 0.0
S088129 45.7667 82.5175 1.254e-16 1.002e-16 4.715e-17 0.0 35.52 0.0
S088130 45.7919 82.5216 9.172e-17 7.397e-17 3.577e-17 0.0 35.54 0.0
S088131 45.7666 82.5064 1.518e-16 1.296e-16 6.675e-17 0.001 34.95 0.0
S088132 45.7925 82.5247 2.706e-21 5.423e-21 1.6510000000000002e-20 0.0 35.66 0.0
S088133 45.7931 82.5318 6.808e-16 4.952e-16 1.921e-16 0.0 35.95 0.0
S088134 45.7895 82.5309 8.107e-17 1.665e-16 5.443e-16 0.0 35.97 1.0
S088135 45.7911 82.5326 2.299e-17 3.673e-17 7.142e-17 0.0 36.11 0.0
S088136 45.7708 82.4878 1.075e-17 1.51e-17 2.25e-17 0.001 34.29 0.0
S088137 45.7719 82.4916 1.589e-22 3.891e-22 1.86e-21 0.0 34.32 0.0
S088138 45.7751 82.4849 5.782e-18 5.603e-18 3.84e-18 0.0 34.01 0.0
S088139 45.7909 82.5544 4.191e-18 4.469e-18 3.55e-18 0.0 36.8 0.0
S088140 45.7778 82.4763 4.604e-22 1.1130000000000001e-21 5.05e-21 0.0 33.7 0.0
S088141 45.7731 82.4737 1.395e-21 2.944e-21 1.006e-20 0.0 33.73 0.0
S088142 45.7756 82.4733 1.014e-17 1.612e-17 3.103e-17 0.0 33.64 0.0
S088143 45.7812 82.5623 3.591e-21 2.462e-21 8.369999999999999e-22 0.0 37.22 0.0
S088144 45.7794 82.5724 5.977e-16 4.355e-16 1.664e-16 0.0 37.27 0.0
S088145 45.7795 82.4583 6.207e-18 6.317e-18 4.747e-18 0.0 33.43 0.0
S088146 45.7809 82.4594 1.588e-16 1.205e-16 5.069e-17 0.0 33.27 0.0
S088147 45.7849 82.4561 2.0959999999999998e-22 4.737e-22 1.862e-21 0.0 33.29 0.0
S088148 45.7734 82.5804 2.844e-17 5.55e-17 1.678e-16 0.0 37.47 0.0
S088149 45.7705 82.5808 2.892e-19 3.695e-19 4.429e-19 0.0 37.45 0.0
S088150 45.7737 82.5845 1.898e-21 4.02e-21 1.374e-20 0.0 37.48 0.0
S088151 45.7924 82.4461 1.893e-16 1.505e-16 6.852e-17 0.0 33.26 0.0
S088152 45.7633 82.5889 1.364e-18 1.54e-18 1.434e-18 0.0 37.55 0.0
S088153 45.7982 82.4527 8.7e-22 1.868e-21 6.395e-21 0.0 33.24 0.0
S088154 45.797 82.4556 1.231e-15 8.955e-16 3.397e-16 0.0 33.32 0.0
S088155 45.8004 82.4466 9.161e-17 7.316e-17 3.466e-17 0.0 33.32 0.0
S088156 45.7588 82.5803 1.279e-16 3.738e-16 2.476e-15 0.0 37.28 1.0
S088157 45.8069 82.451 2.397e-16 1.915e-16 8.81e-17 0.0 33.47 0.0
S088158 45.7579 82.5705 8.309e-21 1.4200000000000002e-20 3.121e-20 0.0 37.21 0.0
S088159 45.804 82.4588 1.042e-17 1.027e-17 7.121e-18 0.0 33.71 0.0
S088160 45.8069 82.4588 1.314e-21 2.953e-21 1.13e-20 0.0 33.84 0.0
S088161 45.7442 82.5756 1.762e-17 1.626e-17 9.721e-18 0.0 36.8 0.0
S088162 45.8027 82.4763 3.987e-21 7.336000000000001e-21 1.8960000000000002e-20 0.0 34.12 0.0
S088163 45.7532 82.5523 2.128e-19 2.844e-19 3.693e-19 0.0 36.51 0.0
S088164 45.7506 82.5501 4.939e-25 2.117e-24 3.2e-23 0.0 36.25 0.0
S088165 45.8029 82.4944 9.969000000000001e-20 1.543e-19 2.674e-19 0.0 34.6 0.0
S088166 45.808 82.4983 8.706e-18 8.557e-18 6.009e-18 0.0 34.79 0.0
S088167 45.8032 82.5115 4.578e-16 3.516e-16 1.509e-16 0.0 35.13 1.0
S088168 45.8108 82.5081 2.174e-17 3.502e-17 6.801e-17 0.0 35.05 0.0
S088169 45.8067 82.5161 7.618e-17 6.219e-17 3.01e-17 0.0 35.27 0.0
S088170 45.7475 82.5161 3.232e-17 2.929e-17 1.707e-17 0.0 35.39 0.0
S088171 45.753 82.499 2.326e-19 3.138e-19 4.12e-19 0.0 35.05 0.0
S088172 45.8069 82.5463 2.284e-18 2.462e-18 2.109e-18 0.0 35.94 0.0
S088173 45.8046 82.5439 2.462e-23 6.995999999999999e-23 4.468e-22 0.0 35.91 0.0
S088174 45.7545 82.4765 1.156e-16 9.549e-17 4.585e-17 0.0 34.61 0.0
S088175 45.7502 82.4738 1.048e-17 1.01e-17 7.037e-18 0.0 34.55 0.0
S088176 45.8058 82.5794 4.772e-17 1.052e-16 4.006e-16 0.0 36.48 1.0
S088177 45.7584 82.451 2.213e-18 2.454e-18 2.234e-18 0.0 34.09 0.0
S088178 45.7655 82.4578 4.175e-16 3.164e-16 1.347e-16 0.0 34.03 1.0
S088179 45.7647 82.4443 3.484e-18 5.976e-18 1.341e-17 0.0 33.8 0.0
S088180 45.7642 82.4291 5.705e-19 6.92e-19 7.789e-19 0.0 33.74 0.0
S088181 45.7713 82.4378 1.988e-17 3.917e-17 1.164e-16 0.001 33.66 0.0
S088182 45.7866 82.6009 2.047e-16 1.609e-16 7.369e-17 0.0 37.21 1.0
S088183 45.7745 82.4226 2.4580000000000003e-20 3.852e-20 7.091000000000001e-20 0.0 33.37 0.0
S088184 45.7827 82.6307 2.157e-21 4.771e-21 1.7960000000000002e-20 0.0 37.43 0.0
S088185 45.787 82.4255 6.894e-17 6.064e-17 3.436e-17 0.0 33.22 0.0
S088186 45.7846 82.4091 3.958e-16 2.953e-16 1.183e-16 0.0 33.14 0.0
S088187 45.7854 82.4088 6.569e-23 1.7269999999999997e-22 9.183e-22 0.0 33.09 0.0
S088188 45.765 82.6301 1.563e-17 2.864e-17 6.97e-17 0.0 37.66 0.0
S088189 45.7636 82.6398 3.84e-17 3.359e-17 1.903e-17 0.0 37.73 0.0
S088190 45.7977 82.3989 1.093e-17 1.019e-17 6.564e-18 0.0 33.08 0.0
S088191 45.7979 82.3972 1.177e-14 7.844e-15 2.565e-15 0.0 33.04 0.0
S088192 45.7998 82.3874 3.17e-21 5.955e-21 1.5510000000000002e-20 0.0 33.06 0.0
S088193 45.7535 82.6449 6.046e-17 1.336e-16 5.054e-16 0.0 37.66 1.0
S088194 45.745 82.6346 2.233e-17 3.517e-17 6.536e-17 0.0 37.52 0.0
S088195 45.8115 82.4117 4.321e-20 6.837e-20 1.22e-19 0.0 33.2 0.0
S088196 45.8104 82.4004 8.488e-19 1.003e-18 1.024e-18 0.0 33.24 0.0
S088197 45.7331 82.6428 1.597e-18 1.78e-18 1.602e-18 0.0 37.4 0.0
S088198 45.7304 82.6373 7.708e-24 2.807e-23 3.0569999999999998e-22 0.0 37.31 0.0
S088199 45.8206 82.4124 1.226e-18 1.402e-18 1.359e-18 0.0 33.46 0.0
S088200 45.8234 82.42 1.607e-16 2.606e-16 5.187e-16 0.0 33.66 0.0
S088201 45.8279 82.4245 2.754e-17 4.142e-17 7.163e-17 0.0 33.72 0.0
S088202 45.8277 82.4341 1.343e-17 2.027e-17 3.373e-17 0.0 33.86 0.0
S088203 45.7388 82.5778 1.339e-18 1.518e-18 1.428e-18 0.0 36.6 0.0
S088204 45.734 82.5772 9.441e-21 1.6750000000000002e-20 3.8270000000000004e-20 0.0 36.48 0.0
S088205 45.827 82.4756 1.908e-22 4.738e-22 2.289e-21 0.0 34.53 0.0
S088206 45.8261 82.4793 1.034e-21 2.356e-21 9.39e-21 0.0 34.59 0.0
S088207 45.7346 82.5315 1.378e-17 1.304e-17 8.201e-18 0.0 35.74 0.0
S088208 45.7305 82.5417 4.679e-17 9.182e-17 2.635e-16 0.0 35.85 0.0
S088209 45.8262 82.5132 1.393e-20 2.47e-20 5.966e-20 0.0 35.18 0.0
S088210 45.8249 82.5058 4.144e-16 3.15e-16 1.328e-16 0.0 35.08 1.0
S088211 45.8235 82.5176 1.062e-17 1.053e-17 7.548e-18 0.0 35.2 0.0
S088212 45.8206 82.5408 3.202e-17 5.34e-17 1.133e-16 0.0 35.67 0.0
S088213 45.8259 82.5514 1.491e-20 2.5700000000000002e-20 5.606e-20 0.0 35.75 0.0
S088214 45.8174 82.5671 3.111e-17 5.385e-17 1.219e-16 0.0 36.05 0.0
S088215 45.7405 82.4638 9.25e-17 7.615e-17 3.665e-17 0.0 34.63 0.0
S088216 45.7439 82.4422 1.274e-17 1.264e-17 9.039e-18 0.0 34.38 0.0
S088217 45.8109 82.615 5.968000000000001e-20 8.996000000000001e-20 1.513e-19 0.0 36.62 0.0
S088218 45.7514 82.4292 7.524e-20 1.135e-19 1.955e-19 0.0 34.12 0.0
S088219 45.805 82.6189 6.433e-17 1.67e-16 8.462e-16 0.0 36.77 1.0
S088220 45.7564 82.4016 2.914e-18 3.061e-18 2.497e-18 0.0 33.76 0.0
S088221 45.7629 82.3955 4.706e-22 1.092e-21 4.6e-21 0.0 33.67 0.0
S088222 45.7665 82.3956 4.83e-19 6.165e-19 7.08e-19 0.0 33.52 0.0
S088223 45.7684 82.3796 3.259e-21 2.242e-21 7.871999999999999e-22 0.001 33.4 0.0
S088224 45.7806 82.6624 5.462e-17 1.039e-16 2.89e-16 0.0 37.46 0.0
S088225 45.7797 82.3636 8.494e-16 6.336e-16 2.483e-16 0.0 33.19 0.0
S088226 45.772 82.6797 3.517e-13 2.396e-13 8.215e-14 0.0 37.58 0.0
S088227 45.7845 82.3515 6.866e-18 6.898e-18 5.028e-18 0.0 33.04 0.0
S088229 45.7934 82.3375 1.157e-16 9.588e-17 4.574e-17 0.0 32.95 0.0
S088231 45.8059 82.3339 2.3129999999999998e-23 6.927e-23 4.919999999999999e-22 0.0 32.88 0.0
S088232 45.8133 82.3328 1.923e-17 1.899e-17 1.383e-17 0.0 32.92 0.0
S088233 45.8174 82.3425 3.025e-16 2.429e-16 1.104e-16 0.0 33.01 1.0
S088234 45.8156 82.3447 5.964e-16 4.503e-16 1.863e-16 0.0 32.84 1.0
S088237 45.827 82.3632 5.666e-17 9.746e-17 2.186e-16 0.0 33.16 0.0
S088238 45.825 82.3761 3.686e-16 2.78e-16 1.151e-16 0.001 33.17 1.0
S088239 45.7303 82.6511 2.846e-17 2.474e-17 1.321e-17 0.0 37.33 0.0
S088240 45.7161 82.6605 4.121e-20 6.25e-20 1.099e-19 0.0 37.14 0.0
S088241 45.8379 82.3903 7.058e-17 5.918e-17 2.996e-17 0.0 33.64 0.0
S088242 45.8448 82.3998 5.856e-17 9.211e-17 1.708e-16 0.0 33.79 0.0
S088243 45.8406 82.4079 6.893999999999999e-24 2.4559999999999998e-23 2.465e-22 0.0 33.81 0.0
S088244 45.8561 82.4069 3.283e-16 2.586e-16 1.179e-16 0.0 34.02 1.0
S088245 45.8399 82.4448 2.125e-12 1.895e-12 1.134e-12 0.0 34.23 1.0
S088246 45.8469 82.4471 5.935e-17 5.2e-17 2.894e-17 0.0 34.4 0.0
S088247 45.7027 82.5792 1.409e-16 1.126e-16 5.373e-17 0.0 36.13 0.0
S088248 45.7237 82.5426 5.789e-18 6.187e-18 4.999e-18 0.0 35.84 0.0
S088249 45.71 82.5306 1.809e-16 1.466e-16 6.853e-17 0.0 35.62 0.0
S088250 45.72 82.521 4.064e-17 3.538e-17 1.977e-17 0.001 35.5 0.0
S088251 45.7218 82.5072 1.793e-17 3.251e-17 8.177e-17 0.0 35.25 0.0
S088252 45.7204 82.4995 1.112e-17 1.052e-17 6.816e-18 0.0 35.21 0.0
S088253 45.8412 82.5698 5.248e-15 3.711e-15 1.294e-15 0.0 35.82 0.0
S088254 45.8384 82.5681 1.867e-16 1.508e-16 6.873e-17 0.0 35.87 0.0
S088255 45.7245 82.444 5.853e-17 5.239e-17 2.958e-17 0.0 34.58 0.0
S088256 45.8222 82.5836 6.185e-23 1.645e-22 8.887e-22 0.0 36.19 0.0
S088257 45.7293 82.4238 1.198e-17 2.071e-17 4.703e-17 0.0 34.32 0.0
S088258 45.7429 82.4119 9.212e-13 6.309e-13 2.148e-13 0.0 34.12 0.0
S088259 45.8163 82.653 1.95e-19 2.561e-19 3.261e-19 0.0 36.82 0.0
S088260 45.7537 82.3785 3.787e-16 2.831e-16 1.143e-16 0.0 33.77 0.0
S088261 45.7547 82.362 4.393e-16 3.385e-16 1.371e-16 0.0 33.66 1.0
S088263 45.7903 82.6958 6.787e-17 1.544e-16 6.215e-16 0.0 37.25 1.0
S098906 45.9158 82.4875 5.214e-18 5.184e-18 3.812e-18 0.0 47.71 0.0
S098931 45.8883 82.5221 8.892e-23 2.3629999999999996e-22 1.367e-21 0.0 51.18 0.0
S098954 45.8354 82.5977 5.074e-18 5.199e-18 3.826e-18 0.0 48.98 0.0
S098969 45.8741 82.5002 2.6470000000000004e-20 4.5160000000000005e-20 9.832000000000001e-20 0.0 48.23 0.0
S098970 45.7919 82.3548 3.294e-21 6.4020000000000004e-21 1.849e-20 0.0 51.89 0.0
S099020 45.7623 82.6254 8.8e-19 1.082e-18 1.215e-18 0.0 51.06 0.0
S099029 45.7718 82.5686 4.9280000000000004e-21 3.396e-21 1.176e-21 0.0 46.15 0.0
S099045 45.9022 82.4573 1.691e-23 5.675e-23 5.144999999999999e-22 0.0 51.45 0.0
S099050 45.8658 82.4676 3.325e-21 6.399e-21 1.829e-20 0.0 50.78 0.0
S099058 45.8498 82.3916 4.109e-18 4.397e-18 3.817e-18 0.0 49.64 0.0
S099069 45.9082 82.4765 5.52e-21 1.0840000000000001e-20 3.119e-20 0.0 47.25 0.0
S099124 45.8469 82.4344 3.346e-21 6.4500000000000005e-21 1.808e-20 0.0 48.53 0.0
S099168 45.8001 82.5766 2.423e-16 1.93e-16 8.697e-17 0.0 50.12 1.0
S099180 45.7777 82.5 2.033e-21 4.2980000000000004e-21 1.5170000000000002e-20 0.0 45.11 0.0
S099193 45.7636 82.4442 4.133e-24 1.492e-23 1.5529999999999998e-22 0.0 46.75 0.0
S099196 45.8058 82.4906 4.379e-19 5.576e-19 6.609e-19 0.0 47.19 0.0
S099209 45.9133 82.4103 7.892e-21 1.4340000000000002e-20 3.6120000000000005e-20 0.0 48.87 0.0
S099228 45.8072 82.462 3.293e-23 9.1e-23 5.374e-22 0.0 48.63 0.0
S099233 45.8431 82.5425 7.931e-20 1.198e-19 2.04e-19 0.0 47.91 0.0
S099240 45.878 82.4741 4.442e-21 3.08e-21 1.076e-21 0.0 48.15 0.0
S099253 45.8274 82.5933 2.912e-20 4.7390000000000004e-20 9.122e-20 0.0 46.09 0.0
S099285 45.8932 82.5439 1.552e-19 2.293e-19 3.601e-19 0.001 48.7 0.0
S099288 45.7147 82.5793 6.158e-21 1.216e-20 3.6000000000000003e-20 0.0 50.67 0.0
S099293 45.8987 82.4919 2.425e-24 9.788e-24 1.2859999999999998e-22 0.0 50.06 0.0
S099301 45.7852 82.5272 1.971e-18 2.228e-18 2.078e-18 0.0 50.69 0.0
S099321 45.865 82.5553 4.885e-21 9.775e-21 2.842e-20 0.0 48.76 0.0
S099322 45.8106 82.6089 1.927e-12 1.699e-12 9.495e-13 0.0 47.33 1.0
S099330 45.8301 82.4514 1.2539999999999999e-23 3.803e-23 2.6409999999999998e-22 0.0 49.02 0.0
S099351 45.7033 82.4933 3.333e-18 3.564e-18 2.857e-18 0.0 49.08 0.0
S099361 45.824 82.6436 3.679e-19 5.185e-19 7.546e-19 0.0 51.21 0.0
S099365 45.9279 82.4733 1.359e-18 1.545e-18 1.449e-18 0.0 48.49 0.0
S099375 45.8955 82.4308 4.141e-20 6.947e-20 1.462e-19 0.0 48.69 0.0
S099387 45.795 82.4385 2.106e-12 1.691e-12 7.894e-13 0.0 48.14 1.0
S099411 45.9105 82.489 9.874e-17 1.812e-16 4.479e-16 0.0 48.47 0.0
S099423 45.8055 82.389 3.486e-17 3.113e-17 1.824e-17 0.0 50.66 0.0
S099424 45.886 82.4303 1.752e-20 3.0120000000000004e-20 6.65e-20 0.0 47.95 0.0
S099444 45.7507 82.4123 4.248e-24 1.552e-23 1.5949999999999999e-22 0.0 45.45 0.0
S099464 45.9147 82.4823 5.816e-24 2.151e-23 2.399e-22 0.0 50.45 0.0
S099520 45.8602 82.4469 1.306e-21 2.7490000000000002e-21 9.119e-21 0.0 51.92 0.0
S099562 45.7709 82.399 6.102999999999999e-23 1.8119999999999997e-22 1.295e-21 0.0 47.91 0.0
S099605 45.9158 82.4754 5.902000000000001e-20 9.256000000000001e-20 1.782e-19 0.0 50.96 0.0
S099611 45.893 82.5443 6.642999999999999e-22 1.631e-21 7.531e-21 0.0 50.79 0.0
S099644 45.8969 82.5447 5.371e-19 6.672e-19 7.588e-19 0.0 49.77 0.0
S099647 45.9065 82.4808 2.758e-21 5.274e-21 1.5e-20 0.0 46.69 0.0
S099651 45.8874 82.4672 4.4830000000000004e-20 7.187e-20 1.423e-19 0.0 48.69 0.0
S099673 45.7551 82.3868 8.896e-23 2.5339999999999996e-22 1.581e-21 0.0 50.7 0.0
S099685 45.8152 82.5216 5.703e-24 2.06e-23 2.1189999999999996e-22 0.0 46.62 0.0
S099689 45.8451 82.4618 3.947e-21 7.573e-21 2.0850000000000003e-20 0.0 48.77 0.0
S099691 45.8509 82.514 3.612e-19 4.832e-19 6.129e-19 0.0 48.98 0.0
S099705 45.8259 82.4496 2.989e-20 4.948e-20 1.032e-19 0.0 46.87 0.0
S099718 45.8165 82.5687 4.365e-22 1.034e-21 4.505e-21 0.0 45.84 0.0
S099722 45.8191 82.3679 1.397e-19 2e-19 2.999e-19 0.001 47.97 0.0
S099725 45.8847 82.4012 9.325e-21 1.7750000000000002e-20 4.859e-20 0.0 49.97 0.0
S099762 45.7788 82.564 1.985e-18 2.314e-18 2.247e-18 0.0 45.68 0.0
