Name Equatorial Polar BlueF GreenF RedF Parallax RadialVelocity Variable?
S427027 63.0009 33.9973 7.397999999999999e-24 2.21e-23 1.515e-22 0.0 79.12 0.0
S427028 62.9716 34.0145 5.557e-24 1.829e-23 1.629e-22 0.0 78.2 0.0
S427029 62.9762 33.9824 1.049e-20 1.8240000000000002e-20 4.1170000000000004e-20 0.0 79.83 0.0
S427030 63.0232 33.944 8.215e-13 5.86e-13 2.179e-13 0.0 80.84 0.0
S427031 62.9849 33.9914 5.604e-23 1.4909999999999999e-22 8.138999999999999e-22 0.0 79.25 0.0
S427032 62.9726 34.0111 7.384e-23 2.1269999999999997e-22 1.3420000000000001e-21 0.0 78.35 0.0
S427033 62.9845 33.9933 3.727e-24 1.244e-23 1.096e-22 0.0 78.33 0.0
S427034 63.0008 33.9874 1.942e-19 2.519e-19 3.114e-19 0.0 80.21 0.0
S427035 62.9917 33.9998 1.162e-22 3.112e-22 1.761e-21 0.0 78.82 0.0
S427036 62.9803 33.9909 4.167e-17 8.43e-17 2.545e-16 0.0 79.49 0.0
S427037 63.0179 33.987 4.791e-23 1.369e-22 8.887e-22 0.0 79.97 0.0
S427038 62.9814 34.0099 2.142e-17 1.818e-17 9.568e-18 0.0 78.39 0.0
S427039 62.9972 34.0349 2.391e-20 3.7040000000000003e-20 6.387e-20 0.0 78.85 0.0
S427040 62.9976 33.9674 2.1489999999999997e-22 5.055999999999999e-22 2.178e-21 0.0 80.94 0.0
S427041 62.9925 33.9846 9.993e-21 1.694e-20 3.7780000000000005e-20 0.0 80.31 0.0
S427042 62.9949 33.978 8.251e-31 1.6189999999999998e-29 6.0119999999999995e-27 0.0 80.89 0.0
S427043 62.979 34.0117 4.686e-23 1.295e-22 7.559e-22 0.0 78.2 0.0
S427044 63.0185 33.9801 1.129e-21 2.3270000000000002e-21 7.786000000000001e-21 0.0 80.23 0.0
S427045 62.9823 34.0268 2.548e-21 5.107e-21 1.545e-20 0.0 78.48 0.0
S427046 62.9898 33.9908 2.35e-23 6.943999999999999e-23 4.71e-22 0.0 81.51 0.0
S427047 62.9871 33.9906 2.84e-19 3.436e-19 3.709e-19 0.0 79.77 0.0
S427048 62.9828 34.0014 4.186e-17 1.087e-16 5.867e-16 0.0 78.76 1.0
S427049 63.0347 33.9731 1.515e-21 1.067e-21 3.912e-22 0.0 80.07 0.0
S427050 62.9899 33.9907 1.972e-18 2.014e-18 1.545e-18 0.0 80.88 0.0
S427051 63.0046 34.0059 1.194e-21 2.528e-21 8.852e-21 0.0 79.35 0.0
S427052 63.0125 33.9687 6.3660000000000004e-21 1.1070000000000001e-20 2.5370000000000003e-20 0.0 80.92 0.0
S427053 62.9784 34.0132 7.583e-13 6.348e-13 3.202e-13 0.0 78.14 1.0
S427054 62.9685 34.0218 1.8160000000000003e-20 2.9580000000000003e-20 5.855e-20 0.0 78.12 0.0
S427055 62.9661 33.9603 4.753e-17 3.903e-17 1.906e-17 0.0 79.96 0.0
S427056 62.978 33.9959 4.787e-13 3.395e-13 1.25e-13 0.0 78.84 0.0
S427057 62.9865 33.9852 1.849e-20 2.856e-20 5.183e-20 0.0 80.0 0.0
S427058 62.9742 34.0107 3.289e-22 7.167999999999999e-22 2.659e-21 0.0 78.5 0.0
S427059 62.98 33.9882 7.117999999999999e-22 1.631e-21 6.6640000000000005e-21 0.0 79.92 0.0
S427060 63.0013 33.9874 3.617e-20 5.689e-20 1.04e-19 0.0 80.21 0.0
S427061 62.9876 33.9813 1.5480000000000002e-20 2.747e-20 6.584e-20 0.0 80.62 0.0
S427062 62.9576 34.0359 7.695000000000001e-26 3.9470000000000003e-25 8.333e-24 0.0 78.2 0.0
S427063 62.9842 33.9897 5.541999999999999e-22 1.2200000000000001e-21 4.696e-21 0.0 80.44 0.0
S427064 62.9678 33.9921 1.3409999999999998e-22 3.2129999999999998e-22 1.416e-21 0.0 79.46 0.0
S427065 62.96 34.0548 6.48e-13 4.801e-13 1.858e-13 0.0 78.27 0.0
S427066 63.0189 33.9981 2.122e-13 1.431e-13 4.671e-14 0.0 79.51 0.0
S427067 62.977 33.9902 4.657e-23 1.1039999999999998e-22 4.648e-22 0.0 79.51 0.0
S427068 62.9666 33.9997 3.2349999999999997e-22 6.887e-22 2.489e-21 0.0 78.23 0.0
S427069 62.9526 34.0324 2.59e-22 5.838999999999999e-22 2.247e-21 0.0 78.51 0.0
S427070 62.9695 34.0232 1.578e-17 1.375e-17 7.452e-18 0.0 78.22 0.0
S427071 62.9341 34.0273 3.068e-23 7.908e-23 4.1019999999999996e-22 0.0 78.76 0.0
S427072 62.9545 34.014 5.382e-23 1.5899999999999998e-22 1.077e-21 0.0 79.0 0.0
S427073 62.9878 34.0041 2.422e-17 2.105e-17 1.134e-17 0.0 78.65 0.0
S427074 62.9847 33.9891 4.563e-25 1.92e-24 2.6329999999999998e-23 0.0 79.84 0.0
S427075 62.9808 34.0071 1.008e-18 1.191e-18 1.237e-18 0.0 78.27 0.0
S427076 62.9747 34.0072 2.781e-23 7.266999999999999e-23 3.793e-22 0.0 78.25 0.0
S427077 62.9787 34.0231 2.1450000000000002e-20 3.272e-20 5.522e-20 0.0 78.09 0.0
S427078 62.9828 34.0352 2.172e-23 5.692999999999999e-23 3.125e-22 0.0 78.43 0.0
S427079 63.0121 33.965 5.333e-21 9.878000000000001e-21 2.5510000000000003e-20 0.0 80.83 0.0
S427080 62.9876 33.9942 2.096e-21 4.248e-21 1.3220000000000002e-20 0.0 78.39 0.0
S427081 62.9895 33.9922 6.316e-23 1.6209999999999999e-22 8.405e-22 0.0 79.01 0.0
S427082 62.9371 34.0998 1.2000000000000001e-20 2.036e-20 4.3430000000000006e-20 0.0 78.35 0.0
S427083 62.9985 33.9946 8.542e-17 1.423e-16 2.936e-16 0.0 79.45 0.0
S427084 63.0126 33.8172 1.779e-17 3.226e-17 8.419e-17 0.0 80.38 0.0
S427085 62.9731 33.9956 1.447e-21 2.939e-21 9.368e-21 0.0 79.13 0.0
S427086 62.9951 33.9914 3.403e-23 9.424e-23 5.8759999999999995e-22 0.0 80.24 0.0
S427087 62.9983 33.9732 1.1570000000000001e-20 1.9470000000000003e-20 4.0270000000000004e-20 0.0 80.99 0.0
S427088 62.9907 33.9931 1.7909999999999998e-22 4.302e-22 1.901e-21 0.0 79.38 0.0
S427089 62.9965 33.9673 1.049e-23 3.341e-23 2.7349999999999996e-22 0.0 81.06 0.0
S427090 62.9881 33.9917 7.925e-26 3.9200000000000004e-25 7.806e-24 0.0 79.58 0.0
S427091 63.0253 33.9565 8.768e-13 6.66e-13 2.793e-13 0.0 80.73 1.0
S427092 63.001 34.0553 3.619e-24 1.109e-23 8.558e-23 0.0 78.93 0.0
S427093 62.998 33.987 2.074e-20 3.0890000000000004e-20 5.1230000000000006e-20 0.0 80.19 0.0
S427094 63.0073 33.9808 5.2109999999999996e-23 1.6209999999999999e-22 1.261e-21 0.0 80.15 0.0
S427095 63.0064 33.9853 5.949e-18 5.983e-18 4.586e-18 0.0 80.1 0.0
S427096 63.0044 33.9837 2.294e-21 4.457e-21 1.2550000000000001e-20 0.0 80.36 0.0
S427097 62.9867 34.0185 1.964e-17 1.79e-17 1.033e-17 0.0 78.56 0.0
S427098 62.9624 34.0281 8.552e-23 2.145e-22 1.02e-21 0.0 78.14 0.0
S427099 62.9488 34.0291 5.766e-23 1.51e-22 8.125999999999999e-22 0.0 78.52 0.0
S427100 62.9597 34.0058 1.519e-19 1.936e-19 2.308e-19 0.0 78.77 0.0
S427101 63.0166 33.982 1.862e-19 2.423e-19 3.024e-19 0.0 79.88 0.0
S427102 62.9803 33.9878 2.099e-23 6.604e-23 5.295999999999999e-22 0.0 79.8 0.0
S427103 62.9999 33.9526 3.234e-17 4.569e-17 6.568e-17 0.0 80.95 0.0
S427104 62.9938 33.9991 2.644e-19 3.091e-19 3.134e-19 0.0 79.05 0.0
S427105 62.996 34.0008 9.258e-25 3.485e-24 3.776e-23 0.0 79.16 0.0
S427106 62.9885 33.9868 4.041e-24 1.439e-23 1.437e-22 0.0 80.39 0.0
S427107 62.987 34.0129 4.1649999999999997e-23 1.073e-22 5.587999999999999e-22 0.0 78.49 0.0
S427108 63.0001 34.0489 4.456e-18 4.537e-18 3.31e-18 0.0 78.86 0.0
S427109 62.9989 34.001 1.8920000000000003e-20 3.029e-20 5.686e-20 0.0 78.99 0.0
S427110 62.9559 33.9835 6.653e-22 1.405e-21 4.792e-21 0.0 79.61 0.0
S427111 63.0097 33.9211 5.439000000000001e-20 7.755000000000001e-20 1.19e-19 0.0 80.61 0.0
S427112 62.973 34.0067 2.3959999999999998e-23 6.385e-23 3.526e-22 0.0 78.45 0.0
S427113 62.9466 34.0541 1.06e-21 2.284e-21 8.105e-21 0.0 78.34 0.0
S427114 62.9895 33.9383 1.8820000000000002e-20 3.1090000000000004e-20 6.285e-20 0.0 80.24 0.0
S427115 62.9907 33.9886 2.872e-22 5.323999999999999e-22 1.368e-21 0.0 80.78 0.0
S427116 63.0039 33.911 4.7109999999999997e-23 1.217e-22 6.585999999999999e-22 0.0 80.57 0.0
S427117 62.9955 33.9859 1.888e-27 1.422e-26 7.109e-25 0.0 80.2 0.0
S427118 62.9933 33.9792 1.982e-23 5.810999999999999e-23 4.0489999999999995e-22 0.0 80.83 0.0
S427119 62.9707 34.0148 1.436e-20 2.401e-20 5.0060000000000006e-20 0.0 78.14 0.0
S427120 63.0 33.9899 4.184e-19 4.985e-19 5.115e-19 0.0 80.17 0.0
S427121 62.9119 34.132 1.911e-19 2.457e-19 3.017e-19 0.0 78.38 0.0
S427122 62.979 33.9897 1.596e-19 2.115e-19 2.706e-19 0.0 80.48 0.0
S427123 62.9961 33.9836 8.878e-24 2.618e-23 1.8139999999999998e-22 0.0 80.54 0.0
S427124 62.9719 34.0014 1.204e-19 1.722e-19 2.512e-19 0.0 78.96 0.0
S427125 62.9529 34.0399 2.526e-22 5.646999999999999e-22 2.176e-21 0.0 78.27 0.0
S427126 62.9711 34.0152 3.402e-25 1.41e-24 2.028e-23 0.0 78.18 0.0
S427127 62.9927 33.9794 2.0909999999999997e-22 4.275e-22 1.39e-21 0.0 80.22 0.0
S427128 62.9082 33.9384 1.6780000000000003e-20 2.691e-20 5.154e-20 0.0 79.77 0.0
S427129 62.9768 33.9997 7.06e-23 1.6879999999999999e-22 7.549999999999999e-22 0.0 78.81 0.0
S427130 62.986 33.9905 2.5550000000000003e-20 3.711e-20 6.021e-20 0.0 80.75 0.0
S427131 62.9906 33.9538 3.784e-19 4.492e-19 4.819e-19 0.0 80.43 0.0
S427132 63.0139 33.9581 9.932e-24 2.919e-23 1.964e-22 0.0 80.83 0.0
S427133 62.9996 33.9786 1.111e-20 1.8830000000000002e-20 3.9920000000000005e-20 0.0 80.8 0.0
S427134 62.9899 33.9996 7.194999999999999e-23 1.667e-22 6.9759999999999995e-22 0.0 78.67 0.0
S427135 63.047 33.9513 1.558e-21 1.1e-21 3.971e-22 0.0 80.23 1.0
S427136 62.9578 34.005 1.239e-21 2.338e-21 6.131e-21 0.0 78.92 0.0
S427137 63.0312 33.9665 1.111e-17 1.035e-17 6.593e-18 0.0 80.75 0.0
S427138 62.9567 33.979 2.2090000000000003e-20 3.443e-20 6.135e-20 0.0 79.66 0.0
S427139 62.9855 33.9859 3.012e-23 7.307e-23 3.3139999999999996e-22 0.0 80.25 0.0
S427140 63.0117 33.9872 2.297e-24 7.391e-24 6.102999999999999e-23 0.0 79.91 0.0
S427141 62.9966 33.9496 1.859e-16 1.427e-16 5.976e-17 0.0 80.47 1.0
S427142 63.0045 33.9827 3.0550000000000003e-20 4.7940000000000004e-20 8.520000000000001e-20 0.0 80.35 0.0
S427143 62.9749 34.0114 1.317e-21 9.639999999999999e-22 3.6729999999999997e-22 0.0 78.27 0.0
S427144 63.0112 34.0191 4.0760000000000004e-20 5.961000000000001e-20 9.294000000000001e-20 0.0 79.28 0.0
S427145 62.9795 33.9987 2.5870000000000002e-20 3.94e-20 6.494000000000001e-20 0.0 78.57 0.0
S427146 62.8981 34.0125 5.484e-25 2.078e-24 2.348e-23 0.0 79.33 0.0
S427147 62.9843 33.9854 5.560999999999999e-22 1.1190000000000001e-21 3.401e-21 0.0 80.29 0.0
S427148 62.9971 33.9877 1.374e-21 2.93e-21 9.881e-21 0.0 79.95 0.0
S427149 63.0093 33.9541 2.204e-22 5.223e-22 2.251e-21 0.0 81.03 0.0
S427150 62.9474 34.1046 6.763000000000001e-26 3.519e-25 8.132e-24 0.0 78.34 0.0
S427151 62.989 33.9983 1.8240000000000002e-20 3.021e-20 6.274000000000001e-20 0.0 78.63 0.0
S427152 62.9896 34.0038 8.269999999999999e-23 2.256e-22 1.371e-21 0.0 79.09 0.0
S427153 62.9786 33.9846 1.102e-18 1.242e-18 1.127e-18 0.0 79.91 0.0
S427154 62.9985 33.9865 2.451e-22 5.870999999999999e-22 2.546e-21 0.0 80.48 0.0
S427155 62.9898 33.9655 1.993e-21 3.811e-21 1.0460000000000001e-20 0.0 81.04 0.0
S427156 62.9969 33.9644 9.419e-23 2.192e-22 9.154e-22 0.0 81.04 0.0
S427157 62.9905 33.9715 1.517e-23 4.3239999999999997e-23 2.6779999999999997e-22 0.0 80.39 0.0
S427158 62.9868 34.0028 2.069e-17 1.747e-17 9.242e-18 0.0 78.73 0.0
S427159 63.0359 33.9122 4.552e-23 1.1119999999999998e-22 5.349999999999999e-22 0.0 80.84 0.0
S427160 63.0116 33.9389 1.0009999999999999e-22 2.266e-22 8.788e-22 0.0 80.92 0.0
S427161 62.9604 34.0086 1.9920000000000003e-20 3.1290000000000005e-20 5.784e-20 0.0 78.94 0.0
S427162 63.0072 33.9881 2.819e-21 5.301e-21 1.459e-20 0.0 79.96 0.0
S427163 63.0086 33.961 6.5440000000000004e-21 1.204e-20 3.1440000000000004e-20 0.0 80.8 0.0
S427164 62.9921 34.0014 1.728e-20 2.8180000000000005e-20 5.737e-20 0.0 78.52 0.0
S427165 63.015 33.9549 1.797e-21 3.2780000000000002e-21 8.041e-21 0.0 80.97 0.0
S427166 62.9333 34.0445 3.9999999999999997e-22 8.421999999999999e-22 2.849e-21 0.0 78.51 0.0
S427167 62.9753 34.0932 3.3489999999999997e-23 8.575e-23 4.427e-22 0.0 78.61 0.0
S427168 62.9976 33.9999 2.975e-24 9.27e-24 7.387e-23 0.0 79.31 0.0
S427169 63.0588 33.9244 3.772e-18 3.768e-18 2.794e-18 0.0 80.58 0.0
S427170 62.9634 34.023 1.3540000000000001e-20 2.3270000000000003e-20 5.0690000000000005e-20 0.0 78.29 0.0
S427171 63.0151 33.933 2.4070000000000002e-20 3.906e-20 7.553000000000001e-20 0.0 80.93 0.0
S427172 62.9674 34.0157 6.43e-21 1.051e-20 2.0540000000000003e-20 0.0 78.34 0.0
S427173 62.9245 33.9997 2.5279999999999997e-22 6.297e-22 2.953e-21 0.0 79.33 0.0
S427174 62.9861 33.9999 7.068e-22 1.426e-21 4.235e-21 0.0 78.77 0.0
S427175 63.0141 33.9829 1.501e-21 3.01e-21 9.287e-21 0.0 80.0 0.0
S427176 62.957 34.0271 1.196e-21 2.406e-21 7.161e-21 0.0 78.37 0.0
S427177 62.9933 33.9964 9.275e-18 1.926e-17 6.202e-17 0.0 79.17 0.0
S427178 62.981 33.9922 7.029999999999999e-22 1.371e-21 3.943e-21 0.0 78.89 0.0
S427179 62.9746 33.9949 5.144999999999999e-22 1.159e-21 4.57e-21 0.0 78.85 0.0
S427180 63.0004 33.9786 1.356e-21 9.777999999999998e-22 3.5469999999999997e-22 0.0 80.68 0.0
S427181 63.0046 33.9844 1.022e-19 1.369e-19 1.766e-19 0.0 80.04 0.0
S427182 62.9809 33.9935 1.876e-21 1.319e-21 4.652999999999999e-22 0.0 79.3 0.0
S427183 62.952 34.0698 7.655e-17 1.278e-16 2.639e-16 0.0 78.32 0.0
S427184 62.9758 34.01 1.238e-24 4.787e-24 5.799e-23 0.0 78.47 0.0
S427185 62.975 34.0156 7.07e-18 6.799e-18 4.69e-18 0.0 78.17 0.0
S427186 62.9999 33.9742 1.34e-22 3.4559999999999996e-22 1.823e-21 0.0 80.93 0.0
S427187 63.0119 33.9376 2.0149999999999999e-22 4.726999999999999e-22 1.994e-21 0.0 80.83 0.0
S427188 63.0002 33.9778 2.1829999999999998e-23 6.65e-23 5.023999999999999e-22 0.0 80.74 0.0
S427189 62.9345 34.1073 2.8380000000000002e-21 5.397e-21 1.498e-20 0.0 78.32 0.0
S427190 63.0089 33.9752 4.862999999999999e-22 1.067e-21 3.856e-21 0.0 80.93 0.0
S427191 62.9345 34.0932 1.367e-21 2.534e-21 6.7220000000000004e-21 0.0 78.34 0.0
S427192 62.9947 33.9777 1.098e-18 1.2e-18 1.038e-18 0.0 80.77 0.0
S427193 62.9851 33.9938 3.451e-22 8.138999999999999e-22 3.534e-21 0.0 78.22 0.0
S427194 63.0006 33.9993 5.318e-23 1.414e-22 7.745999999999999e-22 0.0 79.41 0.0
S427195 62.9895 34.0004 1.703e-23 4.654e-23 2.6749999999999996e-22 0.0 78.62 0.0
S427196 62.9922 33.9933 2.225e-19 2.81e-19 3.223e-19 0.0 78.26 0.0
S427197 62.9974 33.9871 1.148e-21 8.597999999999999e-22 3.34e-22 0.0 79.94 0.0
S427198 62.9843 33.992 1.008e-21 1.926e-21 5.401e-21 0.0 78.4 0.0
S427199 62.9825 33.9585 6.031e-21 1.0770000000000002e-20 2.5480000000000003e-20 0.0 80.41 0.0
S427200 62.9539 33.9987 5.679e-18 5.244e-18 3.178e-18 0.0 79.0 0.0
S427201 62.9721 33.9924 3.463e-21 6.526e-21 1.743e-20 0.0 79.31 0.0
S427202 62.9922 34.0111 6.663e-18 6.131e-18 3.871e-18 0.0 78.37 0.0
S427203 62.9997 33.9729 1.8680000000000003e-20 2.862e-20 5.073e-20 0.0 80.96 0.0
S427204 62.9967 33.988 7.923999999999999e-22 1.747e-21 6.673e-21 0.0 80.1 0.0
S427205 63.0303 34.0525 1.239e-19 1.596e-19 2.015e-19 0.0 79.1 0.0
S427206 62.9803 33.9907 6.237e-24 2.153e-23 2.0999999999999998e-22 0.0 79.49 0.0
S427207 62.9527 34.0119 1.035e-24 3.735e-24 3.7939999999999996e-23 0.001 78.82 0.0
S427208 62.9917 34.0127 3.078e-20 4.638e-20 7.817e-20 0.0 78.82 0.0
S427209 62.9574 34.0605 4.279e-19 4.97e-19 4.999e-19 0.0 78.46 0.0
S427210 62.9512 34.0172 8.269e-23 2.0259999999999999e-22 9.733e-22 0.0 78.63 0.0
S427211 62.9917 33.9891 1.634e-21 1.144e-21 4.0739999999999997e-22 0.0 79.94 0.0
S427212 62.9762 33.9871 2.683e-18 2.723e-18 2.053e-18 0.0 79.71 0.0
S427213 63.0093 33.9903 1.098e-21 8.256e-22 3.2869999999999997e-22 0.0 79.7 0.0
S427214 63.014 33.9966 9.482e-24 3.129e-23 2.651e-22 0.0 79.51 0.0
S427215 62.975 34.0121 3.772e-22 7.839e-22 2.558e-21 0.0 78.18 0.0
S427216 62.9546 33.9755 1.242e-21 2.246e-21 5.547e-21 0.0 79.69 0.0
S427217 63.007 33.9665 1.986e-21 3.625e-21 9.245e-21 0.0 81.02 0.0
S427218 62.9388 34.0097 2.186e-21 1.49e-21 4.945e-22 0.0 79.05 0.0
S427219 63.0878 33.8979 2.925e-23 7.211e-23 3.356e-22 0.0 80.56 0.0
S427220 62.9892 33.9921 3.29e-22 7.978999999999999e-22 3.671e-21 0.0 79.24 0.0
S427221 62.9972 33.9874 2.104e-21 4.115e-21 1.206e-20 0.001 80.52 0.0
S427222 62.9222 34.0446 2.0140000000000002e-20 3.259e-20 6.299e-20 0.0 78.83 0.0
S427223 63.0017 33.9941 7.180999999999999e-23 1.8639999999999997e-22 9.891e-22 0.0 78.88 0.0
S427224 62.9887 33.9885 8.248e-21 1.4710000000000003e-20 3.677e-20 0.0 80.1 0.0
S427225 62.995 33.9347 7.663e-22 1.453e-21 4.045e-21 0.0 80.46 0.0
S427226 62.9102 34.1263 2.022e-20 3.228e-20 5.869e-20 0.0 78.36 0.0
S427227 63.003 33.9713 6.819e-13 4.893e-13 1.839e-13 0.0 80.96 0.0
S427228 63.0016 34.1025 1.827e-21 1.254e-21 4.378e-22 0.0 78.94 0.0
S427229 62.986 33.9945 7.363e-25 3.005e-24 3.991e-23 0.0 79.05 1.0
S427230 63.0479 33.9661 1.7389999999999998e-22 4.1829999999999996e-22 1.867e-21 0.0 80.0 0.0
S427231 62.9746 33.9898 6.826e-21 1.1600000000000001e-20 2.4940000000000002e-20 0.0 79.53 0.0
S427232 63.0224 33.9529 1.1519999999999998e-22 2.993e-22 1.52e-21 0.0 80.78 0.0
S427233 62.9576 34.0192 6.803e-21 1.1840000000000002e-20 2.6300000000000003e-20 0.0 78.64 0.0
S427234 62.9934 34.0454 1.36e-23 4.407e-23 3.6879999999999997e-22 0.0 78.92 0.0
S427235 62.9698 34.008 2.132e-22 5.295999999999999e-22 2.508e-21 0.0 78.55 0.0
S427236 62.9849 33.9375 3.951e-23 1.0509999999999999e-22 5.828999999999999e-22 0.0 80.28 0.0
S427237 62.9846 34.032 8.139999999999999e-22 1.702e-21 5.644e-21 0.0 78.47 0.0
S427238 62.988 34.0122 2.522e-20 4.052e-20 7.388000000000001e-20 0.0 78.57 0.0
S427239 63.0221 33.9753 1.964e-19 2.665e-19 3.47e-19 0.0 80.19 0.0
S427240 63.0091 34.0069 1.861e-21 1.293e-21 4.496e-22 0.0 79.37 0.0
S427241 62.9941 33.9883 3.992e-21 6.819e-21 1.5130000000000002e-20 0.0 80.14 0.0
S427242 62.9473 33.9852 2.868e-18 2.925e-18 2.217e-18 0.0 79.58 0.0
S427243 63.0129 33.9522 2.517e-25 1.142e-24 1.914e-23 0.0 80.99 0.0
S427244 62.9914 33.9908 3.426e-21 6.7230000000000004e-21 1.957e-20 0.0 80.18 0.0
S427245 62.9737 34.0082 1.458e-18 1.536e-18 1.271e-18 0.0 78.91 0.0
S427246 62.9983 33.9794 1.244e-22 3.326e-22 1.898e-21 0.0 80.63 0.0
S427247 62.8695 34.1423 2.5039999999999996e-22 5.557999999999999e-22 2.093e-21 0.0 78.53 0.0
S427248 62.9646 34.019 7.498e-24 2.221e-23 1.5309999999999998e-22 0.0 78.52 0.0
S427249 62.9915 33.9973 6.150999999999999e-22 1.245e-21 3.771e-21 0.0 78.56 0.0
S427250 62.9951 33.9938 1.054e-18 1.152e-18 9.839e-19 0.0 79.44 0.0
S427251 62.9875 34.0033 9.354e-19 1.05e-18 9.218e-19 0.0 78.72 0.0
S427252 62.9898 33.9848 3.0639999999999997e-22 6.720999999999999e-22 2.453e-21 0.0 80.27 0.0
S427253 62.9571 34.0154 1.575e-24 5.426e-24 5.361e-23 0.0 78.62 0.0
S427254 63.018 33.9848 1.3190000000000001e-20 2.1520000000000002e-20 4.099e-20 0.0 80.06 0.0
S427255 62.9662 34.0287 4.299e-23 1.1109999999999998e-22 5.929999999999999e-22 0.0 78.12 0.0
S427256 62.9984 33.9918 3.9380000000000004e-20 6.105e-20 1.059e-19 0.0 79.68 0.0
S427257 62.9918 33.9752 6.931e-24 2.25e-23 1.808e-22 0.0 80.89 0.0
S427258 63.0013 33.9793 5.4870000000000005e-21 9.500000000000001e-21 2.167e-20 0.0 80.88 0.0
S427259 62.9659 34.0112 4.1700000000000006e-20 6.341e-20 1.055e-19 0.0 78.23 0.0
S427260 62.9874 33.9891 3.2769999999999996e-23 9.016e-23 5.259999999999999e-22 0.0 80.13 0.0
S427261 62.9904 33.9923 1.566e-22 3.2979999999999995e-22 1.123e-21 0.0 79.52 0.0
S427262 62.9768 33.9599 8.021000000000001e-20 1.132e-19 1.663e-19 0.0 80.3 0.0
S427263 62.9898 33.9918 2.22e-24 7.191e-24 5.968e-23 0.0 79.59 0.0
S427264 63.0246 33.9739 6.5599999999999995e-22 1.4400000000000001e-21 5.269e-21 0.0 80.29 0.0
S427265 62.9991 33.9923 5.195e-18 4.951e-18 3.24e-18 0.0 79.96 0.0
S427266 62.9894 33.996 8.722999999999999e-23 2.243e-22 1.16e-21 0.0 79.19 0.0
S427267 62.9929 33.9844 2.149e-17 4.328e-17 1.287e-16 0.0 80.51 0.0
S427268 62.9949 33.9998 3.956e-21 7.174e-21 1.797e-20 0.0 79.12 0.0
S427269 62.9542 34.0696 2.414e-21 1.607e-21 5.188999999999999e-22 0.0 78.5 0.0
S427270 62.9913 33.9919 3.745e-19 4.455e-19 4.585e-19 0.0 79.63 0.0
S427271 62.9833 33.9871 9.023e-23 2.5039999999999996e-22 1.448e-21 0.0 80.33 0.0
S427272 62.9687 34.0167 1.6970000000000002e-21 1.188e-21 4.2269999999999995e-22 0.0 78.06 0.0
S427273 63.0116 33.9679 3.916e-27 2.801e-26 1.245e-24 0.0 80.74 0.0
S427274 62.9757 34.0087 2.306e-18 2.36e-18 1.823e-18 0.0 78.34 0.0
S427275 62.9928 33.8597 2.624e-23 6.920999999999999e-23 3.6429999999999997e-22 0.0 80.24 0.0
S427276 62.9878 33.9852 1.353e-17 2.236e-17 4.39e-17 0.0 80.25 0.0
S427277 63.0722 33.8863 6.219e-18 5.762e-18 3.607e-18 0.0 80.7 0.0
S427278 62.9445 33.9858 4.762e-19 5.371e-19 5.034e-19 0.0 79.55 0.0
S427279 62.9744 34.0062 1.0720000000000001e-20 1.8450000000000002e-20 3.967e-20 0.0 78.42 0.0
S427280 62.9638 34.0364 2.409e-21 4.653e-21 1.3290000000000002e-20 0.0 78.16 0.0
S427281 62.9718 34.0049 5.757e-23 1.5539999999999998e-22 8.812e-22 0.0 78.62 0.0
S427282 62.9339 33.9925 6.296e-21 1.099e-20 2.5510000000000003e-20 0.0 79.4 0.0
S427283 62.9701 33.9348 5.982e-19 7.308e-19 7.758e-19 0.0 80.06 0.0
S427284 62.9465 34.0202 3.252e-24 1.014e-23 7.847e-23 0.0 78.44 0.0
S427285 62.9919 33.9947 5.2350000000000005e-20 7.935000000000001e-20 1.342e-19 0.0 79.09 0.0
S427286 62.9936 33.9833 7.734e-13 6.267e-13 2.923e-13 0.0 80.4 1.0
S427287 62.9883 34.0087 1.157e-23 3.074e-23 1.6639999999999998e-22 0.0 78.35 0.0
S427288 62.9945 33.9981 9.393999999999998e-22 1.872e-21 5.686e-21 0.0 78.73 0.0
S427289 62.9643 34.0039 1.306e-22 3.1419999999999995e-22 1.4400000000000001e-21 0.0 78.87 0.0
S427290 62.9793 34.0122 1.013e-23 2.976e-23 1.9679999999999997e-22 0.0 78.2 0.0
S427291 62.9863 33.9856 8.991e-20 1.339e-19 2.189e-19 0.0 79.79 0.0
S427292 62.976 34.0431 8.769000000000001e-26 4.529e-25 9.979e-24 0.0 78.48 0.0
S427293 62.985 34.0377 4.8880000000000006e-20 7.379e-20 1.294e-19 0.0 78.39 0.0
S427294 62.9302 34.0614 7.388e-23 1.9429999999999998e-22 1.014e-21 0.0 78.38 0.0
S427295 62.9845 33.9935 3.7939999999999996e-23 1.0639999999999999e-22 6.443e-22 0.0 79.04 0.0
S427296 62.9776 34.0106 6.273e-19 7.291e-19 6.953e-19 0.0 78.13 0.0
S427297 62.9929 33.9813 1.312e-24 4.888e-24 5.429999999999999e-23 0.0 80.65 0.0
S427298 62.9794 34.0229 4.1539999999999996e-22 8.169999999999999e-22 2.403e-21 0.0 78.22 0.0
S427299 62.9996 33.8946 4.644e-22 1.087e-21 4.54e-21 0.0 80.53 0.0
S427300 62.9796 33.9854 2.4890000000000003e-25 1.097e-24 1.6629999999999998e-23 0.0 79.9 0.0
S427301 62.9885 33.9909 7.197e-13 5.519e-13 2.344e-13 0.0 81.21 1.0
S427302 62.987 33.9922 3.705e-21 6.76e-21 1.76e-20 0.0 79.42 0.0
S427303 63.0121 33.9649 7.211e-18 1.239e-17 2.808e-17 0.0 81.0 0.0
S427304 62.9949 33.9823 1.329e-17 1.199e-17 6.892e-18 0.0 80.66 0.0
S427305 63.017 33.9948 1.727e-18 1.891e-18 1.641e-18 0.0 79.6 0.0
S427306 63.0074 33.9744 4.601e-22 1.0120000000000001e-21 3.779e-21 0.0 80.86 0.0
S427307 62.9811 34.0037 4.748e-23 1.199e-22 5.621999999999999e-22 0.0 78.53 0.0
S427308 62.9668 34.0227 5.621e-23 1.525e-22 8.738e-22 0.0 78.12 0.0
S427309 63.0155 33.991 3.0569999999999998e-22 6.988999999999999e-22 2.802e-21 0.0 79.71 0.0
S427310 62.9548 34.0313 1.227e-19 1.651e-19 2.304e-19 0.0 78.17 0.0
S427311 62.9811 33.9522 3.424e-20 5.0420000000000004e-20 7.864e-20 0.0 80.65 0.0
S427312 62.952 34.0626 1.3040000000000001e-20 2.0750000000000003e-20 3.899e-20 0.0 78.29 0.0
S427313 62.9881 34.0063 5.562e-20 8.297000000000001e-20 1.364e-19 0.0 78.25 0.0
S427314 62.9868 33.9871 1.0090000000000001e-21 1.991e-21 5.848e-21 0.0 80.19 0.0
S427315 62.9855 33.992 1.705e-21 1.199e-21 4.2259999999999995e-22 0.0 78.23 0.0
S427316 62.9875 34.0061 3.524e-21 6.6040000000000004e-21 1.6890000000000002e-20 0.0 78.47 0.0
S427317 62.9625 34.068 1.1629999999999998e-22 2.657e-22 1.034e-21 0.0 78.42 0.0
S427318 62.9863 33.9875 7.310999999999999e-22 1.436e-21 4.137e-21 0.0 79.9 0.0
S427319 62.9962 33.9964 7.671e-21 1.4060000000000002e-20 3.4530000000000005e-20 0.0 79.29 0.0
S427320 62.9891 33.9604 5.05e-24 1.791e-23 1.7949999999999998e-22 0.0 80.67 0.0
S427321 62.9983 33.9954 4.099e-21 7.285e-21 1.8200000000000002e-20 0.0 79.34 0.0
S427322 62.9686 34.0014 3.096e-19 3.784e-19 4.28e-19 0.0 78.34 0.0
S427323 62.9898 33.9798 2.333e-20 3.7560000000000006e-20 7.132e-20 0.0 80.75 0.0
S427324 63.0231 33.9689 1.0249999999999999e-22 2.4319999999999997e-22 1.08e-21 0.0 80.4 0.0
S427325 62.9895 33.9998 7.996e-24 2.546e-23 1.993e-22 0.0 78.79 0.0
S427326 62.9882 33.9858 1.143e-21 2.273e-21 6.6760000000000005e-21 0.0 80.37 0.0
S427327 63.0397 33.8395 2.5449999999999997e-23 7.809e-23 5.735999999999999e-22 0.0 80.55 0.0
S427328 62.9933 33.9615 1.469e-17 1.285e-17 6.911e-18 0.0 80.71 0.0
S427329 62.9785 33.9842 3.764e-22 7.783999999999999e-22 2.597e-21 0.0 79.95 0.0
S427330 62.9828 33.9932 6.6400000000000005e-25 2.976e-24 5.056e-23 0.0 78.29 0.0
S427331 62.9921 33.9891 4.748e-19 5.681e-19 6.082e-19 0.0 80.9 0.0
S427332 62.953 34.0494 3.518e-18 3.465e-18 2.518e-18 0.0 78.25 0.0
S427333 62.9729 34.0399 6.0689999999999995e-22 1.24e-21 3.93e-21 0.0 78.36 0.0
S427334 63.0282 33.9795 9.389e-19 1.045e-18 9.277e-19 0.0 79.92 0.0
S427335 62.9794 33.9665 2.679e-23 7.2e-23 4.1909999999999996e-22 0.0 80.21 0.0
S427336 62.976 34.017 5.708e-23 1.4039999999999998e-22 6.661999999999999e-22 0.0 78.12 0.0
S427337 63.0133 33.946 4.112e-20 6.110000000000001e-20 1.007e-19 0.0 80.97 0.0
S427338 62.9672 34.0459 5.21e-20 7.681e-20 1.228e-19 0.0 78.23 0.0
S427339 62.97 34.0406 3.1490000000000005e-20 4.9450000000000005e-20 8.728000000000001e-20 0.0 78.49 0.0
S427340 62.9898 33.9951 6.118e-19 6.99e-19 6.727e-19 0.0 78.33 0.0
S427341 62.9916 34.0037 4.4949999999999996e-24 1.485e-23 1.299e-22 0.0 78.56 0.0
S427342 62.9758 34.0111 5.892e-24 1.682e-23 1.066e-22 0.0 78.19 0.0
S427343 62.9747 34.0808 1.538e-20 2.4030000000000003e-20 4.574e-20 0.0 78.52 0.0
S427344 62.9928 33.9941 2.04e-24 6.725e-24 5.671e-23 0.0 79.29 0.0
S427345 62.9714 33.9948 1.2269999999999998e-22 3.282e-22 1.848e-21 0.0 79.23 0.0
S427346 63.0204 33.9706 2.8739999999999996e-23 7.619999999999999e-23 4.0119999999999995e-22 0.0 80.29 0.0
S427347 62.9835 33.9939 6.574000000000001e-20 9.287000000000001e-20 1.376e-19 0.0 79.23 0.0
S427348 62.9898 33.9944 1.3909999999999999e-22 3.4619999999999995e-22 1.6970000000000002e-21 0.0 78.2 0.0
S427349 62.9899 33.9902 5.411e-24 1.68e-23 1.2449999999999998e-22 0.0 81.17 0.0
S427350 62.9867 33.996 2.8e-17 5.111e-17 1.262e-16 0.0 78.95 0.0
S427351 63.008 34.0021 2.215e-18 2.234e-18 1.62e-18 0.0 79.35 0.0
S427352 62.9903 33.9937 9.381e-18 8.957e-18 5.879e-18 0.0 79.4 0.0
S427353 62.9828 34.0114 1.7200000000000002e-20 2.6590000000000002e-20 4.5770000000000006e-20 0.0 78.13 0.0
S427354 63.0479 33.884 1.902e-21 1.314e-21 4.358999999999999e-22 0.0 80.8 0.0
S427355 62.9902 33.9908 7.29e-20 1.039e-19 1.541e-19 0.0 79.7 1.0
S427356 62.9914 34.0001 9.433e-18 1.658e-17 3.776e-17 0.0 78.8 0.0
S427357 62.8818 34.1918 9.557e-15 6.253e-15 1.944e-15 0.0 78.55 0.0
S427358 62.9883 33.9877 3.289e-21 6.0450000000000004e-21 1.5400000000000003e-20 0.0 80.2 0.0
S427359 63.0645 33.9027 9.954e-22 1.996e-21 6.251e-21 0.0 80.78 0.0
S427360 62.9868 33.9895 3.667e-22 8.395999999999999e-22 3.508e-21 0.0 79.65 0.0
S427361 62.9556 34.0313 5.754e-23 1.5949999999999999e-22 9.492999999999999e-22 0.0 78.54 0.0
S427362 63.0103 34.0116 1.412e-21 9.949e-22 3.5739999999999996e-22 0.0 79.28 0.0
S427363 62.9602 33.9729 7.376e-18 1.161e-17 2.214e-17 0.0 79.89 0.0
S427364 62.9912 33.9593 1.257e-21 2.501e-21 7.597e-21 0.0 80.57 0.0
S427365 63.0175 33.9488 8.256e-22 1.7270000000000002e-21 5.702e-21 0.0 80.95 0.0
S427366 63.0277 33.966 3.914e-18 4.114e-18 3.325e-18 0.0 80.51 0.0
S427367 62.9955 33.9574 2.339e-20 3.714e-20 6.821000000000001e-20 0.0 80.91 0.0
S427368 62.8508 34.0211 2.5679999999999998e-23 6.875e-23 3.919e-22 0.0 79.38 0.0
S427369 62.9855 33.9906 1.541e-22 3.726e-22 1.713e-21 0.0 80.77 0.0
S427370 62.9869 34.0004 1.7329999999999998e-23 4.687e-23 2.5939999999999996e-22 0.0 78.64 0.0
S427371 62.9971 33.947 4.1449999999999995e-22 8.677e-22 3e-21 0.0 80.83 0.0
S427372 62.9863 34.027 3.9239999999999996e-22 8.951999999999999e-22 3.575e-21 0.0 78.25 0.0
S427373 62.9514 34.0098 7.884e-21 1.407e-20 3.2620000000000003e-20 0.0 78.71 0.0
S427374 62.9757 34.0066 2.23e-21 4.319e-21 1.223e-20 0.0 78.48 0.0
S427375 62.9855 33.9538 1.972e-24 6.828999999999999e-24 6.514e-23 0.0 80.34 0.0
S427376 62.9912 33.9694 4.1910000000000004e-21 7.447e-21 1.711e-20 0.0 80.5 0.0
S427377 63.0477 33.8794 1.46e-25 6.661e-25 1.135e-23 0.0 80.81 0.0
S427378 62.9783 33.9973 1.2270000000000002e-20 2.0470000000000003e-20 4.1870000000000003e-20 0.0 78.78 0.0
S427379 63.0293 33.9296 1.615e-23 4.9989999999999995e-23 3.719e-22 0.0 80.81 0.0
S427380 62.9755 34.0111 1.775e-21 1.24e-21 4.344999999999999e-22 0.0 78.17 0.0
S427381 62.9852 33.9893 2.054e-23 5.862999999999999e-23 3.7469999999999997e-22 0.0 79.77 0.0
S427382 62.9934 33.9676 7.300999999999999e-22 1.5350000000000001e-21 5.085e-21 0.0 81.0 0.0
S427383 62.9621 34.0108 2.33e-23 6.556999999999999e-23 4.1639999999999998e-22 0.0 78.91 0.0
S427384 63.0362 33.9819 2.087e-19 2.774e-19 3.559e-19 0.0 79.86 0.0
S427385 62.9743 33.9863 7.448e-13 6.022e-13 2.804e-13 0.0 79.74 1.0
S427386 62.9789 34.0183 1.4649999999999999e-22 3.3839999999999998e-22 1.388e-21 0.0 78.12 0.0
S427387 62.991 33.9867 9.761e-24 2.605e-23 1.4969999999999998e-22 0.0 80.22 0.0
S427388 62.9267 34.0181 3.686e-21 6.1040000000000004e-21 1.3150000000000002e-20 0.0 79.14 0.0
S427389 63.182 33.853 4.935e-20 8.046e-20 1.558e-19 0.0 80.13 0.0
S427390 63.0059 33.9944 2.003e-23 5.348999999999999e-23 3.03e-22 0.0 79.61 0.0
S427391 62.9654 33.9948 1.746e-24 6.669e-24 7.752e-23 0.0 79.22 0.0
S427392 62.9337 34.0596 3.572e-17 6.856e-17 1.862e-16 0.0 78.44 0.0
S427393 62.9957 33.9921 3.668e-22 8.203999999999999e-22 3.227e-21 0.0 80.74 0.0
S427394 62.9891 33.9801 1.093e-21 2.207e-21 6.782e-21 0.0 80.64 0.0
S427395 63.053 33.9435 2.701e-22 6.002999999999999e-22 2.346e-21 0.0 80.42 0.0
S427396 62.9943 34.0221 1.347e-23 3.868e-23 2.5509999999999997e-22 0.0 78.64 0.0
S427397 63.0085 33.962 1.379e-19 1.807e-19 2.335e-19 0.001 81.03 0.0
S427398 63.0046 33.9792 1.767e-24 6.352e-24 6.709e-23 0.0 80.61 0.0
S427399 62.9539 34.0416 8.469e-20 1.14e-19 1.495e-19 0.0 78.33 0.0
S427400 63.0059 33.9559 4.261e-18 4.131e-18 2.772e-18 0.0 80.92 0.0
S427401 62.9798 33.9936 3.006e-18 3.204e-18 2.646e-18 0.0 79.35 0.0
S427402 62.9151 34.0647 2.405e-30 4.209e-29 1.1760000000000001e-26 0.0 78.67 0.0
S427403 63.0523 33.9777 2.5129999999999997e-22 5.706999999999999e-22 2.258e-21 0.0 79.79 0.0
S427404 62.9609 34.0627 3.54e-17 7.253e-17 2.309e-16 0.0 78.27 0.0
S427405 62.9679 34.0147 2.431e-18 2.521e-18 2.002e-18 0.0 78.33 0.0
S427406 62.9763 34.0033 9.69e-23 2.6919999999999997e-22 1.637e-21 0.0 78.68 0.0
S427407 62.9634 34.0467 4.535999999999999e-22 1.088e-21 5.061e-21 0.0 78.33 0.0
S427408 62.9999 33.9551 3.5640000000000005e-20 5.2200000000000006e-20 8.330000000000001e-20 0.0 81.03 0.0
S427409 62.9921 33.9752 2.778e-23 7.781e-23 4.602e-22 0.0 80.89 0.0
S427410 63.0046 34.0111 1.188e-23 3.8979999999999996e-23 3.3059999999999995e-22 0.0 79.23 0.0
S427411 62.9825 33.9874 1.985e-21 1.387e-21 4.873e-22 0.0 80.1 0.0
S427412 63.0082 33.9826 1.204e-17 1.102e-17 6.659e-18 0.0 79.97 0.0
S427413 62.9961 33.9675 3.042e-25 1.264e-24 1.8109999999999998e-23 0.0 81.0 0.0
S427414 63.0248 34.0012 2.195e-20 3.3570000000000005e-20 5.781000000000001e-20 0.0 79.54 0.0
S427415 62.9878 33.9892 1.0029999999999999e-23 2.814e-23 1.7569999999999998e-22 0.0 80.31 0.0
S427416 63.0098 33.9674 6.613e-19 7.512e-19 6.958e-19 0.0 81.05 0.0
S427417 62.953 34.046 5.769000000000001e-20 8.268e-20 1.257e-19 0.0 78.21 0.0
S427418 62.976 33.991 3.217e-24 1.013e-23 7.873e-23 0.0 79.45 0.0
S427419 63.0152 34.019 7.477e-24 2.1729999999999998e-23 1.4079999999999998e-22 0.0 79.24 0.0
S427420 62.98 34.0162 9.881e-19 1.104e-18 1.031e-18 0.0 78.14 0.0
S427421 63.0061 33.9568 2.656e-22 6.240999999999999e-22 2.601e-21 0.0 81.02 0.0
S427422 63.0207 33.9875 1.753e-23 4.656e-23 2.5209999999999997e-22 0.0 79.88 0.0
S427423 62.9951 33.9931 5.609e-20 8.176000000000001e-20 1.287e-19 0.0 79.21 0.0
S427424 62.9839 33.9932 1.073e-22 2.621e-22 1.179e-21 0.0 78.67 0.0
S427425 62.9611 33.9812 8.887e-18 1.866e-17 6.18e-17 0.0 79.68 0.0
S427426 62.9744 33.9986 3.4110000000000006e-20 4.989e-20 7.705e-20 0.0 78.73 0.0
S427427 63.006 33.9558 4.558e-24 1.614e-23 1.6269999999999998e-22 0.0 80.91 0.0
S427428 62.9512 34.0211 7.432e-24 2.2009999999999998e-23 1.5679999999999998e-22 0.0 78.82 0.0
S427429 63.0591 33.9787 5.81e-19 6.962e-19 7.254e-19 0.0 79.76 0.0
S427430 63.0137 33.9554 1.2070000000000001e-20 2.0590000000000002e-20 4.4770000000000003e-20 0.0 81.01 0.0
S427431 63.006 33.9975 1.485e-17 2.32e-17 4.258e-17 0.0 79.43 0.0
S427432 63.015 33.9579 2.672e-19 3.392e-19 3.971e-19 0.0 80.99 0.0
S427433 63.0085 33.9764 1.5209999999999999e-22 3.8129999999999996e-22 1.781e-21 0.0 80.71 0.0
S427434 63.0084 33.9101 2.7930000000000004e-26 1.638e-25 4.797e-24 0.0 80.55 0.0
S427435 62.9945 33.9998 7.620000000000001e-21 1.359e-20 3.2750000000000004e-20 0.0 78.75 0.0
S427436 62.9299 34.0022 4.277e-18 4.114e-18 2.709e-18 0.0 78.13 0.0
S427437 62.9836 33.9626 9.729999999999999e-22 7.304e-22 3.0979999999999995e-22 0.0 80.6 0.0
S427438 63.0183 33.9888 1.685e-21 1.189e-21 4.308e-22 0.0 80.2 0.0
S427439 63.0075 34.0127 2.515e-17 4.678e-17 1.21e-16 0.0 78.15 0.0
S427440 62.9802 34.0111 4.801e-17 3.882e-17 1.838e-17 0.0 78.17 0.0
S427441 62.9764 33.9682 3.5669999999999996e-22 7.950999999999999e-22 3.15e-21 0.0 80.98 0.0
S427442 63.0013 33.9995 2.81e-17 5.812e-17 1.888e-16 0.0 78.95 0.0
S427443 63.0046 33.9993 4.645e-17 3.734e-17 1.697e-17 0.001 79.34 0.0
S427444 63.0091 33.9707 6.387e-20 8.927000000000001e-20 1.271e-19 0.0 80.92 0.0
S427445 63.0101 34.0008 1.175e-19 1.587e-19 2.046e-19 0.0 78.96 0.0
S427446 62.9693 33.9747 9.286e-18 1.725e-17 4.58e-17 0.0 80.52 0.0
S427447 62.9923 34.0015 1.45e-19 1.983e-19 2.721e-19 0.0 79.08 0.0
S427448 62.9837 33.9597 2.0809999999999998e-22 4.877999999999999e-22 2.046e-21 0.001 80.78 0.0
S427449 62.9671 33.9973 2.8340000000000003e-20 4.3040000000000004e-20 7.511000000000001e-20 0.0 78.34 0.0
S427450 62.9916 33.9832 5.098e-17 4.27e-17 2.113e-17 0.0 80.45 0.0
S427451 62.9571 33.9937 3.9369999999999996e-23 9.843e-23 4.885e-22 0.0 78.61 0.0
S427452 62.9837 34.0134 1.147e-19 1.522e-19 1.963e-19 0.0 78.77 0.0
S427453 62.9942 33.989 1.5440000000000001e-21 1.08e-21 3.8949999999999997e-22 0.0 79.78 0.0
S427454 62.9826 33.9962 4.415e-18 4.452e-18 3.273e-18 0.0 79.03 0.0
S427455 63.0 33.9746 2.29e-21 1.554e-21 4.980999999999999e-22 0.0 80.08 0.0
S427456 62.9761 33.9911 3.294e-21 6.504e-21 1.9230000000000003e-20 0.0 79.33 0.0
S427457 62.9406 33.9714 1.491e-20 2.5870000000000002e-20 5.924e-20 0.0 80.87 0.0
S427458 62.956 33.9772 2.112e-17 1.85e-17 1.045e-17 0.0 80.91 0.0
S427459 62.993 34.0046 1.192e-22 3.1159999999999997e-22 1.65e-21 0.0 78.83 0.0
S427460 62.9771 33.9932 2.242e-17 5.568e-17 2.672e-16 0.0 79.34 1.0
S427461 62.9587 34.0049 3.563e-17 3.11e-17 1.756e-17 0.0 78.86 0.0
S427462 62.9975 33.9896 2.385e-21 1.603e-21 5.334999999999999e-22 0.0 79.8 0.0
S427463 63.0478 34.0143 9.591e-22 2.025e-21 6.996e-21 0.001 78.89 0.0
S427464 62.9909 33.9948 3.806e-24 1.2969999999999999e-23 1.229e-22 0.0 79.29 0.0
S427465 63.0052 33.9758 9.362e-17 7.694e-17 3.665e-17 0.0 80.95 0.0
S427466 62.9445 34.0023 3.102e-17 2.588e-17 1.305e-17 0.0 78.62 0.0
S427467 62.9865 33.9986 2.965e-18 3.068e-18 2.361e-18 0.0 78.95 0.0
S427468 63.0397 33.9935 7.801e-18 7.307e-18 4.859e-18 0.0 80.52 0.0
S427469 63.0102 33.9879 3.149e-23 9.297e-23 6.2919999999999995e-22 0.0 80.01 0.0
S427470 62.9976 34.0063 2.02e-21 1.375e-21 4.6579999999999995e-22 0.0 78.79 0.0
S427471 62.9757 33.9949 7.127e-21 1.2240000000000001e-20 2.6940000000000002e-20 0.0 79.38 0.0
S427472 62.9617 33.9814 2.706e-19 3.526e-19 4.387e-19 0.0 79.94 0.0
S427473 62.9865 34.0066 3.621e-19 4.561e-19 5.165e-19 0.0 78.66 0.0
S427474 62.9777 33.9822 2.878e-20 4.2180000000000006e-20 6.714000000000001e-20 0.0 80.21 0.0
S427475 63.0189 33.9924 1.944e-19 2.592e-19 3.274e-19 0.0 79.77 0.0
S427476 63.0249 33.9875 1.51e-22 3.7399999999999997e-22 1.795e-21 0.0 80.17 0.0
S427477 62.994 33.9731 1.08e-20 1.7820000000000002e-20 3.7780000000000005e-20 0.0 80.81 0.0
S427478 62.9699 34.0127 1.5380000000000001e-21 1.076e-21 3.9289999999999995e-22 0.0 78.51 0.0
S427479 62.944 33.9942 1.419e-20 2.3860000000000002e-20 5.0830000000000005e-20 0.0 79.05 0.0
S427480 63.022 33.989 2.649e-21 5.074e-21 1.4e-20 0.0 80.67 0.0
S427481 63.0028 34.0048 6.404e-19 7.706e-19 8.152e-19 0.0 78.49 0.0
S427482 62.9865 33.9738 2.595e-17 5.452e-17 1.831e-16 0.0 80.8 0.0
S427483 62.9809 33.9946 1.4599999999999998e-22 3.379e-22 1.397e-21 0.0 79.26 0.0
S427484 62.9706 34.0145 3.691e-18 3.48e-18 2.297e-18 0.0 78.43 0.0
S427485 62.9513 33.9937 4.962e-17 3.942e-17 1.833e-17 0.0 78.64 0.0
S427486 63.0083 34.0249 2.376e-21 4.534e-21 1.2860000000000001e-20 0.0 78.66 0.0
S427487 62.9508 34.0058 1.594e-17 2.378e-17 3.986e-17 0.0 78.37 0.0
S427488 62.9796 33.9648 3.795e-21 7.141e-21 1.863e-20 0.0 80.97 0.0
S427489 62.9963 33.9812 1.225e-18 1.381e-18 1.286e-18 0.0 80.33 0.0
S427490 63.0504 34.0189 1.82e-21 1.272e-21 4.413e-22 0.0 78.13 0.0
S427491 62.9804 33.9734 3.864e-13 2.679e-13 9.341e-14 0.0 80.87 0.0
S427492 63.0409 33.986 7.326e-19 8.1e-19 7.277e-19 0.0 80.72 0.0
S427493 62.9787 34.0029 1.22e-19 1.693e-19 2.365e-19 0.0 78.34 0.0
S427494 63.0138 33.9891 1.225e-19 1.652e-19 2.179e-19 0.0 80.07 0.0
S427495 62.9968 33.9873 1.845e-18 1.968e-18 1.683e-18 0.0 79.95 0.0
S427496 62.9528 33.9825 1.507e-17 2.554e-17 5.433e-17 0.0 79.7 0.0
S427497 63.0145 33.9737 4.843e-21 9.031e-21 2.312e-20 0.0 80.8 0.0
S427498 62.9882 33.9579 1.349e-17 1.277e-17 8.094e-18 0.0 80.97 0.0
S427499 62.9494 33.9824 2.0420000000000002e-21 4.181e-21 1.3460000000000002e-20 0.0 79.85 0.0
S427500 62.9831 33.9951 9.703e-18 2.1e-17 7.314e-17 0.0 79.12 0.0
S427501 62.9531 34.0231 9.135e-13 7.805e-13 4.008e-13 0.0 78.21 1.0
S427502 62.9812 33.9838 4.282e-21 7.499e-21 1.718e-20 0.0 80.21 0.0
S427503 62.9911 33.974 2.065e-21 1.421e-21 4.785999999999999e-22 0.0 80.81 0.0
S427504 63.0093 33.9774 6.811e-18 1.148e-17 2.505e-17 0.0 80.51 0.0
S427505 62.9416 34.0003 1.549e-21 1.088e-21 3.8369999999999998e-22 0.0 78.61 0.0
S427506 62.9719 33.9906 2.268e-17 4.013e-17 9.59e-17 0.0 79.46 0.0
S427507 62.9552 33.9931 1.694e-21 1.182e-21 4.1709999999999997e-22 0.0 79.11 0.0
S427508 63.014 33.992 8.719e-18 7.953e-18 4.774e-18 0.0 80.04 0.0
S427509 62.9239 34.0108 1.592e-17 2.929e-17 7.225e-17 0.0 78.74 0.0
S427510 62.9617 33.9903 2.778e-17 2.328e-17 1.157e-17 0.0 79.3 0.0
S427511 62.9642 33.9827 2.059e-17 3.374e-17 7.009e-17 0.0 80.4 0.0
S427512 62.9784 33.99 5.778e-22 1.216e-21 4.207e-21 0.0 79.53 0.0
S427513 62.9804 33.99 1.867e-21 1.276e-21 4.400999999999999e-22 0.0 79.57 0.0
S427514 62.9861 33.9966 2.445e-18 2.481e-18 1.887e-18 0.0 78.85 0.0
S427515 62.9779 34.0046 5.162e-20 7.409000000000001e-20 1.116e-19 0.0 78.26 0.0
S427516 62.9449 33.9777 7.356e-17 6.402e-17 3.463e-17 0.0 79.93 0.0
S427517 62.9878 33.9814 4.064e-19 4.925e-19 5.126e-19 0.0 80.37 0.0
S427518 62.9621 34.0156 3.502e-17 2.897e-17 1.394e-17 0.0 78.09 0.0
S427519 62.9499 33.9886 3.518e-17 2.891e-17 1.442e-17 0.0 79.12 0.0
S427520 63.0041 33.9756 1.905e-24 6.39e-24 5.744e-23 0.0 80.89 0.0
S427521 62.9963 34.0123 9.277e-19 1.026e-18 8.946e-19 0.0 78.22 0.0
S427522 63.0298 33.9876 1.0149999999999999e-22 2.257e-22 8.736e-22 0.0 80.34 0.0
S427523 62.9646 34.0087 8.46e-18 1.656e-17 4.879e-17 0.001 78.26 0.0
S427524 63.0128 34.0046 5.802e-19 7.348e-19 8.501e-19 0.0 78.5 0.0
S427525 62.9646 33.9584 1.182e-19 1.598e-19 2.168e-19 0.0 80.86 0.0
S427526 62.9628 33.9655 1.475e-21 2.835e-21 7.878e-21 0.0 80.24 0.0
S427527 62.959 33.9813 2.158e-23 6.535e-23 4.827e-22 0.0 80.97 0.0
S427528 62.9652 33.9879 6.448999999999999e-22 1.405e-21 5.085e-21 0.0 79.53 0.0
S427529 62.9872 33.9776 1.679e-17 2.971e-17 6.956e-17 0.0 80.62 0.0
S427530 62.9974 34.0024 9.386e-19 1.078e-18 1.009e-18 0.0 78.87 0.0
S427531 62.9892 34.0063 7.087999999999999e-22 1.528e-21 5.287e-21 0.0 78.74 0.0
S427532 62.9975 33.98 4.415e-17 9.893e-17 3.916e-16 0.0 80.82 1.0
S427533 62.9742 34.0077 9.877e-20 1.335e-19 1.835e-19 0.0 78.47 0.0
S427534 63.0109 33.9795 3.858e-18 3.842e-18 2.829e-18 0.0 80.7 0.0
S427535 62.972 33.9985 9.429e-17 7.673e-17 3.787e-17 0.0 78.35 0.0
S427536 62.9829 33.9805 9.221999999999999e-22 1.842e-21 5.578e-21 0.0 80.79 0.0
S427537 62.975 34.0114 4.373e-17 1.008e-16 3.991e-16 0.0 78.38 1.0
S427538 62.9938 34.0089 4.372e-17 3.725e-17 1.962e-17 0.0 78.51 0.0
S427539 62.9815 34.0021 1.586e-17 3.358e-17 1.149e-16 0.0 78.92 0.0
S427540 62.9693 33.9707 4.646e-22 9.996999999999999e-22 3.527e-21 0.0 81.02 0.0
S427541 62.9744 34.0096 5.893e-18 5.794e-18 4.044e-18 0.0 78.47 0.0
S427542 62.9631 33.9894 8.096e-19 8.889e-19 7.805e-19 0.0 79.16 0.0
S427543 62.9863 33.9961 6.45e-19 7.335e-19 6.889e-19 0.0 79.31 0.0
S427544 63.0006 33.9749 1.547e-16 1.206e-16 5.342e-17 0.0 80.58 1.0
S427545 63.0193 33.9715 3.202e-21 5.944e-21 1.515e-20 0.0 80.77 0.0
S427546 63.0339 33.99 1.467e-17 1.331e-17 8.143e-18 0.0 80.93 0.0
S427547 62.9982 33.9978 3.976e-21 7.211e-21 1.8510000000000002e-20 0.0 78.63 0.0
S427548 62.9856 33.9866 1.598e-21 1.121e-21 4.121e-22 0.0 79.79 0.0
S427549 62.9793 34.0257 1.404e-21 9.943e-22 3.6769999999999995e-22 0.0 78.16 0.0
S427550 62.9587 33.9599 9.904000000000001e-20 1.326e-19 1.727e-19 0.0 81.01 0.0
S427551 62.9465 34.0011 1.553e-19 1.946e-19 2.224e-19 0.0 78.39 0.0
S427552 62.9685 33.9961 6.1400000000000004e-21 1.0600000000000001e-20 2.302e-20 0.0 78.62 0.0
S427553 62.971 34.0045 5.145e-17 4.319e-17 2.21e-17 0.0 78.7 0.0
S427554 63.0062 33.9788 6.416e-18 1.272e-17 3.799e-17 0.0 80.68 0.0
S427555 63.0166 33.9981 9.761000000000001e-20 1.327e-19 1.844e-19 0.0 79.2 0.0
S427556 62.9671 34.0125 1.427e-19 1.866e-19 2.36e-19 0.0 78.13 0.0
S427557 62.9991 34.0057 6.308e-20 8.959000000000001e-20 1.262e-19 0.0 78.67 0.0
S427558 62.9925 34.0055 3.1799999999999997e-23 8.971e-23 5.52e-22 0.0 78.71 0.0
S427559 63.0126 34.01 1.497e-16 1.124e-16 4.456e-17 0.0 78.13 0.0
S427560 62.9694 33.9922 5.48e-19 6.455e-19 6.556e-19 0.0 79.05 0.0
S427561 63.0 34.0021 7.242e-18 6.786e-18 4.388e-18 0.0 79.09 0.0
S427562 62.9699 33.999 1.625e-17 1.503e-17 9.172e-18 0.0 78.98 0.0
S427563 62.9708 34.0136 2.009e-21 1.371e-21 4.695e-22 0.0 78.66 0.0
S427564 62.9469 33.9978 1.131e-18 1.209e-18 9.874e-19 0.0 78.7 0.0
S427565 62.9848 33.9723 9.952e-22 7.499e-22 3.0639999999999997e-22 0.0 80.25 0.0
S427566 62.9447 33.9972 5.793e-22 1.341e-21 5.561e-21 0.0 78.46 0.0
S427567 62.969 33.9641 2.144e-22 5.227e-22 2.3330000000000002e-21 0.0 80.99 0.0
S427568 62.9918 34.0023 1.796e-17 3.061e-17 6.568e-17 0.0 78.49 0.0
S427569 62.9849 34.0015 5.666e-17 4.582e-17 2.128e-17 0.0 78.56 0.0
S427570 62.9948 33.9791 1.265e-17 2.191e-17 4.837e-17 0.0 80.88 0.0
S427571 63.0061 33.9779 2.371e-19 3.063e-19 3.687e-19 0.0 80.41 0.0
S427572 63.0065 33.9743 1.182e-16 9.739e-17 4.744e-17 0.0 80.45 0.0
S427573 63.0013 34.0096 9.106e-21 1.6270000000000002e-20 3.9030000000000004e-20 0.0 78.74 0.0
S427574 63.021 33.9701 2.677e-18 2.78e-18 2.2e-18 0.0 80.93 0.0
S427575 62.9854 33.9899 1.376e-21 2.984e-21 1.0690000000000001e-20 0.0 79.65 0.0
S427576 63.0003 34.0065 3.447e-23 1.0219999999999999e-22 6.840999999999999e-22 0.0 78.34 0.0
S427577 62.9884 34.0018 2.371e-18 2.43e-18 1.856e-18 0.0 78.59 0.0
S427578 63.0023 33.9906 1.3290000000000002e-20 2.2040000000000002e-20 4.4900000000000004e-20 0.0 80.55 0.0
S427579 62.9695 34.0267 1.885e-18 1.974e-18 1.573e-18 0.0 78.21 0.0
S427580 62.977 34.0067 3.344e-17 6.101e-17 1.527e-16 0.0 78.42 0.0
S427581 62.992 33.9928 8.687e-21 1.3410000000000002e-20 2.439e-20 0.0 79.46 0.0
S427582 62.9696 33.9902 1.569e-21 1.1100000000000001e-21 3.9589999999999995e-22 0.0 79.11 0.0
S427583 62.9809 33.9783 6.745999999999999e-22 1.262e-21 3.521e-21 0.0 80.89 0.0
S427584 62.99 34.0008 6.359e-16 4.606e-16 1.776e-16 0.0 78.65 0.0
S427585 62.9598 33.9708 5.391e-22 1.254e-21 5.168e-21 0.0 81.08 0.0
S427586 63.0038 33.9963 1.75e-21 3.306e-21 9.009e-21 0.0 79.23 0.0
S427587 63.0156 33.9782 2.483e-17 2.202e-17 1.257e-17 0.0 80.93 0.0
S427588 63.0154 34.0114 2.243e-22 5.873999999999999e-22 3.121e-21 0.0 78.42 1.0
S427589 63.0318 33.9873 2.558e-17 2.113e-17 1.04e-17 0.001 80.86 0.0
S427590 62.9943 33.9842 5.1230000000000006e-20 7.282000000000001e-20 1.076e-19 0.0 80.49 0.0
S427591 62.9754 33.9934 1.0719999999999999e-24 4.1539999999999996e-24 5.0509999999999995e-23 0.0 78.94 0.0
S427592 62.9798 33.9815 7.177999999999999e-23 1.9389999999999998e-22 1.085e-21 0.0 80.08 0.0
S427593 62.9615 34.002 7.434e-18 7.118e-18 4.869e-18 0.0 78.57 0.0
S427594 62.9523 33.9681 1.643e-17 1.524e-17 9.684e-18 0.0 80.56 0.0
S427595 63.0289 33.9995 3.979e-18 3.876e-18 2.68e-18 0.0 79.47 0.0
S427596 62.9619 34.0009 1.117e-21 2.266e-21 7.141e-21 0.0 78.84 0.0
S427597 63.0076 34.0121 2.486e-18 2.669e-18 2.273e-18 0.0 78.23 0.0
S427598 63.0076 34.0072 9.343999999999999e-22 1.97e-21 6.736e-21 0.0 78.78 0.0
S427599 62.9706 34.0331 9.395e-21 1.5400000000000003e-20 3.063e-20 0.0 78.2 0.0
S427600 63.022 33.9683 5.026999999999999e-22 1.195e-21 5.34e-21 0.0 80.75 0.0
S427601 63.0048 33.988 5.265e-18 4.995e-18 3.257e-18 0.0 80.38 0.0
S427602 62.9511 33.9934 3.568e-17 2.97e-17 1.464e-17 0.0 78.72 1.0
S427603 62.9675 34.0183 1.59e-21 3.387e-21 1.1340000000000002e-20 0.0 78.25 0.0
S427604 62.9937 33.9845 1.3470000000000001e-20 2.2830000000000002e-20 4.899e-20 0.0 80.3 0.0
S427605 62.9605 33.9703 2.19e-17 3.551e-17 6.794e-17 0.0 81.05 0.0
S427606 63.0058 33.9946 1.027e-16 7.977e-17 3.432e-17 0.0 79.59 1.0
S427607 62.9692 33.9908 1.438e-21 1.0180000000000001e-21 3.7059999999999995e-22 0.0 78.94 0.0
S427608 63.0237 33.9931 2.569e-23 7.333e-23 4.542e-22 0.0 79.84 0.0
S427609 62.9764 33.9886 3.717e-17 7.405e-17 2.251e-16 0.0 79.68 0.0
S427610 63.0241 33.9913 8.823e-21 1.49e-20 3.2730000000000006e-20 0.0 80.97 0.0
S427611 62.9725 33.9726 1.146e-18 1.291e-18 1.206e-18 0.0 80.96 0.0
S427612 63.01 33.9905 8.715e-20 1.18e-19 1.57e-19 0.0 80.77 0.0
S427613 62.9672 34.0096 8.92e-24 2.953e-23 2.6449999999999995e-22 0.0 78.29 0.0
S427614 63.0031 33.9792 5.752e-17 4.547e-17 2.074e-17 0.0 80.73 0.0
S427615 62.9878 33.9821 3.163e-13 2.161e-13 7.494e-14 0.0 80.36 0.0
S427616 63.0077 33.9677 4.2080000000000006e-30 6.62e-29 1.5550000000000002e-26 0.0 80.95 0.0
S427617 62.9676 33.9885 3.81e-19 4.704e-19 5e-19 0.0 79.51 0.0
S427618 62.9832 33.9849 1.63e-18 1.725e-18 1.422e-18 0.0 80.52 0.0
S427619 62.9686 34.0001 1.144e-25 5.318000000000001e-25 9.639999999999999e-24 0.0 78.26 0.0
S427620 62.9546 34.0199 1.5380000000000001e-21 2.997e-21 8.765e-21 0.0 78.27 0.0
S427621 63.0412 33.9865 7.683e-24 2.5239999999999998e-23 2.175e-22 0.0 80.74 0.0
S427622 62.9529 33.9993 3.41e-17 2.963e-17 1.661e-17 0.0 78.2 0.0
S427623 63.0173 33.9661 1.251e-22 3.258e-22 1.718e-21 0.0 81.02 0.0
S427624 63.0194 33.9919 3.298e-21 5.999e-21 1.5090000000000003e-20 0.0 79.86 0.0
S427625 62.9599 33.9913 2.298e-19 3.157e-19 4.327e-19 0.0 79.31 0.0
S427626 62.9859 34.0096 1.239e-17 1.093e-17 6.196e-18 0.0 78.38 0.0
S427627 63.0108 33.9728 2.1209999999999998e-22 5.126e-22 2.298e-21 0.0 80.6 0.0
S427628 62.9971 33.9707 1.265e-21 9.368999999999999e-22 3.549e-22 0.0 80.98 0.0
S427629 62.969 33.9909 7.366e-17 1.846e-16 8.997e-16 0.0 79.35 1.0
S427630 62.9829 34.0232 5.3440000000000005e-25 2.349e-24 3.6089999999999997e-23 0.0 78.49 0.0
S427631 63.035 33.9996 7.399e-21 1.2620000000000001e-20 2.787e-20 0.0 79.59 0.0
S427632 63.0329 33.9761 1.486e-21 1.056e-21 3.839e-22 0.0 80.98 0.0
S427633 62.9785 33.9891 8.078e-19 9.851e-19 1.079e-18 0.0 79.67 0.0
S427634 63.0254 33.985 1.266e-19 1.605e-19 1.827e-19 0.0 80.6 0.0
S427635 62.9775 33.9786 3.353e-19 4.137e-19 4.735e-19 0.0 80.24 0.0
S427636 63.0403 33.9813 4.754e-21 8.819e-21 2.2160000000000003e-20 0.0 80.38 0.0
S427637 62.988 33.981 1.017e-18 1.165e-18 1.133e-18 0.0 80.74 0.0
S427638 63.019 33.9985 9.771e-24 3.08e-23 2.361e-22 0.0 79.42 0.0
S427639 63.0151 33.9729 1.3939999999999998e-22 3.631e-22 1.85e-21 0.0 80.67 0.0
S427640 62.9764 34.0017 1.161e-22 2.916e-22 1.418e-21 0.0 78.8 0.0
S427641 62.9659 34.0109 3.9809999999999995e-22 8.798e-22 3.292e-21 0.0 78.24 0.0
S427642 62.9808 34.0132 1.39e-19 1.905e-19 2.624e-19 0.0 78.31 0.0
S427643 63.0035 33.977 4.554e-18 4.634e-18 3.294e-18 0.0 80.85 0.0
S427644 62.9679 34.0125 3.9039999999999998e-22 9.502e-22 4.313e-21 0.0 78.2 0.0
S427645 62.9775 34.0227 8.771e-18 1.397e-17 2.602e-17 0.0 78.31 0.0
S427646 62.9976 33.9766 3.594e-17 3.05e-17 1.554e-17 0.0 80.81 0.0
S427647 62.9744 34.0168 1.047e-23 3.299e-23 2.6079999999999996e-22 0.0 78.27 0.0
S427648 62.9711 34.0103 4.408e-18 8.217e-18 2.145e-17 0.0 78.25 0.0
S427649 62.9942 33.9981 1.322e-21 2.628e-21 7.745e-21 0.0 78.77 0.0
S427650 62.9969 33.9856 1.736e-21 3.482e-21 1.0760000000000001e-20 0.0 80.24 0.0
S427651 62.9951 33.9781 7.439e-18 7.477e-18 5.209e-18 0.0 80.88 0.0
S427652 63.0074 33.9748 1.2290000000000001e-20 2.156e-20 4.8570000000000003e-20 0.0 80.48 0.0
S427653 63.0173 33.9621 2.537e-18 2.707e-18 2.24e-18 0.0 80.97 0.0
S427654 62.9741 34.0131 1.028e-16 8.085e-17 3.629e-17 0.0 78.36 1.0
S427655 63.0065 33.9648 2.0780000000000003e-20 3.224e-20 5.554000000000001e-20 0.0 81.02 0.0
S427656 62.9685 34.0085 7.6739999999999995e-22 1.704e-21 6.602e-21 0.0 78.37 0.0
S427657 62.9964 33.9639 2.577e-18 2.685e-18 2.085e-18 0.0 80.99 0.0
S427658 62.9594 34.0126 1.294e-17 2.249e-17 5.131e-17 0.0 78.17 0.0
S427659 62.965 34.0208 1.032e-17 9.477e-18 5.887e-18 0.0 78.28 0.0
S427660 63.0204 33.9653 2.827e-23 7.327e-23 3.7979999999999996e-22 0.0 80.99 0.0
S427661 62.9647 34.0151 2.6e-18 2.762e-18 2.264e-18 0.0 78.31 0.0
S427662 62.9701 34.0218 2.986e-23 8.454e-23 5.437e-22 0.0 78.13 0.0
S427663 62.9647 34.0111 1.13e-17 1.751e-17 3.149e-17 0.0 78.46 0.0
S427664 62.9736 34.0096 6.757e-18 6.681e-18 4.651e-18 0.0 78.53 0.0
S427665 63.0104 33.969 2.141e-16 1.705e-16 7.799e-17 0.0 80.78 0.0
S427666 63.0067 33.9588 3.529e-13 2.465e-13 8.595e-14 0.0 80.87 0.0
S427667 62.9589 34.0248 1.337e-18 1.514e-18 1.376e-18 0.0 78.3 0.0
S427668 62.9706 34.0145 3.742e-13 2.571e-13 9.142e-14 0.0 78.24 0.0
S427669 62.9767 34.0207 4.778e-17 3.757e-17 1.709e-17 0.0 78.37 0.0
S427670 63.0104 33.9696 3.306e-19 4.182e-19 4.834e-19 0.0 80.92 0.0
S427671 62.965 34.0125 6.706e-18 6.115e-18 3.785e-18 0.0 78.3 0.0
S427672 63.0155 33.9683 2.896e-14 4.822e-14 1.025e-13 0.0 80.92 0.0
S427673 62.9753 34.0083 1.475e-17 1.303e-17 7.173e-18 0.001 78.24 0.0
S427674 63.0204 33.9641 1.166e-18 1.364e-18 1.31e-18 0.0 80.72 0.0
S427675 62.9926 33.9648 2.643e-24 8.713999999999999e-24 7.472e-23 0.0 80.98 0.0
S427676 63.0025 33.9752 1.228e-17 1.142e-17 7.157e-18 0.0 80.82 0.0
S427677 63.0038 33.9635 2.003e-21 1.379e-21 4.736e-22 0.0 80.98 0.0
S427678 62.9608 34.0197 1.139e-17 1.698e-17 2.766e-17 0.0 78.31 0.0
S427679 63.008 33.9738 2.996e-17 2.612e-17 1.361e-17 0.0 80.77 0.0
S427680 62.9669 34.0122 7.790000000000001e-20 1.16e-19 1.829e-19 0.0 78.28 0.0
S427681 63.0047 33.9625 2.77e-24 9.05e-24 7.775e-23 0.0 80.99 0.0
S427682 63.0106 33.9679 9.116e-17 7.296e-17 3.403e-17 0.0 80.84 0.0
S427683 63.019 33.96 1.433e-17 1.276e-17 7.003e-18 0.0 80.82 0.0
S427684 63.0132 33.9589 2.477e-18 2.608e-18 2.138e-18 0.0 81.02 0.0
S427685 62.9614 34.0245 2.502e-16 1.93e-16 8.153e-17 0.0 78.25 1.0
S427686 63.0072 33.971 2.085e-23 5.975e-23 3.7599999999999996e-22 0.0 80.88 0.0
S427687 63.0135 33.9716 3.369e-18 3.387e-18 2.586e-18 0.0 80.97 0.0
S427688 63.0142 33.9523 1.244e-16 1.012e-16 4.795e-17 0.0 80.77 0.0
S427689 62.962 34.0223 2.763e-22 7.189999999999999e-22 3.857e-21 0.0 78.35 0.0
S427690 62.9714 34.0356 1.025e-19 1.395e-19 1.97e-19 0.0 78.23 0.0
S427691 62.9703 34.0318 5.104e-21 8.437e-21 1.774e-20 0.0 78.23 0.0
S427692 63.0133 33.9633 5.445e-17 4.462e-17 2.191e-17 0.0 80.99 0.0
S427693 63.0101 33.9536 4.859e-21 8.853e-21 2.129e-20 0.0 80.89 0.0
S427694 63.0036 33.9637 1.376e-17 2.383e-17 5.375e-17 0.0 80.91 0.0
S427695 63.0131 33.9507 1.233e-21 2.269e-21 5.67e-21 0.0 80.96 0.0
S427696 63.0158 33.9604 3.851e-13 2.681e-13 9.302e-14 0.0 80.87 0.0
S427697 62.9982 33.9709 6.836e-19 7.932e-19 7.433e-19 0.0 80.97 0.0
S427698 63.0167 33.9609 2.863e-17 4.146e-17 6.409e-17 0.0 80.8 0.0
S427699 62.9992 33.9631 8.697999999999999e-24 2.685e-23 2.0109999999999999e-22 0.0 80.91 1.0
S427700 63.0077 33.9651 1.109e-17 1.004e-17 5.872e-18 0.0 80.9 0.0
S427701 62.9816 34.0156 1.299e-20 2.081e-20 3.831e-20 0.0 78.16 0.0
S427702 63.0236 33.9547 7.095000000000001e-20 9.820000000000001e-20 1.42e-19 0.0 80.76 0.0
S427703 62.97 34.0164 1.251e-21 2.551e-21 8.324e-21 0.0 78.43 0.0
S427704 63.0219 33.9721 1.989e-18 2.091e-18 1.703e-18 0.0 80.79 0.0
S427705 62.9652 34.0245 2.941e-18 2.991e-18 2.304e-18 0.0 78.22 0.0
S427706 63.0076 33.9572 5.002e-23 1.321e-22 7.284999999999999e-22 0.0 80.77 0.0
S427707 62.958 34.0173 1.386e-18 1.507e-18 1.258e-18 0.0 78.3 0.0
S427708 62.9504 34.0379 3.034e-18 2.938e-18 1.935e-18 0.0 78.24 0.0
S427709 62.9459 34.0277 2.37e-21 1.595e-21 5.129999999999999e-22 0.0 78.48 0.0
S427710 62.9576 34.0249 7.327000000000001e-20 9.629000000000001e-20 1.208e-19 0.0 78.3 0.0
S427711 63.0309 33.9507 1.874e-21 3.382e-21 8.253e-21 0.0 80.86 0.0
S427712 63.0225 33.9466 2.198e-20 3.444e-20 6.229e-20 0.0 80.82 0.0
S427713 62.9616 34.0211 4.046e-18 7.704e-18 2.074e-17 0.0 78.32 0.0
S427714 63.0305 33.9632 3.6830000000000003e-20 5.44e-20 8.915000000000001e-20 0.0 80.76 0.0
S427715 62.9547 34.024 9.714e-16 6.961e-16 2.649e-16 0.0 78.35 0.0
S427716 63.0044 33.9545 2.516e-19 3.23e-19 3.772e-19 0.0 80.76 0.0
S427717 62.9726 34.0188 1.918e-20 3.093e-20 5.986e-20 0.0 78.16 0.0
S427718 62.962 34.0195 2.353e-17 4.261e-17 1.039e-16 0.0 78.23 0.0
S427719 62.9668 34.0201 2.489e-19 3.147e-19 3.772e-19 0.0 78.35 0.0
S427720 63.0113 33.9566 1.667e-21 1.168e-21 4.1239999999999996e-22 0.0 80.77 0.0
S427721 62.9368 34.0366 3.853e-17 8.576e-17 3.257e-16 0.0 78.45 1.0
S427722 63.0273 33.9532 2.11e-17 4.153e-17 1.18e-16 0.0 80.76 0.0
S427723 62.9607 34.0122 6.523e-21 1.163e-20 2.65e-20 0.0 78.21 0.0
S427724 62.9753 34.0192 2.323e-17 3.915e-17 8.456e-17 0.0 78.22 0.0
S427725 62.9601 34.0305 2.323e-18 2.413e-18 1.839e-18 0.0 78.37 0.0
S427726 62.9621 34.023 6.484e-19 7.645e-19 7.486e-19 0.001 78.21 0.0
S427727 63.0356 33.9441 1.107e-17 1.029e-17 6.341e-18 0.0 80.77 0.0
S427728 63.013 33.9471 2.749e-19 3.604e-19 4.491e-19 0.0 80.93 0.0
S427729 62.9497 34.0285 1.606e-21 1.1160000000000001e-21 3.9559999999999998e-22 0.001 78.34 0.0
S427730 62.9776 34.0158 2.572e-18 2.531e-18 1.721e-18 0.0 78.33 0.0
S427731 62.9596 34.0309 4.376e-18 4.443e-18 3.36e-18 0.0 78.21 0.0
S427732 63.0273 33.9448 4.178e-18 4.357e-18 3.45e-18 0.0 80.84 0.0
S427733 62.9364 34.035 1.161e-16 8.959e-17 3.892e-17 0.0 78.32 1.0
S427734 62.9713 34.0256 1.389e-17 1.295e-17 8.067e-18 0.0 78.19 0.0
S427735 62.9642 34.0352 1.5060000000000002e-20 2.477e-20 4.996e-20 0.0 78.24 0.0
S427736 63.018 33.9515 5.084e-19 6.54e-19 7.687e-19 0.0 80.91 0.0
S427737 63.021 33.9525 1.237e-16 9.623e-17 4.243e-17 0.0 80.85 1.0
S427738 63.012 33.9511 7.927e-18 1.713e-17 6.356e-17 0.0 80.88 0.0
S427739 62.971 34.0354 1.014e-17 1.828e-17 4.456e-17 0.0 78.19 0.0
S427740 62.9532 34.0312 1.949e-19 2.495e-19 2.954e-19 0.0 78.32 0.0
S427741 62.961 34.0327 2.019e-17 4.149e-17 1.358e-16 0.0 78.23 0.0
S427742 63.0239 33.9546 1.8610000000000003e-20 2.807e-20 4.686e-20 0.0 80.69 0.0
S427743 62.947 34.0182 4.8330000000000006e-20 7.366000000000001e-20 1.268e-19 0.0 78.4 0.0
S427744 63.0198 33.9515 1.126e-19 1.531e-19 2.092e-19 0.0 80.8 0.0
S427745 62.9515 34.0515 4.123e-18 4.05e-18 2.829e-18 0.0 78.29 0.0
S427746 62.9435 34.0452 1.765e-21 1.224e-21 4.279e-22 0.001 78.37 0.0
S427747 63.0174 33.9456 1.753e-17 3.425e-17 9.926e-17 0.0 80.87 0.0
S427748 63.0063 33.9519 1.736e-24 6.015e-24 5.571e-23 0.0 80.89 0.0
S427749 62.9557 34.0317 6.496000000000001e-20 9.124e-20 1.339e-19 0.0 78.26 0.0
S427750 63.0135 33.9545 7.434e-18 7.049e-18 4.551e-18 0.0 80.83 0.0
S427751 63.0317 33.9432 1.843e-21 1.272e-21 4.354e-22 0.0 80.93 0.0
S427752 63.0143 33.9484 5.796e-18 5.405e-18 3.525e-18 0.0 80.82 0.0
S427753 63.0336 33.9536 6.665e-18 6.441e-18 4.369e-18 0.0 80.82 0.0
S427754 62.9615 34.0309 3.293e-18 3.381e-18 2.614e-18 0.0 78.11 0.0
S427755 63.021 33.9494 9.574e-18 9.156e-18 6.039e-18 0.0 80.77 0.0
S427756 63.016 33.9411 5.002e-22 1.156e-21 4.601e-21 0.0 80.85 0.0
S427757 62.9483 34.0303 8.615000000000001e-20 1.304e-19 2.225e-19 0.0 78.37 0.0
S427758 63.0064 33.9526 6.589e-21 1.123e-20 2.515e-20 0.0 80.68 0.0
S427759 63.0233 33.9557 1.742e-19 2.245e-19 2.611e-19 0.0 80.82 0.0
S427760 63.0292 33.953 1.209e-16 9.688e-17 4.455e-17 0.0 80.83 0.0
S427761 62.9416 34.0444 1.034e-17 9.41e-18 5.525e-18 0.0 78.37 0.0
S427762 62.9432 34.0373 5.424e-21 9.403e-21 2.1760000000000002e-20 0.0 78.45 0.0
S427763 62.9392 34.0511 1.311e-19 1.755e-19 2.243e-19 0.0 78.45 0.0
S427764 62.9491 34.0388 1.412e-19 1.934e-19 2.584e-19 0.0 78.26 0.0
S427765 62.9456 34.0267 4.835e-24 1.6189999999999998e-23 1.421e-22 0.0 78.33 0.0
S427766 62.965 34.0243 5.449e-17 4.276e-17 1.941e-17 0.0 78.37 0.0
S427767 62.944 34.0387 1.053e-19 1.452e-19 2.065e-19 0.0 78.32 0.0
S427768 63.0258 33.9478 6.451e-19 7.687e-19 8.16e-19 0.0 80.78 0.0
S427769 62.9493 34.0396 2.563e-19 3.236e-19 3.719e-19 0.0 78.31 0.0
S427770 62.972 34.0296 6.591e-17 5.404e-17 2.614e-17 0.0 78.12 0.0
S427771 63.0395 33.9338 1.083e-21 2.092e-21 6.018e-21 0.0 80.76 0.0
S427772 63.0312 33.9375 2.428e-19 2.976e-19 3.291e-19 0.0 80.85 0.0
S427773 62.9479 34.0355 6.266e-13 4.515e-13 1.663e-13 0.0 78.42 0.0
S427774 62.956 34.0338 2.5060000000000003e-20 3.9110000000000003e-20 6.813e-20 0.0 78.27 0.0
S427775 63.0232 33.9437 4.578e-19 5.492e-19 5.609e-19 0.0 80.88 0.0
S427776 63.0326 33.9393 7.097e-18 7.202e-18 5.225e-18 0.0 80.77 0.0
S427777 63.0317 33.9409 9.478e-18 8.808e-18 5.391e-18 0.0 80.76 0.0
S427778 62.9682 34.0324 1.228e-17 2.106e-17 4.695e-17 0.0 78.27 0.0
S427779 63.0123 33.9521 1.857e-17 2.78e-17 4.634e-17 0.0 80.78 0.0
S427780 62.9601 34.0417 7.107e-19 7.996e-19 7.35e-19 0.0 78.21 0.0
S427781 63.0396 33.9376 1.132e-24 3.984e-24 4.0089999999999997e-23 0.0 80.72 0.0
S427782 63.0287 33.9399 1.713e-19 2.243e-19 2.752e-19 0.0 80.78 0.0
S427783 63.0255 33.9375 2.286e-23 6.504e-23 4.2069999999999997e-22 0.0 80.79 0.0
S427784 62.9672 34.0373 4.288e-13 2.922e-13 1.015e-13 0.0 78.32 0.0
S427785 62.9372 34.0545 1.938e-17 4.108e-17 1.444e-16 0.0 78.37 0.0
S427786 63.0377 33.9469 1.543e-23 4.274e-23 2.585e-22 0.0 80.81 0.0
S427787 62.9538 34.0384 4.93e-17 4.029e-17 1.993e-17 0.0 78.23 0.0
S427788 63.0204 33.9341 3.9700000000000006e-20 5.535000000000001e-20 7.988000000000001e-20 0.0 80.82 0.0
S427789 62.9495 34.0624 8.168e-23 2.0429999999999998e-22 1.0060000000000001e-21 0.0 78.42 0.0
S427790 63.0266 33.936 2.178e-21 1.488e-21 4.950999999999999e-22 0.0 80.79 0.0
S427791 63.0413 33.9393 1.095e-21 8.177999999999999e-22 3.2349999999999997e-22 0.0 80.71 0.0
S427792 63.0172 33.9413 7.143e-18 1.351e-17 3.583e-17 0.0 80.77 0.0
S427793 63.0326 33.9479 2.634e-22 6.046e-22 2.447e-21 0.0 80.72 0.0
S427794 62.9636 34.0404 4.229e-17 1.078e-16 5.506e-16 0.0 78.28 1.0
S427795 62.958 34.0496 3.862e-21 7.097e-21 1.822e-20 0.0 78.27 0.0
S427796 62.9201 34.0492 2.227e-17 2.017e-17 1.162e-17 0.0 78.45 0.0
S427797 63.0152 33.9489 4.849e-17 8.76e-17 2.076e-16 0.0 80.9 0.0
S427798 63.0277 33.9443 9.482e-18 2.058e-17 7.161e-17 0.0 80.83 0.0
S427799 63.0476 33.9354 8.891000000000001e-20 1.358e-19 2.306e-19 0.0 80.78 0.0
S427800 62.9333 34.0497 4.5e-27 3.2020000000000005e-26 1.36e-24 0.0 78.45 0.0
S427801 63.0373 33.9324 2.762e-19 3.572e-19 4.278e-19 0.0 80.76 0.0
S427802 62.9303 34.0499 1.427e-18 1.547e-18 1.351e-18 0.0 78.5 0.0
S427803 62.9379 34.0361 1.009e-19 1.394e-19 1.939e-19 0.0 78.28 0.0
S427804 62.9251 34.0479 8.536e-17 6.59e-17 2.829e-17 0.0 78.44 0.0
S427805 62.9469 34.0416 8.204e-21 1.446e-20 3.2190000000000005e-20 0.0 78.32 0.0
S427806 62.9393 34.0445 9.275e-18 1.735e-17 4.457e-17 0.0 78.37 0.0
S427807 63.0251 33.9425 5.631000000000001e-20 7.429e-20 9.662e-20 0.001 80.72 0.0
S427808 62.9492 34.0399 1.403e-21 1.01e-21 3.7019999999999997e-22 0.0 78.26 0.0
S427809 62.9456 34.0466 2.429e-18 2.606e-18 2.109e-18 0.0 78.4 0.0
S427810 63.0475 33.9222 4.873e-22 1.13e-21 4.752e-21 0.0 80.72 0.0
S427811 63.0338 33.928 3.451e-16 2.589e-16 1.044e-16 0.0 80.81 0.0
S427812 62.9438 34.0445 2.452e-17 2.161e-17 1.181e-17 0.0 78.43 0.0
S427813 62.9429 34.0488 4.407e-22 1.0090000000000001e-21 4.159e-21 0.001 78.32 0.0
S427814 62.9262 34.0602 1.652e-24 6.105e-24 6.705e-23 0.0 78.47 0.0
S427815 62.9426 34.049 1.287e-21 2.539e-21 7.739e-21 0.0 78.36 0.0
S427816 62.9409 34.0603 3.908e-18 3.804e-18 2.607e-18 0.0 78.4 0.0
S427817 62.9406 34.0558 7.27e-24 2.161e-23 1.529e-22 0.0 78.48 0.0
S427818 62.9387 34.0593 2.43e-25 1.076e-24 1.756e-23 0.0 78.46 0.0
S427819 62.9367 34.0478 6.948e-19 7.895e-19 7.631e-19 0.0 78.4 0.0
S427820 63.0365 33.9304 2.026e-23 5.813e-23 3.7669999999999996e-22 0.0 80.78 0.0
S427821 62.9265 34.0712 4.309e-22 9.301e-22 3.276e-21 0.0 78.4 0.0
S427822 62.9538 34.0518 2.045e-21 1.429e-21 4.883e-22 0.0 78.27 0.0
S427823 63.0406 33.9438 1.097e-16 8.635e-17 3.867e-17 0.0 80.69 0.0
S427824 62.9317 34.0564 4.6820000000000005e-25 1.844e-24 2.3649999999999998e-23 0.0 78.4 0.0
S427825 62.9467 34.0553 3.4609999999999995e-22 8.182e-22 3.593e-21 0.0 78.33 0.0
S427826 62.9278 34.0615 3.015e-18 3.156e-18 2.506e-18 0.0 78.52 0.0
S427827 63.0314 33.9216 6.742e-18 6.609e-18 4.571e-18 0.0 80.7 0.0
S427828 63.0487 33.9217 6.797e-24 2.4399999999999999e-23 2.4969999999999996e-22 0.0 80.71 0.0
S427829 63.046 33.9258 2.0380000000000002e-20 3.341e-20 6.635e-20 0.0 80.71 0.0
S427830 63.0444 33.9252 7.654e-21 1.3580000000000002e-20 3.093e-20 0.0 80.68 0.0
S427831 63.0485 33.9209 7.912e-19 8.883e-19 8.145e-19 0.0 80.7 0.0
S427832 62.9266 34.0569 9.668e-18 8.646e-18 4.969e-18 0.0 78.49 0.0
S427833 63.0482 33.9277 6.38e-18 6.209e-18 4.169e-18 0.0 80.68 0.0
S427834 62.9301 34.0605 6.187e-13 6.038e-13 4.19e-13 0.0 78.45 1.0
S427835 62.9415 34.0577 1.371e-21 9.729999999999999e-22 3.5909999999999997e-22 0.0 78.51 0.0
S427836 62.9171 34.0589 2.11e-16 1.676e-16 7.847e-17 0.0 78.44 0.0
S427837 62.9109 34.0701 3.605e-23 1.0709999999999998e-22 7.752e-22 0.0 78.43 0.0
S427838 62.9131 34.0694 6.134e-17 1.058e-16 2.389e-16 0.0 78.42 0.0
S427839 63.0481 33.9205 4.543e-18 7.09e-18 1.317e-17 0.0 80.74 0.0
S427840 63.0555 33.9177 2.486e-23 7.101e-23 4.555e-22 0.0 80.7 0.0
S427841 63.0565 33.9189 5.231e-21 8.862e-21 1.905e-20 0.0 80.68 0.0
S427842 63.0409 33.928 2.194e-21 1.489e-21 5.004e-22 0.0 80.58 0.0
S427843 62.9887 33.9915 1.732e-17 2.619e-17 4.388e-17 0.0 85.07 0.0
S427844 62.9887 33.9914 8.484e-18 8.014e-18 5.054e-18 0.0 82.59 0.0
S427845 62.9887 33.9915 3.84e-17 3.346e-17 1.84e-17 0.0 85.23 0.0
S427846 62.9888 33.9916 6.115e-17 5.415e-17 2.944e-17 0.001 81.82 0.0
S427847 63.0476 33.9239 5.419e-16 4.02e-16 1.559e-16 0.0 80.66 0.0
S427848 63.0438 33.9256 5.146e-18 1.024e-17 3.014e-17 0.0 80.62 0.0
S427849 62.923 34.0668 9.696e-17 7.493e-17 3.262e-17 0.0 78.5 1.0
S427850 63.0455 33.9232 6.612e-18 6.352e-18 4.206e-18 0.0 80.66 0.0
S427851 63.0453 33.9242 9.014e-16 6.518e-16 2.502e-16 0.0 80.66 0.0
S427852 63.0449 33.924 7.996e-17 6.799e-17 3.463e-17 0.0 80.66 0.0
S427853 62.9279 34.0658 3.578e-17 2.943e-17 1.469e-17 0.0 78.48 0.0
S427854 62.9328 34.0631 1.053e-12 8.52e-13 3.973e-13 0.0 78.46 1.0
S427855 62.9319 34.0616 9.613e-15 6.405e-15 2.018e-15 0.0 78.4 0.0
S427856 62.9352 34.0627 1.259e-15 8.732e-16 3.048e-16 0.0 78.42 0.0
S427857 63.0504 33.9122 7.632e-15 5.208e-15 1.707e-15 0.0 80.69 0.0
S427858 63.0484 33.9116 3.968e-16 2.97e-16 1.216e-16 0.0 80.71 0.0
S427859 63.0492 33.9111 1.694e-15 1.213e-15 4.366e-16 0.0 80.72 0.0
S427860 63.0476 33.9127 1.117e-16 8.9e-17 4.129e-17 0.0 80.72 0.0
S427861 62.9374 34.0643 2.949e-17 2.569e-17 1.403e-17 0.0 78.42 0.0
S427862 63.0507 33.9089 3.155e-16 2.359e-16 9.599e-17 0.0 80.76 1.0
S427863 63.0536 33.9002 1.606e-17 1.437e-17 8.259e-18 0.0 80.73 0.0
S427864 62.9258 34.0772 1.272e-15 9.226e-16 3.363e-16 0.0 78.4 0.0
S427865 62.9362 34.0703 9.123000000000001e-20 1.264e-19 1.776e-19 0.0 78.37 0.0
S427866 62.9312 34.0739 1.12e-16 8.828e-17 3.961e-17 0.0 78.36 1.0
S427867 63.0467 33.906 1.695e-16 1.299e-16 5.585e-17 0.0 80.74 1.0
S427868 62.9335 34.0745 7.307e-16 5.268e-16 2.024e-16 0.0 78.38 0.0
S427869 63.0443 33.9092 2.358e-17 3.819e-17 7.414e-17 0.0 80.78 0.0
S427870 63.0481 33.9023 5.935e-19 7.065e-19 7.365e-19 0.0 80.8 0.0
S427871 63.0478 33.903 1.459e-17 1.309e-17 7.873e-18 0.0 80.77 0.0
S427872 63.0453 33.9045 3.309e-17 2.824e-17 1.489e-17 0.0 80.81 0.0
S427873 62.9341 34.0798 1.441e-15 9.907e-16 3.422e-16 0.0 78.35 0.0
S427874 63.0419 33.906 6.569e-16 4.796e-16 1.851e-16 0.0 80.8 0.0
S427875 62.9325 34.0843 5.369e-17 4.538e-17 2.293e-17 0.0 78.3 0.0
S427876 62.9339 34.0838 8.649e-17 6.827e-17 3.047e-17 0.0 78.36 0.0
S427877 62.9296 34.088 7.308e-17 5.875e-17 2.768e-17 0.0 78.34 0.0
S427878 63.0407 33.899 1.442e-18 1.668e-18 1.639e-18 0.0 80.81 0.0
S427879 62.9326 34.0851 2.313e-17 2.065e-17 1.168e-17 0.0 78.33 0.0
S427880 62.9372 34.0855 7.58e-13 5.87e-13 2.518e-13 0.0 78.33 1.0
S427881 62.9401 34.0803 3.329e-17 5.416e-17 1.047e-16 0.0 78.29 0.0
S427882 62.9319 34.0929 8.299e-17 6.803e-17 3.262e-17 0.0 78.29 0.0
S427883 63.0367 33.8971 4.302e-17 3.711e-17 1.976e-17 0.0 80.85 0.0
S427884 63.0422 33.8916 2.952e-17 2.579e-17 1.437e-17 0.0 80.83 0.0
S427885 63.0431 33.8915 3.763e-16 2.942e-16 1.247e-16 0.0 80.8 0.0
S427886 63.0394 33.8961 3.493e-17 2.894e-17 1.439e-17 0.0 80.82 0.0
S427887 62.9413 34.0861 1.709e-16 1.351e-16 5.935e-17 0.0 78.3 1.0
S427888 63.0406 33.889 1.086e-16 8.369e-17 3.565e-17 0.0 80.84 1.0
S427889 62.9429 34.0907 3.629e-18 7.065e-18 2.01e-17 0.0 78.33 0.0
S427890 62.9481 34.0842 2.513e-17 2.242e-17 1.293e-17 0.0 78.32 0.0
S427891 63.0329 33.8957 6.242e-17 5.028e-17 2.34e-17 0.0 80.8 0.0
S427892 63.0335 33.8912 2.334e-16 1.8e-16 7.642e-17 0.0 80.79 1.0
S427893 62.9464 34.0908 7.892e-18 7.518e-18 5.047e-18 0.0 78.34 0.0
S427894 63.0317 33.8934 1.607e-16 1.214e-16 4.908e-17 0.0 80.8 0.0
S427895 63.0353 33.884 8.203e-17 6.586e-17 3.173e-17 0.0 80.8 0.0
S427896 62.9481 34.0929 6.11e-17 4.925e-17 2.324e-17 0.0 78.33 0.0
S427897 63.0251 33.8928 1.215e-15 8.816e-16 3.294e-16 0.0 80.76 0.0
S427898 63.0316 33.8883 2.144e-15 1.528e-15 5.53e-16 0.0 80.75 0.0
S427899 62.9508 34.0924 2.15e-15 1.495e-15 5.343e-16 0.0 78.4 0.0
S427900 62.9493 34.0891 9.662e-18 9.287e-18 6.298e-18 0.0 78.41 0.0
S427901 63.0254 33.8871 5.418000000000001e-20 7.898000000000001e-20 1.198e-19 0.0 80.76 0.0
S427902 62.9594 34.0872 1.387e-19 1.838e-19 2.367e-19 0.0 78.41 0.0
S427903 63.0203 33.8951 4.202e-15 2.701e-15 8.276e-16 0.0 80.73 0.0
S427904 62.9575 34.0924 3.539e-18 3.544e-18 2.558e-18 0.0 78.44 0.0
S427905 62.9566 34.0899 1.728e-21 3.469e-21 1.049e-20 0.0 78.41 0.0
S427906 62.963 34.0839 2.135e-16 1.666e-16 7.344e-17 0.0 78.48 1.0
S427907 62.9626 34.0899 1.917e-16 1.542e-16 7.142e-17 0.0 78.51 0.0
S427908 63.0177 33.8963 1.412e-17 2.561e-17 6.427e-17 0.0 80.7 0.0
S427909 62.9669 34.0899 1.042e-20 1.694e-20 3.3420000000000006e-20 0.0 78.52 0.0
S427910 62.9676 34.0797 5.298e-19 6.158e-19 6.124e-19 0.0 78.51 0.0
S427911 63.0104 33.8934 2.846e-13 1.937e-13 6.406e-14 0.0 80.6 0.0
S427912 63.0076 33.8911 1.945e-17 1.718e-17 9.853e-18 0.0 80.58 0.0
S427913 63.0067 33.8958 4.988e-17 4.352e-17 2.304e-17 0.0 80.57 0.0
S427914 63.0026 33.9005 5.123e-18 5.061e-18 3.568e-18 0.0 80.55 0.0
S427915 62.9989 33.9068 1.349e-17 1.207e-17 7.178e-18 0.0 80.52 0.0
S427916 62.9985 33.905 3.735e-15 2.591e-15 9.058e-16 0.001 80.48 0.0
S427917 62.9774 34.0772 1.337e-16 1.05e-16 4.788e-17 0.0 78.64 1.0
S427918 62.9982 33.905 2.996e-16 2.353e-16 1.047e-16 0.0 80.48 0.0
S427919 62.9937 33.9044 5.247e-13 4.375e-13 2.168e-13 0.0 80.47 1.0
S427920 62.9938 33.9061 7.093e-17 5.878e-17 2.942e-17 0.0 80.47 0.0
S427921 62.9961 33.91 5.683e-17 4.645e-17 2.198e-17 0.0 80.47 0.0
S427922 62.9893 34.0691 2.194e-17 1.799e-17 9.228e-18 0.0 78.73 0.0
S427923 62.9857 33.912 1.089e-17 9.722e-18 5.55e-18 0.0 80.36 0.0
S427924 62.9951 34.0683 6.844e-16 5.041e-16 2.008e-16 0.0 78.82 0.0
S427925 62.9836 33.9138 5.196e-17 4.282e-17 2.009e-17 0.0 80.33 0.0
S427926 62.9801 33.919 1.665e-17 3.512e-17 1.168e-16 0.0 80.28 0.0
S427927 62.9972 34.0625 1.517e-15 1.061e-15 3.863e-16 0.0 78.89 0.0
S427928 63.0028 34.061 1.629e-15 1.117e-15 3.8e-16 0.0 78.94 0.0
S427929 63.0044 34.0602 2.437e-16 1.877e-16 7.869e-17 0.0 78.92 1.0
S427930 63.0053 34.0547 1.087e-15 7.598e-16 2.638e-16 0.0 78.99 0.0
S427931 62.97 33.9266 2.773e-15 1.986e-15 7.23e-16 0.0 80.18 0.0
S427932 63.0095 34.0508 4.328e-20 6.372000000000001e-20 9.807e-20 0.0 79.02 0.0
S427933 63.0112 34.0479 5.721e-13 4.114e-13 1.485e-13 0.0 79.04 0.0
S427934 63.0163 34.0482 2.31e-16 1.755e-16 7.184e-17 0.0 79.06 0.0
S427935 63.0179 34.0431 4.32e-15 3.003e-15 1.049e-15 0.0 79.13 0.0
S427936 63.0145 34.0395 2.572e-17 6.002e-17 2.428e-16 0.0 79.15 1.0
S427937 62.9534 33.9399 2.809e-16 2.221e-16 9.694e-17 0.0 79.98 1.0
S427938 63.0257 34.0335 9.996e-16 7.464e-16 2.946e-16 0.001 79.25 0.0
S427939 62.9508 33.9533 7.326e-19 8.519e-19 8.33e-19 0.0 79.88 0.0
S427940 62.944 33.9521 3.185e-16 2.438e-16 1.031e-16 0.0 79.81 1.0
S427941 62.9465 33.9591 3.023e-17 2.684e-17 1.515e-17 0.0 79.82 0.0
S427942 62.9429 33.965 5.564e-16 4.11e-16 1.675e-16 0.0 79.75 0.0
S427943 63.0412 34.0226 1.038e-16 8.445e-17 3.966e-17 0.0 79.37 0.0
S427944 62.9418 33.9646 1.371e-16 1.08e-16 4.796e-17 0.0 79.75 1.0
S427945 63.0432 34.0095 1.768e-15 1.224e-15 4.211e-16 0.0 79.48 0.0
S427946 62.9321 33.9751 2.503e-18 2.479e-18 1.766e-18 0.0 79.63 0.0
S427947 63.0528 33.9982 6.247e-16 4.559e-16 1.702e-16 0.0 79.62 0.0
S427948 63.0495 33.9955 1.175e-15 8.517e-16 3.225e-16 0.0 79.64 0.0
S427949 63.0557 33.9053 8.029e-17 6.418e-17 2.929e-17 0.0 80.73 0.0
S427950 63.0456 33.9143 1.154e-17 1.065e-17 6.543e-18 0.0 80.73 0.0
S427951 63.0394 33.9237 3.306e-18 3.507e-18 2.76e-18 0.0 80.77 0.0
S427952 62.9298 34.08 8.113e-19 9.045e-19 8.079e-19 0.0 78.38 0.0
S427953 63.0373 33.9147 7.957e-20 1.122e-19 1.581e-19 0.0 80.78 0.0
S427954 63.0414 33.9189 2.22e-18 2.412e-18 2.008e-18 0.0 80.75 0.0
S427955 62.9352 34.0729 1.198e-22 2.7269999999999996e-22 1.067e-21 0.0 78.37 0.0
S427956 62.9334 34.0706 3.778e-21 7.164e-21 1.9450000000000002e-20 0.0 78.4 0.0
S427957 62.9311 34.0775 2.297e-13 1.535e-13 5.021e-14 0.0 78.37 0.0
S427958 63.0407 33.9118 1.563e-17 1.317e-17 6.816e-18 0.001 80.78 0.0
S427959 63.0345 33.9196 5.208e-18 5.001e-18 3.305e-18 0.0 80.78 0.0
S427960 63.0348 33.9046 2.0830000000000002e-20 3.326e-20 6.345e-20 0.0 80.77 0.0
S427961 63.0435 33.906 7.678e-21 1.3550000000000001e-20 3.127e-20 0.0 80.77 0.0
S427962 62.9354 34.0702 4.617e-17 3.888e-17 1.951e-17 0.0 78.32 0.0
S427963 62.9337 34.0801 8.651e-18 1.491e-17 3.19e-17 0.0 78.35 0.0
S427964 63.0521 33.8973 1.714e-18 1.829e-18 1.547e-18 0.0 80.81 0.0
S427965 62.9315 34.0861 1.849e-16 1.42e-16 6.05e-17 0.0 78.33 1.0
S427966 62.9293 34.0907 1.5380000000000001e-21 1.1040000000000001e-21 4.0079999999999998e-22 0.0 78.34 0.0
S427967 62.9393 34.0892 7.602e-17 6.268e-17 2.964e-17 0.0 78.32 0.0
S427968 62.9423 34.074 2.517e-21 1.668e-21 5.369999999999999e-22 0.0 78.35 0.0
S427969 62.9399 34.0801 2.132e-13 1.439e-13 4.73e-14 0.0 78.32 0.0
S427970 63.038 33.9038 4.349e-22 9.484999999999998e-22 3.357e-21 0.0 80.8 0.0
S427971 62.9352 34.0812 1.712e-20 2.9860000000000003e-20 6.799e-20 0.0 78.3 0.0
S427972 63.0376 33.8975 1.504e-18 1.603e-18 1.347e-18 0.0 80.8 0.0
S427973 62.945 34.0782 1.693e-16 1.314e-16 5.703e-17 0.0 78.35 1.0
S427974 63.0396 33.8969 9.626e-17 7.591e-17 3.356e-17 0.0 80.79 1.0
S427975 62.9337 34.0879 1.058e-17 1.593e-17 2.704e-17 0.0 78.32 0.0
S427976 63.0403 33.8934 4.65e-19 5.674e-19 6.254e-19 0.0 80.8 0.0
S427977 63.0391 33.8972 1.502e-21 2.7310000000000002e-21 6.793e-21 0.0 80.82 0.0
S427978 63.0423 33.8964 1.474e-17 2.471e-17 5.154e-17 0.0 80.86 0.0
S427979 62.9444 34.0865 4.7e-18 4.38e-18 2.821e-18 0.0 78.29 0.0
S427980 62.9437 34.0826 1.825e-17 4.383e-17 1.98e-16 0.0 78.36 1.0
S427981 63.036 33.8963 3.31e-17 2.778e-17 1.405e-17 0.0 80.78 0.0
S427982 63.0288 33.9013 6.127e-17 5.01e-17 2.464e-17 0.0 80.8 0.0
S427983 63.0316 33.899 6.955e-24 2.226e-23 1.7539999999999998e-22 0.0 80.82 0.0
S427984 63.0325 33.9063 3.527e-19 4.314e-19 4.831e-19 0.0 80.76 0.0
S427985 63.0328 33.8992 3.608e-17 3.156e-17 1.706e-17 0.0 80.81 0.0
S427986 63.0288 33.8971 2.847e-16 2.21e-16 9.762e-17 0.0 80.74 1.0
S427987 63.0341 33.8918 6.361e-13 4.632e-13 1.815e-13 0.0 80.8 0.0
S427988 62.9491 34.0882 1.812e-16 1.362e-16 5.43e-17 0.0 78.31 0.0
S427989 63.0257 33.8945 1.307e-18 1.374e-18 1.118e-18 0.0 80.75 0.0
S427990 62.9439 34.0901 3.9840000000000006e-20 5.765e-20 9.079000000000001e-20 0.0 78.33 0.0
S427991 63.0331 33.8956 2.399e-18 2.47e-18 1.894e-18 0.0 80.77 0.0
S427992 62.9519 34.0856 1.269e-18 1.357e-18 1.163e-18 0.0 78.34 0.0
S427993 63.0209 33.8964 2.685e-18 2.595e-18 1.717e-18 0.0 80.68 0.0
S427994 62.9455 34.0942 3.503e-22 8.098999999999999e-22 3.276e-21 0.0 78.34 0.0
S427995 63.0313 33.888 1.888e-16 1.45e-16 6.169e-17 0.0 80.74 1.0
S427996 63.0155 33.8965 1.393e-17 2.392e-17 5.153e-17 0.0 80.74 0.0
S427997 63.0224 33.8915 5.487e-16 3.964e-16 1.49e-16 0.0 80.67 0.0
S427998 62.9549 34.0935 6.778e-18 6.628e-18 4.437e-18 0.0 78.44 0.0
S427999 62.9614 34.0815 6.144e-22 1.341e-21 4.891e-21 0.0 78.49 0.0
S428000 63.0115 33.8994 5.48e-22 1.249e-21 4.934e-21 0.0 80.67 0.0
S428001 63.0077 33.9057 2.705e-19 3.552e-19 4.556e-19 0.0 80.61 0.0
S428002 63.0166 33.9008 1.843e-17 1.614e-17 9.19e-18 0.0 80.65 0.0
S428003 62.9555 34.0918 1.9350000000000002e-21 1.317e-21 4.588e-22 0.0 78.41 0.0
S428004 63.0026 33.903 7.234e-18 6.668e-18 4.15e-18 0.0 80.59 0.0
S428005 63.0035 33.904 1.479e-21 1.036e-21 3.808e-22 0.0 80.58 0.0
S428006 62.9786 34.0759 2.093e-18 2.147e-18 1.639e-18 0.0 78.53 0.0
S428007 63.0034 33.9092 1.273e-19 1.658e-19 1.981e-19 0.0 80.58 0.0
S428008 62.9832 34.0734 2.322e-21 1.563e-21 5.364999999999999e-22 0.0 78.66 0.0
S428009 62.9787 34.0677 1.179e-17 2.072e-17 4.956e-17 0.0 78.64 0.0
S428010 62.9822 34.07 1.181e-21 2.202e-21 5.8190000000000004e-21 0.0 78.7 0.0
S428011 62.9786 34.0822 2.632e-16 1.986e-16 8.48e-17 0.0 78.61 1.0
S428012 62.9793 34.0765 3.785e-17 6.122e-17 1.158e-16 0.0 78.61 0.0
S428013 62.9833 34.0767 4.053e-17 3.368e-17 1.675e-17 0.0 78.73 0.0
S428014 62.9919 33.9167 4.035e-18 7.447e-18 1.871e-17 0.0 80.42 0.0
S428015 62.9918 33.9129 1.866e-17 3.714e-17 1.153e-16 0.0 80.4 0.0
S428016 62.9844 33.9076 2.31e-18 2.334e-18 1.712e-18 0.0 80.38 0.0
S428017 62.9904 33.9158 3.367e-17 2.756e-17 1.346e-17 0.0 80.44 0.0
S428018 62.9935 34.06 3.028e-21 6.003e-21 1.801e-20 0.0 78.78 0.0
S428019 62.9928 33.9211 2.737e-17 4.165e-17 6.939e-17 0.0 80.35 0.0
S428020 62.982 33.9229 4.625e-19 5.518e-19 5.59e-19 0.0 80.29 0.0
S428021 62.9759 33.9187 1.517e-15 1.026e-15 3.478e-16 0.0 80.29 0.0
S428022 62.9999 34.0599 3.403e-17 3.114e-17 1.833e-17 0.0 78.93 0.0
S428023 63.0041 34.0546 3.6e-19 4.138e-19 3.854e-19 0.0 78.95 0.0
S428024 63.0076 34.054 2.329e-17 2.022e-17 1.111e-17 0.0 78.91 0.0
S428025 62.9692 33.9297 5.794e-18 5.508e-18 3.6e-18 0.0 80.18 0.0
S428026 63.0091 34.0523 1.081e-15 7.828e-16 3.03e-16 0.0 78.98 0.0
S428027 62.9621 33.9263 3.213e-17 6.822e-17 2.304e-16 0.0 80.11 0.0
S428028 63.016 34.0499 3.723e-18 3.816e-18 2.86e-18 0.0 79.06 0.0
S428029 63.0141 34.0387 1.142e-16 9.034e-17 4.162e-17 0.0 79.12 0.0
S428030 62.9611 33.9443 1.456e-19 1.914e-19 2.369e-19 0.0 80.01 0.0
S428031 62.9526 33.9428 1.843e-21 1.261e-21 4.370999999999999e-22 0.0 79.98 0.0
S428032 63.0236 34.0412 3.98e-17 8.31e-17 2.83e-16 0.0 79.14 1.0
S428033 63.0189 34.029 7.572e-17 6.269e-17 3.156e-17 0.0 79.24 0.0
S428034 62.9511 33.9483 2.315e-16 1.782e-16 7.865e-17 0.0 79.9 1.0
S428035 63.0281 34.0222 2.914e-18 3.005e-18 2.334e-18 0.0 79.32 0.0
S428036 63.0285 34.0281 7.048e-19 7.974e-19 7.343e-19 0.0 79.31 0.0
S428037 63.0355 34.019 2.643e-16 2.002e-16 8.26e-17 0.0 79.39 1.0
S428038 62.942 33.9705 1.316e-12 1.021e-12 4.332e-13 0.0 79.74 1.0
S428039 63.0451 34.0102 3.471e-21 6.725e-21 1.86e-20 0.0 79.48 0.0
S428040 62.9368 33.9779 6.634e-16 4.726e-16 1.762e-16 0.0 79.62 0.0
S428041 63.0361 34.0118 7.281e-13 6.334e-13 3.414e-13 0.0 79.43 1.0
S428042 63.0414 34.0029 2.771e-21 4.96e-21 1.1740000000000001e-20 0.0 79.54 0.0
S428043 62.9282 33.9931 5.783e-18 5.685e-18 3.931e-18 0.0 79.45 0.0
S428044 63.0542 34.0011 1.826e-16 1.376e-16 5.897e-17 0.0 79.6 1.0
S428045 63.0564 33.9912 3.486e-17 3.027e-17 1.627e-17 0.0 79.66 0.0
S428046 62.9148 33.9951 5.729e-17 4.796e-17 2.37e-17 0.0 79.41 0.0
S428047 62.9221 33.9888 1.877e-16 1.495e-16 6.818e-17 0.0 79.48 1.0
S428048 63.0555 33.98 1.499e-18 1.627e-18 1.367e-18 0.0 79.78 0.0
S428049 62.9085 34.0061 6.987e-16 5.258e-16 2.113e-16 0.0 79.29 0.0
S428050 63.0614 33.9733 2.006e-17 4.1e-17 1.278e-16 0.0 79.86 0.0
