Name Equatorial Polar BlueF GreenF RedF Parallax RadialVelocity Variable?
S337677 108.3001 62.2935 2.5559999999999996e-22 6.1729999999999995e-22 2.776e-21 0.0 28.3 0.0
S337678 108.4188 62.3567 3.465e-23 1.0029999999999999e-22 6.628999999999999e-22 0.0 28.82 0.0
S337679 108.2605 62.2355 1.4370000000000001e-21 3.047e-21 1.059e-20 0.0 25.96 0.0
S337680 108.2563 62.2817 4.1e-16 1.131e-15 6.665e-15 0.0 26.62 1.0
S337681 108.3176 62.2723 1.168e-18 1.306e-18 1.247e-18 0.0 27.27 0.0
S337682 108.2754 62.2815 1.738e-23 5.354999999999999e-23 3.92e-22 0.001 26.56 0.0
S337683 108.2457 62.2222 4.6940000000000007e-20 7.507000000000001e-20 1.416e-19 0.0 26.06 0.0
S337684 108.2811 62.4123 8.958e-20 1.335e-19 2.21e-19 0.0 28.38 0.0
S337685 108.3131 62.2722 6.163e-23 1.8429999999999998e-22 1.312e-21 0.0 27.11 0.0
S337686 108.3166 62.2924 4.349e-19 5.819e-19 7.508e-19 0.0 28.42 0.0
S337687 108.2654 62.2936 1.244e-13 8.28e-14 2.629e-14 0.0 26.98 0.0
S337688 108.314 62.2915 5.874e-18 5.967e-18 4.413e-18 0.0 27.98 0.0
S337689 108.28 62.2797 1.716e-18 1.993e-18 2e-18 0.0 26.43 0.0
S337690 108.2908 62.3104 2.447e-17 3.978e-17 8.143e-17 0.0 28.04 0.0
S337691 108.2822 62.2894 1.661e-12 1.263e-12 5.353e-13 0.0 26.95 1.0
S337692 108.3025 62.2867 7.769e-17 1.518e-16 4.368e-16 0.0 27.42 0.0
S337693 108.3296 62.359 9.185e-18 9.251e-18 6.524e-18 0.0 28.59 0.0
S337694 108.2803 62.3039 2.3989999999999998e-23 7.55e-23 6.147e-22 0.0 27.62 0.0
S337695 108.2985 62.3026 2.852e-19 3.558e-19 4.258e-19 0.0 28.26 0.0
S337696 108.3725 62.356 3.369e-21 6.662e-21 1.9930000000000002e-20 0.0 28.77 0.0
S337697 108.253 62.2389 1.327e-12 9.749e-13 3.9e-13 0.0 26.27 0.0
S337698 108.294 62.2973 1.422e-24 5.7749999999999996e-24 7.824e-23 0.0 27.75 0.0
S337699 108.3126 62.3146 1.099e-17 1.067e-17 7.176e-18 0.0 28.61 0.0
S337700 108.319 62.222 4.586e-21 8.873e-21 2.512e-20 0.0 26.64 0.0
S337701 108.3079 62.2842 2.752e-17 2.572e-17 1.614e-17 0.0 27.39 0.0
S337702 108.3005 62.2976 8.025e-17 1.852e-16 7.383e-16 0.0 28.1 1.0
S337703 108.2705 62.2626 2.5269999999999996e-22 5.161999999999999e-22 1.687e-21 0.0 26.18 0.0
S337704 108.2952 62.2914 3.015e-23 8.175e-23 4.676e-22 0.0 27.85 0.0
S337705 108.2988 62.2976 2.664e-22 5.829999999999999e-22 2.142e-21 0.0 27.81 0.0
S337706 108.261 62.3216 9.122e-22 2.0420000000000002e-21 7.849e-21 0.0 27.57 0.0
S337707 108.4099 62.25 8.988e-23 2.318e-22 1.204e-21 0.0 27.6 0.0
S337708 108.4145 62.3179 3.31e-21 6.537e-21 1.97e-20 0.0 28.36 0.0
S337709 108.3127 62.3111 1.1629999999999998e-22 2.9499999999999996e-22 1.496e-21 0.001 28.44 0.0
S337710 108.2939 62.3076 4.526e-20 7.054e-20 1.278e-19 0.0 28.34 0.0
S337711 108.3971 62.2482 7.307e-19 8.853e-19 9.059e-19 0.0 27.54 0.0
S337712 108.3971 62.4073 2.631e-17 2.363e-17 1.421e-17 0.0 28.82 0.0
S337713 108.2945 62.2913 6.431999999999999e-22 1.3420000000000001e-21 4.5240000000000004e-21 0.0 27.42 0.0
S337714 108.3063 62.2837 2.211e-18 2.43e-18 2.189e-18 0.0 27.4 0.0
S337715 108.2881 62.3081 2.806e-22 6.549e-22 2.764e-21 0.0 27.9 0.0
S337716 108.3087 62.2785 2.0270000000000002e-20 3.499e-20 7.696000000000001e-20 0.0 27.13 0.0
S337717 108.32 62.3869 1.346e-19 1.929e-19 2.954e-19 0.0 28.49 0.0
S337718 108.3031 62.2559 9.084e-24 2.979e-23 2.464e-22 0.001 26.32 0.0
S337719 108.3487 62.1861 5.3540000000000003e-20 8.019000000000001e-20 1.38e-19 0.0 26.86 0.0
S337720 108.3218 62.3183 1.572e-21 3.571e-21 1.356e-20 0.0 28.6 0.0
S337721 108.2938 62.2688 1.3430000000000001e-20 2.3610000000000003e-20 5.530000000000001e-20 0.0 26.46 0.0
S337722 108.236 62.2412 2.793e-21 5.442e-21 1.611e-20 0.0 26.1 0.0
S337723 108.3043 62.2893 1.121e-22 2.867e-22 1.399e-21 0.0 28.45 0.0
S337724 108.3024 62.2912 4.22e-18 4.469e-18 3.622e-18 0.0 28.31 0.0
S337725 108.2999 62.2883 1.4e-20 2.539e-20 6.234000000000001e-20 0.0 28.6 0.0
S337726 108.2779 62.3075 8.016e-17 1.151e-16 1.775e-16 0.0 27.55 0.0
S337727 108.3057 62.2796 4.88e-17 9.458e-17 2.575e-16 0.0 27.15 0.0
S337728 108.2584 62.179 5.697e-23 1.8009999999999997e-22 1.4430000000000001e-21 0.0 25.91 0.0
S337729 108.3105 62.3445 3.219e-24 1.149e-23 1.1449999999999998e-22 0.0 28.51 0.0
S337730 108.3548 62.1788 1.4019999999999999e-22 3.6489999999999996e-22 1.8990000000000002e-21 0.0 26.71 0.0
S337731 108.2922 62.2955 2.709e-24 9.961e-24 1.0629999999999998e-22 0.0 27.6 0.0
S337732 108.2836 62.3337 1.244e-21 2.532e-21 7.913e-21 0.0 28.19 0.0
S337733 108.2842 62.306 1.1260000000000001e-20 2.0070000000000002e-20 4.714e-20 0.0 27.84 0.0
S337734 108.3362 62.2842 1.577e-17 1.512e-17 9.763e-18 0.0 27.97 0.0
S337735 108.2851 62.2649 1.524e-21 3.317e-21 1.225e-20 0.0 26.22 0.0
S337736 108.2975 62.2874 1.812e-18 2.037e-18 1.924e-18 0.0 27.11 0.0
S337737 108.2218 62.2322 7.001e-24 2.2769999999999998e-23 1.9469999999999998e-22 0.0 26.14 0.0
S337738 108.2828 62.2967 1.469e-19 2.066e-19 2.953e-19 0.0 27.23 0.0
S337739 108.4364 62.4771 1.9089999999999997e-22 4.631e-22 2.085e-21 0.0 28.77 0.0
S337740 108.2994 62.3478 9.308e-19 1.064e-18 1.017e-18 0.0 28.55 0.0
S337741 108.2864 62.269 1.972e-24 7.186e-24 7.521e-23 0.0 26.25 0.0
S337742 108.2602 62.337 1.131e-25 6.293000000000001e-25 1.6369999999999998e-23 0.0 27.7 0.0
S337743 108.3555 62.4109 2.086e-22 5.052999999999999e-22 2.423e-21 0.0 28.79 0.0
S337744 108.2763 62.2102 2.828e-22 6.953999999999999e-22 3.22e-21 0.0 26.13 0.0
S337745 108.3032 62.2826 9.663e-19 1.175e-18 1.215e-18 0.0 27.03 0.0
S337746 108.2935 62.2933 7.385999999999999e-23 1.759e-22 7.682999999999999e-22 0.0 27.47 0.0
S337747 108.2756 62.2972 1.25e-21 2.843e-21 1.1220000000000001e-20 0.0 27.24 0.0
S337748 108.3246 62.2593 3.583e-18 3.713e-18 2.922e-18 0.0 27.03 0.0
S337749 108.2162 62.2273 1.0669999999999998e-22 2.731e-22 1.412e-21 0.0 26.09 0.0
S337750 108.234 62.2397 5.425e-18 5.592e-18 4.33e-18 0.0 26.05 0.0
S337751 108.3555 62.2996 1.0170000000000001e-20 1.832e-20 4.464e-20 0.0 28.2 0.0
S337752 108.2969 62.2815 1.117e-17 1.088e-17 7.498e-18 0.0 26.34 0.0
S337753 108.548 62.5173 3.857e-20 6.551e-20 1.422e-19 0.0 28.77 0.0
S337754 108.2916 62.2963 8.949e-24 3.217e-23 3.3509999999999996e-22 0.001 27.69 0.0
S337755 108.4947 62.4774 6.158e-21 1.061e-20 2.332e-20 0.0 28.91 0.0
S337756 108.2943 62.2864 1.304e-18 1.501e-18 1.421e-18 0.0 26.64 0.0
S337757 108.351 62.3413 5.513e-17 1.015e-16 2.638e-16 0.0 28.71 0.0
S337758 108.3097 62.2843 6.704e-18 7.115e-18 5.823e-18 0.0 27.45 0.0
S337759 108.3604 62.303 2.1470000000000003e-20 3.61e-20 7.598000000000001e-20 0.0 28.36 0.0
S337760 108.3278 62.2667 5.083e-19 6.566e-19 8.483e-19 0.0 27.35 0.0
S337761 108.2973 62.2983 3.579e-21 6.762e-21 1.866e-20 0.0 28.17 0.0
S337762 108.3726 62.2902 9.348000000000001e-25 3.862e-24 5.1659999999999997e-23 0.0 28.01 0.0
S337763 108.274 62.3078 3.659e-22 8.191999999999999e-22 3.024e-21 0.0 27.42 0.0
S337764 108.2878 62.3221 6.533e-17 5.797e-17 3.243e-17 0.0 28.26 0.0
S337765 108.432 62.3148 1.259e-21 2.518e-21 7.581e-21 0.0 28.29 0.0
S337766 108.2734 62.3039 1.226e-12 1.286e-12 1.067e-12 0.0 27.44 1.0
S337767 108.3 62.2878 2.927e-23 7.815999999999999e-23 4.399999999999999e-22 0.0 27.28 0.0
S337768 108.289 62.2894 1.026e-21 2.423e-21 1.0070000000000001e-20 0.0 26.43 0.0
S337769 108.3074 62.2865 9.783000000000001e-20 1.426e-19 2.256e-19 0.0 27.88 0.0
S337770 108.3447 62.3127 2.096e-18 2.325e-18 2.102e-18 0.0 28.39 0.0
S337771 108.3553 62.3796 2.42e-22 6.369e-22 3.472e-21 0.0 28.59 0.0
S337772 108.2462 62.2745 1.6200000000000002e-20 2.6780000000000004e-20 5.654000000000001e-20 0.0 26.4 0.0
S337773 108.3138 62.3211 8.392e-23 2.0169999999999998e-22 8.813e-22 0.0 28.74 0.0
S337774 108.3415 62.2772 1.695e-19 2.431e-19 3.648e-19 0.0 27.76 0.0
S337775 108.352 62.3197 9.792e-22 2.209e-21 8.698e-21 0.0 28.78 0.0
S337776 108.2929 62.2862 2.864e-21 6.075e-21 2.0450000000000002e-20 0.0 26.28 0.0
S337777 108.2938 62.2799 1.039e-17 1.768e-17 3.845e-17 0.0 26.32 0.0
S337778 108.2184 62.3392 1.284e-19 1.797e-19 2.601e-19 0.0 27.45 0.0
S337779 108.268 62.4021 9.749e-24 3.051e-23 2.458e-22 0.0 28.34 0.0
S337780 108.3849 62.3572 1.107e-17 1.104e-17 8.121e-18 0.0 28.87 0.0
S337781 108.2899 62.278 1.9170000000000002e-21 3.993e-21 1.3530000000000002e-20 0.001 26.38 0.0
S337782 108.223 62.3379 5.926000000000001e-20 9.48e-20 1.759e-19 0.0 27.44 0.0
S337783 108.2583 62.2992 1.479e-21 3.221e-21 1.1580000000000002e-20 0.0 27.02 0.0
S337784 108.3003 62.3367 6.58e-19 7.984e-19 8.241e-19 0.0 28.43 0.0
S337785 108.289 62.3362 8.005e-23 1.9239999999999998e-22 8.394999999999999e-22 0.0 28.29 0.0
S337786 108.2998 62.2897 8.316e-19 1.009e-18 1.053e-18 0.0 27.86 0.0
S337787 108.2749 62.2908 6.260999999999999e-22 1.518e-21 7.062e-21 0.0 26.95 0.0
S337788 108.2993 62.2894 5.804e-24 2.013e-23 1.9539999999999998e-22 0.0 27.89 0.0
S337789 108.3368 62.3003 3.103e-21 6.371e-21 2.032e-20 0.0 28.46 0.0
S337790 108.3791 62.2803 3.833e-21 2.675e-21 9.485999999999999e-22 0.0 28.03 0.0
S337791 108.3622 62.432 5.718e-21 1.1150000000000002e-20 3.113e-20 0.0 28.83 0.0
S337792 108.3014 62.285 3.069e-17 4.712e-17 8.223e-17 0.0 26.85 0.0
S337793 108.3007 62.2834 6.716999999999999e-22 1.359e-21 4.091e-21 0.0 26.64 0.0
S337794 108.3448 62.3687 4.533999999999999e-22 1.145e-21 5.5820000000000004e-21 0.0 28.8 0.0
S337795 108.3289 62.2995 1.608e-21 3.351e-21 1.106e-20 0.0 28.39 0.0
S337796 108.2404 62.1642 8.995000000000001e-26 4.757e-25 1.092e-23 0.0 26.1 0.0
S337797 108.2813 62.2817 2.4870000000000002e-20 4.3230000000000005e-20 9.763e-20 0.0 26.43 0.0
S337798 108.1868 62.2747 2.564e-17 4.723e-17 1.201e-16 0.0 26.3 0.0
S337799 108.2708 62.2851 2.108e-19 2.919e-19 4.295e-19 0.0 26.65 0.0
S337800 108.2862 62.2904 2.1179999999999998e-23 6.124e-23 4.0549999999999994e-22 0.0 26.85 0.0
S337801 108.3416 62.2526 6.139e-21 1.1720000000000001e-20 3.189e-20 0.0 27.24 0.0
S337802 108.318 62.2803 1.317e-21 2.704e-21 8.478e-21 0.0 27.51 0.0
S337803 108.3654 62.0589 1.032e-20 1.856e-20 4.465e-20 0.0 26.55 0.0
S337804 108.0834 62.1782 1.211e-22 3.045e-22 1.502e-21 0.0 26.18 0.0
S337805 108.3119 62.2859 6.421e-20 1.031e-19 1.948e-19 0.0 27.75 0.0
S337806 108.3197 62.231 8.802e-25 3.706e-24 5.364e-23 0.0 26.62 0.0
S337807 108.2457 62.1989 7.314e-21 1.332e-20 3.2950000000000005e-20 0.0 25.93 0.0
S337808 108.3038 62.2775 3.485e-21 7.053e-21 2.1690000000000002e-20 0.0 26.75 0.0
S337809 108.457 62.2097 3.988e-21 8.029e-21 2.4690000000000002e-20 0.001 27.51 0.0
S337810 108.314 62.3725 1.095e-22 2.726e-22 1.309e-21 0.0 28.66 0.0
S337811 108.2779 62.2952 7.664000000000001e-20 1.135e-19 1.886e-19 0.0 27.22 0.0
S337812 108.341 62.3859 1.382e-19 2.021e-19 3.228e-19 0.0 28.72 0.0
S337813 108.253 62.2241 2.754e-22 6.765999999999999e-22 3.057e-21 0.0 26.06 0.0
S337814 108.3784 62.2411 1.503e-17 1.396e-17 8.397e-18 0.001 27.29 0.0
S337815 108.2924 62.2903 1.637e-21 3.3e-21 1.0270000000000001e-20 0.0 27.01 0.0
S337816 108.4196 62.3378 3.606e-21 2.52e-21 8.921999999999999e-22 0.0 28.49 0.0
S337817 108.2746 62.2865 2.045e-19 2.954e-19 4.411e-19 0.0 26.8 0.0
S337818 108.1882 62.1577 3.1519999999999997e-22 7.890999999999999e-22 3.8930000000000004e-21 0.0 25.9 0.0
S337819 108.2646 62.3488 2.4100000000000003e-20 4.16e-20 9.724000000000001e-20 0.0 27.91 0.0
S337820 108.2594 62.3064 7.456e-23 2.0019999999999998e-22 1.091e-21 0.0 27.22 0.0
S337821 108.2973 62.2992 8.93e-21 1.677e-20 4.4690000000000004e-20 0.0 27.99 0.0
S337822 108.2412 62.3622 6.951e-22 1.6630000000000001e-21 7.54e-21 0.0 27.7 0.0
S337823 108.3584 62.3763 2.769e-18 2.952e-18 2.352e-18 0.001 28.89 0.0
S337824 108.2884 62.2888 2.374e-19 3.307e-19 4.807e-19 0.0 26.88 0.0
S337825 108.2611 62.2815 1.7489999999999997e-22 4.578999999999999e-22 2.453e-21 0.0 26.46 0.0
S337826 108.2834 62.2625 3.7669999999999996e-22 8.744999999999999e-22 3.6080000000000004e-21 0.0 26.14 0.0
S337827 108.2566 62.2557 3.086e-21 5.88e-21 1.628e-20 0.0 26.06 0.0
S337828 108.2948 62.3059 1.2050000000000001e-20 2.132e-20 5.2830000000000005e-20 0.0 28.26 0.0
S337829 108.3026 62.3054 5.665999999999999e-22 1.418e-21 6.913e-21 0.0 28.39 0.0
S337830 108.3034 62.2808 1.775e-21 3.809e-21 1.3350000000000001e-20 0.0 26.73 0.0
S337831 108.3005 62.29 9.563e-19 1.136e-18 1.186e-18 0.0 28.47 0.0
S337832 108.2775 62.2834 9.951e-22 2.206e-21 8.071e-21 0.0 26.64 0.0
S337833 108.3297 62.2611 2.262e-19 3.036e-19 4.021e-19 0.0 27.12 0.0
S337834 108.2984 62.31 7.399999999999999e-23 2.3119999999999996e-22 1.759e-21 0.0 28.33 0.0
S337835 108.2356 62.2809 3.556e-21 7.273e-21 2.288e-20 0.0 26.46 0.0
S337836 108.3117 62.3061 2.719e-23 9.66e-23 9.779999999999998e-22 0.0 28.46 0.0
S337837 108.2978 62.284 9.517999999999999e-23 2.427e-22 1.236e-21 0.0 26.48 0.0
S337838 108.1315 62.2291 2.5729999999999997e-22 5.63e-22 2.059e-21 0.0 26.4 0.0
S337839 108.3018 62.2867 5.575999999999999e-22 1.374e-21 6.644e-21 0.0 27.11 0.0
S337840 108.0625 62.3261 4.091e-17 3.479e-17 1.839e-17 0.0 26.97 0.0
S337841 108.3338 62.2642 6.13e-24 2.0999999999999998e-23 1.9909999999999998e-22 0.0 27.36 0.0
S337842 108.2743 62.3122 3.286e-17 3.035e-17 1.932e-17 0.0 27.71 0.0
S337843 108.3328 62.3403 5.544999999999999e-22 1.373e-21 6.584e-21 0.0 28.84 0.0
S337844 108.3047 62.2849 1.066e-20 1.9200000000000002e-20 4.802e-20 0.0 27.43 0.0
S337845 108.2901 62.255 4.308e-21 3.019e-21 1.034e-21 0.0 26.29 0.0
S337846 108.2638 62.2234 4.6540000000000004e-21 8.745e-21 2.2650000000000003e-20 0.0 25.92 0.0
S337847 108.2047 62.2121 1.1910000000000001e-20 2.0820000000000003e-20 4.7250000000000004e-20 0.0 26.14 0.0
S337848 108.3112 62.3509 1.2639999999999998e-22 3.3309999999999997e-22 1.747e-21 0.0 28.71 0.0
S337849 108.3575 62.3522 3.1590000000000002e-21 6.3900000000000004e-21 2.0210000000000002e-20 0.0 28.76 0.0
S337850 108.2863 62.2813 5.289e-19 6.753e-19 8.152e-19 0.0 26.28 0.0
S337851 108.2702 62.2828 3.769e-17 7.072e-17 1.842e-16 0.0 26.62 0.0
S337852 108.3095 62.2823 9.254e-21 1.615e-20 3.732e-20 0.001 27.42 0.0
S337853 108.3424 62.2438 5.322999999999999e-22 1.2380000000000001e-21 4.961e-21 0.0 27.18 0.0
S337854 108.2906 62.2861 4.381e-23 1.3239999999999999e-22 9.847999999999999e-22 0.0 26.23 0.0
S337855 108.29 62.3048 2.431e-30 4.586e-29 1.5160000000000002e-26 0.0 28.03 0.0
S337856 108.3215 62.2941 2.567e-21 4.732e-21 1.2140000000000001e-20 0.0 28.08 0.0
S337857 108.2986 62.2894 2.649e-18 2.872e-18 2.452e-18 0.0 28.14 0.0
S337858 108.322 62.2043 2.805e-18 3.213e-18 2.901e-18 0.0 26.57 0.0
S337859 108.3405 62.3075 4.059e-13 4.91e-13 5.265e-13 0.0 28.55 0.0
S337860 108.2828 62.3034 1.246e-19 1.673e-19 2.313e-19 0.0 27.58 0.0
S337861 108.2808 62.295 7.459e-23 1.9619999999999998e-22 1.023e-21 0.0 27.14 0.0
S337862 108.2693 62.2857 2.706e-21 5.9260000000000004e-21 2.118e-20 0.0 26.69 0.0
S337863 108.3093 62.2809 1.041e-16 1.57e-16 2.544e-16 0.0 27.42 0.0
S337864 108.3004 62.2868 2.014e-21 3.948e-21 1.128e-20 0.0 27.03 0.0
S337865 108.3003 62.2854 1.507e-17 1.484e-17 1.065e-17 0.0 26.51 0.0
S337866 108.3434 62.3052 9.182e-23 2.1479999999999996e-22 8.969e-22 0.0 28.3 0.0
S337867 108.3215 62.287 9.761e-19 1.161e-18 1.194e-18 0.0 27.88 0.0
S337868 108.4136 62.236 2.273e-17 2.032e-17 1.17e-17 0.0 27.53 0.0
S337869 108.2082 62.3123 2.446e-18 2.725e-18 2.392e-18 0.001 27.05 0.0
S337870 108.291 62.2553 2.613e-21 5.281e-21 1.595e-20 0.0 26.32 0.0
S337871 108.3163 62.3222 1.773e-21 1.388e-21 6.127999999999999e-22 0.0 28.71 0.0
S337872 108.2916 62.3181 1.56e-23 4.8759999999999996e-23 3.772e-22 0.0 28.1 0.0
S337873 108.3205 62.3025 3.991e-21 7.401e-21 1.9440000000000003e-20 0.0 28.26 0.0
S337874 108.2842 62.2451 2.989e-18 3.122e-18 2.476e-18 0.0 26.3 0.0
S337875 108.1854 62.1958 6.355e-22 1.368e-21 4.966e-21 0.0 26.07 0.0
S337876 108.3156 62.295 8.177999999999999e-24 2.634e-23 2.1579999999999998e-22 0.0 28.47 0.0
S337877 108.3673 62.4873 2.037e-19 2.847e-19 3.997e-19 0.0 28.69 0.0
S337878 108.275 62.2492 2.705e-21 5.794e-21 2.084e-20 0.0 25.97 0.0
S337879 108.1305 62.2569 7.99e-17 1.382e-16 3.137e-16 0.0 26.34 1.0
S337880 108.2764 62.2679 5.975e-23 1.5759999999999998e-22 8.566999999999999e-22 0.0 26.2 0.0
S337881 108.3034 62.2934 1.793e-18 1.964e-18 1.646e-18 0.0 28.37 0.0
S337882 108.299 62.2019 1.107e-18 1.347e-18 1.448e-18 0.0 26.29 0.0
S337883 108.3026 62.2968 1.137e-20 2.0900000000000002e-20 5.1990000000000006e-20 0.0 28.31 0.0
S337884 108.325 62.271 3.7650000000000004e-20 6.434e-20 1.439e-19 0.0 27.31 0.0
S337885 108.2497 62.3126 1.0859999999999998e-22 2.709e-22 1.279e-21 0.0 27.31 0.0
S337886 108.2534 62.2845 1.209e-17 2.08e-17 4.521e-17 0.0 26.81 0.0
S337887 108.2926 62.2831 1.069e-17 1.044e-17 7.074e-18 0.0 26.61 0.0
S337888 108.4628 62.3714 1.4229999999999998e-22 3.698e-22 1.914e-21 0.0 28.67 0.0
S337889 108.2629 62.26 3.9679999999999996e-22 9.955999999999998e-22 4.827e-21 0.0 26.06 0.0
S337890 108.3394 62.5253 1.479e-21 3.2250000000000002e-21 1.1330000000000001e-20 0.0 28.66 0.0
S337891 108.2817 62.2884 5.228e-22 1.215e-21 5.239e-21 0.0 26.69 1.0
S337892 108.177 62.2672 7.741e-21 1.419e-20 3.5790000000000004e-20 0.0 26.57 0.0
S337893 108.2808 62.197 2.7149999999999997e-22 6.193e-22 2.4340000000000002e-21 0.0 26.17 0.0
S337894 108.4104 62.3228 1.343e-25 7.065e-25 1.621e-23 0.0 28.49 0.0
S337895 108.3354 62.3042 3.581e-23 9.598e-23 5.439999999999999e-22 0.0 28.38 0.0
S337896 108.3769 62.3478 1.953e-21 3.878e-21 1.1780000000000001e-20 0.0 28.63 0.0
S337897 108.4874 62.2975 2.3729999999999998e-23 7.258999999999999e-23 5.314e-22 0.0 28.13 0.0
S337898 108.145 62.1857 1.817e-17 2.702e-17 4.325e-17 0.0 26.15 0.0
S337899 108.2958 62.2636 1.464e-21 3.298e-21 1.2670000000000001e-20 0.0 26.47 0.0
S337900 108.3249 62.1784 1.127e-12 7.826e-13 2.794e-13 0.0 26.49 0.0
S337901 108.3612 62.2753 1.94e-16 1.532e-16 6.87e-17 0.001 27.78 1.0
S337902 108.2263 62.3165 5.627e-19 7.104e-19 7.936e-19 0.0 27.06 0.0
S337903 108.2997 62.3109 2.845e-17 2.472e-17 1.311e-17 0.0 28.23 0.0
S337904 108.4848 62.2677 2.229e-19 3.06e-19 4.254e-19 0.0 28.02 0.0
S337905 108.2848 62.2453 1.0899999999999999e-23 3.356e-23 2.598e-22 0.0 26.02 0.0
S337906 108.3292 62.2778 1.886e-17 1.719e-17 1.013e-17 0.0 27.53 0.0
S337907 108.2272 62.2589 3.727e-19 4.654e-19 5.448e-19 0.0 26.37 0.0
S337908 108.2509 62.2159 1.025e-21 2.356e-21 9.467e-21 0.0 25.97 0.0
S337909 108.3085 62.3339 1.2850000000000001e-20 2.25e-20 5.2490000000000004e-20 0.0 28.55 0.0
S337910 108.2966 62.2873 6.872e-24 2.228e-23 1.8099999999999998e-22 0.001 25.88 0.0
S337911 108.2951 62.2935 3.6810000000000005e-20 5.934e-20 1.179e-19 0.0 27.52 0.0
S337912 108.3475 62.1634 1.095e-23 3.416e-23 2.5719999999999996e-22 0.0 26.61 0.0
S337913 108.3688 62.298 3.4489999999999996e-22 8.443999999999999e-22 3.886e-21 0.0 28.23 0.0
S337914 108.3025 62.2927 3.4040000000000006e-20 5.7e-20 1.218e-19 0.0 28.47 0.0
S337915 108.4031 62.3633 2.243e-18 2.565e-18 2.391e-18 0.0 28.67 0.0
S337916 108.2996 62.2728 7.37e-20 1.081e-19 1.706e-19 0.0 26.58 0.0
S337917 108.3195 62.2779 2.813e-18 3.119e-18 2.887e-18 0.0 27.47 0.0
S337918 108.2775 62.3695 1.953e-17 1.82e-17 1.142e-17 0.0 28.19 0.0
S337919 108.3142 62.2596 4.247e-23 1.1939999999999999e-22 7.276e-22 0.0 26.97 0.0
S337920 108.298 62.3058 3.524e-21 7.373e-21 2.4200000000000003e-20 0.0 28.11 0.0
S337921 108.2862 62.3149 1.9219999999999999e-22 5.176999999999999e-22 2.928e-21 0.0 27.99 0.0
S337922 108.2896 62.2154 1.592e-25 8.028e-25 1.735e-23 0.0 25.96 0.0
S337923 108.3116 62.2445 3.623e-19 4.809e-19 6.403e-19 0.0 26.63 0.0
S337924 108.3028 62.276 2.248e-19 3.113e-19 4.298e-19 0.0 26.83 0.0
S337925 108.3089 62.2745 8.768e-21 1.763e-20 5.3450000000000005e-20 0.0 27.08 0.0
S337926 108.4258 62.308 2.4e-23 7.714e-23 6.270999999999999e-22 0.0 28.21 0.0
S337927 108.3481 62.2464 1.149e-20 1.7850000000000003e-20 3.194e-20 0.0 27.18 0.0
S337928 108.2992 62.287 3.941e-20 6.076e-20 1.059e-19 0.0 26.51 0.0
S337929 108.1678 62.1391 3.3490000000000004e-26 1.9850000000000001e-25 5.712e-24 0.0 25.93 0.0
S337930 108.3037 62.2905 5.109e-17 4.344e-17 2.293e-17 0.0 28.3 0.0
S337931 108.3076 62.2941 2.37e-17 2.152e-17 1.254e-17 0.0 28.34 0.0
S337932 108.2793 62.2706 1.001e-24 4.445e-24 6.943e-23 0.0 26.3 0.0
S337933 108.4709 62.2167 1.1630000000000001e-26 7.771e-26 2.868e-24 0.0 27.58 0.0
S337934 108.2849 62.2257 4.846e-19 6.356e-19 7.796e-19 0.0 26.29 0.0
S337935 108.3052 62.2978 4.706e-21 8.754e-21 2.281e-20 0.0 28.51 0.0
S337936 108.2743 62.2627 5.761e-22 1.291e-21 4.907e-21 0.0 26.13 0.0
S337937 108.2224 62.3062 2.695e-17 2.395e-17 1.372e-17 0.0 27.06 0.0
S337938 108.3021 62.2845 4.248e-22 1.069e-21 5.307e-21 0.0 26.35 0.0
S337939 108.3096 62.2846 5.747e-22 1.289e-21 5.079e-21 0.0 27.5 0.0
S337940 108.2134 62.2429 3.2189999999999997e-22 7.686999999999999e-22 3.309e-21 0.0 26.26 0.0
S337941 108.3005 62.317 8.693e-22 1.661e-21 4.569e-21 0.0 28.33 0.0
S337942 108.3215 62.2459 6.055e-23 1.6169999999999998e-22 8.624999999999999e-22 0.0 26.7 0.0
S337943 108.2991 62.2956 1.143e-16 2.141e-16 5.662e-16 0.0 28.26 0.0
S337944 108.1996 62.3218 3.304e-21 2.297e-21 8.291999999999999e-22 0.0 27.09 0.0
S337945 108.3231 62.1717 2.96e-21 6.047e-21 1.9300000000000003e-20 0.0 26.57 0.0
S337946 108.2816 62.2902 1.123e-21 2.461e-21 8.620000000000001e-21 0.0 26.94 0.0
S337947 108.1668 62.2342 1.296e-22 3.3949999999999995e-22 1.8040000000000002e-21 0.0 26.3 0.0
S337948 108.2511 62.2402 9.662999999999998e-22 2.095e-21 7.479e-21 0.0 25.96 0.0
S337949 108.2049 62.1217 7.156e-22 1.76e-21 8.702e-21 0.0 25.83 0.0
S337950 108.2793 62.2841 7.1539999999999995e-22 1.695e-21 7.515e-21 0.0 26.62 0.0
S337951 108.2997 62.3266 1.752e-20 2.9490000000000005e-20 6.376e-20 0.0 28.47 0.0
S337952 108.3339 62.2903 5.182e-19 6.516e-19 7.687e-19 0.001 28.1 0.0
S337953 108.2933 62.2878 1.161e-20 2.1130000000000003e-20 5.2760000000000005e-20 0.0 26.53 0.0
S337954 108.1938 62.0855 1.385e-22 3.258e-22 1.389e-21 0.0 25.93 0.0
S337955 108.3148 62.2895 9.99e-13 6.866e-13 2.434e-13 0.0 27.88 0.0
S337956 108.3028 62.3028 3.457e-24 1.2099999999999999e-23 1.2449999999999998e-22 0.001 28.42 0.0
S337957 108.2697 62.326 3.318e-19 4.431e-19 5.689e-19 0.0 27.76 0.0
S337958 108.0972 62.3126 9.942e-24 3.038e-23 2.2519999999999996e-22 0.001 26.9 0.0
S337959 108.2754 62.258 8.199e-13 5.639e-13 1.928e-13 0.0 26.1 0.0
S337960 108.2818 62.2448 1.304e-19 1.866e-19 2.858e-19 0.0 26.24 0.0
S337961 108.2914 62.2876 1.144e-12 1.068e-12 6.759e-13 0.0 26.78 1.0
S337962 108.3527 62.314 2.376e-19 3.209e-19 4.16e-19 0.0 28.64 0.0
S337963 108.338 62.3012 7.210000000000001e-20 1.029e-19 1.497e-19 0.0 28.25 0.0
S337964 108.3048 62.2872 8.353e-19 1.06e-18 1.234e-18 0.001 27.5 0.0
S337965 108.2956 62.2898 4.855e-21 3.274e-21 1.093e-21 0.0 26.88 0.0
S337966 108.2967 62.3044 4.942e-22 1.115e-21 4.429e-21 0.0 28.06 0.0
S337967 108.2982 62.289 2.326e-21 5.19e-21 2.039e-20 0.0 27.62 0.0
S337968 108.2962 62.2489 1.2840000000000002e-20 2.1470000000000003e-20 4.686e-20 0.0 26.27 0.0
S337969 108.3001 62.3936 5.2060000000000006e-20 7.801000000000001e-20 1.318e-19 0.0 28.48 0.0
S337970 108.2833 62.2563 6.761000000000001e-20 9.798e-20 1.559e-19 0.0 26.24 0.0
S337971 108.3908 62.2458 7.36e-21 1.28e-20 2.852e-20 0.0 27.49 0.0
S337972 108.2927 62.2526 3.7999999999999998e-22 9.038999999999998e-22 3.949e-21 0.0 26.17 0.0
S337973 108.2826 62.2969 1.043e-19 1.455e-19 2.049e-19 0.0 27.22 0.0
S337974 108.2492 62.2817 2.884e-19 3.866e-19 5.243e-19 0.0 26.36 0.0
S337975 108.3064 62.2732 5.0230000000000004e-21 9.606e-21 2.7060000000000003e-20 0.0 26.86 0.0
S337976 108.2757 62.304 1.327e-17 1.321e-17 9.421e-18 0.0 27.39 0.0
S337977 108.2806 62.2574 1.922e-17 1.848e-17 1.245e-17 0.0 26.12 0.0
S337978 108.3069 62.2855 7.425e-22 1.714e-21 6.875e-21 0.0 27.88 0.0
S337979 108.3288 62.2515 5.232e-17 1.117e-16 3.953e-16 0.001 26.95 0.0
S337980 108.3013 62.3397 1.867e-17 3.155e-17 6.592e-17 0.0 28.65 0.0
S337981 108.3286 62.3241 5.812e-17 4.981e-17 2.623e-17 0.0 28.62 0.0
S337982 108.2551 62.2953 1.664e-17 1.525e-17 9.561e-18 0.0 26.92 0.0
S337983 108.2835 62.311 1.816e-16 3.905e-16 1.347e-15 0.0 27.73 1.0
S337984 108.295 62.288 9.499e-17 7.605e-17 3.532e-17 0.0 27.13 0.0
S337985 108.2971 62.2668 1.16e-18 1.325e-18 1.227e-18 0.0 26.34 0.0
S337986 108.3178 62.2896 3.76e-21 2.635e-21 9.211e-22 0.0 28.43 0.0
S337987 108.2586 62.3152 5.566e-18 5.747e-18 4.416e-18 0.0 27.5 0.0
S337988 108.2588 62.2996 1.439e-17 1.418e-17 9.497e-18 0.0 26.9 0.0
S337989 108.2676 62.2926 6.12e-17 5.075e-17 2.579e-17 0.0 26.66 0.0
S337990 108.3134 62.2936 1.321e-18 1.496e-18 1.441e-18 0.0 28.22 0.0
S337991 108.2736 62.299 3.974e-17 7.179e-17 1.762e-16 0.0 27.17 0.0
S337992 108.3038 62.2736 3.5139999999999995e-22 7.796999999999999e-22 3.044e-21 0.0 26.77 0.0
S337993 108.3074 62.3051 1.547e-18 1.851e-18 1.929e-18 0.0 28.57 0.0
S337994 108.2732 62.3102 1.608e-19 2.157e-19 2.97e-19 0.0 27.79 0.0
S337995 108.3223 62.298 7.389999999999999e-22 1.59e-21 5.583e-21 0.0 28.28 0.0
S337996 108.2963 62.2699 2.637e-21 4.9390000000000004e-21 1.3080000000000002e-20 0.0 26.27 0.0
S337997 108.2837 62.2866 1.125e-16 9.453e-17 4.918e-17 0.0 27.17 0.0
S337998 108.3329 62.2879 1.2200000000000002e-20 1.9920000000000003e-20 4.0270000000000004e-20 0.0 28.11 0.0
S337999 108.2915 62.3061 3.697e-17 7.291e-17 2.173e-16 0.0 27.85 0.0
S338000 108.3381 62.3366 3.262e-21 2.26e-21 8.198999999999999e-22 0.0 28.6 0.0
S338001 108.2611 62.3074 3.805e-19 4.744e-19 5.5e-19 0.0 27.18 0.0
S338002 108.2751 62.2698 5.764e-17 1.291e-16 4.972e-16 0.0 26.24 1.0
S338003 108.2951 62.2978 2.985e-22 7.535999999999999e-22 3.704e-21 0.0 27.69 0.0
S338004 108.2807 62.2857 1.514e-21 3.281e-21 1.13e-20 0.0 26.32 0.0
S338005 108.339 62.3337 1.051e-17 1.035e-17 7.203e-18 0.0 28.79 0.0
S338006 108.2676 62.2725 1.703e-17 1.583e-17 1.019e-17 0.0 26.12 0.0
S338007 108.2965 62.2931 9.387e-24 3.5e-23 3.9099999999999997e-22 0.0 27.75 0.0
S338008 108.2956 62.2685 9.191e-18 8.782e-18 5.595e-18 0.0 26.5 0.0
S338009 108.3254 62.2926 9.897e-21 1.943e-20 5.475e-20 0.0 28.2 0.0
S338010 108.355 62.274 1.483e-18 1.647e-18 1.523e-18 0.0 27.87 0.0
S338011 108.2941 62.232 4.922999999999999e-22 1.032e-21 3.384e-21 0.0 26.37 0.0
S338012 108.277 62.3089 3.841e-15 1.194e-14 9.577e-14 0.0 28.25 1.0
S338013 108.3232 62.3004 6.549e-23 1.5799999999999998e-22 7.193999999999999e-22 0.0 28.24 0.0
S338014 108.26 62.3341 6.958e-13 4.887e-13 1.746e-13 0.0 27.91 0.0
S338015 108.3016 62.2912 2.532e-19 3.156e-19 3.654e-19 0.0 27.6 0.0
S338016 108.3829 62.3237 4.121e-17 3.549e-17 1.921e-17 0.0 28.41 0.0
S338017 108.286 62.327 1.595e-12 1.22e-12 5.128e-13 0.0 28.11 1.0
S338018 108.2877 62.2616 4.076e-18 4.304e-18 3.483e-18 0.0 26.04 0.0
S338019 108.3489 62.296 1.806e-18 2.072e-18 2.035e-18 0.0 28.37 0.0
S338020 108.3079 62.2807 5.926e-17 5.063e-17 2.741e-17 0.0 26.33 0.0
S338021 108.2667 62.292 1.551e-17 1.471e-17 9.655e-18 0.0 26.98 0.0
S338022 108.3096 62.2893 5.916e-23 1.618e-22 9.444e-22 0.0 28.48 0.0
S338023 108.2588 62.2792 1.006e-16 1.734e-16 3.861e-16 0.0 26.42 0.0
S338024 108.2806 62.3131 1.352e-17 1.25e-17 7.656e-18 0.0 28.52 0.0
S338025 108.3263 62.2666 4.68e-17 6.696e-17 1.024e-16 0.0 26.86 0.0
S338026 108.2552 62.2928 2.84e-17 2.627e-17 1.591e-17 0.0 26.9 0.0
S338027 108.3126 62.3185 1.272e-17 1.281e-17 9.571e-18 0.0 28.63 0.0
S338028 108.3176 62.2799 5.334e-20 8.753000000000001e-20 1.73e-19 0.0 27.66 0.0
S338029 108.2934 62.2905 6.966e-16 5.305e-16 2.312e-16 0.0 27.16 1.0
S338030 108.2642 62.2674 4.118e-17 3.5e-17 1.861e-17 0.0 26.1 0.0
S338031 108.337 62.2817 2.315e-17 4.126e-17 9.458e-17 0.0 28.23 0.0
S338032 108.2786 62.2715 4.398e-21 2.984e-21 1.0090000000000001e-21 0.0 26.56 0.0
S338033 108.3101 62.3158 5.303e-19 6.617e-19 7.564e-19 0.0 28.63 0.0
S338034 108.3113 62.284 4.133e-21 2.846e-21 9.879999999999999e-22 0.0 27.49 0.0
S338035 108.2592 62.3272 4.681e-16 3.564e-16 1.498e-16 0.0 27.55 1.0
S338036 108.3241 62.3218 1.217e-16 2.582e-16 8.901e-16 0.0 28.9 1.0
S338037 108.2952 62.2956 3.343e-19 4.361e-19 5.412e-19 0.0 27.82 1.0
S338038 108.2489 62.2911 1.207e-19 1.73e-19 2.597e-19 0.0 26.77 0.0
S338039 108.2732 62.3025 1.9199999999999997e-22 4.907999999999999e-22 2.485e-21 0.0 27.3 0.0
S338040 108.3101 62.2871 3.322e-17 2.93e-17 1.647e-17 0.0 28.63 0.0
S338041 108.303 62.3153 6.376e-17 1.044e-16 2.106e-16 0.0 28.39 0.0
S338042 108.306 62.2425 1.4969999999999998e-22 3.9699999999999997e-22 2.177e-21 0.001 26.47 0.0
S338043 108.3077 62.2873 1.957e-18 2.146e-18 1.918e-18 0.0 27.46 0.0
S338044 108.281 62.29 1.032e-22 2.495e-22 1.143e-21 0.0 26.94 0.0
S338045 108.2902 62.2996 7.351e-18 6.785e-18 4.213e-18 0.0 27.45 0.0
S338046 108.2839 62.2842 9.917e-17 8.468e-17 4.662e-17 0.0 26.42 0.0
S338047 108.2947 62.2898 4.803e-16 3.611e-16 1.531e-16 0.0 27.19 1.0
S338048 108.3058 62.2813 2.953e-21 6.079e-21 1.928e-20 0.0 26.95 0.0
S338049 108.2983 62.3138 4.878e-21 9.062e-21 2.3490000000000002e-20 0.0 28.81 0.0
S338050 108.3227 62.2854 1.879e-17 3.359e-17 8.057e-17 0.0 28.41 0.0
S338051 108.2861 62.2851 2.425e-17 2.225e-17 1.318e-17 0.0 26.85 0.0
S338052 108.2963 62.2991 1.078e-17 1.074e-17 7.498e-18 0.0 28.45 0.0
S338053 108.2782 62.3032 7.432000000000001e-20 1.168e-19 2.214e-19 0.0 27.57 0.0
S338054 108.2798 62.2543 2.591e-17 2.385e-17 1.472e-17 0.0 26.09 0.0
S338055 108.268 62.2583 2.671e-18 3.005e-18 2.831e-18 0.0 26.09 0.0
S338056 108.3227 62.3202 4.667e-21 3.1830000000000002e-21 1.064e-21 0.0 28.72 0.0
S338057 108.323 62.3038 2.538e-22 6.047999999999999e-22 2.716e-21 0.0 28.32 0.0
S338058 108.2847 62.3122 1.781e-18 1.986e-18 1.805e-18 0.0 27.8 0.0
S338059 108.2849 62.283 1.066e-18 1.339e-18 1.503e-18 0.0 26.54 0.0
S338060 108.2775 62.2996 9.844e-18 9.85e-18 6.949e-18 0.0 27.33 0.0
S338061 108.2955 62.2783 1.955e-12 1.527e-12 6.714e-13 0.0 26.52 1.0
S338062 108.306 62.2772 3.9010000000000006e-20 6.322e-20 1.203e-19 0.0 27.09 0.0
S338063 108.2847 62.306 1.64e-19 2.465e-19 4.022e-19 0.0 27.68 0.0
S338064 108.2866 62.2938 5.366e-19 6.523e-19 6.866e-19 0.0 27.26 0.0
S338065 108.2537 62.2627 2.458e-23 6.783e-23 4.2149999999999997e-22 0.0 26.31 0.0
S338066 108.3151 62.2962 9.51e-17 8.072e-17 4.172e-17 0.0 28.49 0.0
S338067 108.2766 62.2994 1.234e-18 1.503e-18 1.583e-18 0.0 27.19 0.0
S338068 108.3114 62.2998 1.9090000000000003e-20 3.352e-20 7.718e-20 0.0 28.2 0.0
S338069 108.2977 62.3225 2.761e-18 3.102e-18 2.854e-18 0.0 28.02 0.0
S338070 108.306 62.2874 4.204e-20 6.808000000000001e-20 1.301e-19 0.0 27.73 0.0
S338071 108.306 62.3135 1.4520000000000001e-21 3.216e-21 1.1650000000000002e-20 0.0 28.38 0.0
S338072 108.2868 62.3038 1.087e-16 9.109e-17 4.481e-17 0.0 27.72 0.0
S338073 108.3348 62.3214 5.014e-24 1.849e-23 2.101e-22 0.0 28.75 0.0
S338074 108.3212 62.2901 2.155e-12 1.755e-12 8.41e-13 0.0 28.37 1.0
S338075 108.2922 62.3296 4.481e-21 8.522e-21 2.3000000000000002e-20 0.0 28.46 0.0
S338076 108.2312 62.2958 1.237e-21 2.7610000000000002e-21 1.0290000000000001e-20 0.0 26.63 0.0
S338077 108.3108 62.2967 1.541e-19 2.208e-19 3.408e-19 0.0 28.44 0.0
S338078 108.2885 62.2958 7.496e-19 9.011e-19 9.293e-19 0.0 27.33 0.0
S338079 108.3314 62.3219 1.386e-21 3.063e-21 1.163e-20 0.0 28.66 0.0
S338080 108.2466 62.3026 1.124e-12 8.625e-13 3.53e-13 0.0 26.86 1.0
S338081 108.3344 62.3048 6.579e-17 1.215e-16 3.159e-16 0.0 28.62 0.0
S338082 108.2732 62.2714 2.911e-17 4.576e-17 8.301e-17 0.0 26.32 0.0
S338083 108.2641 62.2723 2.202e-18 2.491e-18 2.31e-18 0.0 26.59 0.0
S338084 108.3371 62.2753 1.816e-17 3.51e-17 1.014e-16 0.0 28.26 0.0
S338085 108.3326 62.2984 1.924e-18 2.155e-18 1.909e-18 0.0 28.41 0.0
S338086 108.3328 62.3051 3.6019999999999995e-22 9.241e-22 4.632e-21 0.0 28.54 0.0
S338087 108.2713 62.2822 3.221e-21 6.4130000000000004e-21 1.9610000000000003e-20 0.0 26.14 0.0
S338088 108.2712 62.3 7.879e-19 1.021e-18 1.257e-18 0.0 27.21 0.0
S338089 108.3167 62.2749 1.108e-18 1.267e-18 1.221e-18 0.0 27.2 0.0
S338090 108.2971 62.2773 2.56e-19 3.407e-19 4.278e-19 0.0 26.39 0.0
S338091 108.3014 62.2895 7.914e-17 6.321e-17 3.039e-17 0.0 27.56 0.0
S338092 108.2805 62.2975 4.376e-14 7.37e-14 1.502e-13 0.0 27.23 0.0
S338093 108.3438 62.2942 1.072e-16 8.882e-17 4.341e-17 0.0 28.39 0.0
S338094 108.2818 62.3068 8.685000000000001e-20 1.302e-19 2.124e-19 0.0 27.92 0.0
S338095 108.3406 62.2807 1.537e-17 1.479e-17 9.887e-18 0.0 28.15 0.0
S338096 108.3378 62.3225 1.575e-17 2.694e-17 5.75e-17 0.0 28.54 0.0
S338097 108.2801 62.3105 3.827e-21 2.694e-21 9.278999999999999e-22 0.0 28.38 0.0
S338098 108.2577 62.2363 1.258e-19 1.868e-19 3.014e-19 0.0 25.97 0.0
S338099 108.29 62.2765 9.639e-19 1.121e-18 1.066e-18 0.0 26.51 0.0
S338100 108.2634 62.2862 6.724e-17 1.184e-16 2.777e-16 0.001 26.71 0.0
S338101 108.3278 62.3155 1.488e-12 1.071e-12 4.088e-13 0.0 28.67 0.0
S338102 108.2836 62.2566 1.799e-21 3.807e-21 1.3120000000000001e-20 0.0 26.14 0.0
S338103 108.3272 62.2486 3.7529999999999996e-22 8.438999999999999e-22 3.235e-21 0.0 26.79 0.0
S338104 108.2676 62.2908 3.724e-17 6.627e-17 1.618e-16 0.0 26.8 0.0
S338105 108.2531 62.2844 1.07e-17 2.026e-17 5.568e-17 0.0 26.73 0.0
S338106 108.2729 62.2828 7.560000000000001e-20 1.142e-19 2e-19 0.0 26.79 0.0
S338107 108.2886 62.2846 2.556e-17 4.089e-17 7.85e-17 0.0 26.95 0.0
S338108 108.2636 62.29 2.836e-18 3.107e-18 2.753e-18 0.0 26.15 0.0
S338109 108.2897 62.3073 1.455e-22 3.6859999999999996e-22 1.771e-21 0.0 27.81 0.0
S338110 108.2846 62.2886 2.679e-21 5.169e-21 1.463e-20 0.0 26.89 0.0
S338111 108.2859 62.281 5.372e-16 1.423e-15 8.015e-15 0.0 26.35 1.0
S338112 108.3019 62.2921 2.2490000000000002e-20 3.636e-20 6.792e-20 0.0 27.71 0.0
S338113 108.2929 62.3222 3.011e-17 2.559e-17 1.369e-17 0.0 28.16 0.0
S338114 108.2692 62.275 2.774e-17 4.837e-17 1.084e-16 0.0 26.35 0.0
S338115 108.3131 62.2443 6.043e-21 1.059e-20 2.4230000000000003e-20 0.0 26.67 0.0
S338116 108.2946 62.3026 3.572e-19 4.803e-19 6.391e-19 0.0 28.03 0.0
S338117 108.3136 62.3373 1.103e-21 2.365e-21 8.184e-21 0.0 28.67 0.0
S338118 108.3194 62.2994 2.29e-18 2.499e-18 2.11e-18 0.0 28.15 0.0
S338119 108.2713 62.2941 1.3089999999999999e-22 3.4779999999999996e-22 1.968e-21 0.0 26.92 0.0
S338120 108.2882 62.2862 7.707e-17 1.652e-16 5.776e-16 0.0 26.92 1.0
S338121 108.3232 62.2922 4.8800000000000004e-21 3.269e-21 1.09e-21 0.0 28.07 0.0
S338122 108.3248 62.2928 4.11e-21 2.866e-21 9.872999999999999e-22 0.0 28.08 0.0
S338123 108.2827 62.2804 1.674e-21 3.615e-21 1.3210000000000001e-20 0.0 26.46 0.0
S338124 108.3273 62.2927 5.416e-18 5.844e-18 4.767e-18 0.0 28.18 0.0
S338125 108.329 62.2995 1.667e-18 1.904e-18 1.818e-18 0.0 28.39 0.0
S338126 108.2714 62.2954 5.095e-18 5.342e-18 4.322e-18 0.0 27.06 0.0
S338127 108.273 62.2787 7.85e-17 1.22e-16 2.112e-16 0.0 26.48 0.0
S338128 108.3196 62.294 1.281e-22 3.4109999999999996e-22 1.967e-21 0.0 28.1 0.0
S338129 108.3184 62.2904 2.022e-20 3.318e-20 6.894000000000001e-20 0.0 27.99 0.0
S338130 108.3086 62.2977 5.813e-21 3.837e-21 1.194e-21 0.0 28.24 0.0
S338131 108.3165 62.295 4.313e-21 8.832000000000001e-21 2.883e-20 0.0 28.15 0.0
S338132 108.2813 62.2778 1.877e-19 2.513e-19 3.351e-19 0.0 26.49 0.0
S338133 108.3152 62.2836 3.667e-21 2.53e-21 9.084e-22 0.0 27.69 0.0
S338134 108.2712 62.2812 9.678e-19 1.156e-18 1.224e-18 0.0 26.55 0.0
S338135 108.2737 62.286 3.938e-16 3.031e-16 1.281e-16 0.0 26.79 1.0
S338136 108.3223 62.2927 6.434e-19 7.892e-19 8.809e-19 0.0 28.11 0.0
S338137 108.3402 62.3007 2.491e-17 2.355e-17 1.467e-17 0.0 28.4 0.0
S338138 108.2727 62.2853 1.14e-18 1.325e-18 1.288e-18 0.0 26.51 0.0
S338139 108.3248 62.2865 9.661e-13 6.721e-13 2.387e-13 0.0 27.83 0.0
S338140 108.2652 62.289 2.115e-17 2.122e-17 1.486e-17 0.0 26.87 0.0
S338141 108.328 62.2949 5.342e-18 5.729e-18 4.57e-18 0.0 28.19 0.0
S338142 108.2757 62.2775 1.373e-18 1.609e-18 1.583e-18 0.0 26.38 0.0
S338143 108.3227 62.2898 2.602e-19 3.47e-19 4.447e-19 0.0 27.93 0.0
S338144 108.2637 62.2835 5.037e-18 5.561e-18 4.964e-18 0.0 26.51 0.0
S338145 108.2792 62.2841 1.228e-22 3.156e-22 1.568e-21 0.0 26.62 0.0
S338146 108.2669 62.2909 3.604e-21 7.56e-21 2.5140000000000002e-20 0.0 26.91 0.0
S338147 108.3297 62.3022 2.198e-17 2.092e-17 1.398e-17 0.0 28.42 0.0
S338148 108.3365 62.294 4.592e-17 4.138e-17 2.4e-17 0.0 28.19 0.0
S338149 108.2746 62.2798 6.618e-18 1.448e-17 5.409e-17 0.0 26.23 0.0
S338150 108.3171 62.2903 2.373e-16 1.914e-16 9.024e-17 0.0 27.99 0.0
S338151 108.3273 62.2956 4.571e-18 4.825e-18 3.834e-18 0.0 28.25 0.0
S338152 108.2753 62.2839 5.311e-17 4.681e-17 2.642e-17 0.0 26.63 0.0
S338153 108.3287 62.2863 7.077999999999999e-22 1.652e-21 6.967000000000001e-21 0.0 27.84 0.0
S338154 108.268 62.2801 1.76e-17 1.753e-17 1.219e-17 0.0 26.44 0.0
S338155 108.2767 62.2865 6.574e-17 5.938e-17 3.397e-17 0.0 26.68 0.0
S338156 108.2825 62.2823 1.5459999999999998e-22 4.5e-22 2.888e-21 0.0 26.71 0.0
S338157 108.2804 62.2873 7.790000000000001e-20 1.153e-19 1.85e-19 0.0 26.78 0.0
S338158 108.2719 62.277 4.523e-17 8.686e-17 2.405e-16 0.0 26.36 0.0
S338159 108.2856 62.2782 6.950000000000001e-20 1.062e-19 1.803e-19 0.0 26.41 0.0
S338160 108.2656 62.286 8.003e-17 6.935e-17 3.639e-17 0.0 26.76 0.0
S338161 108.3339 62.2945 3.318e-21 7.121e-21 2.4250000000000002e-20 0.0 28.23 0.0
S338162 108.2711 62.2762 8.452e-17 1.282e-16 2.123e-16 0.0 26.48 0.0
S338163 108.3197 62.2946 4.395e-19 5.469e-19 6.251e-19 0.0 28.2 0.0
S338164 108.3228 62.2814 1.373e-17 1.335e-17 9.463e-18 0.0 27.58 0.0
S338165 108.3254 62.2907 1.277e-23 4.4699999999999996e-23 4.44e-22 0.0 28.07 0.0
S338166 108.329 62.2924 6.174e-19 7.429e-19 7.677e-19 0.001 28.14 0.0
S338167 108.2758 62.2858 7.815e-19 9.672e-19 1.065e-18 0.0 26.76 0.0
S338168 108.3182 62.2989 1.894e-17 4.091e-17 1.412e-16 0.0 28.3 0.0
S338169 108.272 62.2908 1.963e-23 6.089e-23 4.706e-22 0.0 26.85 0.0
S338170 108.2658 62.2869 5.458e-18 5.773e-18 4.846e-18 0.0 26.68 0.0
S338171 108.309 62.2974 2.874e-16 2.206e-16 9.611e-17 0.0 28.23 1.0
S338172 108.2733 62.2879 1.565e-17 1.492e-17 9.871e-18 0.0 26.85 0.0
S338173 108.2637 62.2821 2.337e-16 1.809e-16 7.7e-17 0.0 26.48 1.0
S338174 108.3277 62.2893 6.173e-19 7.439e-19 8.014e-19 0.0 28.12 0.0
S338175 108.32 62.2934 5.862999999999999e-23 1.7879999999999998e-22 1.302e-21 0.0 28.13 0.0
S338176 108.3309 62.2994 8.09e-18 8.571e-18 6.79e-18 0.0 28.33 0.0
S338177 108.3224 62.2903 3.5949999999999995e-22 8.132999999999999e-22 3.121e-21 0.0 28.08 0.0
S338178 108.3277 62.2947 1.2380000000000001e-20 2.2710000000000003e-20 5.624000000000001e-20 0.0 28.14 0.0
S338179 108.3288 62.2964 6.693e-21 1.2480000000000001e-20 3.3430000000000005e-20 0.0 28.32 0.0
S338180 108.2645 62.2865 1.669e-18 1.86e-18 1.677e-18 0.0 26.8 0.0
S338181 108.3194 62.2895 9.576e-17 8.191e-17 4.17e-17 0.0 27.96 0.0
S338182 108.3366 62.2856 1.801e-20 3.014e-20 6.177e-20 0.0 27.79 0.0
S338183 108.2607 62.2747 1.3749999999999998e-22 3.4929999999999996e-22 1.742e-21 0.0 26.34 0.0
S338184 108.3193 62.294 2.293e-21 1.699e-21 6.652e-22 0.0 28.09 0.0
S338185 108.2684 62.287 2.303e-19 3.34e-19 5.204e-19 0.0 26.69 0.0
S338186 108.3389 62.2949 2.331e-21 4.897e-21 1.622e-20 0.0 28.28 0.0
S338187 108.3243 62.2968 4.355999999999999e-22 9.828e-22 3.843e-21 0.0 28.23 0.0
S338188 108.2677 62.2899 3.22e-25 1.543e-24 2.8609999999999996e-23 0.0 26.83 0.0
S338189 108.2569 62.2785 7.117999999999999e-22 1.6630000000000001e-21 7.088e-21 0.0 26.52 0.0
S338190 108.2534 62.2829 7.463e-21 1.421e-20 3.8830000000000004e-20 0.0 26.58 0.0
S338191 108.3358 62.3019 9.229e-18 9.304e-18 6.684e-18 0.0 28.41 0.0
S338192 108.3374 62.2884 2.478e-17 2.349e-17 1.516e-17 0.0 27.77 0.0
S338193 108.2621 62.2789 4.544e-21 8.15e-21 2.011e-20 0.0 26.42 0.0
S338194 108.3178 62.2991 1.209e-15 8.688e-16 3.118e-16 0.0 28.14 0.0
S338195 108.3297 62.3008 4.494e-21 3.084e-21 1.043e-21 0.0 28.32 0.0
S338196 108.3215 62.2926 3.8119999999999996e-22 8.100999999999999e-22 2.783e-21 0.0 28.06 1.0
S338197 108.264 62.2825 3.943e-21 2.747e-21 9.504e-22 0.0 26.56 0.0
S338198 108.2712 62.2911 3.526e-19 4.199e-19 4.392e-19 0.0 26.97 0.0
S338199 108.2587 62.2771 1.533e-21 3.3440000000000002e-21 1.2360000000000001e-20 0.0 26.35 0.0
S338200 108.3428 62.2905 5.4390000000000004e-21 1.0860000000000001e-20 3.2740000000000005e-20 0.0 28.21 0.0
S338201 108.2546 62.2746 3.048e-17 2.83e-17 1.718e-17 0.0 26.48 0.0
S338202 108.2498 62.2838 3.972e-19 5.151e-19 6.47e-19 0.0 26.61 0.0
S338203 108.2554 62.2867 8.2e-17 6.95e-17 3.523e-17 0.0 26.74 0.0
S338204 108.265 62.2892 4.422e-17 9.178e-17 3.087e-16 0.0 26.8 0.0
S338205 108.2611 62.2831 1.051e-21 2.301e-21 8.539e-21 0.0 26.62 0.0
S338206 108.3394 62.2975 3.46e-21 2.433e-21 8.737e-22 0.0 28.14 0.0
S338207 108.25 62.2767 1.365e-21 2.84e-21 9.008e-21 0.0 26.26 0.0
S338208 108.3406 62.2965 1.696e-17 3.077e-17 7.284e-17 0.0 28.19 0.0
S338209 108.2669 62.2914 3.643e-17 5.846e-17 1.132e-16 0.0 26.83 0.0
S338210 108.2698 62.2859 5.46e-16 4.133e-16 1.674e-16 0.0 26.7 0.0
S338211 108.3268 62.2984 1.2139999999999999e-23 4.0379999999999997e-23 3.5439999999999995e-22 0.0 28.21 0.0
S338212 108.2558 62.2826 6.863e-21 1.306e-20 3.6540000000000005e-20 0.0 26.67 0.0
S338213 108.2506 62.2821 8.843e-18 1.676e-17 4.489e-17 0.0 26.64 0.0
S338214 108.2494 62.2862 3.225e-16 2.548e-16 1.153e-16 0.0 26.75 1.0
S338215 108.3435 62.2936 1.986e-15 1.357e-15 4.792e-16 0.0 28.05 0.0
S338216 108.2659 62.2888 2.023e-21 4.192e-21 1.3580000000000002e-20 0.0 26.76 0.0
S338217 108.2706 62.2822 1.907e-18 2.251e-18 2.263e-18 0.0 26.49 0.0
S338218 108.3317 62.2895 1.343e-18 1.578e-18 1.557e-18 0.0 27.98 0.0
S338219 108.263 62.2798 3.322e-16 2.648e-16 1.199e-16 0.0 26.38 1.0
S338220 108.2675 62.2826 1.7210000000000002e-21 3.547e-21 1.173e-20 0.0 26.44 0.0
S338221 108.3411 62.2914 1.375e-23 3.938e-23 2.6019999999999996e-22 0.0 28.0 0.0
S338222 108.3394 62.2943 1.0030000000000001e-20 1.759e-20 4.1110000000000003e-20 0.0 28.1 0.0
S338223 108.337 62.2966 8.137e-17 1.151e-16 1.67e-16 0.0 28.15 0.0
S338224 108.3429 62.3005 6.205e-22 1.415e-21 5.837e-21 0.0 28.33 0.0
S338225 108.3366 62.2966 4.87e-18 4.973e-18 3.681e-18 0.0 28.23 0.0
S338226 108.2591 62.2838 2.2519999999999996e-22 6.241999999999999e-22 3.764e-21 0.0 26.59 0.0
S338227 108.2601 62.2806 5.727e-23 1.8529999999999997e-22 1.499e-21 0.0 26.4 0.0
S338228 108.2414 62.2735 7.732e-19 9.407e-19 1.043e-18 0.0 26.39 0.0
S338229 108.3406 62.297 2.926e-18 3.145e-18 2.662e-18 0.0 28.13 0.0
S338230 108.247 62.286 2.177e-18 2.475e-18 2.316e-18 0.0 26.75 0.0
S338231 108.2437 62.2743 1.1480000000000001e-20 1.9310000000000002e-20 4.0260000000000005e-20 0.0 26.28 0.0
S338232 108.2584 62.284 1.206e-18 1.411e-18 1.413e-18 0.0 26.63 0.0
S338233 108.3342 62.304 4.75e-19 6.627e-19 9.079e-19 0.0 28.27 0.0
S338234 108.3366 62.295 8.331e-20 1.35e-19 2.668e-19 0.0 28.42 0.0
S338235 108.2506 62.2742 3.117e-17 5.713e-17 1.405e-16 0.0 26.33 0.0
S338236 108.2593 62.2827 1.194e-17 1.178e-17 8.187e-18 0.0 26.62 1.0
S338237 108.3504 62.2996 1.4e-18 1.543e-18 1.4e-18 0.0 28.32 0.0
S338238 108.2576 62.2738 1.448e-16 1.118e-16 5.012e-17 0.0 26.41 0.0
S338239 108.2567 62.2822 1.732e-18 2.109e-18 2.208e-18 0.0 26.52 0.0
S338240 108.3465 62.2906 5.171e-23 1.3909999999999999e-22 7.877999999999999e-22 0.0 28.18 0.0
S338241 108.3524 62.2964 5.054e-17 7.316e-17 1.147e-16 0.0 28.28 0.0
S338242 108.3504 62.2859 1.039e-16 8.663e-17 4.31e-17 0.0 28.08 0.0
S338243 108.3496 62.3014 9.217e-17 7.337e-17 3.311e-17 0.0 28.22 0.0
S338244 108.3613 62.2987 2.996e-17 2.774e-17 1.666e-17 0.0 28.19 0.0
S338245 108.3538 62.292 7.656999999999999e-23 1.982e-22 1.056e-21 0.0 28.01 0.0
S338246 108.2465 62.2788 8.990000000000001e-20 1.315e-19 2.066e-19 0.0 26.5 0.0
S338247 108.3453 62.299 1.11e-18 1.271e-18 1.185e-18 0.0 28.19 0.0
S338248 108.3539 62.3012 1.529e-12 1.069e-12 3.951e-13 0.0 28.26 0.0
S338249 108.242 62.2834 1.7639999999999997e-22 4.871e-22 2.949e-21 0.0 26.68 0.0
S338250 108.3464 62.2974 1.802e-24 7.266e-24 9.363e-23 0.0 28.28 0.0
S338251 108.3542 62.2917 8.173000000000001e-20 1.251e-19 2.136e-19 0.0 28.07 0.0
S338252 108.2445 62.2787 1.827e-16 1.386e-16 5.787e-17 0.0 26.66 1.0
S338253 108.2547 62.2854 1.2290000000000001e-21 2.389e-21 6.991000000000001e-21 0.0 26.64 0.0
S338254 108.3548 62.2985 2.845e-21 5.793e-21 1.8580000000000002e-20 0.0 28.17 0.0
S338255 108.3582 62.3062 2.219e-21 4.27e-21 1.2430000000000001e-20 0.0 28.36 0.0
S338256 108.2441 62.283 1.3090000000000001e-20 2.336e-20 5.713000000000001e-20 0.0 26.54 0.0
S338257 108.3441 62.3039 1.085e-21 2.305e-21 7.943e-21 0.0 28.33 0.0
S338258 108.2339 62.2806 2.864e-17 4.521e-17 8.324e-17 0.0 26.59 0.0
S338259 108.2542 62.2828 4.342e-16 3.32e-16 1.434e-16 0.0 26.72 1.0
S338260 108.346 62.3058 5.298e-17 4.732e-17 2.772e-17 0.0 28.52 0.0
S338261 108.3476 62.3032 1.1100000000000001e-21 2.407e-21 8.716e-21 0.0 28.51 0.0
S338262 108.3496 62.3053 1.234e-17 1.223e-17 8.327e-18 0.0 28.29 0.0
S338263 108.2291 62.278 4.635e-18 4.838e-18 3.811e-18 0.0 26.44 0.0
S338264 108.2464 62.2779 5.994000000000001e-20 9.184000000000001e-20 1.638e-19 0.0 26.5 0.0
S338265 108.3598 62.3002 1.003e-18 1.179e-18 1.21e-18 0.0 28.33 0.0
S338266 108.2453 62.2742 4.235e-21 2.918e-21 1.013e-21 0.0 26.53 0.0
S338267 108.2445 62.284 7.402e-18 7.472e-18 5.392e-18 0.0 26.75 0.0
S338268 108.2507 62.2822 6.806e-20 1.067e-19 1.957e-19 0.0 26.64 0.0
S338269 108.2342 62.2748 2.355e-17 2.087e-17 1.17e-17 0.0 26.51 0.0
S338270 108.357 62.2967 3.805e-21 7.407e-21 2.1690000000000002e-20 0.0 28.18 0.0
S338271 108.2309 62.2761 4.248e-21 2.949e-21 9.913e-22 0.0 26.44 0.0
S338272 108.2276 62.2743 1.747e-19 2.579e-19 4.184e-19 0.0 26.43 0.0
S338273 108.3586 62.2984 3.281e-21 2.29e-21 8.254e-22 0.0 28.03 0.0
S338274 108.2506 62.29 8.274e-19 9.918e-19 1.068e-18 0.001 26.54 0.0
S338275 108.2395 62.2778 2.607e-17 2.489e-17 1.629e-17 0.0 26.56 0.0
S338276 108.3556 62.2963 9.188e-19 1.072e-18 1.041e-18 0.0 28.26 0.0
S338277 108.3497 62.2961 1.899e-18 2.115e-18 1.862e-18 0.0 28.25 0.0
S338278 108.2441 62.2832 2.628e-16 2.038e-16 9.043e-17 0.0 26.56 1.0
S338279 108.3659 62.2946 2.2280000000000002e-20 3.2680000000000004e-20 5.3810000000000004e-20 0.0 28.15 0.0
S338280 108.3521 62.3027 4.373e-21 8.434e-21 2.4030000000000003e-20 0.0 28.34 0.0
S338281 108.3597 62.3008 1.481e-20 2.753e-20 6.996e-20 0.0 28.34 0.0
S338282 108.3559 62.2956 1.492e-19 2.153e-19 3.318e-19 0.0 28.19 0.0
S338283 108.3626 62.2922 3.201e-18 3.571e-18 3.306e-18 0.0 28.15 0.0
S338284 108.3784 62.3007 4.504e-17 1.003e-16 3.741e-16 0.0 28.22 0.0
S338285 108.2447 62.2698 5.882e-22 1.3330000000000001e-21 5.182e-21 0.0 26.39 0.0
S338286 108.3548 62.2964 9.447999999999999e-23 2.6529999999999996e-22 1.6390000000000001e-21 0.0 28.2 0.0
S338287 108.2266 62.2801 4.136e-17 1.012e-16 4.901e-16 0.0 26.54 1.0
S338288 108.3641 62.3079 7.585e-17 1.253e-16 2.58e-16 0.0 28.33 0.0
S338289 108.3658 62.2956 3.35e-17 5.01e-17 8.57e-17 0.0 28.08 0.0
S338290 108.3642 62.3008 5.942e-19 7.436e-19 8.323e-19 0.0 28.29 0.0
S338291 108.2308 62.2782 2.396e-17 4.284e-17 9.94e-17 0.0 26.59 0.0
S338292 108.2385 62.2788 7.326e-23 1.8419999999999997e-22 9.007999999999998e-22 0.0 26.21 0.0
S338293 108.2436 62.2784 3.973e-17 3.821e-17 2.486e-17 0.0 26.45 0.0
S338294 108.2249 62.2767 9.502e-17 8.262e-17 4.368e-17 0.0 26.5 0.0
S338295 108.3608 62.3119 2.212e-17 3.748e-17 8.071e-17 0.0 28.32 0.0
S338296 108.2319 62.2787 1.043e-22 2.7139999999999997e-22 1.4430000000000001e-21 0.0 26.54 0.0
S338297 108.229 62.2729 2.042e-23 7.127e-23 6.998999999999999e-22 0.0 26.48 0.0
S338298 108.3569 62.3014 5.368999999999999e-23 1.3089999999999999e-22 6.110999999999999e-22 0.0 28.35 0.0
S338299 108.2159 62.2752 2.906e-21 5.818e-21 1.777e-20 0.0 26.51 0.0
S338300 108.3643 62.2938 2.473e-22 5.749e-22 2.427e-21 0.0 28.15 0.0
S338301 108.3652 62.2942 1.573e-21 2.883e-21 7.173e-21 0.0 28.28 0.0
S338302 108.3708 62.3084 7.469e-22 1.552e-21 5.139e-21 0.0 28.25 0.0
S338303 108.2284 62.2682 3.065e-21 6.448e-21 2.157e-20 0.0 26.34 0.0
S338304 108.3653 62.2993 1.452e-22 3.518e-22 1.5440000000000001e-21 0.0 28.13 0.0
S338305 108.2237 62.2835 3.991e-24 1.331e-23 1.132e-22 0.0 26.64 0.0
S338306 108.2277 62.2821 2.569e-17 4.254e-17 8.986e-17 0.0 26.62 0.0
S338307 108.2198 62.2714 3.127e-21 2.2e-21 8.009999999999999e-22 0.0 26.46 0.0
S338308 108.3703 62.296 4.947e-17 8.698e-17 2.07e-16 0.0 28.21 0.0
S338309 108.3689 62.3045 5.3720000000000005e-20 8.14e-20 1.399e-19 0.0 28.39 0.0
S338310 108.235 62.2776 9.644e-24 3.296e-23 3.201e-22 0.0 26.5 0.0
S338311 108.2284 62.274 1.019e-21 2.14e-21 7.105e-21 0.0 26.53 0.0
S338312 108.2213 62.2674 2.227e-19 3.218e-19 4.726e-19 0.0 26.46 0.0
S338313 108.2166 62.2748 4.515e-13 3.081e-13 1.043e-13 0.0 26.66 0.0
S338314 108.3706 62.3026 4.808e-17 4.191e-17 2.235e-17 0.0 28.37 0.0
S338315 108.2107 62.2742 1.011e-19 1.584e-19 2.909e-19 0.0 26.47 0.0
S338316 108.2983 62.2887 2.881e-15 2.071e-15 7.737e-16 0.0 23.83 0.0
S338317 108.2985 62.2888 5.7e-17 5.052e-17 2.878e-17 0.0 31.61 0.0
S338318 108.2985 62.2889 9.826e-17 7.777e-17 3.616e-17 0.0 32.97 0.0
S338319 108.2985 62.2887 2.196e-16 1.698e-16 7.401e-17 0.0 26.83 0.0
S338320 108.2983 62.2888 1.087e-16 1.753e-16 3.437e-16 0.0 24.1 0.0
S338321 108.2987 62.2888 1.021e-15 7.627e-16 3.079e-16 0.0 30.74 0.0
S338322 108.2983 62.2887 1.222e-14 8.168e-15 2.706e-15 0.0 23.91 0.0
S338323 108.2984 62.2887 2.267e-15 1.611e-15 5.757e-16 0.0 22.9 0.0
S338324 108.2985 62.289 4.194e-16 3.337e-16 1.481e-16 0.0 32.19 1.0
S338325 108.2985 62.2888 1.542e-14 1.034e-14 3.39e-15 0.0 28.31 0.0
S338326 108.2171 62.2692 1.9e-16 1.569e-16 7.822e-17 0.0 26.52 0.0
S338327 108.2134 62.272 5.125e-16 3.91e-16 1.714e-16 0.0 26.57 1.0
S338328 108.2212 62.2767 3.421e-17 2.861e-17 1.505e-17 0.0 26.54 0.0
S338329 108.2183 62.2806 5.301e-17 7.673e-17 1.189e-16 0.0 26.69 0.0
S338330 108.3799 62.2921 8.624e-16 6.545e-16 2.747e-16 0.0 28.08 1.0
S338331 108.375 62.2874 9.566e-17 7.904e-17 3.722e-17 0.0 28.16 0.0
S338332 108.2192 62.294 5.599e-17 9.653e-17 2.148e-16 0.0 27.01 0.0
S338333 108.2172 62.2982 1.395e-14 9.49e-15 3.139e-15 0.0 26.64 0.0
S338334 108.2181 62.3048 6.269e-16 4.673e-16 1.855e-16 0.0 27.1 0.0
S338335 108.2211 62.3095 1.736e-17 2.526e-17 4.031e-17 0.0 26.9 0.0
S338336 108.2196 62.312 2.255e-12 1.738e-12 7.448e-13 0.0 27.11 1.0
S338337 108.2217 62.3214 7.575e-17 6.444e-17 3.452e-17 0.0 27.12 0.0
S338338 108.2244 62.3251 3.325e-16 2.484e-16 1.008e-16 0.0 27.2 0.0
S338339 108.2229 62.3317 2.838e-18 2.984e-18 2.416e-18 0.0 27.26 0.0
S338340 108.3705 62.2448 1.02e-16 8.575e-17 4.197e-17 0.0 27.55 0.0
S338341 108.3641 62.2379 6.323e-17 1.464e-16 5.914e-16 0.0 27.2 1.0
S338342 108.3598 62.2314 7.653e-17 6.208e-17 2.844e-17 0.0 27.15 0.0
S338343 108.3609 62.2347 7.567e-17 6.5e-17 3.336e-17 0.0 27.13 0.0
S338344 108.3544 62.2234 1.099e-14 7.34e-15 2.473e-15 0.0 26.97 0.0
S338345 108.2452 62.361 7.404e-16 5.585e-16 2.38e-16 0.0 27.79 1.0
S338346 108.3483 62.216 1.382e-16 1.174e-16 6.023e-17 0.0 26.94 0.0
S338347 108.2612 62.3644 1.8e-12 1.678e-12 1.024e-12 0.0 27.99 1.0
S338348 108.2615 62.3706 1.194e-17 1.156e-17 8.088e-18 0.0 28.08 0.0
S338349 108.3327 62.2016 2.571e-15 1.806e-15 6.583e-16 0.0 26.8 0.0
S338350 108.3262 62.194 1.347e-16 1.056e-16 4.832e-17 0.0 26.36 0.0
S338351 108.3223 62.1873 6.438e-16 5.099e-16 2.317e-16 0.0 26.4 1.0
S338352 108.3206 62.1913 3.363e-15 2.358e-15 8.374e-16 0.0 26.63 0.0
S338353 108.3111 62.1866 4.797e-17 9.336e-17 2.622e-16 0.0 26.4 0.0
S338354 108.3064 62.1859 4.898e-17 4.44e-17 2.71e-17 0.0 26.32 0.0
S338355 108.2983 62.1843 1.875e-19 2.529e-19 3.423e-19 0.0 26.32 0.0
S338356 108.2921 62.1846 1.398e-15 1.102e-15 4.742e-16 0.0 26.17 0.0
S338357 108.2892 62.1783 4.425e-18 4.52e-18 3.354e-18 0.0 26.34 0.0
S338358 108.3163 62.399 9.741e-16 7.131e-16 2.736e-16 0.0 28.79 0.0
S338359 108.3213 62.4078 1.908e-17 1.69e-17 9.765e-18 0.0 28.55 0.0
S338360 108.3281 62.4016 3.567e-16 2.96e-16 1.412e-16 0.0 28.72 0.0
S338361 108.2593 62.1719 7.224e-16 5.457e-16 2.303e-16 0.0 26.12 1.0
S338362 108.2574 62.178 1.984e-15 1.48e-15 5.813e-16 0.0 26.18 0.0
S338363 108.3457 62.3973 1.655e-15 1.164e-15 4.278e-16 0.0 28.66 0.0
S338364 108.2408 62.1788 3.823e-21 2.64e-21 9.174e-22 0.0 26.03 0.0
S338365 108.3608 62.4043 7.858e-15 5.546e-15 1.942e-15 0.0 28.72 0.0
S338366 108.2306 62.1765 5.972e-13 4.427e-13 1.739e-13 0.0 25.91 0.0
S338367 108.3703 62.4018 4.05e-16 3.196e-16 1.465e-16 0.0 28.97 0.0
S338368 108.2229 62.1842 4.365e-18 4.679e-18 3.904e-18 0.0 25.81 0.0
S338369 108.38 62.389 1.622e-17 1.561e-17 1.077e-17 0.0 28.58 0.0
S338370 108.3931 62.3918 1.729e-18 2.079e-18 2.131e-18 0.0 28.71 0.0
S338371 108.3997 62.3962 2.387e-16 1.963e-16 9.488e-17 0.0 28.9 0.0
S338372 108.3968 62.3862 3.542e-15 2.583e-15 9.926e-16 0.0 28.83 0.0
S338373 108.4064 62.3835 1.129e-15 8.213e-16 3.135e-16 0.0 28.74 0.0
S338374 108.186 62.1941 5.705e-18 6.043e-18 4.81e-18 0.0 26.1 0.0
S338375 108.4101 62.3712 2.285e-15 1.581e-15 5.549e-16 0.0 28.77 0.0
S338376 108.411 62.3667 1.637e-16 1.287e-16 5.938e-17 0.0 28.89 1.0
S338377 108.4182 62.3661 3.892e-16 3.177e-16 1.5e-16 0.0 28.8 0.0
S338378 108.4225 62.3558 3.483e-17 5.699e-17 1.153e-16 0.0 28.69 0.0
S338379 108.4288 62.3505 3.124e-16 2.372e-16 1.021e-16 0.0 28.57 1.0
S338380 108.4259 62.3466 9.123e-17 7.417e-17 3.522e-17 0.001 28.64 0.0
S338381 108.4316 62.3424 8.074e-17 6.6e-17 3.044e-17 0.0 28.58 0.0
S338382 108.4349 62.3327 4.247e-16 3.142e-16 1.26e-16 0.0 28.46 0.0
S338383 108.1641 62.25 5.111e-16 3.854e-16 1.563e-16 0.0 26.39 0.0
S338384 108.1656 62.2572 4.726e-17 4.173e-17 2.373e-17 0.0 26.33 0.0
S338385 108.4374 62.3153 3.831e-17 6.947e-17 1.742e-16 0.0 28.21 0.0
S338386 108.4281 62.3074 2.536e-15 1.851e-15 7.142e-16 0.0 28.37 0.0
S338387 108.1597 62.2768 1.492e-15 1.057e-15 3.88e-16 0.0 26.68 0.0
S338388 108.4394 62.2925 4.17e-15 2.935e-15 1.07e-15 0.0 28.12 0.0
S338389 108.4278 62.2856 1.603e-16 1.283e-16 6.128e-17 0.0 27.94 0.0
S338390 108.1815 62.3017 8.034e-17 6.711e-17 3.436e-17 0.0 26.91 0.0
S338391 108.4317 62.2695 1.657e-16 1.347e-16 6.473e-17 0.001 27.99 0.0
S338392 108.1765 62.3153 2.821e-16 2.134e-16 8.852e-17 0.0 27.06 1.0
S338393 108.1633 62.3226 1.159e-15 8.662e-16 3.578e-16 0.0 27.13 0.0
S338394 108.1778 62.3356 1.208e-15 8.965e-16 3.614e-16 0.0 27.28 0.0
S338395 108.1895 62.3388 5.509e-16 4.194e-16 1.833e-16 0.0 27.22 1.0
S338396 108.1899 62.3437 3.695e-16 2.868e-16 1.206e-16 0.0 27.39 1.0
S338397 108.1926 62.3572 7.306e-13 4.913e-13 1.68e-13 0.0 27.34 0.0
S338398 108.3922 62.2198 1.516e-12 1.077e-12 3.828e-13 0.0 27.44 0.0
S338399 108.1897 62.3652 2.548e-15 1.922e-15 7.886e-16 0.0 27.29 0.0
S338400 108.2069 62.3756 4.638e-16 3.668e-16 1.636e-16 0.0 27.55 1.0
S338401 108.3874 62.1943 1.325e-15 9.545e-16 3.533e-16 0.0 27.11 0.0
S338402 108.2186 62.388 1.861e-16 1.522e-16 7.443e-17 0.0 27.94 0.0
S338403 108.3823 62.1885 3.133e-17 7.678e-17 3.527e-16 0.0 27.07 0.0
S338404 108.3694 62.1827 1.488e-16 1.211e-16 5.823e-17 0.0 26.95 0.0
S338405 108.2341 62.407 3.016e-17 2.669e-17 1.565e-17 0.0 28.07 0.0
S338406 108.2381 62.408 8.713e-19 1.043e-18 1.132e-18 0.0 28.14 0.0
S338407 108.3498 62.1644 5.91e-16 4.43e-16 1.764e-16 0.0 26.64 0.0
S338408 108.3383 62.1588 7.027e-15 4.734e-15 1.529e-15 0.0 26.52 0.0
S338409 108.3348 62.1509 7.479e-15 5.056e-15 1.704e-15 0.0 26.49 0.0
S338410 108.2725 62.4287 3.564e-17 3.176e-17 1.806e-17 0.0 28.21 0.0
S338411 108.3163 62.146 2.836e-17 4.15e-17 6.795e-17 0.0 26.49 0.0
S338412 108.2902 62.4379 3.637e-17 7.919e-17 2.908e-16 0.0 28.31 0.0
S338413 108.2976 62.1356 1.293e-15 9.197e-16 3.482e-16 0.0 26.17 0.0
S338414 108.3063 62.4471 5.817e-15 1.354e-14 5.484e-14 0.0 28.64 1.0
S338415 108.2811 62.1375 7.862e-13 5.703e-13 2.146e-13 0.0 26.31 0.0
S338416 108.272 62.1348 5.088e-16 3.877e-16 1.582e-16 0.0 26.16 1.0
S338417 108.3318 62.4451 1.225e-17 1.194e-17 8.151e-18 0.0 28.56 0.0
S338418 108.34 62.4382 1.002e-12 6.821e-13 2.339e-13 0.0 28.69 0.0
S338419 108.3518 62.4526 4.961e-16 3.795e-16 1.658e-16 0.0 28.71 1.0
S338420 108.2355 62.1252 2.046e-17 4.275e-17 1.345e-16 0.0 25.96 0.0
S338421 108.3647 62.4449 1.975e-16 1.524e-16 6.666e-17 0.0 28.87 1.0
S338422 108.2197 62.1296 6.366e-16 4.806e-16 1.933e-16 0.0 25.98 0.0
S338423 108.3844 62.4388 5.385e-17 4.528e-17 2.29e-17 0.0 28.98 0.0
S338424 108.3913 62.4317 2.92e-13 1.937e-13 6.307e-14 0.0 28.83 0.0
S338425 108.1983 62.1474 6.005e-17 5.347e-17 3.095e-17 0.0 25.91 0.0
S338426 108.1899 62.1376 1.647e-18 1.873e-18 1.776e-18 0.0 25.83 0.0
S338427 108.4131 62.4258 3.076e-16 2.374e-16 1.041e-16 0.0 28.76 0.0
S338428 108.1726 62.1514 2.557e-16 2.052e-16 9.301e-17 0.0 25.92 1.0
S338429 108.4277 62.4201 5.081e-17 4.457e-17 2.456e-17 0.0 28.82 0.0
S338430 108.4259 62.4152 1.095e-15 7.915e-16 3.079e-16 0.0 28.86 0.0
S338431 108.4412 62.4122 1.539e-16 1.264e-16 6.177e-17 0.0 28.86 0.0
S338432 108.4441 62.4112 3.944e-13 4.604e-13 4.749e-13 0.0 28.89 0.0
S338433 108.1375 62.1789 1.918e-15 1.378e-15 5.283e-16 0.0 25.96 0.0
S338434 108.4522 62.3958 3.348e-15 2.448e-15 9.372e-16 0.0 28.89 0.0
S338435 108.4551 62.3909 3.25e-17 5.653e-17 1.286e-16 0.0 28.64 0.0
S338436 108.1415 62.1985 9.753e-19 1.179e-18 1.285e-18 0.0 26.0 0.0
S338437 108.4525 62.3676 4.73e-17 4.039e-17 2.183e-17 0.0 28.64 0.0
S338438 108.4641 62.3634 4.337e-16 3.322e-16 1.454e-16 0.0 28.58 1.0
S338439 108.1186 62.2227 5.43e-16 3.914e-16 1.493e-16 0.0 26.19 0.0
S338440 108.1376 62.2336 2.057e-16 1.68e-16 7.995e-17 0.0 26.32 0.0
S338441 108.476 62.3387 6.405e-16 5.067e-16 2.202e-16 0.0 28.5 1.0
S338442 108.1272 62.2491 1.722e-15 1.286e-15 5.066e-16 0.0 26.46 0.0
S338443 108.4562 62.3165 1.297e-14 8.736e-15 2.993e-15 0.0 28.35 0.0
S338444 108.1235 62.2655 2.074e-16 1.693e-16 8.157e-17 0.0 26.56 0.0
S338445 108.4696 62.3 3.131e-17 2.912e-17 1.82e-17 0.0 28.15 0.0
S338446 108.1289 62.286 5.637e-15 3.912e-15 1.384e-15 0.0 26.74 0.0
S338447 108.121 62.2919 1.341e-17 1.364e-17 1.035e-17 0.0 26.66 0.0
S338448 108.4613 62.2739 1.353e-15 9.853e-16 3.63e-16 0.0 27.86 0.0
S338449 108.1321 62.3134 3.09e-17 5.756e-17 1.524e-16 0.0 26.87 0.0
S338450 108.4526 62.2591 4.698e-15 3.221e-15 1.108e-15 0.0 27.67 0.0
S338451 108.1391 62.3352 2.505e-16 2.058e-16 9.73e-17 0.0 27.08 0.0
S338452 108.1559 62.3466 1.242e-14 8.579e-15 2.87e-15 0.0 27.25 0.0
S338453 108.1461 62.3523 1.671e-12 1.372e-12 6.627e-13 0.0 27.29 1.0
S338454 108.1451 62.3588 4.604e-16 3.667e-16 1.663e-16 0.0 27.29 1.0
S338455 108.157 62.3676 3.553e-15 2.501e-15 8.704e-16 0.0 27.45 0.0
S338456 108.4423 62.2005 6.496e-16 4.981e-16 2.07e-16 0.0 27.27 1.0
S338457 108.1589 62.3841 2.001e-15 1.431e-15 5.333e-16 0.0 27.47 0.0
S338458 108.1817 62.3899 4.592e-18 4.854e-18 3.952e-18 0.0 27.59 0.0
S338459 108.4104 62.1773 7.019e-17 5.917e-17 2.912e-17 0.0 27.11 0.0
S338460 108.1963 62.417 2.679e-16 8.107e-16 5.795e-15 0.0 27.84 1.0
S338461 108.2054 62.4268 1.518e-16 1.233e-16 6.038e-17 0.0 27.96 0.0
S338462 108.2081 62.4323 1.353e-15 9.742e-16 3.61e-16 0.0 27.94 0.0
S338463 108.2145 62.4217 1.948e-16 1.686e-16 9.06e-17 0.0 27.9 0.0
S338464 108.2333 62.4396 2.863e-16 2.351e-16 1.169e-16 0.0 28.08 0.0
S338465 108.2393 62.4366 1.582e-17 1.469e-17 9.054e-18 0.0 28.19 0.0
S338466 108.2475 62.4381 2.277e-12 1.946e-12 1.017e-12 0.0 28.27 1.0
S338467 108.3389 62.1183 9.897e-16 7.581e-16 3.183e-16 0.0 26.57 1.0
S338468 108.265 62.4575 2.352e-15 1.683e-15 6.343e-16 0.0 28.23 0.0
S338469 108.2793 62.4751 1.617e-16 1.288e-16 5.851e-17 0.0 28.63 0.0
S338470 108.309 62.1152 8.749e-17 7.557e-17 4.056e-17 0.0 26.42 0.0
S338471 108.2976 62.1037 1.338e-19 2.109e-19 3.857e-19 0.0 26.26 0.0
S338472 108.2865 62.103 3.902e-17 8.734e-17 3.338e-16 0.0 26.22 0.0
S338473 108.2229 62.2827 2.632e-18 2.971e-18 2.651e-18 0.0 26.6 0.0
S338474 108.2284 62.2871 9.675e-19 1.135e-18 1.144e-18 0.0 26.68 1.0
S338475 108.2324 62.2917 2.741e-16 2.2e-16 1.036e-16 0.0 26.78 0.0
S338476 108.2188 62.2928 6.864e-17 6.127e-17 3.53e-17 0.0 26.88 0.0
S338477 108.2228 62.2978 2.177e-16 1.688e-16 7.37e-17 0.0 26.85 0.0
S338478 108.2283 62.3013 1.467e-19 2.13e-19 3.435e-19 0.0 26.88 0.0
S338479 108.375 62.2772 2.273e-16 1.842e-16 8.897e-17 0.0 28.02 0.0
S338480 108.2257 62.309 1.354e-22 3.059e-22 1.179e-21 0.0 26.97 0.0
S338481 108.3728 62.2662 4.211e-13 5.351e-13 6.445e-13 0.0 27.8 0.0
S338482 108.3723 62.2619 1.644e-17 1.595e-17 1.074e-17 0.0 27.65 0.0
S338483 108.2171 62.3114 5.573e-23 1.7309999999999998e-22 1.282e-21 0.0 27.17 0.0
S338484 108.3679 62.2518 1.998e-17 1.809e-17 1.116e-17 0.0 27.39 0.0
S338485 108.2154 62.329 2.471e-16 1.927e-16 8.429e-17 0.0 27.3 0.0
S338486 108.3523 62.2396 3.1e-18 3.243e-18 2.565e-18 0.0 27.24 0.0
S338487 108.236 62.3286 2.47e-17 4.822e-17 1.458e-16 0.0 27.46 0.0
S338488 108.3678 62.2405 4.822e-23 1.4969999999999998e-22 1.168e-21 0.0 27.27 0.0
S338489 108.2423 62.3405 1.4e-16 1.121e-16 5.212e-17 0.0 27.6 0.0
S338490 108.2316 62.3412 3.833e-18 4.171e-18 3.647e-18 0.0 27.54 0.0
S338491 108.3578 62.2282 2.963e-17 2.681e-17 1.562e-17 0.0 27.22 0.0
S338492 108.241 62.3512 5.771e-17 1.037e-16 2.54e-16 0.0 27.68 0.0
S338493 108.237 62.3618 1.099e-17 1.047e-17 6.779e-18 0.0 27.74 0.0
S338494 108.2585 62.3602 1.649e-16 1.345e-16 6.38e-17 0.0 27.72 0.0
S338495 108.2496 62.358 7.675e-17 6.404e-17 3.105e-17 0.0 27.76 0.0
S338496 108.2494 62.3552 1.06e-15 7.826e-16 2.979e-16 0.0 27.98 0.0
S338497 108.2517 62.3568 7.993e-16 6.001e-16 2.441e-16 0.0 27.81 0.0
S338498 108.3346 62.2031 2.307e-17 4.947e-17 1.723e-16 0.0 26.73 0.0
S338499 108.3322 62.2085 1.974e-18 2.364e-18 2.485e-18 0.0 26.63 0.0
S338500 108.2667 62.3709 5.793e-23 1.6379999999999998e-22 9.986999999999998e-22 0.0 28.18 0.0
S338501 108.3175 62.1923 2.13e-22 5.544999999999999e-22 2.947e-21 0.0 26.37 0.0
S338502 108.3176 62.1888 7.061e-17 6.085e-17 3.235e-17 0.0 26.52 0.0
S338503 108.2787 62.3628 4.857e-22 1.177e-21 5.217e-21 0.0 28.43 0.0
S338504 108.2885 62.3842 2.176e-16 1.696e-16 7.371e-17 0.0 28.14 0.0
S338505 108.2883 62.3847 6.967e-16 5.35e-16 2.257e-16 0.0 28.34 1.0
S338506 108.3034 62.1815 3.712e-19 4.903e-19 6.355e-19 0.0 26.16 0.0
S338507 108.3016 62.1944 2.015e-18 2.302e-18 2.255e-18 0.0 26.33 0.0
S338508 108.2923 62.176 1.129e-16 8.96e-17 3.997e-17 0.0 26.27 0.0
S338509 108.3071 62.3997 1.927e-17 1.792e-17 1.081e-17 0.0 28.51 0.0
S338510 108.3127 62.4082 3.312e-24 1.174e-23 1.158e-22 0.0 28.75 0.0
S338511 108.314 62.3952 1.989e-12 1.664e-12 8.519e-13 0.0 28.6 1.0
S338512 108.3216 62.4051 4.769e-16 3.581e-16 1.527e-16 0.0 28.66 1.0
S338513 108.2696 62.1763 1.377e-16 1.195e-16 6.338e-17 0.0 26.22 0.0
S338514 108.2614 62.1711 6.994e-23 1.9359999999999998e-22 1.179e-21 0.0 25.98 0.0
S338515 108.3345 62.4102 4.358e-15 3.044e-15 1.063e-15 0.0 28.66 0.0
S338516 108.3348 62.408 2.348e-27 1.902e-26 1.047e-24 0.0 28.6 0.0
S338517 108.3482 62.3997 4.964e-16 3.803e-16 1.621e-16 0.0 28.66 1.0
S338518 108.3473 62.3964 3.068e-17 2.688e-17 1.484e-17 0.0 28.9 0.0
S338519 108.2439 62.1911 1.521e-16 1.311e-16 7.035e-17 0.0 26.02 1.0
S338520 108.2381 62.1821 5.776000000000001e-20 9.050000000000001e-20 1.662e-19 0.0 25.93 0.0
S338521 108.3532 62.3903 9.227e-17 7.521e-17 3.683e-17 0.0 28.87 0.0
S338522 108.2307 62.1815 1.454e-16 1.159e-16 5.277e-17 0.0 25.84 0.0
S338523 108.2185 62.1851 2.183e-17 4.03e-17 9.943e-17 0.0 25.97 0.0
S338524 108.3711 62.397 2.623e-18 2.797e-18 2.316e-18 0.0 28.75 0.0
S338525 108.2169 62.186 4.56e-17 9.576e-17 3.079e-16 0.0 25.92 0.0
S338526 108.3683 62.3839 1.571e-12 1.492e-12 9.711e-13 0.0 28.81 1.0
S338527 108.212 62.1848 1.641e-19 2.225e-19 3.057e-19 0.0 25.85 0.0
S338528 108.2139 62.1861 5.511e-16 4.246e-16 1.832e-16 0.0 26.03 1.0
S338529 108.3845 62.3855 4.082e-17 6.882e-17 1.491e-16 0.0 28.87 0.0
S338530 108.1864 62.1856 1.634e-19 2.358e-19 3.659e-19 0.0 25.75 0.0
S338531 108.4087 62.3701 2.532e-17 2.337e-17 1.427e-17 0.0 28.78 0.0
S338532 108.3994 62.3718 6.807e-21 1.2260000000000001e-20 2.8960000000000003e-20 0.0 28.73 0.0
S338533 108.1832 62.1991 6.775e-17 5.987e-17 3.476e-17 0.0 25.96 0.0
S338534 108.4088 62.3669 3.279e-15 2.322e-15 8.38e-16 0.0 28.77 0.0
S338535 108.4034 62.3719 6.518e-25 2.807e-24 4.2029999999999995e-23 0.0 28.8 0.0
S338536 108.4267 62.3685 2.254e-17 4.1e-17 1.032e-16 0.0 28.63 0.0
S338537 108.4214 62.3618 2.034e-17 1.849e-17 1.093e-17 0.0 28.81 0.0
S338538 108.4334 62.3612 2.665e-17 2.351e-17 1.281e-17 0.0 28.65 0.0
S338539 108.4298 62.3589 8.773e-19 1.07e-18 1.166e-18 0.0 28.62 0.0
S338540 108.4156 62.3427 6.612e-17 1.058e-16 1.987e-16 0.0 28.61 0.0
S338541 108.4175 62.3443 9.396e-19 1.101e-18 1.088e-18 0.0 28.66 0.0
S338542 108.4339 62.3385 6.923e-20 1.033e-19 1.663e-19 0.0 28.69 0.0
S338543 108.161 62.2442 4.378e-17 3.784e-17 2.045e-17 0.0 26.3 0.0
S338544 108.1582 62.2482 1.373e-16 1.117e-16 5.415e-17 0.0 26.41 0.0
S338545 108.175 62.2518 7.066e-16 5.206e-16 2.022e-16 0.0 26.33 0.0
S338546 108.4162 62.3187 2.245e-15 1.576e-15 5.756e-16 0.0 28.23 0.0
S338547 108.1457 62.26 2.28e-19 2.955e-19 3.703e-19 0.0 26.36 0.0
S338548 108.1632 62.267 6.868e-21 1.33e-20 3.788e-20 0.0 26.58 0.0
S338549 108.4333 62.3031 1.662e-18 1.915e-18 1.797e-18 0.0 28.06 0.0
S338550 108.4422 62.2979 4.939e-19 6.003e-19 6.624e-19 0.0 28.17 0.0
S338551 108.4169 62.2949 9.511999999999999e-23 2.339e-22 1.057e-21 0.001 28.11 0.0
S338552 108.1669 62.2886 1.02e-18 1.19e-18 1.205e-18 0.0 26.77 0.0
S338553 108.4254 62.2827 2.1070000000000002e-21 4.483e-21 1.545e-20 0.0 27.87 0.0
S338554 108.4345 62.2804 4.861e-21 3.329e-21 1.088e-21 0.0 28.04 0.0
S338555 108.1505 62.2968 7.7929999999999995e-22 1.719e-21 6.655e-21 0.0 27.04 0.0
S338556 108.4202 62.2682 1.472e-17 1.395e-17 9.274e-18 0.0 28.01 0.0
S338557 108.1694 62.3137 1.431e-17 2.798e-17 7.917e-17 0.0 26.92 0.0
S338558 108.1812 62.3241 3.773e-17 3.283e-17 1.832e-17 0.0 27.04 0.0
S338559 108.4353 62.2522 1.297e-16 1.141e-16 6.584e-17 0.0 27.79 0.0
S338560 108.167 62.3241 1.957e-17 1.853e-17 1.176e-17 0.0 27.08 0.0
S338561 108.1837 62.3453 1.472e-16 1.174e-16 5.16e-17 0.0 27.13 0.0
S338562 108.4265 62.2408 3.756e-17 6.284e-17 1.299e-16 0.0 27.63 0.0
S338563 108.4128 62.233 1.1670000000000001e-20 2.201e-20 5.751e-20 0.0 27.44 0.0
S338564 108.2019 62.3485 1.147e-18 1.264e-18 1.161e-18 0.0 27.35 0.0
S338565 108.4136 62.2319 3.968e-16 2.815e-16 1.023e-16 0.0 27.58 0.0
S338566 108.205 62.3678 1.811e-22 4.765e-22 2.679e-21 0.0 27.61 0.0
S338567 108.2021 62.3715 4.747e-17 7.774e-17 1.567e-16 0.0 27.46 0.0
S338568 108.393 62.2032 4.307e-16 3.482e-16 1.665e-16 0.0 27.02 0.0
S338569 108.3904 62.2019 8.531e-19 1.092e-18 1.289e-18 0.0 27.04 0.0
S338570 108.3706 62.1979 3.3689999999999998e-22 8.038999999999999e-22 3.61e-21 0.0 26.86 0.0
S338571 108.386 62.1825 1.011e-12 7.172e-13 2.562e-13 0.0 27.11 0.0
S338572 108.3751 62.1848 1.214e-15 8.378e-16 3.022e-16 0.0 26.85 0.0
S338573 108.2318 62.3931 7.026e-17 1.058e-16 1.783e-16 0.0 27.99 0.0
S338574 108.3624 62.1735 4.363e-21 2.985e-21 1.033e-21 0.0 26.75 0.0
S338575 108.2363 62.3869 1.023e-17 1.023e-17 7.356e-18 0.0 27.89 0.0
S338576 108.3517 62.1776 6.863999999999999e-22 1.757e-21 8.889e-21 0.0 26.66 0.0
S338577 108.3441 62.1451 9.967999999999999e-22 2.085e-21 7.128e-21 0.0 26.7 0.0
S338578 108.3399 62.1493 1.212e-18 1.486e-18 1.651e-18 0.0 26.6 0.0
S338579 108.2633 62.4328 1.928e-19 2.659e-19 3.651e-19 0.0 28.42 0.0
S338580 108.2738 62.4172 2.43e-17 5.688e-17 2.341e-16 0.0 28.28 0.0
S338581 108.2741 62.4142 5.585e-23 1.4709999999999998e-22 7.915999999999999e-22 0.0 28.3 0.0
S338582 108.3159 62.1533 5.025e-15 3.507e-15 1.205e-15 0.0 26.25 0.0
S338583 108.3147 62.1658 3.9009999999999996e-23 1.0469999999999998e-22 5.9499999999999995e-22 0.0 26.45 0.0
S338584 108.3022 62.1389 7.998000000000001e-20 1.22e-19 2.095e-19 0.0 26.26 0.0
S338585 108.299 62.1297 1.678e-17 1.557e-17 9.89e-18 0.0 26.39 0.0
S338586 108.2899 62.1474 9.284e-18 8.807e-18 5.825e-18 0.0 26.32 0.0
S338587 108.2856 62.141 8.524e-16 6.569e-16 2.806e-16 0.0 26.2 0.0
S338588 108.3152 62.4521 6.856e-16 5.294e-16 2.243e-16 0.0 28.65 1.0
S338589 108.3237 62.4264 3.444e-22 7.978999999999999e-22 3.382e-21 0.0 28.61 0.0
S338590 108.2615 62.1328 1.144e-20 2.0060000000000003e-20 4.6680000000000005e-20 0.0 26.15 0.0
S338591 108.3418 62.4561 1.005e-15 7.305e-16 2.803e-16 0.0 28.87 0.0
S338592 108.3372 62.4411 2.758e-19 3.584e-19 4.501e-19 0.0 28.63 0.0
S338593 108.2483 62.1307 4.2e-17 3.807e-17 2.141e-17 0.0 26.05 0.0
S338594 108.3601 62.4482 6.377e-17 5.25e-17 2.621e-17 0.0 28.81 0.0
S338595 108.3603 62.4453 5.237e-20 8.452000000000001e-20 1.606e-19 0.0 29.12 0.0
S338596 108.2344 62.128 2.315e-18 2.495e-18 2.156e-18 0.0 25.82 0.0
S338597 108.3774 62.4505 1.971e-19 2.692e-19 3.596e-19 0.0 28.99 0.0
S338598 108.3843 62.4299 3.498e-21 2.457e-21 9.066999999999998e-22 0.0 28.94 0.0
S338599 108.3894 62.431 5.176e-19 6.739e-19 8.518e-19 0.0 28.82 0.0
S338600 108.2111 62.1446 2.958e-18 3.14e-18 2.561e-18 0.0 25.87 0.0
S338601 108.1833 62.1198 5.281e-21 1.0310000000000001e-20 2.8410000000000003e-20 0.0 25.88 0.0
S338602 108.3962 62.4386 1.346e-17 1.256e-17 7.892e-18 0.0 28.82 0.0
S338603 108.4058 62.4193 2.753e-17 5.378e-17 1.621e-16 0.0 28.72 0.0
S338604 108.1768 62.1697 1.447e-17 1.501e-17 1.135e-17 0.0 25.9 0.0
S338605 108.4113 62.436 1.27e-16 1.036e-16 4.827e-17 0.0 28.85 0.0
S338606 108.1788 62.1662 1.835e-15 1.295e-15 4.802e-16 0.0 26.02 0.0
S338607 108.1674 62.163 8.633e-17 7.352e-17 3.768e-17 0.0 25.87 0.0
S338608 108.1648 62.1647 4.292e-17 3.716e-17 2.065e-17 0.0 26.05 0.0
S338609 108.1692 62.1752 2.32e-16 1.836e-16 8.19e-17 0.0 25.97 1.0
S338610 108.4282 62.4035 2.0579999999999998e-22 5.605999999999999e-22 3.2070000000000002e-21 0.0 29.0 0.0
S338611 108.4488 62.395 1.789e-17 1.61e-17 9.656e-18 0.0 28.74 0.0
S338612 108.152 62.1879 5.502e-19 6.845e-19 7.814e-19 0.0 25.82 0.0
S338613 108.4496 62.3935 3.507e-18 3.671e-18 2.831e-18 0.0 28.8 0.0
S338614 108.1329 62.186 1.879e-17 3.365e-17 8.022e-17 0.0 26.16 0.0
S338615 108.1496 62.1946 5.062e-17 9.36e-17 2.473e-16 0.0 26.31 0.0
S338616 108.1426 62.202 5.959e-17 5.468e-17 3.42e-17 0.0 26.15 0.0
S338617 108.453 62.3635 1.422e-20 2.4760000000000002e-20 5.606e-20 0.0 28.76 0.0
S338618 108.1234 62.2144 4.445e-19 5.893e-19 7.497e-19 0.0 26.15 0.0
S338619 108.4735 62.36 7.546e-15 5.051e-15 1.699e-15 0.001 28.65 0.0
S338620 108.1111 62.2221 3.883e-17 7.198e-17 1.833e-16 0.0 26.24 0.0
S338621 108.4505 62.3393 2.405e-18 2.506e-18 1.983e-18 0.0 28.73 0.0
S338622 108.4578 62.3395 1.58e-16 3.194e-16 9.892e-16 0.0 28.42 1.0
S338623 108.4579 62.3323 3.645e-21 2.548e-21 9.104999999999999e-22 0.0 28.35 0.0
S338624 108.1029 62.2453 1.7e-17 2.399e-17 3.585e-17 0.0 26.34 0.0
S338625 108.462 62.3195 2.901e-18 3.128e-18 2.623e-18 0.0 28.24 0.0
S338626 108.1339 62.264 6.204e-16 4.772e-16 2.037e-16 0.0 26.56 1.0
S338627 108.1215 62.2693 7.364e-17 6.239e-17 3.145e-17 0.0 26.63 0.0
S338628 108.1263 62.2809 5.857e-16 4.37e-16 1.813e-16 0.0 26.53 1.0
S338629 108.1151 62.286 7.999e-16 5.655e-16 2.11e-16 0.0 26.71 0.0
S338630 108.1234 62.2876 1.572e-19 2.198e-19 3.242e-19 0.0 26.86 0.0
S338631 108.4868 62.2835 6.055e-13 4.127e-13 1.398e-13 0.0 27.94 0.0
S338632 108.4896 62.279 2.253e-17 3.686e-17 6.995e-17 0.0 28.17 0.0
S338633 108.4691 62.2679 5.285e-16 4.044e-16 1.701e-16 0.0 27.98 1.0
S338634 108.1486 62.3222 1.455e-17 1.384e-17 9.119e-18 0.0 27.0 0.0
S338635 108.1152 62.3188 1.488e-17 2.494e-17 5.215e-17 0.0 26.89 0.0
S338636 108.4692 62.2357 4.659e-14 8.064e-14 1.825e-13 0.0 27.81 0.0
S338637 108.1517 62.341 7.033e-17 6.271e-17 3.569e-17 0.0 27.18 0.0
S338638 108.1396 62.3486 4.167e-17 3.554e-17 1.839e-17 0.0 27.26 0.0
S338639 108.4345 62.2316 7.268e-16 5.356e-16 2.134e-16 0.0 27.34 0.0
S338640 108.4548 62.2216 4.699e-17 9.703e-17 3.089e-16 0.0 27.51 0.0
S338641 108.1342 62.3599 4.69e-16 3.543e-16 1.454e-16 0.0 27.09 1.0
S338642 108.4231 62.1917 9.28e-21 1.6410000000000002e-20 3.8460000000000006e-20 0.0 27.33 0.0
S338643 108.4166 62.1965 2.871e-17 2.536e-17 1.408e-17 0.0 27.1 0.0
S338644 108.1628 62.3783 1.609e-21 1.26e-21 5.58e-22 0.0 27.54 0.0
S338645 108.1973 62.396 1.319e-17 1.28e-17 8.769e-18 0.0 27.71 0.0
S338646 108.1713 62.3985 4.163e-15 3.061e-15 1.155e-15 0.0 27.74 0.0
S338647 108.2053 62.4146 6.833e-17 1.048e-16 1.871e-16 0.0 27.87 0.0
S338648 108.413 62.1905 5.242e-24 1.8109999999999998e-23 1.734e-22 0.0 27.17 0.0
S338649 108.3706 62.1461 6.898e-17 1.025e-16 1.677e-16 0.0 26.66 0.0
S338650 108.3779 62.146 4.098e-19 5.4e-19 6.915e-19 0.0 26.76 0.0
S338651 108.387 62.1374 4.679e-17 4.097e-17 2.284e-17 0.0 26.91 0.0
S338652 108.3752 62.1374 4.957e-22 1.0180000000000001e-21 3.205e-21 0.0 26.63 0.0
S338653 108.2222 62.4374 8.516e-17 7.262e-17 3.848e-17 0.0 28.18 0.0
S338654 108.2321 62.4341 5.894e-23 1.484e-22 6.984999999999999e-22 0.0 28.08 0.0
S338655 108.3517 62.1395 1.727e-15 1.24e-15 4.793e-16 0.0 26.75 0.0
S338656 108.2449 62.4126 4.721e-17 4.241e-17 2.436e-17 0.0 28.15 0.0
S338657 108.3397 62.1394 2.044e-18 2.309e-18 2.133e-18 0.0 26.44 0.0
S338658 108.3378 62.1045 6.184e-20 9.656000000000001e-20 1.693e-19 0.0 26.52 0.0
S338659 108.2685 62.4638 4.9360000000000006e-20 7.714e-20 1.423e-19 0.0 28.26 0.0
S338660 108.2698 62.4387 4.032e-17 3.494e-17 1.863e-17 0.0 28.27 0.0
S338661 108.3063 62.0808 6.724e-17 1.341e-16 3.924e-16 0.0 26.37 0.0
S338662 108.2979 62.4936 6.636e-17 1.102e-16 2.226e-16 0.0 28.63 0.0
S338663 108.2996 62.4645 7.874e-17 1.417e-16 3.474e-16 0.0 28.39 0.0
S338664 108.312 62.48 1.083e-18 1.315e-18 1.422e-18 0.0 28.74 0.0
S338665 108.3164 62.4633 2.801e-19 3.812e-19 5.18e-19 0.0 28.63 0.0
S338666 108.3286 62.4822 3.561e-20 5.645000000000001e-20 1.067e-19 0.0 28.66 0.0
S338667 108.3325 62.4618 3.639e-19 4.743e-19 5.789e-19 0.0 28.63 0.0
S338668 108.3413 62.496 2.561e-16 1.911e-16 7.718e-17 0.0 28.68 0.0
S338669 108.247 62.1 1.601e-19 2.158e-19 2.987e-19 0.0 26.09 0.0
