Name Equatorial Polar BlueF GreenF RedF Parallax RadialVelocity Variable?
S334697 109.4935 61.6192 1.1889999999999998e-22 3.52e-22 2.441e-21 0.0 31.21 0.0
S338670 109.1774 61.839 1.518e-17 1.42e-17 8.924e-18 0.0 28.82 0.0
S338671 109.1514 61.9093 4.827e-22 1.182e-21 5.649e-21 0.0 28.97 0.0
S338672 109.1591 61.9035 8.364999999999999e-22 1.86e-21 7.193e-21 0.0 28.64 1.0
S338673 109.1862 61.896 8.943e-24 3.088e-23 2.968e-22 0.0 28.24 0.0
S338674 109.145 61.9263 6.624e-23 1.719e-22 9.163999999999999e-22 0.0 29.63 0.0
S338675 109.1361 61.9138 2.02e-12 1.448e-12 5.366e-13 0.0 30.04 0.0
S338676 109.1484 61.8947 3.464e-13 4.261e-13 4.605e-13 0.0 29.0 0.0
S338677 109.2125 61.8443 5.974e-19 7.752e-19 9.454e-19 0.0 28.62 0.0
S338678 109.2146 61.9758 2.52e-18 2.827e-18 2.643e-18 0.0 29.25 0.0
S338679 109.0828 61.8679 3.1809999999999996e-22 7.938999999999999e-22 3.978e-21 0.0 29.77 0.0
S338680 109.1453 61.9043 4.154e-21 7.75e-21 2.0620000000000002e-20 0.0 28.33 0.0
S338681 109.1208 61.981 6.212e-18 6.588e-18 5.417e-18 0.0 29.81 0.0
S338682 109.1742 61.9528 3.744e-23 1.0269999999999999e-22 6.153999999999999e-22 0.0 29.31 0.0
S338683 109.1984 61.88 1.681e-22 4.1159999999999995e-22 1.849e-21 0.0 28.18 0.0
S338684 109.1086 61.9091 5.5220000000000004e-21 1.0450000000000001e-20 2.717e-20 0.0 30.26 0.0
S338685 109.0848 61.9405 2.275e-17 2.03e-17 1.158e-17 0.0 30.45 0.0
S338686 109.1806 61.8897 5.0120000000000006e-20 7.927e-20 1.458e-19 0.0 28.29 0.0
S338687 109.142 61.9055 6.796e-19 8.856e-19 1.062e-18 0.0 29.82 0.0
S338688 109.1501 61.9142 3.264e-17 2.925e-17 1.67e-17 0.0 29.33 0.0
S338689 109.1666 61.8559 7.41e-22 1.805e-21 8.462e-21 0.0 28.88 0.0
S338690 109.0353 61.9509 2.313e-19 3.203e-19 4.545e-19 0.0 30.37 0.0
S338691 109.0823 61.9019 6.593e-20 9.779e-20 1.62e-19 0.0 30.12 0.0
S338692 109.1685 61.9436 3.97e-18 4.304e-18 3.688e-18 0.0 29.29 0.0
S338693 109.3316 61.8279 6.810999999999999e-23 1.7509999999999999e-22 8.783e-22 0.001 28.52 0.0
S338694 109.17 61.9478 2.289e-17 3.063e-17 3.94e-17 0.0 29.42 0.0
S338695 109.1662 61.8805 2.244e-19 3.068e-19 4.268e-19 0.0 28.6 0.0
S338696 109.1863 61.8726 1.304e-23 3.9239999999999996e-23 2.6989999999999997e-22 0.0 28.43 0.0
S338697 109.1444 61.9027 6.648e-17 1.09e-16 2.136e-16 0.0 29.2 0.0
S338699 109.1081 61.9001 4.736e-18 4.923e-18 3.851e-18 0.0 30.04 0.0
S338700 109.1159 61.9173 4.548e-21 3.102e-21 1.071e-21 0.0 30.51 0.0
S338701 109.1519 61.9055 4.443e-20 7.099e-20 1.383e-19 0.0 28.47 0.0
S338702 109.1088 61.8908 1.8870000000000002e-25 1.066e-24 2.927e-23 0.0 29.98 0.0
S338703 109.2009 61.8989 5.195e-18 5.338e-18 4.131e-18 0.0 28.48 0.0
S338704 109.1542 61.9356 2.236e-21 4.22e-21 1.175e-20 0.0 29.54 0.0
S338705 109.22 61.887 1.584e-19 2.303e-19 3.601e-19 0.0 28.34 0.0
S338706 109.0722 61.8912 4.546e-23 1.354e-22 9.351e-22 0.0 30.15 0.0
S338707 109.1448 61.8926 1.995e-18 2.37e-18 2.39e-18 0.0 29.19 0.0
S338708 109.1867 61.8844 1.484e-20 2.622e-20 6.14e-20 0.0 28.28 0.0
S338709 109.1406 61.9181 3.659e-22 8.141999999999999e-22 3.101e-21 0.0 29.82 0.0
S338710 109.1417 61.8649 2.111e-20 3.3310000000000003e-20 6.014e-20 0.0 29.13 0.0
S338711 109.0986 61.9084 4.02e-21 2.782e-21 9.769e-22 0.0 30.39 0.0
S338712 109.1861 61.9349 1.9820000000000003e-20 3.237e-20 6.701e-20 0.0 28.95 0.0
S338713 109.0889 61.8398 8.216000000000001e-20 1.246e-19 2.157e-19 0.0 29.49 0.0
S338714 109.1652 61.941 2.656e-19 3.492e-19 4.501e-19 0.001 29.33 0.0
S338715 109.1257 61.8893 1.143e-24 5.0149999999999996e-24 7.659e-23 0.0 29.76 0.0
S338716 109.1303 61.9121 1.395e-20 2.3960000000000003e-20 5.497e-20 0.0 30.28 0.0
S338717 109.1474 61.891 1.102e-21 2.426e-21 8.972e-21 0.0 29.07 0.0
S338718 109.1315 61.9084 7.22e-21 1.2770000000000002e-20 3.0810000000000004e-20 0.0 30.12 0.0
S338719 109.1622 61.9133 2.784e-22 6.904e-22 3.21e-21 0.0 28.93 0.0
S338720 109.2715 61.8826 7.804999999999999e-23 1.886e-22 8.590999999999998e-22 0.0 28.56 0.0
S338721 109.1407 61.8981 1.0550000000000001e-20 1.953e-20 5.127e-20 0.0 29.4 0.0
S338722 109.1467 61.8757 5.654999999999999e-23 1.7089999999999998e-22 1.195e-21 0.0 28.97 0.0
S338723 109.156 61.9054 1.224e-18 1.394e-18 1.354e-18 0.0 28.64 0.0
S338724 108.9949 61.9396 4.237e-23 1.056e-22 5.065e-22 0.0 30.26 0.0
S338725 109.1379 61.8964 6.797e-24 2.2949999999999998e-23 2.155e-22 0.0 29.57 0.0
S338726 109.1637 61.9101 2.252e-23 6.582999999999999e-23 4.623999999999999e-22 0.0 28.72 0.0
S338727 109.1447 61.9144 1.4339999999999998e-23 4.214e-23 2.7739999999999997e-22 0.0 29.79 0.0
S338728 109.1428 61.8904 4.623e-21 8.975e-21 2.502e-20 0.0 29.18 0.0
S338729 109.1623 61.9072 2.99e-21 6.19e-21 2.0170000000000002e-20 0.0 28.76 0.0
S338730 109.1417 61.9057 5.414e-13 3.633e-13 1.2e-13 0.0 30.3 0.0
S338731 109.1453 61.898 1.77e-16 1.443e-16 7.044e-17 0.0 28.99 0.0
S338732 109.2255 61.8266 4.6550000000000005e-20 7.277e-20 1.301e-19 0.0 28.6 0.0
S338733 109.237 61.9353 2.826e-21 5.525e-21 1.677e-20 0.0 28.81 0.0
S338734 109.1211 61.8858 2.8259999999999997e-22 7.248999999999999e-22 3.707e-21 0.0 29.79 0.0
S338735 108.9913 62.0298 2.409e-21 5.409e-21 1.995e-20 0.0 30.14 0.0
S338736 109.1271 61.9116 1.173e-19 1.724e-19 2.758e-19 0.0 30.24 0.0
S338737 109.0443 61.9763 3.4709999999999996e-22 9.688e-22 5.812e-21 0.0 30.26 0.0
S338738 109.0547 61.9949 2.577e-16 6.386e-16 2.93e-15 0.0 30.15 1.0
S338739 109.1567 61.8989 9.617e-23 2.7719999999999996e-22 1.829e-21 0.0 28.54 0.0
S338740 109.0963 61.9291 5.456e-21 1.151e-20 3.9160000000000005e-20 0.0 30.44 0.0
S338741 109.1222 61.9491 3.113e-21 5.878e-21 1.5990000000000002e-20 0.0 30.05 0.0
S338742 109.1863 61.8756 2.132e-23 6.465e-23 4.567999999999999e-22 0.0 28.51 0.0
S338743 109.1286 61.8869 4.7660000000000004e-20 7.296000000000001e-20 1.266e-19 0.0 29.53 0.0
S338744 109.1459 61.9067 2.128e-18 2.486e-18 2.448e-18 0.0 28.27 0.0
S338745 109.1288 61.9463 1.938e-19 2.704e-19 3.98e-19 0.0 29.94 0.0
S338746 109.0214 61.9101 1.475e-21 3.042e-21 9.673e-21 0.0 30.14 1.0
S338747 109.137 61.9017 8.334000000000001e-26 4.48e-25 1.1019999999999999e-23 0.0 29.63 0.0
S338748 109.0838 61.9465 4.428e-19 5.342e-19 5.753e-19 0.0 30.25 0.0
S338749 109.146 61.9078 8.973e-23 2.5269999999999996e-22 1.577e-21 0.0 29.67 0.0
S338750 109.1727 61.9318 2.5660000000000002e-20 4.305e-20 9.065000000000001e-20 0.0 29.19 0.0
S338751 109.2324 61.9102 4.304e-24 1.592e-23 1.782e-22 0.0 28.63 0.0
S338752 109.1646 61.8881 1.694e-20 3.036e-20 6.989e-20 0.0 28.59 0.0
S338753 109.1503 61.9113 6.235e-18 6.335e-18 4.789e-18 0.0 28.68 0.0
S338754 109.1525 61.9073 7.068e-19 8.802e-19 9.512e-19 0.0 28.57 0.0
S338755 109.1208 61.9006 1.321e-22 3.4109999999999996e-22 1.748e-21 0.0 29.9 0.0
S338756 109.2364 61.8544 6.887e-22 1.5620000000000001e-21 6.023e-21 0.0 28.47 0.0
S338757 109.181 61.9343 2.847e-24 1.065e-23 1.177e-22 0.0 29.03 0.0
S338758 109.148 61.9063 8.994e-23 2.255e-22 1.071e-21 0.0 29.09 0.0
S338759 109.0732 61.9264 2.041e-17 1.899e-17 1.188e-17 0.001 30.46 0.0
S338760 109.1509 61.9116 1.873e-21 3.819e-21 1.2450000000000001e-20 0.0 29.16 0.0
S338761 109.0967 61.9805 1.419e-20 2.488e-20 5.786e-20 0.0 29.99 0.0
S338762 109.0562 61.9431 1.866e-24 8.081e-24 1.2049999999999999e-22 0.0 30.41 0.0
S338763 109.1611 61.9136 8.5e-22 1.98e-21 8.288e-21 0.0 28.94 0.0
S338764 109.1344 61.9148 1.6750000000000002e-20 2.966e-20 6.863e-20 0.0 30.18 0.0
S338765 109.1683 61.9233 4.98e-19 6.099e-19 6.751e-19 0.0 29.03 0.0
S338766 109.1718 61.9677 2.9059999999999996e-22 6.803999999999999e-22 2.917e-21 0.0 29.41 0.0
S338767 109.1864 61.9265 2.521e-18 2.915e-18 2.742e-18 0.0 28.78 0.0
S338768 109.1043 61.8725 8.325e-24 2.773e-23 2.404e-22 0.0 29.75 0.0
S338769 109.3232 61.9089 5.202e-18 5.712e-18 4.948e-18 0.0 28.72 0.0
S338770 109.1693 61.8741 1.9720000000000002e-20 3.4050000000000005e-20 7.521000000000001e-20 0.0 28.54 0.0
S338771 109.1636 61.9069 8.04e-19 9.369e-19 9.313e-19 0.0 28.6 0.0
S338772 109.0899 61.9276 3.271e-19 4.342e-19 5.594e-19 0.0 30.46 0.0
S338773 109.1373 61.892 5.646e-19 7.099e-19 8.533e-19 0.001 29.48 0.0
S338774 109.1727 61.9043 6.803e-24 2.151e-23 1.7749999999999997e-22 0.0 28.47 0.0
S338775 109.1477 61.9099 4.289e-24 1.579e-23 1.645e-22 0.0 29.35 0.0
S338776 109.1262 61.919 9.383e-22 2.0180000000000002e-21 7.081e-21 0.0 30.26 0.0
S338777 109.1447 61.9056 2.101e-20 3.663e-20 8.006e-20 0.0 29.68 0.0
S338778 109.123 61.8972 1.164e-17 1.91e-17 3.917e-17 0.0 30.0 0.0
S338779 109.0664 61.9592 4.026e-21 2.776e-21 9.666999999999999e-22 0.0 30.29 0.0
S338780 109.1451 61.8767 8.258999999999999e-22 1.531e-21 4.019e-21 0.0 29.12 0.0
S338781 109.1407 61.9127 2.267e-19 3.112e-19 4.276e-19 0.0 30.04 0.0
S338782 109.2172 61.8431 4.843e-13 5.592e-13 5.444e-13 0.0 28.59 0.0
S338783 109.1453 61.9079 7.4809999999999995e-22 1.632e-21 5.812e-21 0.0 29.94 0.0
S338784 109.0252 61.924 9.18e-22 2.0060000000000002e-21 7.244e-21 0.0 30.28 0.0
S338785 109.1695 61.9333 3.357e-17 2.882e-17 1.546e-17 0.0 29.26 0.0
S338786 109.2634 61.8646 2.801e-23 8.075e-23 5.48e-22 0.0 28.46 0.0
S338787 109.1186 61.868 2.554e-19 3.31e-19 4.023e-19 0.0 29.5 0.0
S338788 109.0895 61.9753 4.098e-19 5.112e-19 5.705e-19 0.0 29.96 0.0
S338789 109.1403 61.9 2.865e-20 4.7850000000000006e-20 1.022e-19 0.0 29.76 0.0
S338790 109.1846 61.9117 4.344999999999999e-22 1.034e-21 4.474e-21 0.0 28.66 0.0
S338791 109.1769 61.9225 1.68e-17 1.525e-17 9.199e-18 0.0 28.95 0.0
S338792 109.1543 61.9137 1.841e-22 4.651999999999999e-22 2.383e-21 0.0 29.19 0.0
S338793 109.1257 61.8897 3.342e-21 6.345e-21 1.728e-20 0.0 29.77 0.0
S338794 109.1593 61.9035 5.945e-23 1.562e-22 8.212e-22 0.0 28.62 0.0
S338795 109.1315 61.9132 3.909e-18 4.158e-18 3.507e-18 0.0 30.22 0.0
S338796 109.3509 61.7912 2.196e-22 5.693999999999999e-22 2.991e-21 0.0 28.59 0.0
S338797 109.0836 61.9699 3.456e-20 5.797000000000001e-20 1.183e-19 0.0 30.09 0.0
S338798 109.1012 61.9186 4.674e-21 9.604e-21 3.023e-20 0.0 30.63 0.0
S338799 109.1469 61.9259 1.587e-18 1.849e-18 1.772e-18 0.0 29.73 0.0
S338800 109.1728 61.8919 5.1040000000000004e-20 7.637e-20 1.272e-19 0.0 28.3 0.0
S338801 109.1127 61.8795 2.8460000000000005e-20 4.74e-20 9.909000000000001e-20 0.0 29.75 0.0
S338802 109.148 61.8987 2.634e-21 4.779e-21 1.166e-20 0.0 29.03 0.0
S338803 109.1646 61.9101 9.079000000000001e-20 1.308e-19 2.029e-19 0.0 28.72 0.0
S338804 109.1632 61.9023 4.127e-22 9.499e-22 3.926e-21 0.0 28.59 0.0
S338805 109.1445 61.9017 8.839e-24 2.932e-23 2.6099999999999997e-22 0.0 29.07 0.0
S338806 109.323 61.7428 6.659e-20 9.949000000000001e-20 1.669e-19 0.0 28.78 0.0
S338807 109.1654 61.8743 1.049e-18 1.319e-18 1.497e-18 0.0 28.8 0.0
S338808 109.1289 61.9007 4.338e-21 3.037e-21 1.053e-21 0.0 30.11 0.0
S338809 109.1454 61.9064 2.538e-22 6.314999999999999e-22 3.028e-21 0.001 29.44 0.0
S338810 109.2747 62.0068 1.006e-19 1.463e-19 2.215e-19 0.0 29.11 0.0
S338811 109.1859 61.9377 3.192e-21 2.328e-21 8.792e-22 0.0 28.99 0.0
S338812 109.137 61.8973 6.547e-22 1.647e-21 7.905e-21 0.0 29.63 0.0
S338813 109.193 61.8914 7.684e-23 2.09e-22 1.187e-21 0.0 28.29 0.0
S338814 109.2461 61.9079 2.1620000000000002e-20 3.6950000000000005e-20 8.234000000000001e-20 0.0 28.65 0.0
S338815 109.1181 61.9109 1.97e-17 1.819e-17 1.145e-17 0.0 30.44 0.0
S338816 109.2157 61.9233 1.569e-19 2.22e-19 3.163e-19 0.0 28.83 0.0
S338817 109.0956 61.906 2.2450000000000002e-20 4.0260000000000005e-20 9.558000000000001e-20 0.0 30.43 0.0
S338818 109.1408 61.9011 9.444e-24 3.111e-23 2.689e-22 0.0 29.51 0.0
S338819 109.1472 61.9096 3.5459999999999997e-22 7.746999999999999e-22 2.925e-21 0.0 29.45 0.0
S338820 109.1338 61.9143 1.288e-21 2.832e-21 1.073e-20 0.0 30.18 0.0
S338821 109.1342 61.8929 1.649e-23 5.625e-23 4.978999999999999e-22 0.0 29.57 0.0
S338822 109.1465 61.9112 1.718e-20 2.9300000000000004e-20 6.534000000000001e-20 0.0 29.59 0.0
S338823 109.1178 61.951 2.503e-21 5.074e-21 1.635e-20 0.0 30.1 0.0
S338824 109.1718 61.8975 1.7759999999999998e-22 4.1339999999999997e-22 1.734e-21 0.0 28.34 0.0
S338825 109.1708 61.884 1.0819999999999998e-22 2.859e-22 1.5350000000000001e-21 0.0 28.29 0.0
S338826 109.1472 61.9094 1.3409999999999998e-22 3.4e-22 1.682e-21 0.0 28.38 0.0
S338827 109.13 61.863 4.825e-22 1.14e-21 4.732e-21 0.0 29.36 0.0
S338828 109.0784 61.8948 4.533999999999999e-22 9.302999999999998e-22 3.012e-21 0.0 30.07 0.0
S338829 109.1747 61.9539 6.911999999999999e-22 1.402e-21 4.485e-21 0.0 29.41 0.0
S338830 109.1569 61.9079 5.668000000000001e-20 8.996000000000001e-20 1.684e-19 0.0 28.61 0.0
S338831 109.149 61.9016 6.407e-19 7.718e-19 8.286e-19 0.0 28.45 0.0
S338832 109.1144 61.9363 3.9930000000000004e-20 6.225000000000001e-20 1.166e-19 0.0 30.42 0.0
S338833 109.1304 61.9004 1.871e-21 3.471e-21 8.869000000000001e-21 0.0 29.92 0.0
S338834 109.1988 61.901 1.422e-24 5.951e-24 8.531e-23 0.0 28.4 0.0
S338835 108.9909 61.9391 3.423e-22 9.086e-22 4.898e-21 0.0 30.25 0.0
S338836 109.1373 61.9129 9.729e-24 3.101e-23 2.419e-22 0.0 30.11 0.0
S338837 109.2332 61.8542 2.726e-21 5.597e-21 1.8060000000000003e-20 0.0 28.47 0.0
S338838 109.1437 61.9003 2.8730000000000005e-20 5.086e-20 1.19e-19 0.0 28.73 0.0
S338839 109.0557 61.8991 1.154e-21 2.389e-21 7.723e-21 0.0 30.13 0.0
S338840 109.1435 61.876 1.382e-21 3.027e-21 1.1340000000000002e-20 0.0 29.07 0.0
S338841 109.1861 61.8928 2.585e-24 9.984e-24 1.187e-22 0.0 28.31 0.0
S338842 109.1883 61.89 1.8009999999999998e-23 5.654e-23 4.386999999999999e-22 0.0 28.23 0.0
S338843 109.1552 61.8279 1.568e-12 1.193e-12 4.946e-13 0.001 29.08 1.0
S338844 109.1114 61.913 8.563999999999998e-22 1.824e-21 6.2470000000000004e-21 0.0 30.46 0.0
S338845 109.1368 61.8814 2.432e-17 3.898e-17 7.566e-17 0.0 29.38 0.0
S338846 109.1476 61.9041 5.774000000000001e-20 8.880000000000001e-20 1.633e-19 0.0 28.45 0.0
S338847 109.1487 61.9284 1.4060000000000002e-20 2.3820000000000003e-20 5.1260000000000003e-20 0.0 29.5 0.0
S338848 109.1375 61.9091 2.312e-23 6.920999999999999e-23 4.964999999999999e-22 0.0 30.04 0.0
S338849 109.2016 61.9488 1.971e-18 2.238e-18 2.113e-18 0.0 29.15 0.0
S338850 109.1585 61.8942 5.653e-17 4.902e-17 2.628e-17 0.0 28.64 0.0
S338851 109.1305 61.9065 1.539e-18 1.754e-18 1.653e-18 0.0 30.33 0.0
S338852 109.4003 62.0372 9.630999999999998e-22 2.019e-21 7.017e-21 0.0 29.1 0.0
S338853 109.1281 61.9629 9.893e-18 9.341e-18 6.147e-18 0.0 29.76 0.0
S338854 109.1375 61.9358 5.708e-18 6.139e-18 5.347e-18 0.0 29.78 0.0
S338855 109.1276 61.9068 4.329e-21 2.9930000000000002e-21 1.036e-21 0.0 30.27 0.0
S338856 109.16 61.905 3.279e-21 6.543e-21 1.98e-20 0.0 28.68 0.0
S338857 109.1498 61.9157 8.625e-24 2.824e-23 2.3429999999999997e-22 0.0 29.43 0.0
S338858 109.2001 61.8987 4.039e-22 9.549999999999999e-22 4.178e-21 0.0 28.3 0.0
S338859 109.2462 61.8924 1.3100000000000002e-20 2.2860000000000002e-20 5.231e-20 0.0 28.54 0.0
S338860 109.1211 61.9128 1.458e-24 5.6039999999999996e-24 6.625e-23 0.0 30.43 0.0
S338861 109.3146 61.8761 5.623e-17 4.803e-17 2.655e-17 0.0 28.56 0.0
S338862 109.138 61.8 1.8280000000000002e-21 3.966e-21 1.4160000000000002e-20 0.0 29.19 0.0
S338863 109.1358 61.9002 6.393e-23 1.589e-22 7.797999999999999e-22 0.0 29.86 0.0
S338864 109.3256 61.8408 5.027999999999999e-22 1.277e-21 6.3540000000000004e-21 0.0 28.53 0.0
S338865 109.2794 61.8938 1.112e-18 1.266e-18 1.235e-18 0.0 28.58 0.0
S338866 109.1516 61.9031 7.169e-20 1.06e-19 1.771e-19 0.001 28.53 0.0
S338867 109.1491 61.8941 9.901e-20 1.358e-19 1.867e-19 0.0 28.86 0.0
S338868 109.204 61.9233 1.772e-19 2.469e-19 3.547e-19 0.0 28.79 0.0
S338869 109.157 61.9035 3.2130000000000002e-21 6.246e-21 1.7710000000000003e-20 0.0 28.73 0.0
S338870 109.0347 61.9476 1.6690000000000001e-21 3.311e-21 9.805e-21 0.0 30.32 0.0
S338871 109.1452 61.9037 3.898e-20 6.149e-20 1.177e-19 0.0 28.37 0.0
S338872 109.1183 61.9274 4.151e-21 8.654e-21 2.9350000000000005e-20 0.0 30.35 0.0
S338873 109.0988 61.9379 1.0409999999999999e-23 3.527e-23 3.319e-22 0.0 30.42 0.0
S338874 109.1439 61.9032 9.902999999999999e-22 2.404e-21 1.1170000000000001e-20 0.0 30.45 0.0
S338875 109.0828 61.9848 8.512e-21 1.5930000000000002e-20 4.0600000000000006e-20 0.0 30.13 0.0
S338876 109.1323 61.8958 2.494e-22 6.858e-22 4.041e-21 0.0 29.73 0.0
S338877 109.1351 61.934 1.562e-19 2.182e-19 3.135e-19 0.0 30.04 0.0
S338878 109.1807 61.9577 4.8820000000000005e-20 7.726e-20 1.421e-19 0.0 29.25 0.0
S338879 109.1469 61.9097 5.611e-19 6.725e-19 7.29e-19 0.0 29.62 0.0
S338880 109.063 61.9267 2.156e-23 6.582e-23 4.722e-22 0.0 30.38 0.0
S338881 109.1181 61.852 3.175e-23 8.606e-23 4.921999999999999e-22 0.0 29.43 0.0
S338882 109.1648 61.8822 1.0640000000000001e-20 1.843e-20 4.2410000000000004e-20 0.0 28.54 0.0
S338883 109.2058 61.8543 7.2729999999999995e-22 1.701e-21 7.069e-21 0.0 28.5 0.0
S338884 109.1091 61.8569 1.663e-22 4.673e-22 2.812e-21 0.0 29.51 0.0
S338885 109.1409 61.9076 5.820000000000001e-20 8.852000000000001e-20 1.539e-19 0.0 30.43 0.0
S338886 109.1726 61.9037 2.2759999999999998e-24 8.250999999999999e-24 8.984e-23 0.0 28.4 0.0
S338887 109.1284 61.9363 3.704e-23 1.0069999999999999e-22 5.639e-22 0.0 30.05 0.0
S338888 109.2328 61.8341 1.634e-21 3.274e-21 9.977e-21 0.0 28.6 0.0
S338889 109.1179 61.9191 2.842e-12 2.232e-12 1.028e-12 0.0 30.48 1.0
S338890 109.1381 61.9037 3.236e-18 3.434e-18 2.772e-18 0.0 30.13 0.0
S338891 109.1269 61.9184 2.9630000000000003e-25 1.459e-24 2.782e-23 0.0 30.33 0.0
S338892 109.1742 61.8785 1.0330000000000001e-20 1.9170000000000002e-20 4.9600000000000004e-20 0.0 28.42 0.0
S338893 109.1269 61.9086 1.466e-20 2.502e-20 5.424e-20 0.0 30.22 0.0
S338894 109.2792 61.8756 4.098e-18 4.238e-18 3.189e-18 0.0 28.48 0.0
S338895 109.1712 61.9448 1.2279999999999999e-23 3.994e-23 3.3529999999999997e-22 0.0 29.32 0.0
S338896 109.0439 61.9014 1.204e-21 2.552e-21 8.423e-21 0.0 30.18 0.0
S338897 109.0783 61.9165 6.07e-19 7.602e-19 9.094e-19 0.0 30.42 0.0
S338898 109.1122 61.8948 7.194999999999999e-23 1.9519999999999999e-22 1.15e-21 0.0 29.96 1.0
S338899 109.0979 61.9107 3.239e-21 2.3270000000000002e-21 8.435999999999999e-22 0.0 30.38 1.0
S338900 109.1338 61.9053 3.975e-21 8.448e-21 2.856e-20 0.0 30.32 0.0
S338901 109.2576 61.8358 7.401999999999999e-22 1.475e-21 4.486e-21 0.0 28.55 0.0
S338902 109.1492 61.907 2.0589999999999998e-22 5.526999999999999e-22 3.134e-21 0.0 28.33 0.0
S338903 109.1446 61.9027 1.146e-21 2.574e-21 9.863e-21 0.0 28.95 0.0
S338904 109.0615 61.9197 4.147e-21 2.877e-21 1.027e-21 0.0 30.34 0.0
S338905 109.1461 61.9137 2.309e-22 6.390999999999999e-22 3.921e-21 0.0 29.58 0.0
S338906 109.1464 61.9324 9.322e-19 1.129e-18 1.22e-18 0.0 29.64 0.0
S338907 109.0985 61.9006 7.988e-24 2.815e-23 2.726e-22 0.0 30.22 0.0
S338908 109.17 61.8985 4.976e-21 3.444e-21 1.171e-21 0.0 28.45 0.0
S338909 109.1524 61.9123 4.676e-23 1.3199999999999998e-22 8.2239999999999995e-22 0.0 29.05 0.0
S338910 109.0857 61.899 1.0120000000000001e-20 1.8270000000000002e-20 4.595e-20 0.0 30.27 0.0
S338911 109.1613 61.9052 2.747e-21 5.484e-21 1.711e-20 0.0 28.49 0.0
S338912 109.1532 61.9102 1.216e-23 3.566e-23 2.4399999999999997e-22 0.0 28.77 0.0
S338913 109.1424 61.9071 3.928e-21 7.702e-21 2.233e-20 0.0 30.37 0.0
S338914 109.1716 61.9231 1.07e-19 1.616e-19 2.634e-19 0.0 28.95 0.0
S338915 109.1503 61.9012 2.763e-19 3.76e-19 4.926e-19 0.0 28.45 0.0
S338916 109.2396 61.8678 1.604e-20 2.781e-20 6.255000000000001e-20 0.0 28.47 0.0
S338917 109.1186 61.8868 9.241e-19 1.134e-18 1.219e-18 0.0 29.83 0.0
S338918 109.1484 61.9129 3.9640000000000003e-25 1.889e-24 3.4329999999999996e-23 0.0 29.49 0.0
S338919 109.1743 61.8952 3.427e-21 7.257e-21 2.4180000000000002e-20 0.0 28.33 0.0
S338920 109.1308 61.8165 3.171e-22 7.849999999999999e-22 3.6910000000000004e-21 0.001 29.31 0.0
S338921 109.0868 61.9151 6.582e-18 6.911e-18 5.688e-18 0.0 30.44 0.0
S338922 109.2502 61.8556 3.459e-20 5.584000000000001e-20 1.079e-19 0.0 28.45 0.0
S338923 109.1741 61.9109 2.096e-19 2.905e-19 4.123e-19 0.0 28.67 0.0
S338924 109.146 61.904 1.323e-19 1.904e-19 2.954e-19 0.0 28.89 0.0
S338925 109.054 61.8815 1.698e-17 3.073e-17 7.75e-17 0.0 29.98 0.0
S338926 109.1769 61.8844 9.268e-22 2.053e-21 7.469e-21 0.0 28.29 0.0
S338927 109.0221 61.9181 6.27e-21 1.204e-20 3.442e-20 0.0 30.26 0.0
S338928 109.017 61.8898 1.001e-16 1.482e-16 2.389e-16 0.0 30.04 0.0
S338929 109.1386 62.0165 1.871e-27 1.6640000000000003e-26 1.158e-24 0.0 29.65 0.0
S338930 109.1584 61.8999 2.4769999999999998e-23 7.578999999999999e-23 5.457999999999999e-22 0.0 28.55 0.0
S338931 109.1461 61.9059 1.2939999999999998e-22 2.9349999999999996e-22 1.157e-21 0.0 29.06 0.0
S338932 109.3831 61.8447 2.007e-21 1.521e-21 6.489e-22 0.0 28.58 0.0
S338933 109.1452 61.9177 2.138e-22 4.963999999999999e-22 2.068e-21 0.0 29.89 0.0
S338934 109.1319 61.9138 5.989e-23 1.8739999999999999e-22 1.4550000000000001e-21 0.0 30.2 0.0
S338935 109.1431 61.9116 4.349e-22 1.046e-21 4.759e-21 0.0 29.83 0.0
S338936 109.1196 61.9761 2.627e-21 5.849e-21 2.212e-20 0.0 29.84 0.0
S338937 109.1433 61.9071 1.491e-24 6.328e-24 8.812e-23 0.0 30.02 0.0
S338938 109.0853 61.847 4.097e-21 2.857e-21 1.0060000000000001e-21 0.0 29.62 0.0
S338939 109.1824 61.8938 3.022e-24 1.0769999999999999e-23 1.092e-22 0.0 28.27 0.0
S338940 109.0143 61.947 8.256999999999999e-22 2.08e-21 1.0380000000000001e-20 0.0 30.32 0.0
S338941 109.326 61.8759 2.511e-21 4.946e-21 1.462e-20 0.001 28.5 0.0
S338942 109.1942 61.8917 2.262e-18 2.529e-18 2.273e-18 0.0 28.17 0.0
S338943 109.1362 61.9104 1.838e-17 1.724e-17 1.064e-17 0.0 29.99 0.0
S338944 109.1825 61.9309 3.176e-23 8.384e-23 4.594999999999999e-22 0.0 29.01 0.0
S338945 109.1393 61.9486 1.938e-21 4.154e-21 1.4270000000000002e-20 0.0 29.83 0.0
S338946 109.1311 61.8358 3.2189999999999997e-23 1.088e-22 9.707e-22 0.0 29.28 0.0
S338947 109.1446 61.8851 3.459e-17 3.148e-17 1.86e-17 0.0 29.21 0.0
S338948 109.1604 61.9048 2.6930000000000003e-20 4.7230000000000006e-20 1.08e-19 0.0 28.72 0.0
S338949 109.1144 61.9159 9.917e-20 1.374e-19 1.921e-19 0.0 30.51 0.0
S338950 109.1165 61.9246 1.351e-22 3.496e-22 1.854e-21 0.0 30.42 0.0
S338951 109.1625 61.8814 5.604e-21 1.1240000000000001e-20 3.47e-20 0.0 28.79 0.0
S338952 109.1055 61.8283 3.575e-19 4.406e-19 5.059e-19 0.0 29.43 0.0
S338953 109.1544 61.918 1.2859999999999998e-22 3.3519999999999996e-22 1.813e-21 0.0 29.26 0.0
S338954 109.1471 61.9081 5.514000000000001e-20 8.735000000000001e-20 1.654e-19 0.0 29.24 0.0
S338955 109.1693 61.8893 2.08e-19 2.749e-19 3.495e-19 0.0 28.4 0.0
S338956 109.148 61.9067 5.471e-23 1.3829999999999998e-22 7.133999999999999e-22 0.0 28.28 0.0
S338957 109.1149 61.9469 3.7630000000000004e-21 2.663e-21 9.775e-22 0.0 30.12 0.0
S338958 109.1486 61.9071 4.52e-17 8.284e-17 2.07e-16 0.0 28.91 0.0
S338959 109.1488 61.91 1.016e-18 1.195e-18 1.229e-18 0.0 28.72 0.0
S338960 109.1964 61.9062 7.526e-17 6.542e-17 3.543e-17 0.0 28.58 0.0
S338961 109.1721 61.919 6.826e-21 1.306e-20 3.615e-20 0.0 28.93 0.0
S338962 109.0455 61.7995 4.9990000000000004e-21 9.81e-21 2.8680000000000004e-20 0.0 29.54 0.0
S338963 109.1591 61.897 3.9650000000000004e-20 6.330000000000001e-20 1.205e-19 0.0 28.57 0.0
S338964 109.2212 61.8399 6.1880000000000004e-21 1.2570000000000001e-20 3.8280000000000003e-20 0.0 28.62 0.0
S338965 109.1385 61.9047 3.23e-19 4.174e-19 5.217e-19 0.0 29.93 0.0
S338966 109.1733 61.9103 6.155e-25 2.706e-24 4.141e-23 0.0 28.51 0.0
S338967 109.0861 61.9264 2.449e-19 3.292e-19 4.303e-19 0.0 30.43 0.0
S338968 109.2296 61.9465 8.565e-19 1.029e-18 1.063e-18 0.0 28.94 0.0
S338969 109.1346 61.9228 9.076e-13 6.115e-13 2.085e-13 0.0 30.42 0.0
S338970 109.1305 61.9107 3.765e-19 4.795e-19 5.742e-19 0.0 30.1 0.0
S338971 109.0911 61.9703 5.005e-22 1.182e-21 5.005e-21 0.0 30.1 0.0
S338972 109.1204 61.9066 1.734e-16 3.893e-16 1.55e-15 0.0 30.13 1.0
S338973 109.17 61.9228 6.707e-17 5.937e-17 3.392e-17 0.0 28.68 0.0
S338974 109.1342 61.9106 1.726e-22 4.157e-22 1.868e-21 0.0 30.02 0.0
S338975 109.1436 61.9016 5.092e-19 6.554e-19 7.963e-19 0.0 29.37 0.0
S338976 109.1634 61.9284 1.254e-18 1.462e-18 1.476e-18 0.0 29.18 0.0
S338977 109.1594 61.9083 1.194e-16 1.701e-16 2.545e-16 0.0 28.69 0.0
S338978 109.1532 61.9133 8.645e-18 8.974e-18 6.721e-18 0.0 29.07 0.0
S338979 109.1437 61.9171 1.775e-16 1.396e-16 6.314e-17 0.0 29.62 0.0
S338980 109.1375 61.8997 3.3070000000000003e-25 1.768e-24 4.1549999999999997e-23 0.0 29.66 0.0
S338981 109.1565 61.8843 1.6600000000000001e-21 1.3210000000000001e-21 5.883999999999999e-22 0.0 28.33 0.0
S338982 109.1798 61.9426 8.184e-17 6.89e-17 3.524e-17 0.0 28.87 0.0
S338983 109.1691 61.9182 6.61e-18 6.918e-18 5.354e-18 0.0 28.37 0.0
S338984 109.1442 61.9012 2.735e-18 3.008e-18 2.719e-18 0.0 29.36 0.0
S338985 109.1441 61.9265 3.3099999999999997e-23 9.363e-23 5.818e-22 0.0 29.86 0.0
S338986 109.1825 61.8957 1.2830000000000001e-20 2.291e-20 5.51e-20 0.0 28.28 0.0
S338987 109.1856 61.9043 1.766e-17 1.66e-17 1.029e-17 0.0 28.34 0.0
S338988 109.1897 61.9008 9.794e-17 7.733e-17 3.595e-17 0.0 28.6 0.0
S338989 109.1362 61.9275 7.346e-19 9.036e-19 1.032e-18 0.0 30.1 0.0
S338990 109.1698 61.8791 3.1530000000000002e-21 2.281e-21 8.301e-22 0.0 28.26 0.0
S338991 109.1565 61.905 1.3260000000000001e-20 2.3970000000000002e-20 5.985e-20 0.0 28.6 0.0
S338992 109.1914 61.8895 3.996e-18 4.228e-18 3.446e-18 0.0 28.3 0.0
S338993 109.1294 61.9237 2.57e-22 6.829e-22 3.746e-21 0.0 30.06 0.0
S338994 109.1367 61.8943 5.51e-20 8.842000000000001e-20 1.718e-19 0.0 29.49 0.0
S338995 109.1592 61.9083 6.809e-21 4.423e-21 1.371e-21 0.0 28.78 0.0
S338996 109.1389 61.8941 2.6019999999999998e-23 7.297e-23 4.551999999999999e-22 0.0 30.13 0.0
S338997 109.1356 61.9049 4.995e-18 4.991e-18 3.659e-18 0.0 29.98 0.0
S338998 109.1463 61.9038 6.177e-17 5.201e-17 2.593e-17 0.0 29.27 0.0
S338999 109.1326 61.899 1.876e-18 2.105e-18 1.971e-18 0.0 29.97 0.0
S339000 109.1578 61.9018 1.758e-12 1.256e-12 4.59e-13 0.0 28.81 0.0
S339001 109.1472 61.903 3.3380000000000002e-21 6.848e-21 2.174e-20 0.0 28.86 0.0
S339002 109.1507 61.9007 1.213e-17 1.226e-17 8.999e-18 0.0 28.97 0.0
S339003 109.1203 61.9063 1.526e-19 2.103e-19 2.937e-19 0.0 30.4 0.0
S339004 109.1413 61.8859 7.578e-19 9.755e-19 1.141e-18 0.0 29.26 0.0
S339005 109.1528 61.921 4.204e-21 2.941e-21 1.004e-21 0.0 29.44 0.0
S339006 109.1426 61.9108 9.547e-19 1.199e-18 1.387e-18 0.0 29.98 0.0
S339007 109.1745 61.8852 3.1410000000000003e-25 1.445e-24 2.5159999999999998e-23 0.0 28.38 0.0
S339008 109.1374 61.8943 8.138e-24 2.684e-23 2.249e-22 0.0 30.26 0.0
S339009 109.1832 61.901 2.237e-24 8.273e-24 9.433e-23 0.0 28.21 0.0
S339010 109.1588 61.9026 2.492e-21 5.003e-21 1.5920000000000002e-20 0.0 28.77 0.0
S339011 109.1621 61.884 1.014e-16 8.707e-17 4.652e-17 0.0 28.38 0.0
S339012 109.1565 61.9207 4.845e-17 4.253e-17 2.393e-17 0.0 28.62 0.0
S339013 109.1268 61.9181 1.089e-18 1.351e-18 1.528e-18 0.0 30.28 0.0
S339014 109.1555 61.9263 1.344e-17 1.273e-17 8.39e-18 0.0 29.39 0.0
S339015 109.1269 61.8908 7.68e-19 9.097e-19 9.382e-19 0.001 29.57 1.0
S339016 109.1923 61.9194 1.013e-21 2.35e-21 9.301e-21 0.0 28.37 0.0
S339017 109.149 61.8857 3.039e-17 5.396e-17 1.286e-16 0.0 29.02 0.0
S339018 109.1667 61.8917 9.229e-19 1.108e-18 1.155e-18 0.0 28.35 0.0
S339019 109.1493 61.8934 6.397e-18 6.655e-18 5.287e-18 0.0 29.02 0.0
S339020 109.1182 61.8979 4.676e-17 9.229e-17 2.84e-16 0.0 30.27 0.0
S339021 109.1482 61.8857 2.759e-17 4.451e-17 8.852e-17 0.0 28.55 0.0
S339022 109.1113 61.9214 2.707e-18 2.959e-18 2.572e-18 0.0 30.49 0.0
S339023 109.0991 61.8954 3.548e-17 5.621e-17 1.074e-16 0.0 30.2 0.0
S339024 109.1407 61.8594 2.2860000000000002e-20 4.057e-20 9.647000000000001e-20 0.0 29.18 0.0
S339025 109.1244 61.9277 1.728e-16 4.986e-16 3.219e-15 0.0 30.22 1.0
S339026 109.1671 61.8778 1.67e-19 2.42e-19 3.764e-19 0.0 28.31 0.0
S339027 109.1346 61.9163 2.178e-18 2.56e-18 2.54e-18 0.0 30.04 1.0
S339028 109.1303 61.9152 6.786e-22 1.694e-21 8.115e-21 0.0 30.26 0.0
S339029 109.1407 61.9038 4.475e-17 3.844e-17 2.056e-17 0.0 29.55 0.0
S339030 109.1492 61.8859 9.119e-22 1.979e-21 7.205000000000001e-21 0.0 28.51 0.0
S339031 109.139 61.8798 2.768e-18 2.973e-18 2.462e-18 0.0 29.08 0.0
S339032 109.1518 61.9078 2.625e-19 3.569e-19 4.877e-19 0.0 28.98 0.0
S339033 109.1477 61.9196 2.906e-19 3.783e-19 4.78e-19 0.0 29.54 0.0
S339034 109.1449 61.8945 1.059e-21 2.099e-21 6.197e-21 0.0 29.1 0.0
S339035 109.1483 61.9195 2.927e-18 3.178e-18 2.675e-18 0.0 29.61 0.0
S339036 109.1637 61.907 2.1730000000000002e-20 3.4320000000000005e-20 6.469e-20 0.0 28.6 0.0
S339037 109.177 61.8863 7.353999999999999e-23 2.221e-22 1.605e-21 0.0 28.31 0.0
S339038 109.1824 61.8882 1.907e-17 1.779e-17 1.123e-17 0.0 28.29 0.0
S339039 109.1578 61.9148 1.837e-16 1.504e-16 7.165e-17 0.0 28.95 0.0
S339040 109.1144 61.9318 2.251e-19 3.046e-19 3.921e-19 0.0 30.49 0.0
S339041 109.1422 61.9065 1.807e-18 1.963e-18 1.73e-18 0.0 29.7 0.0
S339042 109.1313 61.8818 4.528e-17 5.833e-17 7.207e-17 0.0 30.41 0.0
S339043 109.162 61.8938 1.721e-19 2.427e-19 3.482e-19 0.0 28.49 0.0
S339044 109.1447 61.919 1.4189999999999998e-22 3.7279999999999994e-22 2.074e-21 0.0 29.92 0.0
S339045 109.1552 61.9116 1.063e-16 9.067e-17 4.856e-17 0.0 28.58 0.0
S339046 109.1236 61.9259 1.243e-17 2.296e-17 5.974e-17 0.0 30.33 0.0
S339047 109.1468 61.8885 5.592e-16 4.347e-16 1.911e-16 0.0 29.12 1.0
S339048 109.1505 61.9234 5.053999999999999e-22 1.245e-21 6.077e-21 0.0 29.53 0.0
S339049 109.1621 61.9212 2.988e-16 2.315e-16 1.021e-16 0.001 28.68 1.0
S339050 109.1298 61.8864 3.9840000000000006e-20 6.422000000000001e-20 1.222e-19 0.0 30.05 0.0
S339051 109.1174 61.9097 2.9980000000000005e-20 5.1180000000000004e-20 1.094e-19 0.0 30.35 0.0
S339052 109.1254 61.9097 6.955e-18 7.208e-18 5.71e-18 0.0 30.09 0.0
S339053 109.1596 61.9123 2.393e-18 2.632e-18 2.363e-18 0.0 28.53 0.0
S339054 109.0988 61.8961 1.943e-12 1.434e-12 5.474e-13 0.0 30.39 0.0
S339055 109.162 61.9151 2.011e-12 1.49e-12 5.92e-13 0.0 29.03 0.0
S339056 109.1227 61.9137 1.4599999999999998e-23 4.2939999999999995e-23 2.8769999999999996e-22 0.0 30.18 0.0
S339057 109.1378 61.8996 3.473e-21 6.1520000000000004e-21 1.5090000000000003e-20 0.0 30.26 0.0
S339058 109.1568 61.9087 2.491e-19 3.356e-19 4.471e-19 0.0 28.53 0.0
S339059 109.1342 61.8899 1.041e-19 1.441e-19 1.934e-19 0.0 30.29 0.0
S339060 109.1434 61.8896 1.825e-20 3.2470000000000004e-20 7.59e-20 0.0 28.77 0.0
S339061 109.1575 61.9377 5.584000000000001e-20 8.779000000000001e-20 1.596e-19 0.0 29.51 0.0
S339062 109.131 61.9028 6.194e-18 6.069e-18 4.34e-18 0.0 29.89 0.0
S339063 109.1368 61.8997 5.219e-19 6.556e-19 7.589e-19 0.0 30.17 0.0
S339064 109.1509 61.8797 6.854e-19 8.045e-19 8.136e-19 0.0 28.69 0.0
S339065 109.1183 61.9205 3.626e-23 1.177e-22 9.761999999999999e-22 0.0 30.54 0.0
S339066 109.1698 61.9032 2.4229999999999996e-22 6.131e-22 3.107e-21 0.0 28.42 0.0
S339067 109.1176 61.9054 4.266e-20 6.785e-20 1.277e-19 0.0 30.31 0.0
S339068 109.1439 61.9193 9.022e-22 2.146e-21 9.28e-21 0.0 30.29 0.0
S339069 109.1279 61.896 5.100999999999999e-22 1.1280000000000001e-21 4.414e-21 0.0 30.17 0.0
S339070 109.1929 61.8918 2.207e-18 2.581e-18 2.577e-18 0.0 28.24 1.0
S339071 109.1384 61.9102 7.352000000000001e-20 1.157e-19 2.204e-19 0.0 29.78 0.0
S339072 109.1873 61.9267 6.391000000000001e-20 9.793e-20 1.689e-19 0.001 28.52 0.0
S339073 109.1606 61.8601 2.664e-21 5.072e-21 1.408e-20 0.0 28.64 0.0
S339074 109.1225 61.8641 3.264e-21 2.323e-21 8.453999999999999e-22 0.0 29.49 0.0
S339075 109.1276 61.8855 6.439e-17 5.646e-17 3.104e-17 0.0 29.64 0.0
S339076 109.1357 61.9275 4.651e-21 3.0880000000000002e-21 1.027e-21 0.0 29.86 0.0
S339077 109.1541 61.8744 4.871e-18 5.143e-18 4.113e-18 0.0 28.19 0.0
S339078 109.1397 61.9311 1.256e-19 1.79e-19 2.795e-19 0.0 30.45 0.0
S339079 109.1317 61.8771 3.2800000000000004e-25 1.537e-24 2.843e-23 0.0 29.38 0.0
S339080 109.1739 61.8906 1.294e-17 1.241e-17 7.931e-18 0.0 28.37 0.0
S339081 109.1471 61.9323 3.856e-21 2.706e-21 9.358e-22 0.0 30.19 0.0
S339082 109.1266 61.9371 3.311e-16 2.476e-16 1.011e-16 0.0 30.18 0.0
S339083 109.1335 61.8869 2.0410000000000002e-20 3.7080000000000006e-20 9.449e-20 0.0 29.8 0.0
S339084 109.1447 61.9096 5.916e-17 5.15e-17 2.858e-17 0.0 29.64 0.0
S339085 109.1202 61.9423 4.252e-20 6.713e-20 1.25e-19 0.001 30.52 0.0
S339086 109.1942 61.9165 6.508e-17 1.412e-16 5.051e-16 0.0 28.51 0.0
S339087 109.154 61.8912 3.811e-21 7.973e-21 2.6580000000000003e-20 0.0 28.68 0.0
S339088 109.1111 61.8823 1.3759999999999999e-22 3.327e-22 1.51e-21 0.0 30.49 0.0
S339089 109.1685 61.9116 3.5010000000000004e-21 2.4640000000000002e-21 8.869999999999999e-22 0.0 28.51 0.0
S339090 109.148 61.9021 3.062e-19 4.007e-19 4.881e-19 0.0 28.46 0.0
S339091 109.0996 61.9162 2.072e-16 1.683e-16 7.781e-17 0.0 30.48 0.0
S339092 109.1467 61.8844 4.306e-18 4.551e-18 3.682e-18 0.0 28.48 0.0
S339093 109.161 61.9234 1.862e-16 1.532e-16 7.436e-17 0.0 29.16 0.0
S339094 109.15 61.9221 5.714e-16 4.48e-16 1.969e-16 0.0 29.68 1.0
S339095 109.1713 61.9239 4.677e-17 6.362e-17 8.528e-17 0.0 28.8 0.0
S339096 109.1423 61.9113 3.617e-21 2.572e-21 9.126999999999998e-22 0.0 29.63 0.0
S339097 109.1533 61.8822 5.548e-17 1e-16 2.479e-16 0.0 28.73 0.0
S339098 109.1739 61.9116 6.606e-17 5.434e-17 2.721e-17 0.0 28.49 0.0
S339099 109.1168 61.9074 2.04e-21 4.227e-21 1.407e-20 0.0 30.45 0.0
S339100 109.1233 61.9066 2.559e-16 6.962e-16 4.005e-15 0.0 30.36 1.0
S339101 109.1586 61.9201 2.809e-21 2.0480000000000002e-21 7.749e-22 0.0 29.1 0.0
S339102 109.1813 61.9174 3.313e-19 4.229e-19 4.846e-19 0.0 28.75 0.0
S339103 109.1947 61.8935 1.4750000000000002e-20 2.5660000000000002e-20 5.909000000000001e-20 0.0 28.3 0.0
S339104 109.1738 61.9196 1.994e-17 3.565e-17 8.377e-17 0.001 28.65 0.0
S339105 109.117 61.8876 2.091e-17 2.09e-17 1.473e-17 0.0 30.2 0.0
S339106 109.1452 61.9055 2.761e-16 2.234e-16 1.076e-16 0.0 26.0 0.0
S339107 109.1454 61.9058 2.804e-16 2.26e-16 1.046e-16 0.0 28.81 0.0
S339108 109.1453 61.9057 1.184e-15 8.776e-16 3.654e-16 0.0 31.02 0.0
S339109 109.1261 61.916 2.794e-12 2.213e-12 9.962e-13 0.0 30.28 1.0
S339110 109.1241 61.9168 6.665e-16 5.061e-16 2.21e-16 0.0 30.34 0.0
S339111 109.1236 61.9188 1.835e-15 1.391e-15 5.702e-16 0.0 30.39 0.0
S339112 109.1679 61.8914 6.727e-17 6.009e-17 3.331e-17 0.0 28.36 0.0
S339113 109.1225 61.9206 3.47e-15 2.455e-15 8.939e-16 0.0 30.46 0.0
S339114 109.1689 61.8885 7.443e-18 7.29e-18 4.993e-18 0.0 28.47 0.0
S339115 109.1691 61.8865 2.404e-15 1.668e-15 6.11e-16 0.0 28.42 0.0
S339116 109.1692 61.8827 1.123e-17 1.122e-17 8.075e-18 0.0 28.52 0.0
S339117 109.121 61.9303 4.764e-15 3.348e-15 1.167e-15 0.0 30.31 0.0
S339118 109.1681 61.8819 7.017e-17 6.182e-17 3.354e-17 0.0 28.58 0.0
S339119 109.122 61.9324 2.132e-16 1.617e-16 6.593e-17 0.0 30.28 0.0
S339120 109.1651 61.8779 2.901e-16 2.333e-16 1.069e-16 0.0 28.62 0.0
S339121 109.1262 61.9341 4.343e-17 3.79e-17 2.068e-17 0.0 30.19 0.0
S339122 109.1277 61.9349 8.216e-13 5.617e-13 1.958e-13 0.0 30.1 0.0
S339123 109.1618 61.872 3.828e-16 2.831e-16 1.092e-16 0.0 28.71 0.0
S339124 109.1598 61.8763 1.938e-15 1.395e-15 5.107e-16 0.001 28.73 0.0
S339125 109.1342 61.9369 3.029e-15 2.167e-15 7.896e-16 0.0 29.93 0.0
S339126 109.136 61.9417 1.91e-15 1.39e-15 5.353e-16 0.0 29.89 0.0
S339127 109.1391 61.9428 3.87e-17 3.362e-17 1.805e-17 0.0 29.82 0.0
S339128 109.1402 61.9437 1.946e-15 1.416e-15 5.471e-16 0.0 29.85 0.0
S339129 109.1465 61.9394 2.42e-15 1.791e-15 6.86e-16 0.0 29.6 0.0
S339130 109.1419 61.8712 1.696e-19 2.327e-19 3.132e-19 0.0 29.14 0.0
S339131 109.1514 61.9443 4.18e-15 2.833e-15 9.603e-16 0.0 29.66 0.0
S339132 109.1547 61.9402 1.024e-12 6.958e-13 2.391e-13 0.0 29.54 0.0
S339133 109.1608 61.9396 5.756e-21 3.839e-21 1.25e-21 0.0 29.46 0.0
S339134 109.1273 61.8679 1.546e-12 1.359e-12 7.832e-13 0.0 29.39 1.0
S339135 109.1674 61.9422 8.81e-18 8.663e-18 6.211e-18 0.0 29.32 0.0
S339136 109.1202 61.8708 1.967e-16 1.675e-16 8.998e-17 0.0 29.54 0.0
S339137 109.1152 61.8715 9.98e-22 2.287e-21 9.116e-21 0.0 29.56 0.0
S339138 109.1824 61.9373 6.02e-16 4.682e-16 2.02e-16 0.0 29.1 1.0
S339139 109.1039 61.8765 2.37e-17 2.168e-17 1.326e-17 0.0 29.69 0.0
S339140 109.1001 61.8762 4.964e-16 3.62e-16 1.401e-16 0.0 29.73 0.0
S339141 109.0982 61.879 7.037e-17 5.854e-17 2.933e-17 0.0 29.8 0.0
S339142 109.1963 61.9309 4.298e-13 2.943e-13 9.827e-14 0.0 28.98 0.0
S339143 109.2019 61.9269 3.281e-16 2.54e-16 1.09e-16 0.0 28.83 1.0
S339144 109.2093 61.9272 1.499e-16 1.255e-16 6.314e-17 0.0 28.81 0.0
S339145 109.0706 61.8861 3.756e-17 3.383e-17 1.935e-17 0.0 30.04 0.0
S339146 109.0686 61.8891 6.596e-16 4.739e-16 1.836e-16 0.0 30.09 0.0
S339147 109.2218 61.9178 8.497e-18 1.709e-17 5.199e-17 0.0 28.71 0.0
S339148 109.2231 61.9147 2.561e-16 2.065e-16 9.772e-17 0.0 28.67 0.0
S339149 109.0542 61.8988 6.407e-15 4.539e-15 1.571e-15 0.0 30.13 0.0
S339150 109.0485 61.9023 2.737e-16 2.237e-16 1.1e-16 0.0 30.15 0.0
S339151 109.2472 61.9068 8.867e-18 9.188e-18 7.156e-18 0.0 28.63 0.0
S339152 109.245 61.9018 4.074e-18 4.27e-18 3.287e-18 0.0 28.59 0.0
S339153 109.0465 61.9119 1.568e-12 1.124e-12 4.166e-13 0.0 30.22 0.0
S339154 109.0404 61.9165 5.858e-17 5.008e-17 2.58e-17 0.0 30.26 0.0
S339155 109.0407 61.9204 3.761e-21 2.643e-21 9.365999999999998e-22 0.0 30.26 0.0
S339156 109.2557 61.8858 3.085e-15 2.253e-15 8.42e-16 0.0 28.48 0.0
S339157 109.0303 61.9285 3.578e-17 3.101e-17 1.701e-17 0.0 30.33 0.0
S339158 109.2564 61.8785 1.7e-16 1.431e-16 7.498e-17 0.0 28.43 0.0
S339159 109.0287 61.9375 1.844e-16 1.508e-16 7.144e-17 0.0 30.29 0.0
S339160 109.0355 61.9416 1.86e-15 1.36e-15 5.34e-16 0.0 30.38 0.0
S339161 109.0345 61.9453 2.259e-16 1.696e-16 6.943e-17 0.0 30.36 0.0
S339162 109.2576 61.8588 3.771e-19 5.024e-19 6.758e-19 0.0 28.49 0.0
S339163 109.2575 61.8564 5.998e-16 4.461e-16 1.746e-16 0.0 28.47 0.0
S339164 109.2653 61.8547 4.081e-16 3.257e-16 1.477e-16 0.0 28.49 1.0
S339165 109.0294 61.9626 1.013e-14 6.721e-15 2.171e-15 0.0 30.26 0.0
S339166 109.0373 61.9641 3.252e-17 2.993e-17 1.895e-17 0.0 30.3 0.0
S339167 109.25 61.8441 8.917e-17 7.581e-17 4.009e-17 0.001 28.44 0.0
S339168 109.2569 61.8341 1.114e-16 9.73e-17 5.28e-17 0.0 28.51 0.0
S339169 109.2481 61.8328 2.42e-17 2.276e-17 1.441e-17 0.0 28.53 0.0
S339170 109.0432 61.9874 3.331e-15 2.348e-15 8.442e-16 0.001 30.15 0.0
S339171 109.049 61.984 2.963e-16 2.39e-16 1.074e-16 0.0 30.19 1.0
S339172 109.0525 61.9901 1.232e-16 9.86e-17 4.474e-17 0.0 30.23 0.0
S339173 109.0597 61.9917 9.452e-17 7.584e-17 3.479e-17 0.0 30.08 0.0
S339174 109.0611 62.0013 1.313e-16 1.047e-16 4.683e-17 0.0 30.08 0.0
S339175 109.0721 61.9948 1.983e-16 1.526e-16 6.748e-17 0.0 30.11 0.0
S339176 109.2175 61.8131 1.065e-12 7.558e-13 2.774e-13 0.0 28.74 0.0
S339177 109.2093 61.8103 3.162e-15 2.211e-15 7.726e-16 0.0 28.75 0.0
S339178 109.0874 62.0035 1.063e-15 7.913e-16 3.083e-16 0.0 29.94 0.0
S339179 109.1958 61.8048 3.151e-15 2.259e-15 8.263e-16 0.0 28.89 0.0
S339180 109.1882 61.8032 1.606e-12 1.135e-12 4.184e-13 0.0 28.93 0.0
S339181 109.111 62.0048 1.099e-16 8.921e-17 4.257e-17 0.0 29.77 0.0
S339182 109.1215 62.0039 1.684e-12 1.318e-12 5.813e-13 0.0 29.71 1.0
S339183 109.1303 61.9997 1.513e-17 1.453e-17 9.617e-18 0.0 29.72 0.0
S339184 109.139 62.0084 1.36e-19 2.019e-19 3.255e-19 0.0 29.59 1.0
S339185 109.1462 61.8049 5.921e-17 9.501e-17 1.807e-16 0.0 29.13 0.0
S339186 109.1531 62.0033 1.627e-18 1.809e-18 1.611e-18 0.0 29.62 0.0
S339187 109.1253 61.8099 3.118e-17 2.775e-17 1.604e-17 0.0 29.25 0.0
S339188 109.1174 61.8051 3.368e-15 2.449e-15 9.396e-16 0.0 29.33 0.0
S339189 109.1115 61.8097 2.647e-15 1.909e-15 7.003e-16 0.0 29.32 0.0
S339190 109.1982 62.0014 1.769e-16 1.445e-16 6.898e-17 0.0 29.32 0.0
S339191 109.0884 61.8162 5.413e-17 4.781e-17 2.584e-17 0.0 29.41 0.0
S339192 109.0789 61.8245 7.774e-16 5.551e-16 2.111e-16 0.0 29.58 0.0
S339193 109.0693 61.8246 5.175e-16 3.778e-16 1.482e-16 0.0 29.59 0.0
S339194 109.2316 61.9812 8.371e-18 8.354e-18 6.089e-18 0.0 29.23 0.0
S339195 109.049 61.8346 1.905e-16 1.497e-16 6.754e-17 0.0 29.7 1.0
S339196 109.034 61.8411 3.266e-17 6.053e-17 1.587e-16 0.0 29.77 0.0
S339197 109.2481 61.9726 1.369e-16 1.057e-16 4.551e-17 0.0 29.04 0.0
S339198 109.0168 61.8423 9.57e-16 7.237e-16 2.952e-16 0.0 29.78 1.0
S339199 109.285 61.9531 1.858e-12 1.331e-12 5.022e-13 0.0 28.92 0.0
S339200 109.005 61.8612 3.688e-16 2.802e-16 1.174e-16 0.0 29.9 1.0
S339201 108.9902 61.868 6.904e-15 4.615e-15 1.516e-15 0.0 30.02 0.0
S339202 108.9874 61.8721 3.632e-16 2.905e-16 1.346e-16 0.0 29.94 0.0
S339203 108.9664 61.8825 2.932e-15 2.083e-15 7.709e-16 0.0 30.03 0.0
S339204 108.9595 61.8894 3.988e-16 3.106e-16 1.38e-16 0.0 30.07 1.0
S339205 108.9765 61.8935 4.847e-17 4.057e-17 2.115e-17 0.0 30.08 0.0
S339206 109.3188 61.9114 2.354e-16 1.845e-16 8.23e-17 0.0 28.72 0.0
S339207 109.3283 61.9041 6.087e-17 1.383e-16 5.352e-16 0.0 28.61 1.0
S339208 109.3391 61.8958 2.313e-16 1.759e-16 7.483e-17 0.0 28.68 0.0
S339209 109.125 61.916 5.422e-19 6.801e-19 7.997e-19 0.0 30.37 0.0
S339210 109.1627 61.8884 1.377e-21 2.756e-21 8.321000000000001e-21 0.0 28.44 0.0
S339211 109.1254 61.9181 4.349e-22 1.039e-21 4.605e-21 0.001 30.26 0.0
S339212 109.1635 61.889 3.362e-17 6.464e-17 1.793e-16 0.0 28.46 0.0
S339213 109.1255 61.9197 9.624e-19 1.196e-18 1.311e-18 0.0 30.35 0.0
S339214 109.1273 61.9202 1.895e-19 2.721e-19 4.117e-19 0.0 30.2 0.0
S339215 109.1652 61.8845 2.295e-19 3.331e-19 5.229e-19 0.001 28.56 0.0
S339216 109.1283 61.9306 1.888e-16 1.518e-16 6.974e-17 0.0 30.2 0.0
S339217 109.1628 61.8854 4.387e-18 4.438e-18 3.363e-18 0.0 28.66 0.0
S339218 109.1272 61.9273 1.46e-16 1.171e-16 5.416e-17 0.0 30.15 0.0
S339219 109.1293 61.9279 4.054e-17 3.422e-17 1.803e-17 0.0 30.21 0.0
S339220 109.1282 61.9285 2.789e-16 2.208e-16 1.005e-16 0.0 30.22 1.0
S339221 109.1292 61.9336 7.745e-17 1.327e-16 2.879e-16 0.0 30.13 0.0
S339222 109.1581 61.8835 1.726e-21 3.801e-21 1.4030000000000002e-20 0.0 28.77 0.0
S339223 109.1573 61.8807 1.591e-12 1.153e-12 4.524e-13 0.0 28.72 0.0
S339224 109.1574 61.8788 1.072e-22 2.798e-22 1.48e-21 0.0 28.82 0.0
S339225 109.1593 61.8745 2.065e-16 1.64e-16 7.542e-17 0.0 28.79 0.0
S339226 109.1337 61.9336 9.36e-19 1.107e-18 1.143e-18 0.0 29.92 0.0
S339227 109.1381 61.9355 3.344e-23 9.867999999999999e-23 6.870999999999999e-22 0.0 29.82 0.0
S339228 109.1513 61.8758 1.726e-18 1.973e-18 1.895e-18 0.0 29.04 0.0
S339229 109.1513 61.8725 4.516e-21 3.152e-21 1.075e-21 0.0 29.06 0.0
S339230 109.1417 61.9372 3.176e-18 3.43e-18 2.897e-18 0.0 29.74 0.0
S339231 109.1483 61.8715 2.964e-19 3.94e-19 5.184e-19 0.0 28.99 0.0
S339232 109.1404 61.8725 1.555e-19 2.245e-19 3.58e-19 0.0 29.25 0.0
S339233 109.1425 61.8726 1.731e-17 2.762e-17 5.162e-17 0.0 29.04 0.0
S339234 109.1508 61.9383 4.175e-16 3.379e-16 1.558e-16 0.0 29.58 0.0
S339235 109.1504 61.938 2.715e-17 4.456e-17 8.74e-17 0.001 29.6 0.0
S339236 109.156 61.9374 3.0819999999999996e-23 1.0509999999999999e-22 9.313999999999999e-22 0.0 29.48 0.0
S339237 109.1563 61.9434 2.4420000000000002e-20 3.7100000000000004e-20 6.532000000000001e-20 0.0 29.49 0.0
S339238 109.1242 61.8735 1.5e-17 1.484e-17 1.049e-17 0.0 29.44 0.0
S339239 109.1666 61.9348 1.555e-12 1.131e-12 4.374e-13 0.0 29.29 0.0
S339240 109.168 61.9426 2.433e-16 1.885e-16 8.381e-17 0.0 29.36 0.0
S339241 109.1631 61.9432 6.084e-17 1.404e-16 5.908e-16 0.0 29.33 1.0
S339242 109.116 61.8777 1.196e-19 1.853e-19 3.254e-19 0.0 29.63 0.0
S339243 109.1129 61.878 3.885e-17 3.492e-17 2.094e-17 0.0 29.62 0.0
S339244 109.1043 61.8779 8.048e-17 6.828e-17 3.378e-17 0.0 29.71 0.0
S339245 109.1935 61.9349 3.548e-17 5.897e-17 1.193e-16 0.0 29.05 0.0
S339246 109.1084 61.8808 2.4280000000000002e-20 3.893e-20 7.509000000000001e-20 0.0 29.73 0.0
S339247 109.0971 61.876 1.837e-16 1.479e-16 6.697e-17 0.0 29.8 1.0
S339248 109.198 61.9299 7.897e-17 6.796e-17 3.527e-17 0.0 28.87 0.0
S339249 109.193 61.9283 6.564e-16 5.014e-16 2.1e-16 0.0 28.9 1.0
S339250 109.2073 61.9223 4.477e-21 3.04e-21 1.052e-21 0.0 28.83 0.0
S339251 109.0899 61.8835 4.329e-17 3.358e-17 1.473e-17 0.0 29.81 0.0
S339252 109.0904 61.8868 1.132e-21 2.486e-21 9.285e-21 0.0 30.02 0.0
S339253 109.0913 61.8923 2.716e-15 1.95e-15 7.451e-16 0.0 30.03 0.0
S339254 109.2165 61.9209 4.856e-17 4.123e-17 2.101e-17 0.0 28.71 0.0
S339255 109.0725 61.8892 7.017e-20 1.113e-19 2.068e-19 0.0 30.09 0.0
S339256 109.2193 61.9187 2.17e-20 3.7420000000000006e-20 8.214e-20 0.0 28.72 0.0
S339257 109.0728 61.8972 5.185e-21 3.526e-21 1.167e-21 0.0 30.21 0.0
S339258 109.0599 61.9013 4.641e-21 3.21e-21 1.1100000000000001e-21 0.0 30.22 0.0
S339259 109.2377 61.9124 8.445e-18 1.418e-17 2.946e-17 0.0 28.71 0.0
S339260 109.0629 61.9053 1.054e-18 1.215e-18 1.224e-18 0.001 30.21 0.0
S339261 109.053 61.9068 8.236000000000001e-20 1.336e-19 2.542e-19 0.0 30.27 0.0
S339262 109.0541 61.9093 3.366e-20 5.687000000000001e-20 1.243e-19 0.0 30.14 0.0
S339263 109.2338 61.8986 3.671e-23 1.207e-22 1.052e-21 0.0 28.47 0.0
S339264 109.0419 61.9146 1.531e-17 1.541e-17 1.103e-17 0.0 30.22 0.0
S339265 109.2434 61.8976 8.784e-17 7.667e-17 4.203e-17 0.0 28.45 0.0
S339266 109.042 61.9189 3.339e-17 5.674e-17 1.229e-16 0.0 30.29 0.0
S339267 109.2424 61.8942 1.554e-18 1.835e-18 1.836e-18 0.0 28.47 0.0
S339268 109.2375 61.8893 2.8249999999999996e-22 6.810999999999999e-22 3.014e-21 0.0 28.45 0.0
S339269 109.2553 61.8826 6.777e-13 4.57e-13 1.511e-13 0.001 28.39 0.0
S339270 109.252 61.8802 3.538e-17 3.174e-17 1.854e-17 0.0 28.46 0.0
S339271 109.0297 61.9316 1.25e-17 1.206e-17 8.249e-18 0.0 30.29 0.0
S339272 109.0391 61.9354 4.5010000000000006e-20 7.532000000000001e-20 1.634e-19 0.0 30.37 0.0
S339273 109.2522 61.8681 3.074e-17 5.709e-17 1.484e-16 0.0 28.38 0.0
S339274 109.2475 61.8699 4.847e-18 4.901e-18 3.791e-18 0.0 28.37 0.0
S339275 109.0423 61.9512 3.928e-23 1.1639999999999998e-22 7.865999999999999e-22 0.0 30.32 0.0
S339276 109.0421 61.9539 1.312e-17 1.322e-17 9.594e-18 0.0 30.27 0.0
S339277 109.0301 61.9575 1.307e-16 1.035e-16 4.714e-17 0.0 30.27 0.0
S339278 109.2485 61.8501 1.205e-15 8.617e-16 3.283e-16 0.0 28.5 0.0
S339279 109.0471 61.9554 1.687e-20 2.968e-20 7.016000000000001e-20 0.0 30.3 0.0
S339280 109.2485 61.8529 1.0240000000000001e-21 2.228e-21 8.11e-21 0.0 28.49 0.0
S339281 109.2566 61.8458 3.643e-16 2.962e-16 1.46e-16 0.0 28.46 0.0
S339282 109.0563 61.9649 8.289e-19 1.055e-18 1.3e-18 0.0 30.33 0.0
S339283 109.0489 61.9702 2.896e-17 2.638e-17 1.624e-17 0.0 30.28 0.0
S339284 109.2393 61.8271 1.751e-16 1.42e-16 6.671e-17 0.0 28.6 0.0
S339285 109.237 61.8455 4.216e-24 1.61e-23 1.8479999999999999e-22 0.0 28.43 0.0
S339286 109.0429 61.976 5.354e-21 3.6200000000000004e-21 1.224e-21 0.0 30.17 0.0
S339287 109.2392 61.8321 1.771e-19 2.476e-19 3.683e-19 0.0 28.62 0.0
S339288 109.2316 61.8297 1.949e-19 2.749e-19 4.077e-19 0.0 28.6 0.0
S339289 109.0622 61.9806 4.021e-21 7.63e-21 2.05e-20 0.0 30.13 0.0
S339290 109.2261 61.8206 1.29e-16 1.076e-16 5.379e-17 0.0 28.72 0.0
S339291 109.0615 61.9969 4.2460000000000006e-20 7.004000000000001e-20 1.444e-19 0.0 30.12 0.0
S339292 109.2182 61.8224 1.613e-17 1.509e-17 9.671e-18 0.0 28.71 0.0
S339293 109.0682 62.0049 2.609e-21 5.2130000000000004e-21 1.5340000000000002e-20 0.0 30.12 0.0
S339294 109.0836 61.993 4.634e-17 4.096e-17 2.298e-17 0.0 30.05 0.0
S339295 109.2109 61.8236 3.558e-18 4.174e-18 4.163e-18 0.0 28.73 0.0
S339296 109.0908 61.9918 1.5650000000000002e-20 2.746e-20 6.293000000000001e-20 0.001 29.99 0.0
S339297 109.1911 61.8247 3.747e-17 3.346e-17 1.918e-17 0.0 28.85 0.0
S339298 109.1944 61.8101 7.315e-18 7.26e-18 5.066e-18 0.001 28.89 0.0
S339299 109.1031 61.994 3.414e-16 2.815e-16 1.382e-16 0.0 29.93 0.0
S339300 109.1801 61.818 4.859e-17 7.995e-17 1.632e-16 0.0 28.98 0.0
S339301 109.1152 61.9927 2.342e-16 3.61e-16 6.152e-16 0.0 29.84 0.0
S339302 109.1167 62.0013 1.9239999999999998e-22 5.070999999999999e-22 2.746e-21 0.0 29.77 0.0
S339303 109.1305 61.9973 1.663e-19 2.303e-19 3.267e-19 0.0 29.74 0.0
S339304 109.1547 61.8265 5.025000000000001e-20 8.021000000000001e-20 1.566e-19 0.0 29.11 0.0
S339305 109.1385 62.0129 1.389e-17 1.412e-17 1.06e-17 0.0 29.66 0.0
S339306 109.1429 62.0011 1.982e-18 2.201e-18 1.941e-18 0.0 29.62 0.0
S339307 109.1366 61.8149 1.7019999999999998e-22 4.468e-22 2.463e-21 0.0 29.25 0.0
S339308 109.1581 61.9953 3.106e-23 9.707e-23 7.773999999999999e-22 0.0 29.57 0.0
S339309 109.1583 61.9953 6.936e-17 1.201e-16 2.787e-16 0.0 29.52 0.0
S339310 109.1066 61.831 3.903e-17 5.804e-17 9.372e-17 0.0 29.45 0.0
S339311 109.1153 61.8185 1.548e-16 1.247e-16 5.928e-17 0.0 29.29 0.0
S339312 109.1824 61.9876 7.396e-18 7.43e-18 5.584e-18 0.0 29.35 0.0
S339313 109.0999 61.8207 3.797e-13 4.047e-13 3.415e-13 0.0 29.42 0.0
S339314 109.1989 61.984 3.181e-21 6.301e-21 1.866e-20 0.0 29.35 0.0
S339315 109.2 61.9787 2.599e-22 6.081999999999999e-22 2.616e-21 0.0 29.19 0.0
S339316 109.077 61.8322 3.619e-21 2.548e-21 9.222999999999999e-22 0.0 29.56 0.0
S339317 109.2185 61.9784 4.871e-17 8.518e-17 1.953e-16 0.0 29.21 0.0
S339318 109.0642 61.8285 7.767000000000001e-20 1.207e-19 2.126e-19 0.0 29.6 0.0
S339319 109.2379 61.9636 4.738e-17 9.525e-17 2.848e-16 0.0 29.04 0.0
S339320 109.2343 61.9732 4.511e-17 4.351e-17 2.886e-17 0.0 29.1 0.0
S339321 109.0471 61.8498 3.201e-19 4.387e-19 6.016e-19 0.0 29.72 0.0
S339322 109.0191 61.8617 3.903e-18 4.229e-18 3.621e-18 0.0 29.98 0.0
S339323 109.2579 61.9707 1.625e-12 1.248e-12 5.167e-13 0.0 29.05 1.0
S339324 109.0256 61.8453 1.28e-16 1.061e-16 5.288e-17 0.0 29.83 0.0
S339325 109.0239 61.8668 4.978e-23 1.425e-22 9.147e-22 0.0 29.84 0.0
S339326 109.0152 61.8691 1.18e-16 1.008e-16 5.169e-17 0.0 29.9 0.0
S339327 108.9893 61.8674 1.987e-16 1.625e-16 7.674e-17 0.0 29.95 0.0
S339328 109.0225 61.8708 1.076e-22 2.696e-22 1.322e-21 0.0 29.91 0.0
S339329 109.0101 61.8757 4.278e-17 3.857e-17 2.284e-17 0.0 29.94 0.0
S339330 109.2909 61.9356 3.054e-17 2.709e-17 1.573e-17 0.0 28.79 0.0
S339331 109.3112 61.9271 2.358e-17 4.409e-17 1.141e-16 0.0 28.77 0.0
S339332 108.9975 61.8875 1.574e-12 1.131e-12 4.186e-13 0.0 30.05 0.0
S339333 108.9859 61.8899 5.671e-18 5.738e-18 4.241e-18 0.0 30.12 0.0
S339334 109.3326 61.9139 3.77e-16 2.855e-16 1.175e-16 0.0 28.72 1.0
S339335 109.3158 61.9111 4.279e-17 3.811e-17 2.176e-17 0.0 28.66 0.0
S339336 108.9585 61.9065 1.314e-16 2.448e-16 6.344e-16 0.0 30.18 0.0
S339337 109.3204 61.9004 9.389e-17 7.424e-17 3.354e-17 0.0 28.66 0.0
S339338 108.9281 61.9177 1.316e-12 9.619e-13 3.54e-13 0.0 30.16 0.0
S339339 108.9527 61.9241 4.947e-21 9.802e-21 2.9430000000000004e-20 0.0 30.2 0.0
S339340 108.9397 61.9309 1.991e-17 1.949e-17 1.341e-17 0.0 30.23 0.0
S339341 109.3442 61.8763 6.699e-20 1.017e-19 1.757e-19 0.0 28.57 0.0
S339342 108.9682 61.9403 6.906e-19 8.798e-19 1.037e-18 0.0 30.24 0.0
