Name Equatorial Polar BlueF GreenF RedF Parallax RadialVelocity Variable?
S441919 143.2936 123.581 3.6e-16 4.388e-16 4.578e-16 0.002 -9.6 0.0
S441920 144.2099 123.3684 3.962e-16 4.828e-16 5.191e-16 0.001 -8.69 0.0
S441921 143.9839 124.0149 1.231e-19 3.156e-19 1.573e-18 0.002 -9.02 0.0
S441922 143.3216 123.5902 1.978e-18 3.558e-18 9.091e-18 0.0 -7.8 0.0
S441923 144.198 123.0544 2.144e-17 3.165e-17 4.981e-17 0.001 -8.09 0.0
S441924 143.678 124.2562 4.298e-15 3.918e-15 2.401e-15 0.0 -7.77 0.0
S441925 142.8721 123.551 1.385e-18 9.287e-19 3.166e-19 0.002 -8.84 0.0
S441926 142.7903 124.3063 1.227e-18 8.567e-19 2.866e-19 0.0 -9.42 0.0
S441927 143.6265 123.9236 8.962e-17 1.175e-16 1.518e-16 0.001 -8.73 0.0
S441928 143.2886 123.4286 1.15e-18 2.194e-18 6.125e-18 0.002 -8.86 0.0
S441929 143.5288 122.8576 5.081999999999999e-22 1.858e-21 1.905e-20 0.0 -9.7 0.0
S441930 144.0906 124.5643 4.825e-14 3.955e-14 1.826e-14 0.0 -9.94 0.0
S441931 143.4945 123.8267 7.314999999999999e-22 2.721e-21 2.946e-20 0.0 -8.8 0.0
S441932 143.7231 122.8521 4.7710000000000006e-20 1.209e-19 6.023e-19 0.002 -9.7 0.0
S441933 144.0987 123.8082 1.572e-18 3.138e-18 9.279e-18 0.001 -9.34 0.0
S441934 142.8452 124.0684 1.811e-18 3.458e-18 9.837e-18 0.001 -8.84 0.0
S441935 143.5264 123.6106 2.789e-19 5.998e-19 2.099e-18 0.0 -8.93 0.0
S441936 143.8107 123.2755 9.348e-15 1.953e-14 6.446e-14 0.0 -9.47 0.0
S441937 144.1812 123.455 2.274e-19 5.231e-19 2.112e-18 0.0 -8.87 0.0
S441938 143.8258 123.5955 1.221e-10 1.526e-10 1.759e-10 0.0 -8.66 0.0
S441939 143.7356 123.4742 1.497e-14 1.261e-14 6.469e-15 0.002 -8.2 0.0
S441940 142.5447 123.8386 2.408e-13 1.792e-13 6.936e-14 0.001 -7.99 0.0
S441941 144.1872 123.5933 5.772e-18 9.777e-18 2.117e-17 0.002 -10.19 0.0
S441942 143.7774 123.7209 7.502e-19 5.427e-19 2.146e-19 0.001 -8.17 0.0
S441943 143.3983 123.6768 2.697e-25 2.6639999999999998e-24 2.3059999999999997e-22 0.0 -8.75 0.0
S441944 143.5753 123.2195 3.149e-19 7.233e-19 2.934e-18 0.002 -9.02 0.0
S441945 143.1019 123.948 1.124e-14 9.825e-15 5.639e-15 0.0 -8.2 0.0
S441946 144.2347 123.7829 7.407e-15 7.017e-15 4.546e-15 0.0 -10.11 0.0
S441947 143.1933 122.7923 1.044e-18 2.194e-18 7.373e-18 0.001 -9.74 0.0
S441948 142.9315 123.8428 9.403e-16 1.037e-15 8.691e-16 0.001 -9.26 0.0
S441949 142.6785 123.8435 2.282e-11 1.495e-11 4.805e-12 0.001 -8.46 0.0
S441950 143.3654 123.1254 6.226e-17 8.539e-17 1.163e-16 0.0 -8.39 0.0
S441951 142.736 123.578 1.508e-14 1.329e-14 7.57e-15 0.001 -8.45 0.0
S441952 144.1652 123.5708 3.52e-14 2.872e-14 1.396e-14 0.0 -9.89 0.0
S441953 143.9483 123.6494 1.571e-14 1.303e-14 6.648e-15 0.002 -9.15 0.0
S441954 143.1911 122.9221 2.605e-19 5.613e-19 2e-18 0.001 -8.74 0.0
S441955 144.1766 124.053 1.738e-14 1.445e-14 7.116e-15 0.001 -9.43 0.0
S441956 143.4343 123.4704 2.407e-22 1.052e-21 1.605e-20 0.002 -8.26 0.0
S441957 143.0932 123.4734 1.012e-19 2.413e-19 1.065e-18 0.0 -9.18 0.0
S441958 142.5908 124.2786 7.625e-18 1.218e-17 2.334e-17 0.0 -9.49 0.0
S441959 143.061 123.6801 1.208e-16 1.498e-16 1.743e-16 0.001 -9.98 0.0
S441960 143.0498 123.7763 3.236e-20 7.315000000000001e-20 2.876e-19 0.001 -9.86 0.0
S441961 143.216 124.0469 1.801e-16 2.282e-16 2.737e-16 0.0 -9.51 1.0
S441962 143.1259 124.4334 6.659e-19 5.048e-19 2.039e-19 0.001 -9.13 0.0
S441963 143.704 123.44 3.172e-17 4.621e-17 7.293e-17 0.001 -7.76 0.0
S441964 144.153 123.9777 3.968e-21 1.199e-20 8.480000000000001e-20 0.0 -9.26 0.0
S441965 143.7506 123.3359 1.052e-16 1.343e-16 1.571e-16 0.001 -7.71 0.0
S441966 144.5357 123.7773 1.828e-17 3.006e-17 5.959e-17 0.002 -9.81 0.0
S441967 143.9126 123.6466 1.026e-18 7.175e-19 2.573e-19 0.002 -9.13 0.0
S441968 143.7029 124.403 2.842e-20 6.78e-20 3.002e-19 0.002 -8.07 0.0
S441969 143.538 123.7754 1.181e-18 8.141e-19 2.783e-19 0.001 -7.75 0.0
S441970 143.7877 124.2654 9.941e-19 6.979e-19 2.463e-19 0.002 -9.19 0.0
S441971 143.5582 123.8026 2.104e-14 3.5e-14 7.135e-14 0.0 -8.98 0.0
S441972 143.1646 123.8549 1.579e-15 1.617e-15 1.197e-15 0.0 -8.4 0.0
S441973 144.0498 123.4495 2.143e-19 4.909e-19 1.948e-18 0.0 -8.03 1.0
S441974 144.2605 124.1308 9.47e-19 6.688e-19 2.442e-19 0.002 -9.46 0.0
S441975 142.6829 123.7182 4.328e-16 4.744e-16 4.21e-16 0.001 -9.82 0.0
S441976 143.3271 123.8101 9.38e-19 1.858e-18 5.512e-18 0.001 -9.5 0.0
S441977 143.3311 123.8349 1.571e-18 1.055e-18 3.349e-19 0.0 -8.92 0.0
S441978 144.1594 123.5686 6.269e-16 6.978e-16 6.082e-16 0.0 -9.17 0.0
S441979 143.2708 123.514 7.957e-16 8.451e-16 6.861e-16 0.0 -8.65 0.0
S441980 143.3666 123.9608 1.404e-13 1.083e-13 4.533e-14 0.0 -8.63 1.0
S441981 143.4504 124.1146 3.676e-10 2.609e-10 9.244e-11 0.0 -9.01 0.0
S441982 143.8926 124.0284 1.4280000000000001e-21 5.289e-21 5.785000000000001e-20 0.0 -7.98 0.0
S441983 142.923 124.3904 1.385e-19 2.943e-19 1.003e-18 0.0 -9.74 0.0
S441984 143.835 123.3202 3.187e-15 3.164e-15 2.275e-15 0.0 -8.25 0.0
S441985 143.5469 123.1375 1.659e-14 1.345e-14 6.281e-15 0.002 -10.0 0.0
S441986 143.7094 123.7258 5.273e-14 4.159e-14 1.892e-14 0.002 -9.46 1.0
S441987 143.3059 123.7863 3.653e-18 6.735e-18 1.74e-17 0.002 -8.05 0.0
S441988 143.8271 124.1153 3.672e-10 2.68e-10 1.013e-10 0.001 -8.08 0.0
S441989 144.0097 124.4143 2.41e-17 3.619e-17 6.026e-17 0.0 -8.08 0.0
S441990 144.5804 123.1818 1.188e-15 1.195e-15 8.989e-16 0.0 -8.06 0.0
S441991 144.0972 124.0973 1.463e-16 1.852e-16 2.105e-16 0.001 -9.6 0.0
S441992 143.9064 124.2475 2.745e-18 5.093e-18 1.295e-17 0.0 -8.08 0.0
S441993 143.5022 123.7142 5.576e-20 1.504e-19 8.177e-19 0.0 -8.44 0.0
S441994 144.2653 124.2782 3.473e-19 7.302e-19 2.532e-18 0.002 -8.94 0.0
S441995 143.1818 123.4797 5.169e-17 7.242e-17 1.061e-16 0.001 -7.64 0.0
S441996 142.9405 124.1073 4.692e-15 9.214e-15 2.751e-14 0.001 -9.98 0.0
S441997 143.4105 124.148 7.259e-16 7.972e-16 7.047e-16 0.0 -9.85 0.0
S441998 144.1057 124.5937 3.579e-16 3.913e-16 3.373e-16 0.001 -9.6 0.0
S441999 144.3516 123.4972 9.007e-19 1.623e-18 3.857e-18 0.0 -8.89 0.0
S442000 142.9106 123.6402 1.492e-14 2.612e-14 6.057e-14 0.001 -8.16 0.0
S442001 143.2257 123.8033 2.453e-10 2.594e-10 2.094e-10 0.0 -8.49 1.0
S442002 144.2724 124.2195 1.314e-19 2.795e-19 9.859e-19 0.0 -9.78 0.0
S442003 142.9614 124.1001 5.171e-21 1.566e-20 1.139e-19 0.001 -7.99 0.0
S442004 143.0141 124.2045 9.936e-15 1.848e-14 4.84e-14 0.0 -7.94 0.0
S442005 142.939 123.4564 4.719e-15 9.21e-15 2.619e-14 0.0 -9.7 0.0
S442006 143.7347 123.9031 1.966e-17 2.876e-17 4.37e-17 0.0 -8.5 0.0
S442007 142.7449 124.3915 5.521000000000001e-20 1.339e-19 6.008e-19 0.0 -9.15 0.0
S442008 143.922 123.164 9.62e-18 1.535e-17 2.931e-17 0.0 -8.72 0.0
S442009 143.7379 124.4208 7.057e-17 9.421e-17 1.212e-16 0.002 -9.02 0.0
S442010 143.7509 124.2524 4.519e-19 1.001e-18 3.724e-18 0.002 -9.65 0.0
S442011 142.7638 124.0854 4.379e-15 4.377e-15 3.101e-15 0.0 -8.59 0.0
S442012 144.4747 123.3901 4.171e-17 5.852e-17 8.668e-17 0.002 -8.14 0.0
S442013 143.6002 123.9537 1.42e-18 9.737e-19 3.279e-19 0.001 -9.21 0.0
S442014 143.7801 123.7327 1.276e-18 8.714e-19 2.999e-19 0.002 -8.65 0.0
S442015 143.5893 123.6752 1.177e-18 2.224e-18 6.045e-18 0.001 -7.67 0.0
S442016 143.5763 123.6246 4.634e-19 9.261e-19 2.796e-18 0.001 -10.03 0.0
S442017 143.4455 123.4405 1.122e-13 8.517e-14 3.523e-14 0.002 -9.18 1.0
S442018 143.1419 124.6769 2.578e-15 2.614e-15 1.919e-15 0.0 -8.84 0.0
S442019 143.0491 123.5377 1.152e-18 8.035e-19 2.751e-19 0.002 -8.68 0.0
S442020 143.4276 124.1437 1.015e-18 1.881e-18 4.819e-18 0.0 -8.27 0.0
S442021 143.8836 123.8479 1.49e-16 1.896e-16 2.253e-16 0.0 -9.78 0.0
S442022 144.5033 123.6895 9.824e-19 6.896e-19 2.451e-19 0.0 -7.83 0.0
S442023 143.8307 123.4597 8.495e-15 1.41e-14 2.894e-14 0.0 -9.6 0.0
S442024 143.5379 124.0421 4.98e-19 1.022e-18 3.22e-18 0.0 -7.76 0.0
S442025 143.4892 124.2318 2.184e-14 1.894e-14 1.033e-14 0.001 -9.84 0.0
S442026 143.804 124.2211 2.676e-16 3.062e-16 3.025e-16 0.0 -8.23 0.0
S442027 143.1483 123.8608 1.164e-16 1.446e-16 1.704e-16 0.0 -8.95 0.0
S442028 143.2113 124.0229 1.652e-17 2.449e-17 3.833e-17 0.0 -7.5 0.0
S442029 143.2446 123.6188 9.495e-16 1.07e-15 9.656e-16 0.002 -8.47 0.0
S442030 143.7122 124.234 1.06e-18 7.371e-19 2.582e-19 0.0 -8.36 0.0
S442031 143.6797 123.6496 1.146e-18 7.899e-19 2.694e-19 0.0 -7.71 0.0
S442032 144.434 124.0173 4.35e-14 1.155e-13 6.218e-13 0.001 -9.09 1.0
S442033 142.9213 124.4916 6.276e-19 4.672e-19 1.899e-19 0.0 -8.49 0.0
S442034 143.7592 124.1784 9.657e-15 1.721e-14 4.021e-14 0.001 -8.53 0.0
S442035 143.8135 123.1925 2.047e-13 1.475e-13 5.443e-14 0.0 -8.79 0.0
S442036 144.267 123.4916 1.563e-14 1.387e-14 7.634e-15 0.002 -8.1 0.0
S442037 143.5892 123.471 1.658e-19 3.983e-19 1.737e-18 0.002 -9.33 0.0
S442038 143.3336 124.0034 1.188e-16 1.53e-16 1.855e-16 0.002 -9.01 0.0
S442039 143.2264 123.991 1.453e-19 3.47e-19 1.533e-18 0.0 -8.38 0.0
S442040 143.9112 123.9691 8.603e-16 9.277e-16 8.136e-16 0.001 -7.99 0.0
S442041 143.4886 123.5394 8.905e-19 6.349e-19 2.402e-19 0.0 -9.48 0.0
S442042 143.5206 123.7631 2.803e-15 2.747e-15 1.907e-15 0.0 -9.72 0.0
S442043 144.0607 122.8176 2.0660000000000002e-20 6.116e-20 4.164e-19 0.0 -10.03 0.0
S442044 143.0974 124.2081 1.52e-18 2.88e-18 7.797e-18 0.002 -9.07 0.0
S442045 143.7597 123.5475 6.576e-10 4.941e-10 2.072e-10 0.001 -10.0 1.0
S442046 144.0129 123.7695 7.659e-18 1.242e-17 2.446e-17 0.0 -9.47 0.0
S442047 142.8902 123.9048 4.365e-19 8.55e-19 2.505e-18 0.002 -9.27 0.0
S442048 143.6753 123.8296 1.818e-15 1.695e-15 1.108e-15 0.002 -8.6 0.0
S442049 144.9415 124.312 1.117e-19 2.566e-19 1.065e-18 0.0 -9.36 0.0
S442050 143.3618 123.9631 4.226e-14 3.431e-14 1.613e-14 0.001 -10.0 0.0
S442051 143.9796 123.9858 2.268e-19 5.062e-19 2.039e-18 0.0 -8.43 0.0
S442052 143.4185 124.2883 6.33e-17 8.697e-17 1.208e-16 0.0 -7.55 0.0
S442053 143.7241 123.8129 1.837e-21 6.576e-21 6.657e-20 0.0 -10.62 0.0
S442054 143.7839 124.2638 2.908e-21 8.891e-21 6.601e-20 0.001 -8.41 0.0
S442055 144.4244 123.1539 1.428e-18 2.769e-18 7.905e-18 0.0 -9.32 0.0
S442056 143.8766 123.571 7.771e-15 1.577e-14 5.038e-14 0.0 -7.86 0.0
S442057 143.8977 124.2844 1.585e-14 1.348e-14 7.186e-15 0.0 -8.41 0.0
S442058 144.0115 124.6217 7.595e-20 1.734e-19 6.896e-19 0.0 -8.26 0.0
S442059 144.3784 124.1649 2.5490000000000002e-20 7.207000000000001e-20 4.501e-19 0.001 -7.54 0.0
S442060 144.0676 123.2598 1.043e-15 1.109e-15 9.291e-16 0.0 -7.62 0.0
S442061 144.551 124.0497 9.506e-15 8.67e-15 5.061e-15 0.0 -7.9 0.0
S442062 143.7071 124.3043 2.716e-19 5.503e-19 1.737e-18 0.0 -8.98 0.0
S442063 143.1572 123.7912 1.082e-13 8.453e-14 3.69e-14 0.0 -8.61 1.0
S442064 143.8996 124.4159 1.306e-20 4.3220000000000006e-20 3.688e-19 0.002 -9.05 0.0
S442065 143.6237 123.8409 4.676e-15 7.416e-15 1.387e-14 0.001 -9.19 0.0
S442066 143.7263 123.9825 4.116e-13 1.218e-12 8.664e-12 0.001 -8.71 1.0
S442067 144.3641 123.605 6.852e-17 9.751e-17 1.485e-16 0.001 -7.72 0.0
S442068 143.6856 123.657 8.864e-24 5.622e-23 1.904e-21 0.0 -9.7 0.0
S442069 144.434 123.8397 1.7100000000000002e-20 4.6910000000000003e-20 2.703e-19 0.001 -9.28 0.0
S442070 143.5746 124.191 4.361e-15 6.841e-15 1.237e-14 0.001 -9.94 0.0
S442071 144.7151 124.3479 1.799e-16 2.247e-16 2.588e-16 0.001 -9.55 0.0
S442072 143.2093 124.3365 7.932e-19 1.615e-18 5.139e-18 0.002 -8.47 0.0
S442073 144.1759 123.8635 4.508e-17 6.455e-17 9.587e-17 0.002 -9.43 0.0
S442074 144.2559 123.674 1.339e-16 1.66e-16 1.834e-16 0.0 -9.05 0.0
S442075 143.7239 123.7824 4.246e-15 8.772e-15 2.897e-14 0.0 -9.29 0.0
S442076 143.375 124.3918 6.308e-10 4.568e-10 1.776e-10 0.0 -8.44 0.0
S442077 143.8663 124.1555 3.484e-17 4.974e-17 7.159e-17 0.0 -9.58 0.0
S442078 144.4082 123.4821 1.547e-16 1.87e-16 1.966e-16 0.0 -9.61 0.0
S442079 143.312 124.5372 3.833e-19 7.65e-19 2.409e-18 0.001 -8.24 0.0
S442080 143.8085 123.4207 5.316e-15 1.161e-14 4.216e-14 0.001 -9.07 0.0
S442081 143.1201 124.1612 4.821e-15 4.639e-15 3.148e-15 0.002 -8.58 0.0
S442082 144.2732 123.5892 1.3e-15 1.298e-15 9.472e-16 0.0 -8.06 0.0
S442083 143.278 124.1505 2.52e-13 1.874e-13 7.691e-14 0.002 -9.65 0.0
S442084 143.5219 123.653 2.648e-15 2.645e-15 1.871e-15 0.001 -9.97 0.0
S442085 143.9142 123.6219 8.742e-14 6.567e-14 2.716e-14 0.0 -8.44 1.0
S442086 144.0212 123.2801 1.215e-18 8.388e-19 2.914e-19 0.0 -8.62 0.0
S442087 142.9015 123.6902 1.128e-14 1.038e-14 6.07e-15 0.002 -9.16 0.0
S442088 144.5131 123.4092 4.2e-15 3.869e-15 2.406e-15 0.0 -10.0 0.0
S442089 144.6765 123.7983 4.675e-15 4.307e-15 2.692e-15 0.0 -8.89 0.0
S442090 144.0931 124.5181 5.642e-15 5.233e-15 3.188e-15 0.002 -9.79 1.0
S442091 143.8079 123.7465 4.796e-10 3.59e-10 1.502e-10 0.0 -9.25 1.0
S442092 143.4996 123.9929 1.411e-18 2.65e-18 6.928e-18 0.001 -8.85 0.0
S442093 143.058 123.7515 3.272e-16 3.918e-16 3.907e-16 0.001 -7.85 0.0
S442094 143.8111 123.6043 1.388e-16 1.681e-16 1.81e-16 0.002 -9.92 0.0
S442095 143.979 123.7253 1.177e-18 8.129e-19 2.756e-19 0.0 -9.08 0.0
S442096 143.6874 123.2989 5.144e-16 5.667e-16 4.823e-16 0.0 -10.19 0.0
S442097 143.3737 124.4134 3.885e-20 1.021e-19 5.525e-19 0.0 -8.91 0.0
S442098 142.8994 123.2027 6.473e-15 1.316e-14 4.209e-14 0.001 -9.26 0.0
S442099 144.0345 124.0096 9.573e-15 1.41e-14 2.359e-14 0.0 -8.94 0.0
S442100 143.5988 123.2289 1.175e-14 1.815e-14 3.374e-14 0.0 -8.72 0.0
S442101 144.2108 123.6731 4.371e-15 4.18e-15 2.787e-15 0.002 -9.18 0.0
S442102 143.0692 124.0987 6.335000000000001e-20 1.609e-19 8.044e-19 0.001 -9.78 0.0
S442103 143.2776 123.3802 1.722e-14 1.406e-14 6.72e-15 0.002 -8.47 0.0
S442104 144.2938 123.1648 1.565e-17 2.501e-17 4.603e-17 0.0 -9.29 0.0
S442105 144.2909 124.5362 8.877000000000001e-20 2.049e-19 8.372e-19 0.0 -8.58 0.0
S442106 143.6976 123.535 1.632e-16 2.068e-16 2.46e-16 0.0 -8.99 0.0
S442107 143.689 124.2052 8.743e-19 1.647e-18 4.58e-18 0.0 -8.92 0.0
S442108 144.1569 123.4802 9.385e-16 9.91e-16 8.123e-16 0.0 -8.44 0.0
S442109 143.6917 124.0854 5.834e-15 5.589e-15 3.646e-15 0.0 -8.1 0.0
S442110 144.2311 123.7417 3.722e-15 6.745e-15 1.702e-14 0.001 -9.54 0.0
S442111 143.7347 123.3911 1.61e-15 1.688e-15 1.334e-15 0.0 -9.6 0.0
S442112 143.3556 124.096 6.71e-14 5.37e-14 2.433e-14 0.0 -9.11 0.0
S442113 144.6127 123.8601 8.987e-16 9.736e-16 8.329e-16 0.001 -8.71 0.0
S442114 143.6735 124.3067 6.202000000000001e-20 1.556e-19 7.617e-19 0.0 -9.73 0.0
S442115 143.308 124.1392 1.904e-19 4.236e-19 1.593e-18 0.0 -9.82 0.0
S442116 144.5327 123.6144 3.874e-15 3.661e-15 2.381e-15 0.002 -9.22 0.0
S442117 144.4719 123.9877 3.157e-19 6.458e-19 2.112e-18 0.002 -9.08 0.0
S442118 144.2171 124.1781 1.918e-14 1.69e-14 9.284e-15 0.002 -9.51 0.0
S442119 143.8689 123.4616 8.389e-15 1.478e-14 3.456e-14 0.0 -9.26 0.0
S442120 143.7342 123.3817 1.289e-21 4.97e-21 6.03e-20 0.0 -8.95 0.0
S442121 144.0444 123.6002 1.533e-16 2.046e-16 2.651e-16 0.001 -9.52 0.0
S442122 144.2151 123.5266 5.598000000000001e-20 1.204e-19 4.352e-19 0.0 -9.55 0.0
S442123 143.5733 124.1485 9.676e-18 1.531e-17 2.872e-17 0.0 -9.68 0.0
S442124 144.1552 124.2201 5.14e-19 1.165e-18 4.744e-18 0.002 -7.83 0.0
S442125 143.1927 123.9456 3.746e-15 3.699e-15 2.638e-15 0.001 -8.18 0.0
S442126 143.137 123.6061 2.999e-15 3.056e-15 2.349e-15 0.0 -9.88 0.0
S442127 143.2977 123.1009 2.319e-14 1.873e-14 8.931e-15 0.0 -9.65 0.0
S442128 143.5517 123.4505 1.969e-15 2.013e-15 1.493e-15 0.0 -7.7 0.0
S442129 144.6049 123.9246 5.481e-16 6.214e-16 5.924e-16 0.001 -10.0 0.0
S442130 143.0255 124.0442 3.581e-18 6.154e-18 1.351e-17 0.002 -9.87 0.0
S442131 143.5528 123.2327 7.058e-15 1.209e-14 2.713e-14 0.0 -8.23 0.0
S442132 143.5052 124.14 8.727e-16 9.581e-16 8.213e-16 0.001 -9.54 0.0
S442133 143.871 123.8388 2.085e-16 2.6e-16 2.853e-16 0.0 -10.0 0.0
S442134 143.8237 123.1296 5.694e-19 1.207e-18 4.021e-18 0.0 -8.02 0.0
S442135 143.665 124.7512 1.458e-19 3.489e-19 1.536e-18 0.0 -8.2 0.0
S442136 143.0704 123.9137 3.515e-16 4.183e-16 4.402e-16 0.0 -7.72 0.0
S442137 143.4179 123.4052 1.394e-14 1.243e-14 7.175e-15 0.002 -8.07 0.0
S442138 143.2089 123.507 1.624e-14 2.329e-14 3.447e-14 0.0 -9.1 0.0
S442139 143.6536 123.8721 3.722e-18 6.803e-18 1.755e-17 0.002 -9.96 0.0
S442140 144.0809 123.7546 5.243e-19 1.1e-18 3.792e-18 0.0 -9.52 0.0
S442141 142.8677 123.7122 7.124e-20 1.7e-19 7.696e-19 0.001 -9.03 0.0
S442142 144.1682 123.5107 2.497e-15 2.449e-15 1.733e-15 0.001 -8.28 0.0
S442143 144.5574 123.8823 1.116e-18 7.817e-19 2.742e-19 0.001 -9.84 0.0
S442144 144.3384 124.3059 3.78e-16 4.586e-16 5.171e-16 0.001 -8.97 0.0
S442145 143.6115 123.946 5.521e-15 5.121e-15 3.308e-15 0.002 -9.94 0.0
S442146 143.7426 124.3202 5.527e-18 9.285e-18 2.016e-17 0.002 -8.89 0.0
S442147 143.4885 124.3242 1.505e-20 4.2390000000000006e-20 2.646e-19 0.001 -9.12 0.0
S442148 142.589 123.8852 1.743e-14 1.521e-14 8.191e-15 0.001 -10.18 0.0
S442149 143.855 124.3737 1.149e-17 1.825e-17 3.455e-17 0.002 -9.9 0.0
S442150 143.0451 123.89 9.508e-15 1.753e-14 4.531e-14 0.0 -9.42 0.0
S442151 143.7246 123.7022 3.159e-16 3.854e-16 4.225e-16 0.002 -8.6 0.0
S442152 143.4805 123.1009 2.491e-15 2.522e-15 1.907e-15 0.0 -9.06 0.0
S442153 143.7264 123.8944 7.924e-17 1.097e-16 1.559e-16 0.002 -8.75 0.0
S442154 144.0296 123.6517 4.031e-18 6.687e-18 1.36e-17 0.0 -8.75 0.0
S442155 143.1646 123.84 1.143e-15 1.13e-15 7.965e-16 0.0 -8.4 0.0
S442156 143.6845 123.827 7.871e-10 6.002e-10 2.486e-10 0.0 -3.73 1.0
S442157 143.6906 123.8281 6.02e-15 9.113e-15 1.524e-14 0.002 -9.25 0.0
S442158 143.6848 123.8254 4.137e-18 7.523e-18 1.903e-17 0.001 -11.89 0.0
S442159 143.6869 123.8264 6.748e-13 4.761e-13 1.711e-13 0.001 -14.11 0.0
S442160 143.6854 123.8251 1.226e-13 9.398e-14 3.979e-14 0.0 -4.69 1.0
S442161 143.6912 123.8258 5.028e-15 4.768e-15 3.122e-15 0.002 -9.67 0.0
S442162 143.6882 123.8225 1.2e-13 9.617e-14 4.42e-14 0.001 -7.81 1.0
S442163 143.6914 123.8265 1.104e-13 8.921e-14 4.022e-14 0.0 -3.71 1.0
S442164 143.6893 123.8286 2.487e-14 4.188e-14 8.881e-14 0.002 -14.92 0.0
S442165 143.6846 123.8229 3.053e-10 2.288e-10 9.338e-11 0.002 -5.24 1.0
S442166 143.6831 123.8238 2.165e-12 1.51e-12 5.325e-13 0.001 -16.48 0.0
S442167 143.6932 123.8259 1.056e-12 7.581e-13 2.763e-13 0.0 -3.59 0.0
S442168 142.6442 122.3873 3.9240000000000004e-20 1.009e-19 5.305e-19 0.002 -8.71 0.0
S442169 142.6546 122.6842 2.498e-19 5.604e-19 2.108e-18 0.001 -9.09 0.0
S442170 140.874 125.865 1.436e-17 2.385e-17 4.874e-17 0.0 -8.67 0.0
S442172 139.7067 121.0148 1.555e-17 2.507e-17 4.931e-17 0.002 -9.2 0.0
S442173 145.2775 121.2782 2.116e-17 3.233e-17 5.508e-17 0.002 -8.56 0.0
S442174 148.7056 121.152 6.023e-19 1.202e-18 3.536e-18 0.0 -8.99 0.0
S442175 142.9716 123.8534 3.4460000000000005e-20 7.929e-20 3.262e-19 0.0 -8.66 0.0
S442176 144.6998 118.3331 9.434000000000001e-20 2.419e-19 1.261e-18 0.001 -9.53 0.0
S442177 149.2101 125.3651 3.746e-16 4.352e-16 4.195e-16 0.002 -8.23 0.0
S442179 145.0369 124.0272 3.47e-24 2.4299999999999998e-23 9.783999999999999e-22 0.002 -8.08 0.0
S442180 139.8061 124.7772 2.263e-14 4.813e-14 1.682e-13 0.0 -8.96 1.0
S442181 140.6702 123.088 4.0070000000000004e-20 1.014e-19 5.117e-19 0.0 -8.79 0.0
S442182 142.4425 125.1922 1.137e-19 2.881e-19 1.472e-18 0.001 -9.25 0.0
S442183 141.6518 124.8209 2.091e-19 4.302e-19 1.426e-18 0.002 -9.41 0.0
S442185 144.7844 124.7336 4.223e-19 8.819e-19 2.95e-18 0.0 -8.46 0.0
S442186 141.1505 122.1342 2.262e-15 2.268e-15 1.671e-15 0.0 -8.54 0.0
S442188 144.9932 128.2654 6.428e-20 1.715e-19 9.52e-19 0.001 -8.96 0.0
S442189 141.3286 122.997 2.2e-17 3.398e-17 5.884e-17 0.0 -9.21 0.0
S442190 149.5311 122.5334 4.346e-17 6.016e-17 8.315e-17 0.002 -8.15 0.0
S442191 140.8114 125.7343 1.631e-16 2.032e-16 2.295e-16 0.002 -9.41 0.0
S442192 144.2859 120.3046 5.46e-18 9.239e-18 1.946e-17 0.0 -8.9 0.0
S442194 145.0882 124.7712 5.033e-21 1.6890000000000002e-20 1.515e-19 0.0 -8.92 0.0
S442195 147.1271 120.6795 1.036e-13 8.277e-14 3.75e-14 0.002 -9.29 1.0
S442196 141.4968 124.1249 7.216e-16 8.04e-16 7.062e-16 0.002 -9.23 0.0
S442197 148.4867 123.1885 7.331e-19 5.362e-19 2.068e-19 0.0 -8.83 0.0
S442198 142.0591 125.7121 1.0669999999999998e-22 4.958e-22 8.794e-21 0.0 -9.06 0.0
S442200 143.6935 125.9964 8.193e-19 1.745e-18 5.887e-18 0.0 -8.01 0.0
S442201 140.6883 125.3853 4.015e-18 6.744e-18 1.417e-17 0.001 -9.13 0.0
S442202 143.2991 119.2009 4.095e-10 2.879e-10 1.066e-10 0.001 -9.23 0.0
S442203 146.1336 122.0724 4.457e-17 6.266e-17 8.801e-17 0.0 -8.94 0.0
S442206 147.3916 126.6882 3.203e-16 3.807e-16 3.869e-16 0.0 -8.8 0.0
S442208 141.5779 127.3595 9.718e-19 1.881e-18 5.329e-18 0.001 -9.35 0.0
S442209 142.3848 125.4409 2.9e-20 8.24e-20 5.22e-19 0.0 -8.22 1.0
S442210 143.803 125.2636 2.903e-18 5.151e-18 1.215e-17 0.0 -8.23 0.0
S442211 139.6033 122.7059 8.851e-18 1.44e-17 2.838e-17 0.002 -8.44 0.0
S442213 148.3349 121.2616 5.363e-21 1.512e-20 9.234e-20 0.001 -9.81 0.0
S442214 140.4896 123.1372 6.109e-21 1.853e-20 1.307e-19 0.0 -9.08 0.0
S442215 141.4468 119.417 1.179e-14 1.776e-14 2.95e-14 0.0 -9.01 0.0
S442216 144.0789 128.6255 2.98e-16 3.611e-16 3.897e-16 0.002 -8.66 0.0
S442218 144.2771 124.6121 1.25e-19 3.194e-19 1.619e-18 0.002 -8.5 0.0
S442220 139.9631 123.199 5.31e-19 1.083e-18 3.268e-18 0.0 -8.71 0.0
S442222 140.7766 124.6965 2.343e-17 3.487e-17 5.698e-17 0.001 -9.25 0.0
S442223 148.434 123.7876 7.56e-19 1.469e-18 4.155e-18 0.002 -8.41 0.0
S442224 144.8648 127.0489 5.382e-15 5.041e-15 3.191e-15 0.001 -8.77 0.0
S442225 142.4327 126.8586 2.219e-16 2.678e-16 2.759e-16 0.002 -9.21 0.0
S442227 147.6027 121.2714 1.651e-15 1.641e-15 1.18e-15 0.001 -9.05 0.0
S442228 141.6976 119.2467 2.253e-10 1.573e-10 5.593e-11 0.0 -9.61 0.0
S442229 145.9707 120.0606 1.811e-20 5.613e-20 4.213e-19 0.001 -9.33 0.0
S442231 148.0591 124.0848 2.665e-19 6.385e-19 2.912e-18 0.002 -8.32 0.0
S442233 146.4531 124.5887 3.308e-19 7.325e-19 2.849e-18 0.002 -8.79 0.0
S442234 140.5036 123.2767 1.694e-14 2.764e-14 5.459e-14 0.001 -8.22 0.0
S442235 144.1927 125.3925 1.06e-17 1.683e-17 3.152e-17 0.002 -9.26 0.0
S442236 140.4697 122.6816 7.629e-17 1.094e-16 1.592e-16 0.001 -9.71 0.0
S442237 143.8728 127.9953 9.198e-17 1.239e-16 1.725e-16 0.001 -9.07 0.0
S442238 143.3498 120.9715 1.121e-17 1.703e-17 2.917e-17 0.002 -9.16 0.0
S442239 145.1851 118.3637 8.757e-18 1.376e-17 2.555e-17 0.0 -8.75 0.0
S442240 140.9355 119.2827 8.288000000000001e-20 2.07e-19 1.006e-18 0.002 -9.82 0.0
S442241 141.7945 127.5422 5.72e-17 7.699e-17 1.024e-16 0.001 -8.93 0.0
S442242 145.3446 122.1317 1.126e-18 7.801e-19 2.686e-19 0.0 -8.66 0.0
S442243 139.9616 123.2357 1.097e-19 2.62e-19 1.143e-18 0.001 -9.34 0.0
S442244 144.6844 118.0529 1.327e-19 2.946e-19 1.116e-18 0.002 -9.92 0.0
S442245 140.6733 127.9576 8.224e-17 1.103e-16 1.473e-16 0.0 -8.35 0.0
S442247 145.4662 118.3718 2.426e-18 4.254e-18 1.008e-17 0.001 -9.18 0.0
S442248 147.7754 122.8893 1.103e-18 2.333e-18 8.042e-18 0.0 -9.36 0.0
S442249 149.0592 122.3091 4.375e-19 9.825e-19 3.659e-18 0.0 -9.29 0.0
S442250 144.9351 125.508 3.219e-17 4.871e-17 8.48e-17 0.0 -8.64 0.0
S442251 142.3265 123.888 2.6e-19 5.57e-19 1.912e-18 0.0 -8.81 0.0
S442252 143.2815 126.0725 1.009e-20 3.328e-20 2.938e-19 0.0 -8.39 0.0
S442254 144.9233 126.8576 3.243e-10 2.375e-10 9.431e-11 0.002 -8.12 0.0
S442256 138.3096 124.982 4.782e-16 5.849e-16 6.198e-16 0.001 -9.29 0.0
S442258 146.6345 120.9573 6.254e-19 1.314e-18 4.552e-18 0.0 -8.34 0.0
S442259 138.2921 123.2887 8.532e-17 1.164e-16 1.587e-16 0.001 -8.71 0.0
S442260 142.7361 120.4177 3.557e-19 8.095e-19 3.175e-18 0.002 -9.29 0.0
S442261 142.4103 123.1297 2.453e-16 2.973e-16 3.123e-16 0.002 -9.53 0.0
S442262 140.6892 123.0009 7.856e-17 1.077e-16 1.5e-16 0.0 -8.31 0.0
S442263 141.0837 124.6086 1.096e-18 7.614e-19 2.643e-19 0.0 -8.12 0.0
S442264 143.4486 127.7766 1.455e-16 1.901e-16 2.475e-16 0.001 -7.93 1.0
S442267 148.4203 122.3333 3.31e-17 4.761e-17 7.102e-17 0.0 -8.84 0.0
S442268 144.4722 121.6626 6.598e-16 6.991e-16 5.509e-16 0.001 -8.77 0.0
S442269 141.2978 125.7776 1.31e-14 1.204e-14 7.124e-15 0.0 -8.72 0.0
S442272 147.8326 122.0514 5.778000000000001e-20 1.428e-19 6.746e-19 0.0 -9.4 0.0
S442274 148.1481 122.7725 4.0869999999999996e-22 1.6720000000000001e-21 2.215e-20 0.0 -9.14 0.0
S442275 148.1264 126.331 4.287e-19 9.362e-19 3.517e-18 0.002 -8.88 0.0
S442276 148.4698 126.0242 1.623e-15 3.147e-15 8.682e-15 0.0 -8.34 0.0
S442277 144.5882 120.9173 1.548e-17 2.455e-17 4.692e-17 0.002 -9.39 0.0
S442278 147.4039 121.7334 5.484e-17 7.482e-17 9.852e-17 0.0 -8.75 0.0
S442279 144.3301 121.3535 7.123000000000001e-20 1.736e-19 8.143e-19 0.0 -9.43 0.0
S442280 138.0058 124.1047 2.1e-19 4.38e-19 1.441e-18 0.0 -8.45 0.0
S442281 139.472 123.3667 5.652e-19 1.063e-18 2.831e-18 0.001 -8.15 0.0
S442282 138.2185 123.7207 9.778e-19 1.9e-18 5.629e-18 0.0 -8.16 0.0
S442283 141.3524 122.3029 8.521e-20 1.942e-19 8.028e-19 0.002 -8.76 0.0
S442284 142.2712 120.1638 4.944e-17 7.124e-17 1.072e-16 0.0 -9.54 0.0
S442287 143.2525 121.0903 4.4690000000000004e-20 1.159e-19 6.403e-19 0.0 -8.4 0.0
S442288 142.7106 121.2732 1.8160000000000002e-21 5.943e-21 4.8690000000000005e-20 0.002 -8.51 0.0
S442289 145.0102 125.4399 2.663e-15 2.506e-15 1.63e-15 0.002 -9.56 0.0
S442291 146.5454 122.7898 1.03e-18 2.023e-18 5.793e-18 0.0 -9.14 0.0
S442292 140.959 126.018 1.8780000000000003e-20 5.113e-20 3.021e-19 0.0 -8.49 0.0
S442293 142.5903 128.042 1.152e-17 1.872e-17 3.622e-17 0.0 -9.04 0.0
S442294 145.0594 122.0018 8.867000000000001e-26 9.736e-25 1.061e-22 0.0 -9.45 0.0
S442296 146.5567 125.737 1.7680000000000003e-20 4.8050000000000006e-20 2.742e-19 0.0 -8.03 0.0
S442297 146.6005 123.9087 9.927999999999999e-23 4.637999999999999e-22 8.539e-21 0.002 -8.38 0.0
S442298 145.6747 123.1525 1.091e-21 4.038e-21 4.548e-20 0.0 -8.83 0.0
S442299 141.3431 123.5489 2.4620000000000002e-20 6.109e-20 2.879e-19 0.0 -8.35 0.0
S442301 143.7693 128.3152 1.981e-16 2.413e-16 2.544e-16 0.0 -8.2 0.0
S442302 145.6136 123.927 7.11e-15 1.24e-14 2.813e-14 0.001 -9.51 0.0
S442303 149.6561 124.3175 2.874e-17 4.44e-17 7.869e-17 0.002 -8.94 0.0
S442304 142.2137 122.9599 1.471e-17 2.253e-17 3.77e-17 0.0 -9.26 0.0
S442305 146.5997 122.6091 7.576e-18 1.295e-17 2.869e-17 0.0 -8.24 0.0
S442306 146.066 122.7375 5.018e-21 1.5930000000000002e-20 1.236e-19 0.0 -9.07 0.0
S442307 142.1615 124.0839 9.807999999999998e-22 3.377e-21 3.2540000000000004e-20 0.002 -9.31 0.0
S442308 139.762 121.5793 3.324e-21 1.013e-20 7.262e-20 0.001 -8.57 0.0
S442309 142.3747 125.8198 2.185e-17 3.051e-17 4.401e-17 0.001 -9.19 0.0
S442310 145.5926 120.6362 6.127e-16 6.519e-16 5.387e-16 0.002 -9.3 0.0
S442312 149.0555 123.8855 2.702e-17 4.067e-17 6.642e-17 0.002 -8.34 0.0
S442313 146.5202 122.2923 2.32e-14 5.231e-14 1.976e-13 0.0 -9.33 1.0
S442314 145.16 123.7864 3.755e-10 2.639e-10 9.333e-11 0.0 -8.46 0.0
S442315 141.4606 121.6482 9.270000000000001e-20 2.441e-19 1.345e-18 0.0 -9.57 0.0
S442316 143.7527 118.1312 2.3690000000000002e-20 6.229e-20 3.231e-19 0.0 -8.78 0.0
S442317 139.7163 126.0071 1.156e-14 2.432e-14 8.066e-14 0.002 -9.0 0.0
S442318 148.0316 125.6387 2.453e-17 3.447e-17 5.104e-17 0.0 -8.66 0.0
S442320 144.1298 118.9389 6.671e-15 1.433e-14 5.069e-14 0.001 -9.44 0.0
S442321 144.4507 123.8365 1.999e-15 2.047e-15 1.617e-15 0.002 -9.15 0.0
S442322 145.399 126.2589 2.013e-16 2.392e-16 2.495e-16 0.0 -8.93 0.0
S442323 145.0452 121.4554 1.001e-18 2.002e-18 6.049e-18 0.0 -8.7 0.0
S442324 145.5466 123.2555 6.433e-15 1.162e-14 2.945e-14 0.0 -8.68 0.0
S442326 143.5285 122.2308 6.667e-15 1.017e-14 1.753e-14 0.0 -9.27 0.0
S442327 145.0336 127.4062 7.234e-19 1.459e-18 4.548e-18 0.0 -8.7 0.0
S442328 142.6589 121.0683 2.499e-21 9.043e-21 9.341000000000001e-20 0.001 -8.54 0.0
S442329 145.5351 126.5025 2.319e-20 6.092000000000001e-20 3.311e-19 0.0 -8.87 0.0
S442330 143.5451 120.8065 1.349e-16 1.713e-16 2.036e-16 0.0 -9.17 0.0
S442331 137.4399 124.3417 2.256e-15 2.266e-15 1.661e-15 0.001 -8.7 0.0
S442332 142.9359 119.5898 2.6229999999999996e-22 1.065e-21 1.4060000000000002e-20 0.0 -9.86 0.0
S442333 139.4399 125.0743 1.652e-10 7.37e-10 1.176e-08 0.0 -9.45 0.0
S442335 145.3972 122.9743 5.355e-17 7.434e-17 1.076e-16 0.001 -9.19 0.0
S442336 149.2882 124.7861 2.803e-19 6.872e-19 3.126e-18 0.001 -8.32 0.0
S442337 139.2469 122.6218 1.059e-18 1.972e-18 5.153e-18 0.0 -8.31 0.0
S442338 146.9565 122.3151 1.942e-18 3.58e-18 9.147e-18 0.001 -8.99 0.0
S442339 143.3635 127.0158 1.085e-18 7.594e-19 2.642e-19 0.0 -7.99 0.0
S442340 140.5848 126.8324 1.501e-18 2.73e-18 6.824e-18 0.0 -8.98 0.0
S442342 145.2471 120.1042 8.434e-20 1.965e-19 8.335e-19 0.0 -8.63 0.0
S442343 139.905 123.9333 1.258e-15 2.14e-15 4.555e-15 0.0 -8.22 0.0
S442344 146.6008 125.1488 1.121e-18 2.139e-18 5.921e-18 0.001 -8.93 0.0
S442345 139.6541 124.4621 2.433e-15 2.471e-15 1.908e-15 0.0 -8.0 0.0
S442346 147.0702 125.8423 2.263e-17 3.623e-17 6.942e-17 0.002 -8.54 0.0
S442347 140.8309 127.6798 1.269e-16 1.659e-16 2.026e-16 0.001 -8.88 0.0
S442349 144.7215 127.9316 6.868e-15 1.424e-14 4.467e-14 0.0 -8.14 0.0
S442353 140.5725 123.7347 2.6160000000000004e-20 7.185e-20 4.188e-19 0.001 -9.64 0.0
S442356 142.8862 119.9788 3.752e-21 1.3540000000000001e-20 1.465e-19 0.0 -9.4 0.0
S442357 144.2272 119.2695 1.201e-19 2.781e-19 1.158e-18 0.0 -9.04 1.0
S442358 145.4025 119.6644 1.186e-17 1.915e-17 3.606e-17 0.0 -9.22 0.0
S442359 141.2123 126.3969 1.18e-17 1.857e-17 3.355e-17 0.0 -8.99 0.0
S442363 141.9545 128.1997 2.7060000000000003e-20 7.747e-20 4.904e-19 0.0 -9.39 0.0
S442364 147.2081 125.817 2.3070000000000002e-20 6.264e-20 3.736e-19 0.002 -8.97 0.0
S442365 138.6583 123.7814 1.96e-16 2.408e-16 2.669e-16 0.002 -8.84 0.0
S442368 144.5124 124.7893 7.54e-15 6.525e-15 3.491e-15 0.0 -9.05 0.0
S442369 146.9001 120.2137 8.049999999999999e-22 2.907e-21 3.091e-20 0.0 -8.56 0.0
S442370 146.8516 124.9398 2.607e-19 5.985e-19 2.444e-18 0.001 -9.17 0.0
S442372 143.199 121.4854 4.3420000000000007e-20 1.065e-19 5.085e-19 0.0 -8.58 0.0
S442373 146.9657 126.7046 8.103e-19 1.615e-18 5.005e-18 0.0 -9.29 0.0
S442374 141.6708 121.1407 7.723e-17 1.035e-16 1.332e-16 0.0 -9.01 0.0
S442376 147.2936 119.1261 1.186e-18 2.281e-18 6.674e-18 0.0 -9.18 0.0
S442378 140.7729 126.6697 3.66e-15 3.429e-15 2.175e-15 0.001 -9.49 0.0
S442379 139.7851 124.1769 2.572e-15 2.622e-15 2.008e-15 0.001 -8.06 0.0
S442381 140.2715 124.3401 9.927e-19 6.904e-19 2.464e-19 0.002 -8.86 0.0
S442383 142.7526 123.6837 5.525e-21 1.6850000000000003e-20 1.288e-19 0.0 -8.7 0.0
S442384 143.504 128.5578 1.57e-22 6.741e-22 1.0310000000000001e-20 0.001 -8.72 0.0
S442386 144.0266 119.6043 7.021e-18 1.093e-17 1.946e-17 0.0 -9.39 0.0
S442387 141.6725 122.9352 1.056e-18 2.223e-18 7.414e-18 0.002 -9.63 0.0
S442388 142.31 124.3508 4.82e-18 8.153e-18 1.813e-17 0.0 -9.63 0.0
S442389 144.3173 124.8976 2.7220000000000004e-20 7.339000000000001e-20 4.211e-19 0.001 -9.54 0.0
S442390 145.6991 126.2069 5.369e-21 1.526e-20 9.685000000000001e-20 0.0 -7.82 0.0
S442391 144.4044 127.4376 6.341e-20 1.673e-19 8.82e-19 0.0 -8.81 0.0
S442393 142.897 121.8255 2.6860000000000003e-20 7.691000000000001e-20 5.017e-19 0.0 -9.72 0.0
S442394 148.769 124.0339 6.95e-19 5.112e-19 2.014e-19 0.001 -8.96 0.0
S442395 138.5039 125.8926 1.7410000000000002e-20 4.4890000000000005e-20 2.367e-19 0.001 -8.6 0.0
S442396 144.5725 120.2787 6.409e-19 1.399e-18 5.301e-18 0.002 -8.36 0.0
S442397 142.9895 122.9527 9.513e-17 1.277e-16 1.647e-16 0.001 -8.48 0.0
S442398 145.4607 126.289 2.224e-16 2.708e-16 3.081e-16 0.002 -9.19 0.0
S442400 143.3884 126.5816 1.091e-14 9.538e-15 5.343e-15 0.001 -9.11 0.0
S442401 141.6706 125.6391 6.945e-19 1.317e-18 3.469e-18 0.0 -9.34 0.0
S442402 143.4616 124.8831 6.421e-17 8.688e-17 1.171e-16 0.0 -8.14 0.0
S442403 142.4817 125.8517 1.789e-19 3.862e-19 1.359e-18 0.0 -9.25 0.0
S442404 143.0361 121.7617 3.14e-19 6.952e-19 2.528e-18 0.0 -8.74 0.0
S442405 139.4385 122.2501 2.725e-15 2.601e-15 1.716e-15 0.0 -9.51 0.0
S442406 144.8648 122.2742 1.361e-14 2.543e-14 6.524e-14 0.001 -8.44 0.0
S442407 147.9423 126.1427 9.279e-19 1.828e-18 5.544e-18 0.0 -9.0 0.0
S442408 141.3027 125.4527 6.838e-19 1.397e-18 4.427e-18 0.001 -9.34 0.0
S442409 142.0462 120.0083 2.973e-21 9.875e-21 8.344000000000001e-20 0.0 -8.76 0.0
S442410 143.6105 128.3111 1.151e-21 4.018e-21 3.761e-20 0.002 -9.27 0.0
S442411 140.4991 122.3841 2.116e-18 3.963e-18 1.032e-17 0.0 -8.8 0.0
S442412 138.6407 121.6547 1.269e-23 7.277e-23 2.016e-21 0.002 -9.28 0.0
S442413 142.8844 124.9194 2.376e-19 5.054e-19 1.689e-18 0.001 -9.13 0.0
S442414 145.8419 124.6397 1.635e-21 5.744e-21 5.705e-20 0.001 -9.37 0.0
S442415 144.63 122.2249 1.604e-14 2.798e-14 6.457e-14 0.0 -8.5 0.0
S442416 145.9419 122.1602 6.879e-15 6.559e-15 4.335e-15 0.0 -8.66 0.0
S442417 141.4808 119.3398 6.403e-21 2.042e-20 1.684e-19 0.0 -8.89 0.0
S442418 143.8372 123.6691 1.804e-19 4.018e-19 1.545e-18 0.0 -7.94 0.0
S442419 148.9586 123.3682 4.246e-21 1.362e-20 1.11e-19 0.001 -8.7 0.0
S442420 146.4719 125.4734 4.944e-19 1.033e-18 3.491e-18 0.0 -8.95 0.0
S442421 142.1463 122.8967 8.137e-19 1.574e-18 4.545e-18 0.0 -9.3 0.0
S442422 145.7976 125.4355 3.904e-24 2.667e-23 1.044e-21 0.0 -8.59 0.0
S442423 143.8002 121.8149 8.997e-19 1.834e-18 5.761e-18 0.0 -9.48 0.0
S442424 138.4414 124.7147 1.661e-16 2.106e-16 2.5e-16 0.0 -8.02 0.0
S442425 146.4007 124.8034 8.977e-16 9.877e-16 8.64e-16 0.001 -8.43 0.0
S442427 145.7749 127.6405 1.132e-19 2.795e-19 1.291e-18 0.0 -8.7 0.0
S442428 143.0806 121.0571 1.369e-21 4.584e-21 4.1320000000000003e-20 0.0 -8.23 0.0
S442429 145.2082 118.7582 1.879e-15 1.847e-15 1.34e-15 0.001 -9.7 0.0
S442430 142.9976 126.7925 1.65e-19 3.708e-19 1.464e-18 0.001 -8.32 0.0
S442432 140.5123 124.5824 2.1270000000000003e-20 5.748000000000001e-20 3.24e-19 0.001 -8.16 0.0
S442433 138.1985 125.1719 2.418e-11 4.021e-11 8.277e-11 0.002 -8.87 0.0
S442435 144.1229 128.0013 1.269e-18 2.497e-18 7.271e-18 0.0 -8.99 0.0
S442437 143.0078 128.2921 7.972e-22 2.956e-21 3.271e-20 0.0 -9.1 0.0
S442438 146.0429 122.8052 1.228e-18 2.489e-18 7.911e-18 0.001 -9.72 0.0
S442439 147.1527 125.3021 7.196e-19 1.359e-18 3.788e-18 0.002 -8.69 0.0
S442440 142.1474 128.2597 1.359e-19 3.111e-19 1.293e-18 0.0 -9.18 0.0
S442441 145.776 125.7935 1.7310000000000002e-20 4.4390000000000006e-20 2.197e-19 0.001 -8.43 0.0
S442442 143.5484 125.4867 3.442e-16 3.937e-16 3.71e-16 0.001 -9.36 0.0
S442443 142.5236 123.8954 2.192e-18 4.077e-18 1.095e-17 0.0 -8.05 0.0
S442444 143.6327 121.7371 1.718e-18 1.151e-18 3.689e-19 0.0 -8.52 0.0
S442445 149.1696 122.7147 2.103e-15 2.201e-15 1.728e-15 0.002 -8.62 0.0
S442446 142.8285 119.6386 4.853e-17 6.609e-17 9.237e-17 0.001 -8.51 0.0
S442447 148.1983 123.2997 2.325e-19 5.378e-19 2.343e-18 0.002 -8.66 0.0
S442448 142.641 123.1282 9.086000000000001e-20 1.932e-19 6.632e-19 0.001 -9.12 0.0
S442450 140.7278 122.8326 2.6e-19 5.601e-19 1.982e-18 0.002 -9.63 0.0
S442451 146.6061 125.8433 1.744e-23 9.996e-23 2.851e-21 0.001 -9.35 0.0
S442452 143.1651 128.9484 5.86e-18 9.957e-18 2.165e-17 0.0 -8.46 0.0
S442453 147.8293 123.6549 4.5360000000000005e-21 1.6440000000000002e-20 1.764e-19 0.001 -9.44 0.0
S442454 146.4211 127.0243 1.51e-14 1.284e-14 6.741e-15 0.002 -7.81 0.0
S442455 145.1059 119.8085 1.006e-18 2.093e-18 6.92e-18 0.0 -9.42 0.0
S442457 142.4515 127.3523 2.607e-22 1.095e-21 1.56e-20 0.0 -8.77 0.0
S442458 146.0495 124.5541 1.337e-18 9.156e-19 3.179e-19 0.002 -9.23 0.0
S442459 142.7627 125.9626 1.39e-18 2.667e-18 7.642e-18 0.0 -8.72 0.0
S442461 143.1384 124.6841 1.21e-18 8.44e-19 2.95e-19 0.0 -8.17 0.0
S442462 147.4704 121.3231 2.1890000000000003e-20 5.953e-20 3.563e-19 0.0 -8.59 0.0
S442464 147.2726 121.4533 1.198e-19 3.086e-19 1.541e-18 0.0 -8.8 0.0
S442465 142.5467 127.5596 1.603e-19 3.699e-19 1.502e-18 0.0 -8.18 0.0
S442467 143.1867 121.7097 3.5290000000000005e-20 9.593000000000001e-20 5.53e-19 0.0 -9.39 0.0
S442468 146.6329 124.7205 1.669e-19 3.697e-19 1.421e-18 0.002 -9.55 0.0
S442469 145.6245 123.213 8.067e-20 2.039e-19 1.039e-18 0.0 -9.3 0.0
S442470 140.1831 123.7736 1.403e-14 2.483e-14 5.799e-14 0.0 -8.11 0.0
S442471 140.1828 125.2965 2.497e-19 5.759e-19 2.343e-18 0.0 -9.2 0.0
S442472 145.3659 126.208 1.6200000000000002e-20 4.7700000000000007e-20 3.13e-19 0.0 -9.14 0.0
S442473 142.1313 119.8004 4.188e-17 6.08e-17 8.944e-17 0.0 -9.26 0.0
S442474 141.0769 125.287 2.364e-21 8.433e-21 8.594000000000001e-20 0.0 -9.02 0.0
S442475 140.4368 124.5539 8.914e-18 1.471e-17 2.975e-17 0.002 -8.88 0.0
S442477 143.2615 119.7785 2.998e-16 3.752e-16 4.349e-16 0.0 -9.0 0.0
S442478 142.1435 121.2564 4.771e-21 1.429e-20 9.964e-20 0.0 -9.1 0.0
S442479 143.8725 123.7361 1.557e-17 2.378e-17 4.028e-17 0.001 -9.36 0.0
S442480 145.9246 125.9964 7.515e-19 1.517e-18 4.802e-18 0.0 -9.49 0.0
S442481 143.3027 121.7141 6.131e-20 1.603e-19 8.501e-19 0.002 -8.93 0.0
S442482 139.5147 122.8653 5.639e-15 5.538e-15 3.726e-15 0.0 -8.12 0.0
S442483 139.9408 121.0319 4.2719999999999997e-23 2.1109999999999998e-22 4.315e-21 0.001 -8.76 0.0
S442485 140.8355 121.0902 3.795e-17 5.531e-17 8.587e-17 0.001 -8.75 0.0
S442486 139.8761 124.5046 6.294e-19 1.344e-18 4.59e-18 0.001 -9.46 0.0
S442487 148.6208 125.5614 9.946000000000001e-20 2.409e-19 1.13e-18 0.002 -9.02 0.0
S442488 144.4156 125.3613 2.231e-14 3.405e-14 5.902e-14 0.002 -8.16 0.0
S442489 146.7637 123.7315 3.221e-17 4.616e-17 6.643e-17 0.001 -9.49 0.0
S442490 140.9094 119.3611 6.42e-14 5.046e-14 2.238e-14 0.002 -9.56 0.0
S442491 141.5893 125.0071 7.528e-19 5.445e-19 2.1e-19 0.001 -8.42 0.0
S442492 143.3613 123.1182 1.117e-17 1.812e-17 3.376e-17 0.0 -9.76 0.0
S442493 143.3861 120.3891 2.426e-16 2.897e-16 2.928e-16 0.001 -8.25 0.0
S442494 142.2521 129.3509 3.0730000000000005e-20 8.738e-20 5.577e-19 0.0 -8.48 0.0
S442495 139.9592 123.9162 1.5710000000000003e-20 4.0480000000000004e-20 2.137e-19 0.0 -9.41 0.0
S442496 144.201 120.4862 2.775e-19 5.757e-19 1.869e-18 0.001 -8.94 0.0
S442497 145.0579 120.2341 4.681e-18 8.177e-18 1.891e-17 0.0 -9.49 0.0
S442498 140.0773 125.9798 2.054e-21 6.887e-21 6.269e-20 0.0 -9.04 0.0
S442499 144.9689 122.8174 6.633e-17 9.428e-17 1.381e-16 0.0 -9.4 0.0
S442500 146.5107 121.6375 1.651e-15 1.765e-15 1.47e-15 0.001 -8.28 0.0
S442501 144.3513 125.5624 2.479e-18 4.69e-18 1.24e-17 0.002 -9.39 1.0
S442502 142.6823 124.4551 5.034e-17 7.03e-17 1.004e-16 0.0 -8.56 0.0
S442503 140.6907 126.6057 1.284e-19 2.985e-19 1.192e-18 0.002 -8.81 0.0
S442504 143.2551 125.9203 1.06e-15 1.188e-15 1.056e-15 0.001 -8.77 0.0
S442505 143.409 122.8268 3.578e-19 8.012e-19 3.061e-18 0.0 -9.64 0.0
S442507 147.0953 126.1123 6.539e-17 9.356e-17 1.358e-16 0.0 -8.02 0.0
S442508 140.3843 124.2876 2.095e-20 5.801e-20 3.519e-19 0.0 -8.61 0.0
S442509 146.4816 123.9357 1.987e-16 2.445e-16 2.75e-16 0.0 -9.2 0.0
S442511 145.6054 123.7232 2.3400000000000003e-20 5.680000000000001e-20 2.476e-19 0.001 -9.05 0.0
S442512 142.0992 123.8912 1.894e-15 1.929e-15 1.424e-15 0.001 -8.52 0.0
S442513 145.9919 123.4249 2.6420000000000002e-20 8.131000000000001e-20 6.123e-19 0.0 -8.22 0.0
S442514 142.7786 123.6239 7.19e-16 7.516e-16 5.823e-16 0.001 -9.35 0.0
S442516 143.8027 123.9711 6.033e-18 1.078e-17 2.662e-17 0.0 -8.7 0.0
S442517 141.6155 121.2356 2.168e-15 2.184e-15 1.624e-15 0.0 -8.38 0.0
S442520 139.9118 126.2444 5.776e-16 6.189e-16 5.118e-16 0.0 -8.11 0.0
S442521 145.3536 128.8754 5.702e-18 1.006e-17 2.238e-17 0.002 -8.45 0.0
S442523 143.2111 126.4354 5.576e-10 4.381e-10 1.894e-10 0.0 -8.11 1.0
S442524 144.3813 120.3761 3.202e-17 4.352e-17 6.048e-17 0.002 -8.95 0.0
S442525 141.3115 121.1841 5.735e-18 9.888e-18 2.171e-17 0.0 -8.72 0.0
S442526 139.8029 123.1222 1.037e-18 2.003e-18 5.476e-18 0.001 -8.41 0.0
S442527 144.5986 119.0569 3.111e-20 7.768e-20 3.758e-19 0.0 -10.0 0.0
S442528 143.2781 118.4839 2.891e-18 5.561e-18 1.622e-17 0.002 -9.86 0.0
S442529 145.3913 122.5915 4.9e-14 1.201e-13 5.416e-13 0.002 -9.35 1.0
S442530 141.2899 123.2244 4.094e-19 8.215e-19 2.522e-18 0.001 -9.23 0.0
S442532 142.4579 118.3172 6.429000000000001e-20 1.744e-19 1.026e-18 0.001 -9.46 0.0
S442533 148.4416 125.0651 2.016e-19 4.974e-19 2.398e-18 0.001 -7.95 0.0
S442534 149.7792 123.1827 3.794e-18 6.566e-18 1.418e-17 0.001 -8.69 0.0
S442535 138.1184 125.7363 1.495e-14 3.369e-14 1.32e-13 0.0 -8.5 0.0
S442536 147.9739 126.9615 8.768e-19 6.261e-19 2.315e-19 0.0 -9.13 0.0
S442537 144.6659 123.8023 3.094e-16 3.614e-16 3.677e-16 0.0 -9.28 0.0
S442538 143.9724 127.3416 1.244e-18 8.404e-19 2.797e-19 0.001 -8.19 0.0
S442539 143.8205 124.4888 2.511e-19 5.334e-19 1.898e-18 0.0 -9.34 0.0
S442540 140.9943 120.5015 4.094e-15 3.938e-15 2.672e-15 0.001 -9.14 0.0
S442541 141.7482 122.8091 2.849e-20 6.93e-20 3.238e-19 0.0 -8.28 0.0
S442542 143.4962 128.0727 3.809e-16 4.371e-16 4.27e-16 0.001 -7.73 0.0
S442543 147.0351 126.3381 8.084e-19 1.611e-18 4.668e-18 0.0 -9.17 0.0
S442544 145.7056 125.7502 1.844e-19 4.362e-19 1.88e-18 0.002 -8.91 0.0
S442545 145.0773 126.8562 5.277e-16 6.316e-16 6.61e-16 0.0 -8.22 0.0
S442548 149.2462 124.95 1.286e-17 2.082e-17 3.869e-17 0.002 -8.11 0.0
S442549 146.064 123.6082 2.3450000000000002e-21 7.28e-21 5.640000000000001e-20 0.0 -9.15 0.0
S442550 138.3939 123.0855 3.519e-11 2.331e-11 7.474e-12 0.0 -8.05 0.0
S442552 148.2817 120.1774 1.145e-18 2.312e-18 7.208e-18 0.0 -8.68 0.0
S442553 146.8267 125.2794 3.767e-18 6.288e-18 1.35e-17 0.001 -8.8 0.0
S442554 142.2698 127.4159 4.3630000000000006e-20 1.053e-19 4.715e-19 0.0 -9.01 0.0
S442555 143.3428 129.4416 6.392e-19 1.29e-18 4.095e-18 0.002 -7.89 0.0
S442557 142.2356 124.2498 1.084e-18 7.41e-19 2.573e-19 0.0 -8.04 0.0
S442558 143.582 127.8404 5.332e-23 2.9299999999999997e-22 7.177e-21 0.0 -7.83 0.0
S442561 144.0999 125.2726 1.47e-20 4.202e-20 2.651e-19 0.001 -8.59 0.0
S442562 146.1293 127.0223 1.202e-15 1.257e-15 9.807e-16 0.001 -8.99 0.0
S442564 140.8285 122.5301 1.459e-19 3.315e-19 1.304e-18 0.002 -8.52 0.0
S442565 140.7302 124.4185 4.745e-17 6.288e-17 8.034e-17 0.002 -9.62 0.0
S442567 142.5182 124.8999 1.139e-16 1.483e-16 1.903e-16 0.002 -9.65 0.0
S442569 140.63 124.4568 2.736e-21 8.044e-21 5.466e-20 0.002 -9.58 0.0
S442571 139.6816 123.5379 4.048e-17 5.676e-17 8.008e-17 0.002 -9.48 0.0
S442572 140.7749 124.7263 2.449e-10 1.71e-10 5.908e-11 0.001 -8.16 0.0
S442573 147.3268 124.7843 2.41e-14 4.453e-14 1.143e-13 0.001 -8.33 0.0
S442574 139.9429 124.6079 2.2970000000000002e-20 5.894e-20 2.993e-19 0.002 -9.61 0.0
S442575 147.3455 124.0634 8.41e-21 2.326e-20 1.397e-19 0.001 -9.44 0.0
S442576 144.7534 125.1687 8.415e-16 9.011e-16 7.361e-16 0.0 -9.37 0.0
S442577 143.3505 126.9406 2.478e-19 5.383e-19 2.049e-18 0.0 -7.84 0.0
S442578 137.6521 125.2484 1.362e-19 3.061e-19 1.2e-18 0.0 -9.44 0.0
S442579 141.8215 123.1435 3.236e-21 1.0690000000000001e-20 9.392000000000001e-20 0.0 -9.48 0.0
S442580 148.1249 123.0619 2.052e-19 4.697e-19 1.871e-18 0.0 -8.32 0.0
S442581 142.0677 127.8788 1.864e-20 5.0470000000000006e-20 2.893e-19 0.0 -9.23 0.0
S442582 143.5166 124.7693 1.872e-14 3.154e-14 6.683e-14 0.001 -8.8 0.0
S442583 143.5226 128.0953 1.25e-18 2.392e-18 6.529e-18 0.001 -9.25 0.0
S442584 143.5874 128.4333 3.652e-21 1.1700000000000002e-20 9.262e-20 0.0 -7.76 0.0
S442586 142.924 125.7349 5.289e-21 1.5370000000000002e-20 1.052e-19 0.0 -8.24 0.0
S442587 145.1282 120.9064 1.469e-17 2.242e-17 3.902e-17 0.001 -8.86 0.0
S442590 144.6659 125.5623 3.014e-14 5.033e-14 1.085e-13 0.0 -8.95 0.0
S442591 146.319 122.1566 2.5210000000000002e-20 6.351000000000001e-20 3.187e-19 0.0 -8.76 0.0
S442592 142.2026 127.0751 2.133e-17 3.111e-17 4.982e-17 0.001 -7.96 0.0
S442593 147.0826 127.0307 7.829e-21 2.536e-20 2.186e-19 0.001 -9.19 0.0
S442594 149.3904 125.583 2.899e-19 5.814e-19 1.819e-18 0.002 -7.98 0.0
S442595 144.6507 118.7984 1.049e-18 7.324e-19 2.621e-19 0.0 -9.46 0.0
S442596 138.5236 125.0581 3.402e-18 6.061e-18 1.472e-17 0.0 -8.39 0.0
S442597 138.6007 121.6794 1.038e-19 2.554e-19 1.153e-18 0.0 -9.32 0.0
S442598 144.5642 128.4003 3.203e-18 5.647e-18 1.361e-17 0.002 -9.39 0.0
S442599 147.2785 120.7287 4.461e-10 3.461e-10 1.541e-10 0.002 -9.46 1.0
S442600 141.5982 121.1587 1.67e-15 1.666e-15 1.213e-15 0.0 -9.62 0.0
S442601 143.0224 127.2429 4.986e-16 5.779e-16 5.629e-16 0.0 -9.31 0.0
S442602 143.713 127.9436 7.382e-19 1.554e-18 5.228e-18 0.0 -8.62 0.0
S442604 145.8281 122.6388 2.716e-22 1.156e-21 1.6580000000000002e-20 0.001 -8.54 0.0
S442606 143.8 126.3629 2.246e-18 3.955e-18 9.117e-18 0.002 -9.02 0.0
S442608 140.7082 123.3108 1.895e-20 5.1110000000000004e-20 2.811e-19 0.001 -9.36 0.0
S442609 143.5014 127.0225 1.269e-22 5.558999999999999e-22 9.037e-21 0.001 -8.09 0.0
S442610 146.5945 123.5211 1.538e-20 4.1590000000000004e-20 2.342e-19 0.0 -9.19 0.0
S442612 146.0564 124.5478 1.3480000000000001e-21 4.467e-21 3.9700000000000006e-20 0.0 -8.72 0.0
S442613 146.6687 125.6543 5.645e-19 1.234e-18 4.578e-18 0.0 -9.18 0.0
S442614 141.729 124.2293 4.837e-19 1.016e-18 3.39e-18 0.0 -8.26 0.0
S442615 143.936 124.4872 1.727e-17 2.783e-17 5.372e-17 0.001 -8.52 0.0
S442616 148.7932 122.6229 1.219e-16 1.566e-16 1.855e-16 0.0 -8.86 0.0
S442617 137.9945 123.4524 9.217e-15 2.266e-14 1.048e-13 0.0 -8.38 1.0
S442618 143.8584 118.4302 1.065e-18 2.175e-18 6.654e-18 0.0 -9.06 0.0
S442619 143.593 119.6282 1.628e-16 2.066e-16 2.402e-16 0.0 -9.44 0.0
S442620 144.7907 127.4773 7.698000000000001e-20 1.97e-19 1.021e-18 0.0 -8.2 0.0
S442621 144.5562 126.9934 1.665e-14 3.243e-14 9.293e-14 0.002 -9.26 0.0
S442622 140.5896 121.9358 1.438e-19 3.596e-19 1.752e-18 0.001 -9.56 0.0
S442623 142.6384 123.0699 1.012e-18 2.167e-18 7.398e-18 0.001 -9.56 0.0
S442624 141.6854 125.9575 2.179e-19 4.795e-19 1.82e-18 0.002 -9.14 0.0
S442625 143.778 127.989 4.178e-21 1.2960000000000002e-20 9.823000000000001e-20 0.002 -7.75 0.0
S442626 141.5971 119.9888 1.574e-20 4.4060000000000005e-20 2.731e-19 0.001 -8.67 0.0
S442627 143.3121 126.0316 2.582e-14 4.11e-14 7.574e-14 0.002 -8.18 0.0
S442628 146.291 124.2893 9.003e-20 1.996e-19 7.654e-19 0.001 -9.12 0.0
S442629 139.2995 127.2337 6.577e-15 1.472e-14 5.758e-14 0.002 -9.34 0.0
S442630 143.5471 126.8412 1.877e-07 1.118e-06 3.397e-05 0.001 -8.75 0.0
S442631 145.06 128.8999 2.948e-18 5.555e-18 1.539e-17 0.0 -8.78 0.0
S442632 144.6975 120.6993 1.011e-17 1.673e-17 3.264e-17 0.0 -8.79 0.0
S442633 142.7294 122.4413 3.225e-17 4.711e-17 7.485e-17 0.001 -8.52 0.0
S442634 143.181 127.2841 3.861e-23 1.956e-22 4.07e-21 0.002 -8.95 0.0
S442635 141.3325 124.3428 3.568e-16 4.139e-16 4.089e-16 0.002 -8.12 0.0
S442636 146.967 124.0358 4.695e-21 1.584e-20 1.459e-19 0.002 -9.09 0.0
S442637 142.8881 124.3454 1.665e-15 1.658e-15 1.187e-15 0.002 -7.97 0.0
S442638 145.5494 128.214 2.023e-16 2.444e-16 2.563e-16 0.0 -8.46 0.0
S442639 145.6577 123.9706 4.6890000000000005e-20 1.218e-19 6.352e-19 0.0 -8.66 0.0
S442640 143.0367 125.4929 1.613e-16 2.155e-16 2.79e-16 0.0 -8.38 0.0
S442642 143.3763 125.4569 4.086e-18 7.101e-18 1.518e-17 0.001 -8.21 0.0
S442643 143.888 126.7666 4.646e-21 1.4060000000000002e-20 1.038e-19 0.0 -9.46 0.0
S442644 141.5683 123.2129 1.129e-18 1.909e-18 4.076e-18 0.002 -9.13 0.0
S442645 140.0205 124.8006 4.055e-21 1.2090000000000001e-20 8.32e-20 0.002 -8.34 0.0
S442646 146.8423 122.618 1.8399999999999998e-22 7.761999999999999e-22 1.1500000000000001e-20 0.0 -8.56 0.0
S442648 141.7844 128.5487 4.8890000000000005e-20 1.235e-19 5.951e-19 0.001 -8.03 0.0
S442650 146.5372 121.1446 7.981e-18 1.323e-17 2.683e-17 0.002 -8.92 0.0
S442651 146.7077 123.3687 5.938e-20 1.597e-19 8.956e-19 0.002 -8.78 0.0
S442652 138.1578 122.0966 1.6780000000000003e-20 4.7030000000000005e-20 2.971e-19 0.0 -9.44 0.0
S442653 142.8911 125.5667 1.1700000000000001e-26 1.5770000000000001e-25 2.668e-23 0.0 -8.2 0.0
S442654 140.9286 126.6265 3.108e-18 5.531e-18 1.317e-17 0.0 -7.95 0.0
S442655 139.7004 125.5946 7.84e-20 1.84e-19 8.036e-19 0.002 -9.27 0.0
S442656 142.5639 123.1032 2.188e-18 3.711e-18 8.014e-18 0.002 -8.89 0.0
S442657 143.4255 120.4625 2.999e-16 3.802e-16 4.498e-16 0.002 -9.85 0.0
S442658 139.0659 126.5402 1.432e-15 1.517e-15 1.225e-15 0.001 -8.83 0.0
S442659 141.0154 122.9596 1.089e-18 2.025e-18 5.367e-18 0.0 -8.44 0.0
S442660 143.002 124.2522 2.75e-18 4.909e-18 1.183e-17 0.001 -7.92 0.0
S442661 143.7867 122.4457 9.537e-15 8.579e-15 5.014e-15 0.0 -9.25 0.0
S442662 140.1905 121.0997 9.033e-20 2.267e-19 1.144e-18 0.001 -8.69 0.0
S442663 140.276 121.234 9.21e-22 3.5370000000000004e-21 4.3040000000000004e-20 0.001 -9.11 0.0
S442664 144.97 120.5334 1.264e-16 1.586e-16 1.833e-16 0.001 -8.46 0.0
S442666 141.5131 121.6013 4.198e-21 1.2740000000000001e-20 9.694000000000001e-20 0.001 -8.6 0.0
S442667 146.3186 126.9146 1.764e-17 2.81e-17 5.272e-17 0.002 -9.25 0.0
S442668 141.9136 128.9454 3.57e-18 6.406e-18 1.512e-17 0.002 -7.73 0.0
S442669 140.1559 124.5724 1.757e-20 4.7110000000000004e-20 2.593e-19 0.002 -8.39 0.0
S442671 141.6673 123.5767 4.226e-19 9.202e-19 3.355e-18 0.001 -9.05 0.0
S442672 137.7765 125.2503 1.704e-20 5.3360000000000007e-20 4.022e-19 0.0 -9.2 0.0
S442673 141.4894 121.7949 6.078e-18 1.031e-17 2.185e-17 0.0 -8.55 0.0
S442674 148.7966 124.6609 2.096e-19 4.929e-19 2.07e-18 0.0 -9.4 0.0
S442675 140.8789 121.5433 1.625e-21 5.2e-21 4.266e-20 0.0 -9.47 0.0
S442676 148.2155 125.0176 5.308e-18 8.886e-18 1.916e-17 0.001 -8.99 0.0
S442677 142.1536 124.5652 4.37e-19 8.042e-19 2.053e-18 0.002 -8.16 0.0
S442678 145.9405 123.6004 4.091e-19 8.989e-19 3.337e-18 0.0 -8.98 0.0
S442679 143.8118 128.0119 2.979e-16 3.517e-16 3.712e-16 0.001 -9.32 0.0
S442680 139.4537 124.1172 1.072e-21 3.776e-21 3.845e-20 0.0 -8.34 0.0
S442682 142.1979 122.9551 2.277e-19 5.186e-19 2.074e-18 0.002 -8.27 0.0
S442683 143.3155 119.0638 4.123e-19 9.246e-19 3.406e-18 0.001 -8.56 0.0
S442684 141.808 124.1641 4.882e-17 7.294e-17 1.155e-16 0.0 -8.07 0.0
S442686 141.4938 124.2344 4.989e-18 9.022e-18 2.229e-17 0.0 -9.24 0.0
S442687 141.7529 126.4441 5.705e-15 5.713e-15 4.035e-15 0.0 -8.68 0.0
S442688 148.7206 124.0739 1.337e-14 3.134e-14 1.283e-13 0.0 -9.06 1.0
S442689 141.9106 119.5252 1.346e-18 2.689e-18 8.141e-18 0.001 -8.87 0.0
S442690 143.3748 123.1351 6.067e-16 6.658e-16 5.906e-16 0.0 -8.12 0.0
S442691 145.345 123.9293 3.021e-17 4.583e-17 7.776e-17 0.0 -9.09 1.0
S442692 146.4058 121.5233 1.126e-18 2.16e-18 5.844e-18 0.0 -8.82 0.0
S442693 141.9885 126.8561 1.071e-15 1.176e-15 1.015e-15 0.0 -9.05 0.0
S442694 140.9917 125.101 8.743e-23 4.0789999999999996e-22 7.174e-21 0.0 -8.8 0.0
S442695 148.1348 126.11 1.32e-14 2.514e-14 6.919e-14 0.0 -8.63 0.0
S442696 138.003 124.0299 4.37e-19 9.525e-19 3.548e-18 0.001 -8.55 0.0
S442697 144.4057 122.1956 2.873e-21 8.482e-21 5.884000000000001e-20 0.0 -8.64 0.0
S442698 140.3 120.7089 2.196e-24 1.6059999999999998e-23 7.056999999999999e-22 0.0 -8.83 0.0
S442699 140.3596 123.7347 4.086e-17 5.736e-17 8.376e-17 0.0 -8.68 0.0
S442700 144.8458 125.1003 7.367000000000001e-20 1.839e-19 9.052e-19 0.0 -7.95 0.0
S442701 141.4235 126.4529 2.932e-19 6.105e-19 2.087e-18 0.001 -9.0 0.0
S442702 144.3533 121.1511 4.195e-21 1.4540000000000002e-20 1.435e-19 0.001 -9.01 0.0
S442703 142.8503 123.6409 1.191e-18 2.03e-18 4.372e-18 0.001 -8.69 0.0
S442704 147.2373 120.8453 8.549e-20 1.878e-19 6.977e-19 0.0 -9.68 0.0
S442705 146.1764 118.8956 1.133e-17 1.807e-17 3.413e-17 0.0 -8.51 0.0
S442706 144.9025 123.7635 1.219e-16 1.605e-16 2.071e-16 0.0 -8.32 0.0
S442707 144.9314 126.0795 8.397e-16 9.109e-16 7.901e-16 0.0 -9.56 0.0
S442709 147.2874 123.3958 3.518e-20 9.84e-20 5.871e-19 0.0 -9.42 0.0
S442710 144.0651 127.7031 5.308000000000001e-20 1.352e-19 7.011e-19 0.002 -8.33 0.0
S442711 143.0205 122.1412 4.623e-20 1.206e-19 6.67e-19 0.001 -8.23 0.0
S442712 144.0351 121.0997 5.33e-22 1.945e-21 2.1990000000000003e-20 0.0 -8.54 0.0
S442713 139.1426 123.227 2.695e-20 6.865e-20 3.38e-19 0.0 -8.72 0.0
S442714 140.7685 121.7311 8.699e-21 2.74e-20 2.124e-19 0.001 -8.73 0.0
S442715 139.4342 123.6171 1.141e-16 1.411e-16 1.551e-16 0.0 -9.71 0.0
S442716 144.4997 120.2288 2.171e-17 3.237e-17 5.237e-17 0.002 -8.6 0.0
S442717 140.5991 125.3016 3.55e-16 4.185e-16 4.214e-16 0.0 -8.03 0.0
S442718 146.7614 121.5558 1.82e-15 1.842e-15 1.35e-15 0.002 -8.85 0.0
S442719 139.0942 123.5269 1.196e-15 1.241e-15 9.954e-16 0.001 -9.75 0.0
S442720 146.3569 122.8629 6.383e-20 1.618e-19 8.025e-19 0.001 -8.36 0.0
S442721 139.025 122.2118 1.368e-19 3.515e-19 1.716e-18 0.0 -9.52 0.0
S442723 147.7832 126.4487 2.553e-20 6.402e-20 3.186e-19 0.001 -8.36 0.0
S442724 143.1968 118.9708 2.76e-17 3.958e-17 6.053e-17 0.0 -10.01 0.0
S442725 144.7237 121.9237 2.4170000000000003e-20 5.999e-20 2.795e-19 0.001 -8.86 0.0
S442726 147.0481 119.0285 5.769e-15 5.586e-15 3.666e-15 0.0 -9.22 0.0
S442727 145.6697 122.7775 5.067e-15 4.581e-15 2.658e-15 0.0 -8.89 0.0
S442728 141.9226 122.5591 1.502e-19 3.491e-19 1.425e-18 0.0 -9.46 0.0
S442729 141.3599 120.7211 4.857e-15 4.544e-15 2.867e-15 0.001 -9.35 0.0
S442730 146.1918 120.8853 9.68e-18 1.522e-17 2.828e-17 0.001 -9.32 0.0
S442731 145.5961 122.0375 6.132e-21 1.625e-20 8.969000000000001e-20 0.0 -9.3 0.0
S442732 143.7252 126.0737 2.8540000000000004e-20 6.893e-20 3.063e-19 0.0 -8.25 0.0
S442733 146.0299 121.9787 2.45e-19 5.252e-19 1.898e-18 0.002 -9.24 1.0
S442734 142.6529 128.4161 3.95e-18 6.701e-18 1.49e-17 0.002 -8.79 0.0
S442735 141.466 124.4718 2.387e-15 2.482e-15 1.948e-15 0.002 -8.47 0.0
S442736 140.4999 123.2662 5.526e-21 1.59e-20 1.06e-19 0.0 -8.62 0.0
S442737 147.5151 127.1489 4.491e-19 9.658e-19 3.291e-18 0.001 -8.56 0.0
S442738 140.1155 127.138 1.996e-18 3.703e-18 9.533e-18 0.0 -8.85 0.0
S442739 144.8442 124.7215 1.105e-14 2.289e-14 7.382e-14 0.001 -9.59 0.0
S442740 144.8354 121.2844 2.7070000000000002e-20 7.425000000000001e-20 4.263e-19 0.0 -9.04 0.0
S442741 147.0821 119.889 1.017e-14 1.558e-14 2.704e-14 0.0 -8.77 0.0
S442742 144.0139 122.9498 2.046e-10 1.995e-10 1.384e-10 0.0 -8.93 1.0
S442743 140.4761 119.3396 6.631e-17 8.929e-17 1.169e-16 0.001 -8.52 0.0
S442744 144.7605 125.315 3.62e-18 6.688e-18 1.735e-17 0.0 -8.54 0.0
S442745 143.1336 125.6692 3.766e-19 7.998e-19 2.738e-18 0.0 -8.04 0.0
S442748 144.4694 127.1242 1.152e-19 2.543e-19 9.488e-19 0.001 -9.45 0.0
S442749 144.0042 118.6693 4.398e-17 6.218e-17 9.185e-17 0.0 -9.51 0.0
S442750 147.527 122.7821 7.948e-15 1.66e-14 5.531e-14 0.0 -8.54 0.0
S442751 143.0541 119.3555 3.751e-16 4.657e-16 5.202e-16 0.0 -9.02 0.0
S442752 146.6076 122.8281 2.2370000000000003e-20 6.616000000000001e-20 4.404e-19 0.002 -8.54 0.0
S442754 139.5697 125.9608 1.953e-16 2.496e-16 2.909e-16 0.001 -9.18 0.0
S442755 143.4345 124.5027 4.3710000000000005e-20 1.208e-19 7.025e-19 0.0 -9.09 0.0
S442756 145.2414 122.5589 7.279e-15 1.348e-14 3.646e-14 0.001 -8.59 0.0
S442757 145.5558 125.9269 7.293e-15 1.323e-14 3.326e-14 0.0 -8.29 0.0
S442759 144.8503 124.0928 1.4e-18 2.652e-18 7.342e-18 0.0 -9.35 0.0
S442760 146.739 124.5964 6.541e-19 1.32e-18 4.132e-18 0.001 -9.45 0.0
S442761 145.0507 120.7035 1.254e-17 1.879e-17 3.159e-17 0.002 -9.28 0.0
S442762 148.3504 122.0143 2.493e-21 7.462e-21 5.1780000000000006e-20 0.0 -9.28 0.0
S442764 141.5487 119.1844 1.018e-17 1.659e-17 3.381e-17 0.0 -9.72 0.0
S442765 145.3968 122.2775 7.901e-13 5.194e-13 1.61e-13 0.001 -8.54 0.0
S442766 149.5188 124.2993 1.697e-18 3.281e-18 9.371e-18 0.0 -9.54 0.0
S442767 146.2801 123.7414 5.55e-21 1.5860000000000002e-20 1.014e-19 0.0 -8.42 0.0
S442768 145.3467 124.5989 9.899e-18 1.559e-17 2.882e-17 0.001 -9.57 0.0
S442769 143.2337 123.9301 6.554e-16 7.563e-16 7.232e-16 0.002 -9.02 0.0
S442770 146.5031 124.5492 4.746e-21 1.6440000000000002e-20 1.626e-19 0.002 -9.06 0.0
S442771 141.9465 123.8441 1.131e-18 7.813e-19 2.735e-19 0.002 -8.84 0.0
S442772 144.1776 129.2494 3e-21 9.751e-21 7.962e-20 0.0 -8.67 0.0
S442773 141.6734 120.8576 4.214e-18 7.152e-18 1.54e-17 0.0 -9.13 0.0
S442774 145.6679 120.6044 6.625e-19 1.504e-18 5.819e-18 0.0 -8.28 0.0
S442775 139.9745 119.5568 2.551e-10 1.733e-10 5.827e-11 0.0 -8.88 0.0
S442776 145.9156 122.6275 1.483e-15 1.506e-15 1.119e-15 0.001 -8.18 0.0
S442778 145.3728 125.7388 6.392e-19 1.258e-18 3.651e-18 0.0 -8.74 0.0
S442779 148.3942 125.7864 7.196e-17 9.964e-17 1.416e-16 0.001 -9.18 0.0
S442780 139.7757 119.9053 1.099e-15 1.161e-15 9.375e-16 0.0 -9.04 0.0
S442781 142.2699 119.8077 7.066e-17 9.172e-17 1.138e-16 0.002 -8.58 0.0
S442782 143.3373 128.2457 2.102e-18 3.839e-18 9.523e-18 0.0 -8.04 0.0
S442783 145.3759 128.9984 8.608e-19 6.25e-19 2.291e-19 0.001 -8.15 0.0
S442784 144.7229 122.2764 4.479e-20 1.105e-19 5.225e-19 0.001 -8.39 0.0
S442785 145.0769 123.4818 8.81e-19 1.754e-18 5.274e-18 0.0 -9.24 0.0
S442786 144.2659 125.5916 3.049e-19 6.665e-19 2.347e-18 0.001 -8.51 0.0
S442787 147.2668 124.5694 1.45e-15 1.498e-15 1.137e-15 0.0 -8.49 1.0
S442788 141.8896 122.3957 1.095e-17 1.792e-17 3.421e-17 0.0 -9.02 0.0
S442789 144.388 125.5127 8.376e-23 4.0269999999999996e-22 7.614e-21 0.0 -7.8 0.0
S442791 143.4251 120.4502 2.463e-16 3.01e-16 3.18e-16 0.0 -9.03 0.0
S442792 139.4535 121.7424 4.459e-24 3.11e-23 1.23e-21 0.0 -9.26 0.0
S442793 144.8382 120.3924 8.977e-20 2.193e-19 9.929e-19 0.0 -9.2 0.0
S442797 144.9593 120.3098 7.891e-19 1.593e-18 4.979e-18 0.0 -8.42 0.0
S442798 143.4202 125.2945 1.407e-18 2.717e-18 7.683e-18 0.002 -8.53 0.0
S442799 146.9542 123.7369 4.7500000000000005e-21 1.4780000000000003e-20 1.17e-19 0.0 -9.35 0.0
S442801 147.7483 121.2269 5.609e-19 1.142e-18 3.662e-18 0.0 -9.13 0.0
S442802 146.5519 120.6031 1.67e-20 4.7110000000000004e-20 2.841e-19 0.0 -9.07 0.0
S442803 144.9988 127.6424 4.068e-22 1.683e-21 2.302e-20 0.001 -9.14 0.0
S442804 142.3181 121.5256 2.131e-15 2.103e-15 1.517e-15 0.002 -8.52 0.0
S442806 142.3906 122.002 1.388e-16 1.745e-16 2.032e-16 0.002 -8.3 0.0
S442807 141.1807 124.3244 2.299e-10 1.648e-10 5.93e-11 0.0 -8.75 0.0
S442808 139.4633 124.0699 6.493e-19 4.772e-19 1.88e-19 0.0 -9.11 0.0
S442809 146.3702 120.8264 2.896e-22 1.2410000000000001e-21 1.925e-20 0.002 -8.91 0.0
S442810 144.8624 126.6501 2.419e-20 7.603000000000001e-20 5.733e-19 0.002 -8.21 0.0
S442811 147.0869 127.2651 2.188e-14 1.953e-14 1.117e-14 0.0 -8.48 0.0
S442812 142.9107 128.5573 6.638e-18 1.081e-17 2.172e-17 0.0 -8.38 0.0
S442814 143.7417 125.4643 5.186999999999999e-22 2.001e-21 2.364e-20 0.0 -7.85 0.0
S442815 141.372 125.9935 9.166e-16 9.828e-16 8.084e-16 0.0 -9.18 0.0
S442816 140.9762 125.2545 1.199e-20 3.7660000000000003e-20 2.918e-19 0.0 -8.39 0.0
S442818 145.5681 124.0821 5.638e-16 6.533e-16 6.397e-16 0.001 -8.75 0.0
S442819 142.8542 125.0568 2.174e-15 2.191e-15 1.597e-15 0.001 -9.6 0.0
S442821 146.6158 123.0728 2.3830000000000002e-20 6.525e-20 3.818e-19 0.002 -8.22 0.0
S442822 143.0277 124.2906 5.191e-17 7.51e-17 1.196e-16 0.001 -8.35 0.0
S442823 144.5054 126.405 2.995e-18 4.834e-18 9.591e-18 0.001 -9.39 0.0
S442824 141.3043 122.6586 3.282e-19 7.007e-19 2.507e-18 0.0 -9.34 0.0
S442825 140.9304 125.3338 2.012e-18 3.69e-18 8.944e-18 0.001 -8.22 0.0
S442826 146.5919 125.5682 2.114e-14 3.479e-14 6.865e-14 0.0 -9.44 0.0
S442827 141.9129 121.9022 3.783e-14 3.02e-14 1.399e-14 0.0 -8.21 0.0
S442828 142.9776 118.8389 9.255e-21 3.0390000000000005e-20 2.55e-19 0.0 -8.37 0.0
S442829 146.9502 125.0161 1.309e-21 4.563e-21 4.5530000000000003e-20 0.001 -9.22 0.0
S442830 143.4937 126.8112 1.04e-17 1.696e-17 3.348e-17 0.0 -9.22 0.0
S442831 143.2427 126.0893 7.391e-18 1.254e-17 2.694e-17 0.001 -9.05 0.0
S442832 144.17 123.3659 1.947e-19 4.84e-19 2.361e-18 0.002 -9.3 0.0
S442833 142.1381 120.9639 6.749e-15 1.075e-14 2.05e-14 0.0 -8.45 0.0
S442835 146.5188 125.0072 5.218000000000001e-20 1.278e-19 6.087e-19 0.001 -8.74 0.0
S442837 142.9162 121.7583 9.21e-21 2.5270000000000003e-20 1.498e-19 0.002 -9.28 0.0
S442838 143.7864 121.4874 3.133e-16 3.581e-16 3.407e-16 0.001 -8.38 0.0
S442839 144.8105 127.2541 6.353e-19 1.364e-18 4.774e-18 0.001 -9.33 0.0
S442840 139.0124 121.8071 7.666999999999999e-22 2.778e-21 2.876e-20 0.0 -9.51 0.0
S442841 141.4307 120.4389 1.659e-14 3.101e-14 8.454e-14 0.001 -9.66 0.0
S442842 141.5881 126.0006 7.281e-15 6.515e-15 3.7e-15 0.0 -9.09 0.0
S442844 146.4052 126.3982 1.171e-17 1.824e-17 3.356e-17 0.0 -9.38 0.0
S442845 144.8378 124.5569 6.937e-20 1.668e-19 7.394e-19 0.0 -8.38 0.0
S442846 144.7029 125.0449 2.232e-19 5.004e-19 1.936e-18 0.002 -8.72 0.0
S442847 145.4202 120.251 3.009e-14 2.57e-14 1.341e-14 0.0 -9.52 0.0
S442848 145.222 119.6293 1.534e-18 1.008e-18 3.195e-19 0.0 -9.35 0.0
S442849 146.8578 123.2779 4.677e-16 5.466e-16 5.453e-16 0.001 -9.34 0.0
S442850 142.3923 128.44 1.016e-18 7.004e-19 2.499e-19 0.002 -8.49 0.0
S442851 147.871 121.7311 1.699e-19 3.692e-19 1.306e-18 0.0 -8.97 0.0
S442853 148.0703 126.5164 7.261e-15 1.131e-14 1.95e-14 0.001 -9.18 0.0
S442854 142.9722 123.4859 5.16e-17 7.491e-17 1.194e-16 0.001 -9.03 0.0
S442855 145.1178 127.9748 5.888e-19 1.121e-18 3.138e-18 0.002 -8.03 0.0
S442856 145.3335 126.7032 2.213e-19 4.834e-19 1.815e-18 0.0 -8.24 0.0
S442857 140.9049 121.0804 2.421e-17 3.704e-17 6.557e-17 0.0 -9.63 0.0
S442858 139.6122 124.2786 1.878e-27 3.156e-26 8.344e-24 0.0 -8.62 0.0
S442860 140.7281 125.5465 2.087e-16 2.745e-16 3.444e-16 0.0 -7.91 0.0
S442862 143.1628 126.3122 3.207e-20 7.752000000000001e-20 3.571e-19 0.0 -9.47 0.0
S442863 143.3021 126.1747 8.488e-20 1.962e-19 7.976e-19 0.0 -8.41 0.0
S442864 144.2609 125.8646 2.202e-18 3.887e-18 9.079e-18 0.0 -7.97 0.0
S442865 145.9165 121.5963 4.719e-20 1.365e-19 8.891e-19 0.0 -8.19 0.0
S442868 143.3221 125.6902 1.183e-19 3.009e-19 1.485e-18 0.001 -8.78 0.0
S442872 148.1456 123.8558 3.524e-16 4.004e-16 3.697e-16 0.0 -9.19 0.0
S442873 144.8005 123.5193 6.07e-18 1.012e-17 2.151e-17 0.001 -8.87 0.0
S442874 148.2232 125.279 4.4010000000000003e-20 1.16e-19 6.279e-19 0.0 -8.31 0.0
S442875 148.1357 121.0551 9.769e-21 2.5970000000000002e-20 1.436e-19 0.001 -9.68 0.0
S442877 140.5982 122.0178 2.65e-19 6.591e-19 3.119e-18 0.002 -9.08 0.0
S442878 147.5846 124.021 3.138e-15 2.994e-15 2.016e-15 0.0 -9.66 0.0
S442879 147.9349 125.8586 4.603e-16 5.195e-16 4.903e-16 0.001 -8.79 0.0
S442881 141.029 124.4035 1.661e-19 4.018e-19 1.738e-18 0.0 -9.18 0.0
S442882 139.2622 122.9205 1.617e-19 4.114e-19 2.05e-18 0.001 -8.62 0.0
S442883 142.4457 124.3577 1.245e-14 1.83e-14 2.807e-14 0.002 -8.98 0.0
S442884 144.0468 118.7107 4.041e-19 8.737e-19 3.084e-18 0.0 -9.41 0.0
S442885 143.2626 126.7629 1.388e-19 3.163e-19 1.307e-18 0.0 -8.57 0.0
S442886 141.2219 123.5385 3.08e-16 3.619e-16 3.641e-16 0.001 -9.59 0.0
S442887 142.7502 125.3306 7.744e-16 8.593e-16 7.687e-16 0.001 -8.33 0.0
S442888 141.2842 124.0513 3.775e-19 7.763e-19 2.425e-18 0.001 -7.96 0.0
S442889 144.2562 120.2223 4.393e-18 7.426e-18 1.616e-17 0.002 -8.58 0.0
S442891 140.9762 127.4149 2.3280000000000002e-20 5.953e-20 3.112e-19 0.002 -9.37 0.0
S442892 139.0256 125.9518 1.828e-18 1.194e-18 3.712e-19 0.0 -8.09 0.0
S442894 140.991 125.9993 2.5860000000000003e-20 7.066e-20 4.101e-19 0.002 -8.82 0.0
S442896 140.9387 121.52 2.954e-20 7.087e-20 3.122e-19 0.002 -9.46 0.0
S442897 144.9747 120.9255 6.148e-17 8.376e-17 1.137e-16 0.0 -9.01 0.0
S442898 146.3823 123.5299 6.996e-17 1.018e-16 1.556e-16 0.0 -8.19 0.0
S442899 145.4185 122.6758 9.744e-19 1.884e-18 5.405e-18 0.0 -8.96 0.0
S442900 145.6996 126.8394 1.004e-18 6.898e-19 2.257e-19 0.0 -8.67 0.0
S442901 143.226 123.7837 2.214e-18 3.979e-18 9.672e-18 0.0 -9.72 0.0
S442902 139.4476 123.3432 2.429e-19 5.204e-19 1.837e-18 0.0 -8.47 0.0
S442903 147.1121 120.0414 1.714e-23 1.0029999999999999e-22 2.903e-21 0.0 -8.99 0.0
S442904 141.9975 125.2294 2.678e-19 5.959e-19 2.345e-18 0.0 -8.71 0.0
S442905 144.5742 122.3473 1.04e-16 1.364e-16 1.691e-16 0.001 -9.41 0.0
S442907 143.4924 125.5915 8.043e-21 2.408e-20 1.643e-19 0.001 -9.29 0.0
S442908 138.7006 125.5059 1.785e-15 3.069e-15 6.836e-15 0.001 -8.44 0.0
S442909 143.5539 124.0578 2.2080000000000002e-21 7.577e-21 7.051000000000001e-20 0.001 -8.55 0.0
S442911 138.8366 126.7134 1.585e-17 2.386e-17 3.954e-17 0.002 -9.43 0.0
S442913 139.4766 124.6969 7.038e-17 9.446e-17 1.247e-16 0.0 -9.47 0.0
S442914 142.0587 119.5254 8.532e-21 2.27e-20 1.218e-19 0.001 -9.44 0.0
S442915 139.0049 124.1641 2.3450000000000002e-20 6.07e-20 3.2e-19 0.0 -9.54 0.0
S442917 147.1861 120.9032 3.46e-15 3.329e-15 2.158e-15 0.0 -9.32 0.0
S442918 140.8005 124.3098 6.013e-18 9.904e-18 2.038e-17 0.002 -8.84 0.0
S442919 142.383 126.2206 4.1360000000000006e-20 1.09e-19 5.686e-19 0.0 -9.47 0.0
S442920 143.6816 127.6942 2.483e-15 2.434e-15 1.639e-15 0.0 -9.12 0.0
S442921 141.7493 121.2138 7.108e-21 2.1830000000000002e-20 1.658e-19 0.002 -8.87 0.0
S442922 141.6286 124.9255 1.342e-18 2.545e-18 7.173e-18 0.0 -8.88 0.0
S442923 142.9042 123.9464 6.163e-20 1.474e-19 6.346e-19 0.002 -8.58 0.0
S442924 142.4373 119.0985 8.972e-21 2.8670000000000004e-20 2.329e-19 0.0 -8.81 0.0
S442926 140.2138 124.2496 1.669e-14 2.4e-14 3.6e-14 0.001 -8.94 0.0
S442927 144.4515 120.396 2.921e-14 5.526e-14 1.494e-13 0.002 -8.92 0.0
S442930 141.4939 128.0116 3.906e-18 7.073e-18 1.693e-17 0.0 -9.08 0.0
S442931 142.2459 120.4932 3.377e-18 6.121e-18 1.441e-17 0.0 -9.87 0.0
S442932 145.0468 122.4149 1.08e-19 2.464e-19 9.844e-19 0.0 -8.21 0.0
S442933 142.775 122.2655 4.2519999999999996e-23 2.257e-22 5.147e-21 0.002 -9.51 0.0
S442934 145.9376 119.4178 1.132e-19 2.355e-19 7.569e-19 0.001 -9.33 0.0
S442936 147.4818 127.807 2.547e-22 1.058e-21 1.488e-20 0.0 -7.98 0.0
S442937 140.0335 127.5504 3.895e-19 8.627e-19 3.155e-18 0.0 -9.17 0.0
S442938 147.6504 127.0008 5.638e-17 7.874e-17 1.106e-16 0.002 -7.91 0.0
S442939 146.9122 125.5149 7.568e-15 6.758e-15 3.896e-15 0.0 -8.44 0.0
S442940 142.7802 122.6212 2.907e-18 5.505e-18 1.545e-17 0.001 -8.54 0.0
S442942 138.4817 126.3238 1.4030000000000002e-20 3.61e-20 1.794e-19 0.0 -7.94 0.0
S442943 145.2993 125.2925 1.746e-14 1.428e-14 7.03e-15 0.002 -8.56 0.0
S442944 146.6693 121.1576 1.381e-19 3.105e-19 1.197e-18 0.0 -9.07 0.0
S442945 144.5271 123.9398 7.15e-19 1.419e-18 4.016e-18 0.0 -8.56 0.0
S442949 143.7842 120.0721 1.681e-18 1.137e-18 3.885e-19 0.002 -9.02 0.0
S442951 143.4847 119.117 2.616e-16 3.06e-16 3.057e-16 0.001 -9.43 0.0
S442952 143.0677 127.3432 2.92e-16 3.445e-16 3.591e-16 0.002 -9.09 0.0
S442953 146.4406 127.5339 8.389e-18 1.358e-17 2.587e-17 0.002 -9.38 0.0
S442954 143.6728 122.118 7.612e-15 1.66e-14 5.934e-14 0.0 -8.77 0.0
S442955 142.056 123.2501 1.9210000000000002e-20 5.484000000000001e-20 3.511e-19 0.0 -8.67 0.0
S442956 140.3514 124.2971 4.707e-20 1.235e-19 6.642e-19 0.0 -8.46 0.0
S442957 144.624 126.4963 6.045e-17 8.145e-17 1.124e-16 0.001 -8.35 0.0
S442959 139.5396 123.6839 1.24e-19 3.052e-19 1.391e-18 0.0 -9.71 0.0
S442960 145.8798 121.8547 8.665e-19 1.715e-18 5.174e-18 0.001 -8.48 0.0
S442961 146.4562 120.2092 1.3099999999999999e-23 8.133999999999999e-23 2.752e-21 0.0 -9.43 0.0
S442962 144.8339 120.8655 8.216e-16 8.86e-16 7.781e-16 0.002 -9.88 0.0
S442963 145.2561 122.9298 8.414e-21 2.488e-20 1.686e-19 0.002 -8.3 0.0
S442964 141.3121 122.3062 1.8070000000000002e-20 5.2330000000000006e-20 3.433e-19 0.0 -9.29 0.0
S442965 144.0516 123.5324 1.891e-18 3.478e-18 8.559e-18 0.0 -9.89 0.0
S442966 139.8888 126.5097 1.253e-18 2.41e-18 6.628e-18 0.002 -8.92 0.0
S442968 140.4636 120.518 3.135e-19 6.969e-19 2.579e-18 0.0 -9.03 0.0
S442969 141.495 121.305 8.569000000000001e-20 2.025e-19 8.59e-19 0.0 -9.83 0.0
S442970 140.7711 122.3714 1.086e-17 1.648e-17 2.844e-17 0.002 -8.83 0.0
S442971 139.4169 123.5196 9.045e-17 1.21e-16 1.539e-16 0.001 -8.42 0.0
S442973 143.5261 124.8397 6.527e-15 1.298e-14 3.778e-14 0.0 -8.26 0.0
S442974 140.4118 125.8222 1.311e-15 1.368e-15 1.091e-15 0.0 -9.51 0.0
S442975 146.9974 122.4913 9.962e-15 1.979e-14 6.067e-14 0.002 -8.89 0.0
S442977 149.6291 123.1067 2.669e-16 3.262e-16 3.603e-16 0.001 -8.62 0.0
S442979 146.9112 123.8837 7.819e-20 1.951e-19 9.494e-19 0.0 -8.0 0.0
S442980 144.5492 124.507 1.797e-21 5.828e-21 5.009e-20 0.0 -9.67 0.0
S442981 145.3384 123.198 7.991e-18 1.309e-17 2.539e-17 0.0 -8.95 0.0
S442982 149.5639 123.6047 1.404e-14 1.915e-14 2.629e-14 0.0 -8.0 0.0
S442984 144.8515 122.4246 1.027e-19 2.101e-19 6.794e-19 0.0 -9.64 0.0
S442986 144.3027 122.1021 1.7310000000000002e-20 4.74e-20 2.703e-19 0.002 -9.02 0.0
S442987 141.4802 121.0038 9.101e-17 1.175e-16 1.44e-16 0.0 -9.36 0.0
S442989 147.967 127.4812 1.385e-15 1.483e-15 1.197e-15 0.001 -8.5 0.0
S442990 145.355 122.8258 1.314e-21 5.157e-21 6.315e-20 0.001 -8.71 0.0
S442991 142.766 121.5539 3.508e-21 1.1550000000000001e-20 9.997000000000001e-20 0.001 -8.87 0.0
S442992 147.2792 119.5472 9.69e-19 1.978e-18 6.452e-18 0.0 -9.66 0.0
S442993 139.4221 124.6373 1.141e-18 2.269e-18 6.607e-18 0.001 -8.01 0.0
S442994 143.8876 126.2598 7.529e-15 1.61e-14 5.614e-14 0.0 -9.03 0.0
S442995 145.0505 119.4121 4.009e-20 1.139e-19 7.066e-19 0.0 -9.84 0.0
S442997 148.5557 124.1656 9.968e-15 1.845e-14 4.88e-14 0.0 -8.87 0.0
S443002 143.5668 128.64 5.477e-16 5.946e-16 5.273e-16 0.001 -8.75 0.0
S443003 141.1282 125.3429 6.498e-18 1.085e-17 2.286e-17 0.0 -9.08 0.0
S443005 144.7282 122.9848 4.2800000000000006e-20 1.197e-19 7.378e-19 0.0 -9.26 0.0
S443006 142.6214 125.029 9.94e-17 1.371e-16 1.906e-16 0.001 -8.85 0.0
S443007 145.1733 125.2739 2.05e-16 2.409e-16 2.457e-16 0.002 -9.46 0.0
S443008 142.6342 120.9465 1.437e-14 1.308e-14 7.969e-15 0.002 -8.22 0.0
S443009 144.8486 125.8219 7.878e-17 1.083e-16 1.509e-16 0.002 -8.81 0.0
S443010 137.932 122.8754 2.969e-18 5.826e-18 1.687e-17 0.001 -8.76 0.0
S443013 145.4725 123.5847 5.158e-18 9.121e-18 2.109e-17 0.0 -9.62 0.0
S443014 147.0072 127.506 5.956e-15 5.558e-15 3.403e-15 0.002 -8.85 0.0
S443015 145.2392 126.3977 6.8e-11 4.567e-11 1.467e-11 0.0 -7.99 0.0
S443018 146.29 127.2985 1.462e-19 3.847e-19 1.999e-18 0.001 -8.08 0.0
S443019 142.8584 124.1403 6.959e-23 3.4779999999999996e-22 7.468e-21 0.001 -9.03 0.0
S443020 143.7297 121.6834 1.01e-18 1.867e-18 4.675e-18 0.001 -8.53 0.0
S443022 145.3243 125.9226 1.701e-11 1.115e-11 3.467e-12 0.0 -8.7 0.0
S443023 149.1244 124.7594 1.414e-16 1.778e-16 2.065e-16 0.001 -9.17 0.0
S443024 140.8893 127.4218 2.266e-16 2.703e-16 2.843e-16 0.001 -9.28 0.0
S443025 146.6107 123.6544 4.387e-17 6.17e-17 8.966e-17 0.0 -9.23 0.0
S443026 149.2597 123.5438 7.462e-18 1.245e-17 2.552e-17 0.001 -8.63 0.0
S443027 143.687 123.8328 4.301e-21 1.2810000000000001e-20 9.218e-20 0.0 -8.13 0.0
S443028 140.6841 125.176 4.53e-15 4.257e-15 2.702e-15 0.0 -8.28 0.0
S443029 144.781 121.4901 3.481e-21 1.194e-20 1.114e-19 0.0 -9.43 0.0
S443031 142.6099 125.2436 1.46e-19 3.272e-19 1.243e-18 0.001 -8.78 0.0
S443032 146.7101 124.4257 1.891e-18 3.765e-18 1.132e-17 0.0 -8.37 0.0
S443033 145.5309 122.7648 1.896e-16 2.392e-16 2.725e-16 0.001 -8.53 0.0
S443034 141.3735 121.0833 8.785e-19 1.669e-18 4.453e-18 0.002 -8.55 0.0
S443035 144.3845 125.6265 1.011e-18 7.151e-19 2.487e-19 0.0 -8.38 0.0
S443036 140.7015 121.3593 2.141e-17 3.264e-17 5.482e-17 0.0 -9.42 0.0
S443037 141.8444 125.0406 4.428e-17 6.184e-17 8.687e-17 0.0 -9.05 0.0
S443038 144.9532 126.3616 3.843e-15 5.497e-15 7.911e-15 0.001 -7.82 1.0
S443039 142.3591 121.8276 1.05e-17 1.644e-17 3.048e-17 0.0 -9.0 0.0
S443040 146.463 127.7223 1.02e-16 1.335e-16 1.63e-16 0.0 -8.92 0.0
S443042 141.0058 121.9085 1.411e-19 3.096e-19 1.146e-18 0.002 -9.54 0.0
S443043 147.3627 124.6329 1.19e-17 1.852e-17 3.265e-17 0.001 -8.6 0.0
S443044 143.9629 126.4934 2.927e-16 3.585e-16 3.984e-16 0.0 -8.46 0.0
S443045 147.4944 121.8374 3.642e-17 5.247e-17 8.351e-17 0.0 -9.55 0.0
S443046 139.8354 123.1741 2.695e-14 7.032e-14 3.613e-13 0.0 -8.58 1.0
S443047 144.6629 123.2796 6.491e-20 1.745e-19 9.58e-19 0.0 -9.56 0.0
S443048 138.525 125.2556 7.268e-17 9.414e-17 1.122e-16 0.002 -8.12 0.0
S443051 139.0224 122.2019 7.952e-17 1.021e-16 1.281e-16 0.001 -8.94 0.0
S443052 146.2101 120.5311 8.647e-21 2.5280000000000002e-20 1.629e-19 0.0 -9.57 0.0
S443053 141.563 122.9893 1.47e-19 3.349e-19 1.279e-18 0.002 -8.64 0.0
S443054 143.1727 126.416 2.172e-14 4.853e-14 1.814e-13 0.001 -9.04 1.0
S443055 143.1295 121.6018 3.799e-17 5.351e-17 7.938e-17 0.0 -8.49 0.0
S443056 144.9997 119.8425 9.173e-19 6.506e-19 2.304e-19 0.0 -8.26 0.0
S443057 143.7481 126.5594 2.718e-20 7.197e-20 4.104e-19 0.0 -9.01 0.0
S443058 147.4276 121.2369 1.58e-18 1.08e-18 3.631e-19 0.0 -9.43 0.0
S443059 142.8703 124.6373 9.05e-16 9.558e-16 7.733e-16 0.002 -8.57 0.0
S443060 141.2849 122.2687 2.283e-16 2.814e-16 3.068e-16 0.002 -8.14 0.0
S443061 140.818 124.2229 8.419e-17 1.133e-16 1.458e-16 0.002 -8.1 0.0
S443062 146.0859 122.5397 2.543e-20 5.889e-20 2.491e-19 0.001 -9.12 0.0
S443064 141.2806 123.0495 7.324e-18 1.174e-17 2.308e-17 0.001 -9.03 0.0
S443065 142.6413 122.7729 2.577e-15 2.521e-15 1.73e-15 0.0 -8.6 0.0
S443066 145.052 122.1837 1.552e-19 3.57e-19 1.446e-18 0.0 -9.82 0.0
S443067 145.5414 126.3053 1.367e-19 3.7e-19 2.135e-18 0.001 -9.26 1.0
S443068 144.3515 120.7189 5.32e-20 1.157e-19 4.136e-19 0.001 -8.5 0.0
S443070 141.3988 125.9315 9.838000000000001e-20 2.313e-19 1.006e-18 0.0 -8.72 0.0
S443071 142.2719 121.9476 6.709e-19 1.338e-18 3.983e-18 0.002 -8.42 0.0
S443072 142.7892 124.8261 1.573e-19 3.671e-19 1.482e-18 0.002 -9.11 0.0
S443073 142.6273 121.8363 3.486e-24 2.27e-23 8.021999999999999e-22 0.001 -8.89 0.0
S443074 140.4166 120.8197 1.727e-17 2.771e-17 5.284e-17 0.001 -8.78 0.0
S443075 146.6603 124.5415 5.51e-23 2.9139999999999996e-22 6.911e-21 0.0 -8.47 0.0
S443076 145.3628 124.6831 5.169e-15 4.678e-15 2.812e-15 0.0 -9.23 0.0
S443078 146.7926 120.0954 3.767e-19 7.841e-19 2.609e-18 0.0 -9.05 0.0
S443079 146.147 126.21 5.611e-19 4.253e-19 1.817e-19 0.0 -8.08 0.0
S443080 142.9807 123.0776 1.514e-19 3.21e-19 1.117e-18 0.0 -8.52 0.0
S443081 143.164 121.3218 1.508e-18 1.026e-18 3.441e-19 0.002 -8.43 0.0
S443082 146.098 119.0034 5.078e-19 1.002e-18 2.94e-18 0.002 -9.04 0.0
S443083 143.3696 122.4111 4.852e-11 3.244e-11 1.044e-11 0.0 -8.16 0.0
S443084 145.8018 122.4214 2.447e-14 5.895e-14 2.608e-13 0.001 -8.61 1.0
S443085 145.1186 121.989 1.551e-14 2.555e-14 5.081e-14 0.0 -9.0 0.0
S443086 139.8732 123.6493 1.928e-19 4.586e-19 1.978e-18 0.001 -8.79 0.0
S443087 146.28 127.2674 6.53e-17 8.608e-17 1.121e-16 0.0 -8.43 0.0
S443088 146.2829 120.2512 2.174e-16 2.711e-16 3.101e-16 0.002 -9.55 0.0
S443089 146.7131 126.3597 1.2e-21 4.004e-21 3.4760000000000003e-20 0.0 -7.91 0.0
S443090 139.212 123.3714 1.157e-14 1.812e-14 3.414e-14 0.0 -8.8 0.0
S443091 146.9284 120.74 1.114e-15 1.2e-15 1.025e-15 0.0 -8.9 0.0
S443092 147.8826 121.9481 4.639e-19 9.992e-19 3.491e-18 0.002 -9.73 0.0
S443093 142.3355 122.8972 3.018e-16 3.765e-16 4.354e-16 0.0 -9.75 0.0
S443094 149.4654 124.1253 1.019e-15 1.118e-15 9.851e-16 0.0 -9.19 0.0
S443095 142.3926 124.2873 1.18e-14 9.921e-15 4.914e-15 0.001 -8.72 0.0
S443096 139.5615 127.3028 3.54e-23 1.8099999999999998e-22 3.95e-21 0.0 -8.28 0.0
S443097 147.6054 122.8975 7.424e-19 1.325e-18 3.163e-18 0.0 -9.07 0.0
S443098 140.5949 127.5478 1.266e-18 8.692e-19 3.014e-19 0.0 -8.31 0.0
S443099 142.0415 125.6707 6.612e-17 8.672e-17 1.096e-16 0.002 -9.58 0.0
S443100 147.0951 119.94 2.5830000000000002e-21 8.299000000000001e-21 6.743e-20 0.0 -8.27 0.0
S443101 143.8851 122.8762 8.258e-19 5.791e-19 2.038e-19 0.0 -9.42 0.0
S443102 143.5523 121.4922 6.624999999999999e-22 2.504e-21 2.9860000000000003e-20 0.0 -8.82 0.0
S443103 142.614 126.1971 2.285e-11 1.499e-11 4.737e-12 0.0 -8.98 0.0
S443104 140.6695 126.3052 4.387e-11 2.961e-11 9.308e-12 0.001 -8.87 0.0
S443105 144.2296 126.0175 2.252e-15 2.299e-15 1.71e-15 0.002 -8.0 0.0
S443106 138.7286 123.8637 6.572e-10 5.198e-10 2.36e-10 0.002 -8.9 1.0
S443107 140.5551 122.9346 1.055e-18 7.275e-19 2.518e-19 0.0 -9.62 0.0
S443108 142.8082 122.0735 2.166e-18 4.14e-18 1.126e-17 0.0 -8.47 0.0
S443110 143.4692 123.6653 8.771e-21 2.2070000000000002e-20 1.09e-19 0.002 -8.35 0.0
S443111 146.0668 127.7329 3.39e-16 4.061e-16 4.03e-16 0.002 -8.13 0.0
S443113 140.3301 121.8574 4.136e-19 8.549e-19 2.771e-18 0.0 -8.41 0.0
S443114 143.9218 122.6299 2.2200000000000003e-20 5.463000000000001e-20 2.655e-19 0.0 -9.5 0.0
S443115 142.2025 124.3397 3.573e-20 1.06e-19 7.542e-19 0.001 -9.52 0.0
S443116 145.4917 119.3841 1.047e-18 7.42e-19 2.622e-19 0.0 -9.22 0.0
