Name Equatorial Polar BlueF GreenF RedF Parallax RadialVelocity Variable?
S142515 150.2981 7.8462 3.607e-22 8.390999999999999e-22 3.458e-21 0.0 88.15 0.0
S142516 150.2114 7.9035 2.136e-12 1.782e-12 9.273e-13 0.0 90.76 1.0
S142517 150.1837 7.8569 4.926e-19 6.298e-19 7.526e-19 0.0 88.08 0.0
S142518 150.1738 7.8626 1.356e-20 2.4680000000000003e-20 6.175e-20 0.0 88.06 0.0
S142519 150.1482 7.9067 1.8309999999999997e-22 5.345e-22 3.637e-21 0.0 90.86 0.0
S142520 150.2669 7.8873 5.949000000000001e-20 8.899000000000001e-20 1.439e-19 0.0 90.4 0.0
S142521 150.1628 7.9082 4.069e-21 8.067e-21 2.5030000000000003e-20 0.0 91.35 0.0
S142522 150.2184 7.8704 4.363e-17 3.855e-17 2.254e-17 0.0 89.35 0.0
S142523 149.9524 7.9749 2.773e-23 9.724e-23 9.402999999999999e-22 0.0 90.72 0.0
S142524 150.2578 7.8591 5.0970000000000004e-20 8.501000000000001e-20 1.73e-19 0.0 89.03 0.0
S142525 150.1805 7.8931 1.72e-21 3.5960000000000004e-21 1.2460000000000002e-20 0.0 90.81 0.0
S142526 150.4457 7.8073 1.501e-21 3.612e-21 1.6300000000000002e-20 0.0 87.49 0.0
S142527 150.3182 7.8486 1.6600000000000001e-21 3.672e-21 1.376e-20 0.0 87.94 0.0
S142528 150.3675 7.8104 4.666e-19 6.669e-19 1.009e-18 0.0 88.35 0.0
S142529 150.2617 7.8697 3.579e-22 8.597999999999999e-22 3.906e-21 0.0 88.42 0.0
S142530 150.2228 7.9012 1.448e-22 4.343999999999999e-22 3.022e-21 0.0 90.89 0.0
S142531 150.268 7.854 7.734e-19 9.779e-19 1.191e-18 0.0 88.11 0.0
S142532 150.3085 7.8507 9.634e-19 1.238e-18 1.498e-18 0.0 88.42 0.0
S142533 150.2455 7.8662 2.318e-19 3.32e-19 4.982e-19 0.001 88.65 0.0
S142534 150.3203 7.8671 4.913e-21 9.319e-21 2.4790000000000003e-20 0.0 88.44 0.0
S142535 150.1673 7.8801 6.601e-18 7.208e-18 6.015e-18 0.0 89.9 0.0
S142536 150.2544 7.8884 6.92e-22 1.53e-21 5.838e-21 0.0 90.42 0.0
S142537 150.1418 7.9043 1.754e-26 1.212e-25 5.154e-24 0.0 90.06 0.0
S142538 150.3065 7.8425 4.159e-14 2.734e-14 8.513e-15 0.0 87.97 0.0
S142539 150.002 7.9803 1.9519999999999999e-22 4.59e-22 1.912e-21 0.0 91.36 0.0
S142540 150.2366 7.87 1.192e-23 4.059e-23 3.7659999999999995e-22 0.0 89.35 0.0
S142541 150.2954 7.8328 1.305e-21 2.922e-21 1.1120000000000001e-20 0.0 88.48 0.0
S142542 150.5058 7.7577 4.529e-18 5.275e-18 5.188e-18 0.0 87.51 0.0
S142543 150.1611 7.8696 2.224e-19 3.174e-19 4.853e-19 0.0 89.78 0.0
S142544 150.1655 7.8924 2.4529999999999996e-22 5.804e-22 2.522e-21 0.0 90.81 0.0
S142545 150.071 7.909 3.721e-23 1.1859999999999998e-22 9.628e-22 0.0 90.62 0.0
S142546 150.4491 7.7603 1.031e-18 1.347e-18 1.656e-18 0.0 87.55 0.0
S142547 150.1784 7.8843 1.1969999999999998e-22 3.223e-22 1.844e-21 0.001 90.59 0.0
S142548 150.2665 7.8629 1.177e-17 1.229e-17 9.884e-18 0.0 89.27 0.0
S142549 150.3877 7.8212 6.564e-19 8.198e-19 9.146e-19 0.0 87.56 0.0
S142550 150.2368 7.8613 4.356e-19 6.068e-19 9.008e-19 0.0 88.43 0.0
S142551 149.7282 8.1021 4.0359999999999996e-24 1.4499999999999998e-23 1.5009999999999998e-22 0.0 91.56 0.0
S142552 150.1887 7.874 2.768e-19 3.769e-19 5.174e-19 0.0 89.88 0.0
S142553 150.4183 7.8249 6.512e-21 1.28e-20 3.721e-20 0.0 88.04 0.0
S142554 150.1821 7.8918 2.5450000000000002e-20 4.6060000000000005e-20 1.18e-19 0.0 90.9 0.0
S142555 150.228 7.8745 2.5879999999999997e-22 5.749999999999999e-22 2.171e-21 0.0 90.82 0.0
S142556 150.0086 7.9623 7.685e-17 6.613e-17 3.629e-17 0.0 91.55 0.0
S142557 150.2423 7.8634 1.574e-18 1.918e-18 2.045e-18 0.001 88.69 0.0
S142558 150.1857 7.8773 8.096e-17 7.102e-17 4.013e-17 0.0 89.92 0.0
S142559 150.2391 7.8598 3.0689999999999996e-22 8.062e-22 4.152e-21 0.0 88.86 0.0
S142560 150.1769 7.9057 6.791e-21 4.764e-21 1.658e-21 0.0 91.24 0.0
S142561 150.2819 7.8835 3.12e-19 4.592e-19 7.084e-19 0.0 89.9 0.0
S142562 150.1479 7.9468 5.912e-19 7.681e-19 9.843e-19 0.0 90.51 0.0
S142563 150.1198 7.9066 7.055e-19 8.818e-19 1.04e-18 0.0 90.51 0.0
S142564 150.2267 7.8711 7.343e-23 1.8679999999999997e-22 9.357e-22 0.0 89.25 0.0
S142565 149.6373 8.1057 8.44e-18 8.697e-18 6.675e-18 0.0 91.15 0.0
S142566 150.2722 7.8508 9.907999999999999e-22 2.4340000000000002e-21 1.1900000000000001e-20 0.0 89.09 0.0
S142567 150.3992 7.7923 1.4e-21 3.154e-21 1.2050000000000001e-20 0.0 87.49 0.0
S142568 149.647 8.1044 2.4459999999999996e-22 7.011999999999999e-22 4.575e-21 0.0 91.6 0.0
S142569 150.2591 7.866 5.706e-21 1.156e-20 3.6400000000000005e-20 0.0 89.07 0.0
S142570 150.2696 7.8689 8.487e-18 8.654e-18 6.725e-18 0.0 88.17 0.0
S142571 150.4952 7.7823 2.3900000000000002e-20 3.927e-20 7.921000000000001e-20 0.0 87.8 0.0
S142572 150.0926 7.8904 7.19e-19 9.019e-19 1.016e-18 0.0 90.48 0.0
S142573 150.3041 7.8505 8.495e-18 8.813e-18 7.01e-18 0.001 88.65 0.0
S142574 150.3388 7.8372 1.134e-18 1.402e-18 1.62e-18 0.0 88.49 0.0
S142575 150.1246 7.899 1.958e-21 4.2380000000000004e-21 1.4890000000000002e-20 0.0 90.34 0.0
S142576 150.2736 7.8717 1.58e-19 2.433e-19 4.318e-19 0.0 88.17 0.0
S142577 150.3536 7.8445 1.428e-16 2.274e-16 4.188e-16 0.0 87.68 0.0
S142578 149.8546 8.0209 2.312e-17 4.219e-17 1.058e-16 0.0 91.07 0.0
S142579 150.3599 7.8247 4.308e-17 8.843e-17 2.847e-16 0.0 88.25 0.0
S142580 150.207 7.9059 8.695e-18 8.911e-18 6.462e-18 0.0 90.92 0.0
S142581 150.2591 7.8585 8.279e-21 1.598e-20 4.547e-20 0.0 88.11 0.0
S142582 150.3527 7.8458 3.732e-21 7.12e-21 1.928e-20 0.0 88.12 0.0
S142583 150.2778 7.8779 2.901e-19 4.248e-19 6.845e-19 0.0 89.54 0.0
S142584 150.1021 7.9255 8.626e-23 2.2829999999999997e-22 1.2260000000000001e-21 0.0 90.66 0.0
S142585 150.415 7.8114 2.603e-19 3.805e-19 5.833e-19 0.0 87.43 0.0
S142586 150.1908 7.8724 6.657e-17 1.038e-16 1.884e-16 0.0 89.81 0.0
S142587 150.1716 7.924 1.749e-21 4.093e-21 1.757e-20 0.0 90.17 0.0
S142588 150.2226 7.8685 5.559e-21 3.932e-21 1.427e-21 0.0 89.29 0.0
S142589 149.8377 8.0293 4.255e-18 4.526e-18 3.687e-18 0.0 91.51 0.0
S142590 150.113 7.9134 2.042e-20 3.8200000000000004e-20 1.016e-19 0.0 91.46 0.0
S142591 150.2129 7.8633 1.273e-17 2.13e-17 4.454e-17 0.0 88.99 0.0
S142592 150.3856 7.8966 1.942e-21 4.335e-21 1.646e-20 0.0 89.55 0.0
S142593 150.1924 7.8702 4.382e-18 4.775e-18 4.157e-18 0.0 89.46 0.0
S142594 150.2719 7.8706 5.455999999999999e-23 1.507e-22 9.319e-22 0.0 88.44 0.0
S142595 150.2487 7.8765 5.668e-21 1.1070000000000001e-20 3.201e-20 0.0 89.55 0.0
S142596 149.7085 8.0958 6.197e-21 1.2140000000000001e-20 3.65e-20 0.0 91.48 0.0
S142597 150.3381 7.8107 6.83e-19 9.149e-19 1.188e-18 0.0 87.42 0.0
S142598 150.2921 7.8783 3.623e-22 8.895999999999999e-22 4.129e-21 0.0 90.16 0.0
S142599 150.3197 7.8332 3.773e-21 7.774e-21 2.536e-20 0.0 87.94 0.0
S142600 150.1942 7.9327 1.504e-19 2.306e-19 4.002e-19 0.0 90.45 0.0
S142601 150.148 7.8964 1.8610000000000003e-20 3.422e-20 8.773e-20 0.0 91.03 0.0
S142602 150.1851 7.8881 9.939e-17 8.433e-17 4.274e-17 0.0 89.87 0.0
S142603 150.1799 7.8162 5.591e-28 5.8899999999999995e-27 5.529e-25 0.0 88.65 0.0
S142604 150.0842 7.8986 6.123e-21 1.2570000000000001e-20 3.9980000000000006e-20 0.0 90.92 0.0
S142605 150.1181 7.9024 9.491e-19 1.152e-18 1.239e-18 0.0 90.88 0.0
S142606 150.2467 7.8416 1.197e-21 2.911e-21 1.3550000000000001e-20 0.0 87.89 0.0
S142607 150.4865 7.7986 9.468e-18 1.03e-17 8.607e-18 0.0 87.39 0.0
S142608 149.8198 8.0779 1.6630000000000001e-21 3.732e-21 1.38e-20 0.0 91.53 0.0
S142609 150.1704 7.9218 5e-21 3.574e-21 1.319e-21 0.0 90.88 0.0
S142610 150.3823 7.8296 9.664e-17 1.557e-16 3.089e-16 0.0 88.04 0.0
S142611 150.0528 7.9402 1.17e-19 1.743e-19 2.886e-19 0.0 90.99 0.0
S142612 150.2094 7.8887 4.179e-24 1.5539999999999998e-23 1.7119999999999997e-22 0.0 90.63 0.0
S142613 150.1863 7.873 1.1460000000000001e-26 8.268000000000001e-26 3.625e-24 0.0 89.72 0.0
S142614 150.3885 7.8028 8.37e-21 5.628e-21 1.919e-21 0.0 87.51 0.0
S142615 150.2056 7.8768 2.6919999999999997e-22 7.7039999999999995e-22 4.994e-21 0.0 90.71 0.0
S142616 150.2168 7.8934 1.961e-24 7.949e-24 1.113e-22 0.0 90.9 0.0
S142617 150.2697 7.8424 3.748e-19 4.907e-19 5.942e-19 0.0 87.8 0.0
S142618 150.0591 7.9184 8.578e-23 2.3729999999999997e-22 1.407e-21 0.0 91.45 0.0
S142619 150.211 7.8955 7.377e-17 6.419e-17 3.551e-17 0.0 90.91 0.0
S142620 150.2724 7.8289 6.177e-19 7.756e-19 9.221e-19 0.0 88.53 0.0
S142621 149.917 7.9802 1.727e-18 2.033e-18 2.037e-18 0.0 91.03 0.0
S142622 150.0219 7.9212 1.9949999999999998e-22 5.391e-22 3.111e-21 0.0 90.67 0.0
S142623 150.1699 7.9188 1.34e-19 1.977e-19 3.133e-19 0.0 90.65 0.0
S142624 150.0244 7.972 7.457e-23 2.191e-22 1.45e-21 0.0 91.4 0.0
S142625 150.2066 7.8683 1.5199999999999998e-23 5.085e-23 4.431999999999999e-22 0.0 89.4 0.0
S142626 150.0993 7.9159 1.84e-19 2.771e-19 4.545e-19 0.0 90.94 0.0
S142627 150.212 7.8928 1.7289999999999999e-22 4.6279999999999995e-22 2.574e-21 0.0 90.21 0.0
S142628 150.2066 7.8305 1.819e-17 1.846e-17 1.344e-17 0.0 88.97 0.0
S142629 150.2832 7.8305 4.548e-20 7.432000000000001e-20 1.48e-19 0.0 88.34 0.0
S142630 149.9827 7.9853 3.964e-17 8.259e-17 2.717e-16 0.0 91.45 0.0
S142631 150.3025 7.8702 2.955e-21 6.222e-21 2.07e-20 0.0 89.36 0.0
S142632 150.2433 7.8717 3.344e-23 1.0439999999999999e-22 7.719e-22 0.0 89.13 0.0
S142633 150.2018 7.8873 2.078e-21 4.644e-21 1.822e-20 0.0 89.85 0.0
S142634 149.9662 7.9539 2.267e-21 4.606e-21 1.422e-20 0.0 90.83 0.0
S142635 150.3406 7.8538 3.9819999999999995e-23 1.1309999999999999e-22 7.3769999999999995e-22 0.0 88.6 0.0
S142636 150.2691 7.8296 3.085e-23 8.357e-23 4.905999999999999e-22 0.0 87.88 0.0
S142637 150.2385 7.8766 4.966e-21 1.0360000000000001e-20 3.527e-20 0.0 90.8 0.0
S142638 150.1713 7.9554 2.055e-23 6.18e-23 4.3899999999999995e-22 0.0 90.17 0.0
S142639 150.2153 7.8591 4.2139999999999996e-22 1.0150000000000001e-21 4.651e-21 0.0 88.12 0.0
S142640 150.1843 7.8695 4.432e-18 4.87e-18 4.334e-18 0.0 88.07 0.0
S142641 150.077 7.9324 3.756e-21 7.952e-21 2.6820000000000003e-20 0.0 90.75 0.0
S142642 149.7573 8.1019 7.697999999999999e-22 1.844e-21 7.94e-21 0.0 91.25 0.0
S142643 150.2537 7.869 5.16e-21 9.574e-21 2.4410000000000003e-20 0.0 88.98 0.0
S142644 150.3041 7.847 3.985e-18 4.296e-18 3.541e-18 0.0 87.92 0.0
S142645 150.4491 7.78 8.107000000000001e-21 1.491e-20 3.824e-20 0.0 87.81 0.0
S142646 150.2109 7.9269 3.415e-20 5.939e-20 1.324e-19 0.0 91.12 0.0
S142647 150.1833 7.8706 2.5230000000000003e-20 4.4690000000000004e-20 1.032e-19 0.0 90.87 0.0
S142648 150.3131 7.8663 3.0019999999999996e-22 7.397999999999999e-22 3.472e-21 0.0 89.04 0.0
S142649 150.1567 7.8823 5.49e-21 9.919e-21 2.5630000000000002e-20 0.0 89.74 0.0
S142650 150.2874 7.8364 4.128e-17 3.758e-17 2.214e-17 0.0 88.19 0.0
S142651 149.9221 7.9778 2.97e-19 4.248e-19 6.22e-19 0.0 91.54 0.0
S142652 150.5549 7.7273 5.869e-19 7.514e-19 8.823e-19 0.0 87.43 0.0
S142653 150.1897 7.8587 6.67e-21 4.577e-21 1.57e-21 0.0 88.71 0.0
S142654 150.2802 7.8622 4.405e-19 6.008e-19 8.522e-19 0.0 88.58 0.0
S142655 150.266 7.8653 1.854e-18 2.143e-18 2.082e-18 0.0 88.17 0.0
S142656 150.2436 7.8443 2.6899999999999996e-22 6.034999999999999e-22 2.246e-21 0.001 88.24 0.0
S142657 150.2119 7.887 5.958e-23 1.697e-22 1.066e-21 0.0 90.39 0.0
S142658 150.2231 7.8749 2.2989999999999997e-22 5.614e-22 2.602e-21 0.0 90.81 0.0
S142659 150.0562 7.9245 6.551e-17 1.253e-16 3.571e-16 0.0 91.48 0.0
S142660 149.6875 8.1451 1.2159999999999998e-22 2.932e-22 1.371e-21 0.0 91.54 0.0
S142661 150.2304 7.8425 1.656e-21 3.645e-21 1.3290000000000002e-20 0.0 88.69 0.0
S142662 150.0763 7.9496 6.395e-21 4.482e-21 1.6e-21 0.0 91.27 0.0
S142663 150.2648 7.8723 4.579e-17 8.304e-17 1.964e-16 0.0 89.1 0.0
S142664 150.1533 7.7954 1.641e-22 4.294e-22 2.197e-21 0.0 89.08 0.0
S142665 150.1717 7.9257 4.294e-18 4.53e-18 3.736e-18 0.0 91.01 0.0
S142666 150.2839 7.8433 3.7979999999999996e-22 9.681e-22 5.1e-21 0.0 87.75 0.0
S142667 150.1403 7.9196 2.957e-23 9.933999999999999e-23 8.882e-22 0.0 91.5 0.0
S142668 150.2477 7.871 3.962e-18 4.357e-18 3.666e-18 0.0 89.38 0.0
S142669 150.2527 7.8686 1.91e-17 1.875e-17 1.275e-17 0.0 89.1 0.0
S142670 150.2611 7.8593 1.713e-19 2.517e-19 3.905e-19 0.0 88.3 0.0
S142671 150.1039 7.8989 4.742e-21 1.0480000000000001e-20 3.7700000000000006e-20 0.0 89.84 0.0
S142672 150.3303 7.8098 4.38e-18 4.983e-18 4.659e-18 0.001 87.48 0.0
S142673 150.1681 7.8609 3.402e-20 5.784e-20 1.29e-19 0.0 89.3 1.0
S142674 150.518 7.725 8.741e-20 1.413e-19 2.689e-19 0.0 87.99 0.0
S142675 150.2258 7.8674 5.93e-19 8.12e-19 1.121e-18 0.0 89.33 0.0
S142676 150.1679 7.8989 1.969e-23 6.153e-23 4.7619999999999995e-22 0.0 90.57 0.0
S142677 150.2917 7.8356 3.333e-22 8.068999999999999e-22 3.7e-21 0.0 87.63 0.0
S142678 150.3307 7.8362 2.2509999999999998e-23 6.485e-23 4.370999999999999e-22 0.0 88.34 0.0
S142679 150.2976 7.8595 4.611e-19 6.248e-19 8.187e-19 0.0 89.17 0.0
S142680 150.0577 7.9648 3.1230000000000004e-20 5.51e-20 1.346e-19 0.0 91.43 0.0
S142681 150.3904 7.8131 5.875e-20 9.775000000000001e-20 2.02e-19 0.0 87.77 0.0
S142682 150.0944 7.8894 3.662e-21 7.097e-21 1.949e-20 0.0 90.24 0.0
S142683 150.3514 7.8007 9.733e-23 2.637e-22 1.501e-21 0.0 87.91 0.0
S142684 150.1039 7.9035 1.763e-21 4.223e-21 1.863e-20 0.0 90.93 0.0
S142685 150.1437 7.9029 1.278e-19 2.072e-19 4.117e-19 0.0 91.22 0.0
S142686 149.9048 7.9769 4.32e-18 4.698e-18 4.003e-18 0.0 90.93 0.0
S142687 150.255 7.8669 5.3490000000000005e-25 2.414e-24 3.884e-23 0.0 88.86 0.0
S142688 150.2113 7.8837 5.96e-21 4.248e-21 1.5530000000000001e-21 0.0 90.22 0.0
S142689 150.1498 7.8509 1.078e-16 2.127e-16 6.2e-16 0.0 89.37 0.0
S142690 150.2202 7.8754 8.308e-17 1.348e-16 2.689e-16 0.0 89.8 0.0
S142691 150.2591 7.8599 3.224e-19 4.501e-19 6.406e-19 0.0 88.21 0.0
S142692 150.2381 7.8765 5.863e-18 6.241e-18 5.136e-18 0.0 89.59 0.0
S142693 150.1651 7.8962 7.931999999999999e-22 1.73e-21 6.2230000000000004e-21 0.0 90.63 0.0
S142694 150.5667 7.7457 4.07e-27 3.4270000000000004e-26 2.065e-24 0.0 87.97 0.0
S142695 149.89 7.9505 1.234e-17 1.311e-17 1.065e-17 0.0 90.6 0.0
S142696 150.2348 7.8585 1.7860000000000002e-21 4.028e-21 1.615e-20 0.0 88.73 0.0
S142697 150.2368 7.8517 1.873e-20 3.1170000000000003e-20 6.433000000000001e-20 0.0 88.36 0.0
S142698 150.416 7.7706 3.375e-19 4.528e-19 5.919e-19 0.0 88.6 0.0
S142699 150.0742 7.9106 4.144e-23 1.2089999999999999e-22 8.291999999999999e-22 0.0 91.49 0.0
S142700 149.9458 7.9988 3.087e-21 6.442e-21 2.2100000000000002e-20 0.0 91.51 0.0
S142701 150.0329 7.9374 1.3310000000000001e-20 2.6930000000000003e-20 8.202000000000001e-20 0.0 90.96 0.0
S142702 150.2275 7.8608 1.127e-21 2.412e-21 8.621e-21 0.0 88.09 0.0
S142703 150.1993 7.8756 1.2079999999999998e-22 3.5829999999999997e-22 2.498e-21 0.0 90.73 0.0
S142704 150.1881 7.8656 5.111999999999999e-22 1.227e-21 5.373e-21 0.0 88.25 0.0
S142705 150.1909 7.869 1.211e-22 3.445e-22 2.2140000000000002e-21 0.0 89.38 0.0
S142706 150.1167 7.9526 6.818e-19 8.787e-19 1.091e-18 0.0 91.01 0.0
S142707 150.0482 7.9112 2.424e-17 2.408e-17 1.767e-17 0.0 91.35 0.0
S142708 150.0624 7.8889 6.094e-21 4.229e-21 1.465e-21 0.0 90.27 0.0
S142709 150.1646 7.8777 1.3380000000000001e-20 2.3580000000000003e-20 5.542000000000001e-20 0.0 89.88 0.0
S142710 150.1078 7.9376 1.8100000000000002e-21 3.909e-21 1.349e-20 0.0 91.17 1.0
S142711 150.1807 7.865 5.073e-18 5.802e-18 5.634e-18 0.0 89.35 0.0
S142712 150.2872 7.864 6.234e-23 1.908e-22 1.4250000000000001e-21 0.0 88.17 0.0
S142713 150.3217 7.8111 2.249e-23 7.462e-23 6.397e-22 0.0 88.43 0.0
S142714 150.3442 7.8408 1.099e-19 1.644e-19 2.7e-19 0.0 88.4 0.0
S142715 149.7775 8.1138 4.105e-21 8.264e-21 2.5310000000000002e-20 0.0 91.16 0.0
S142716 150.5348 7.7725 6.112e-21 4.243e-21 1.5e-21 0.0 88.18 0.0
S142717 149.7701 8.0397 9.546000000000001e-20 1.604e-19 3.373e-19 0.0 91.56 0.0
S142718 150.3799 7.8264 3.083e-19 4.215e-19 5.797e-19 0.0 88.81 0.0
S142719 150.4056 7.8097 4.759999999999999e-22 1.25e-21 6.84e-21 0.0 87.86 0.0
S142720 150.315 7.8478 1.516e-19 2.259e-19 3.779e-19 0.0 87.85 0.0
S142721 150.2691 7.8726 7.802e-21 1.577e-20 4.6700000000000004e-20 0.0 89.05 0.0
S142722 150.1394 7.9399 7.145e-20 1.152e-19 2.261e-19 0.0 91.19 0.0
S142723 150.0338 7.9124 1.869e-24 8.508e-24 1.421e-22 0.0 90.0 0.0
S142724 150.4772 7.747 1.4979999999999998e-22 4.1749999999999995e-22 2.494e-21 0.0 87.36 0.0
S142725 150.194 7.8827 2.556e-17 4.809e-17 1.321e-16 0.0 90.07 0.0
S142726 150.1766 7.8749 7.52e-18 7.718e-18 5.913e-18 0.0 90.79 0.0
S142727 150.4975 7.771 1.106e-20 2.1420000000000002e-20 6.023e-20 0.0 87.49 0.0
S142728 150.213 7.8665 6.025e-17 1.149e-16 3.232e-16 0.0 88.38 0.0
S142729 150.3252 7.8473 1.653e-23 5.418e-23 4.469e-22 0.0 88.16 0.0
S142730 150.2447 7.8732 2.075e-22 5.283e-22 2.793e-21 0.0 89.92 0.0
S142731 150.1152 7.9309 7.34e-21 5.025e-21 1.752e-21 0.0 89.89 0.0
S142732 150.2231 7.8681 6.125e-24 2.117e-23 2.0539999999999998e-22 0.0 89.22 0.0
S142733 150.5005 7.7896 2.857e-19 3.95e-19 5.45e-19 0.0 87.56 0.0
S142734 150.3737 7.8018 1.29e-16 1.1e-16 5.733e-17 0.0 88.45 0.0
S142735 150.2653 7.888 4.605e-23 1.3229999999999998e-22 8.507999999999999e-22 0.0 90.86 0.0
S142736 150.1758 7.8903 9.108e-21 6.1170000000000005e-21 2.0060000000000002e-21 0.0 89.88 0.0
S142737 150.3168 7.8777 1.4280000000000001e-21 2.83e-21 8.439e-21 0.0 89.5 0.0
S142738 150.2322 7.8717 2.08e-21 4.808e-21 1.936e-20 0.0 89.36 0.0
S142739 150.3619 7.8383 4.566e-21 9.795000000000001e-21 3.4760000000000003e-20 0.0 87.71 0.0
S142740 150.2204 7.8712 1.7749999999999997e-22 4.1119999999999998e-22 1.754e-21 0.0 89.43 0.0
S142741 150.5178 7.743 1.766e-20 3.321e-20 8.536000000000001e-20 0.0 87.67 0.0
S142742 150.2827 7.8771 6.113e-21 4.368e-21 1.618e-21 0.0 89.68 0.0
S142743 149.8907 8.0217 4.821e-17 8.366e-17 1.855e-16 0.0 91.11 0.0
S142744 150.3089 7.8237 2.706e-17 2.421e-17 1.411e-17 0.0 87.77 0.0
S142745 150.2792 7.9042 1.41e-19 2.01e-19 2.973e-19 0.0 89.72 0.0
S142746 150.1753 7.9097 3.258e-18 3.617e-18 3.306e-18 0.0 91.39 0.0
S142747 150.4892 7.7944 8.361e-24 2.862e-23 2.7659999999999997e-22 0.0 87.58 0.0
S142748 150.0518 7.9211 1.027e-18 1.236e-18 1.307e-18 0.0 90.28 0.0
S142749 150.2011 7.8924 2.436e-19 3.427e-19 5.136e-19 0.0 90.17 0.0
S142750 150.5259 7.7697 3.008e-18 3.511e-18 3.348e-18 0.0 88.06 0.0
S142751 150.2247 7.8788 9.594e-24 3.527e-23 3.928e-22 0.0 89.94 0.0
S142752 150.298 7.8513 3.6249999999999996e-23 1.143e-22 8.845e-22 0.0 88.7 0.0
S142753 150.2014 7.895 9.599e-13 6.445e-13 2.162e-13 0.0 90.9 0.0
S142754 150.3193 7.8853 1.043e-16 1.974e-16 5.269e-16 0.0 89.59 0.0
S142755 150.1807 7.8686 7.6180000000000005e-25 3.352e-24 5.446999999999999e-23 0.0 89.17 0.0
S142756 150.2005 7.8977 3.1589999999999996e-22 8.786e-22 5.304e-21 0.0 90.18 0.0
S142757 150.325 7.8397 6.393e-23 1.7059999999999998e-22 9.505e-22 0.0 87.76 0.0
S142758 150.2583 7.8545 2.688e-19 3.808e-19 5.633e-19 0.0 88.28 0.0
S142759 150.0858 7.9036 9.404000000000001e-21 1.6020000000000003e-20 3.527e-20 0.0 90.64 0.0
S142760 150.236 7.8449 1.268e-16 2.947e-16 1.214e-15 0.0 88.68 1.0
S142761 150.2687 7.8348 1.178e-19 1.69e-19 2.552e-19 0.0 87.65 0.0
S142762 150.2043 7.923 5.942e-22 1.508e-21 7.554e-21 0.0 90.89 0.0
S142763 150.0065 8.0262 3.111e-18 3.52e-18 3.317e-18 0.0 90.6 0.0
S142764 150.1499 7.8899 2.832e-17 5.72e-17 1.762e-16 0.001 90.7 0.0
S142765 150.379 7.8044 2.222e-20 3.9870000000000003e-20 9.427000000000001e-20 0.0 87.4 0.0
S142766 149.9331 7.9708 1e-18 1.207e-18 1.335e-18 0.0 91.0 0.0
S142767 150.2343 7.8883 8.318e-23 2.112e-22 1.066e-21 0.0 90.22 0.0
S142768 150.2364 7.8757 7.019e-17 1.138e-16 2.208e-16 0.0 90.56 0.0
S142769 150.2284 7.8618 2.136e-25 1.093e-24 2.41e-23 0.0 88.22 0.0
S142770 150.1341 7.8731 2.7e-18 2.976e-18 2.524e-18 0.0 90.45 0.0
S142771 150.2169 7.8736 1.377e-21 3.337e-21 1.497e-20 0.0 90.38 0.0
S142772 150.1185 7.9024 4.503e-19 5.721e-19 6.807e-19 0.0 90.79 0.0
S142773 150.1975 7.8736 8.822e-22 1.883e-21 6.708e-21 0.0 90.04 0.0
S142774 150.2094 7.8746 4.946e-22 1.176e-21 5.051e-21 0.0 89.71 0.0
S142775 150.4428 7.7828 2.651e-16 6.69e-16 3.3e-15 0.0 87.53 1.0
S142776 151.1135 7.5508 1.6850000000000003e-20 3.0530000000000005e-20 7.402000000000001e-20 0.0 87.43 0.0
S142777 150.2137 7.8784 9.006e-21 1.5270000000000002e-20 3.3290000000000005e-20 0.0 90.21 0.0
S142778 150.3298 7.8495 4.37e-23 1.3869999999999999e-22 1.129e-21 0.0 88.75 0.0
S142779 150.0654 7.9697 1.9130000000000003e-20 3.512e-20 9.19e-20 0.0 91.15 0.0
S142780 150.5713 7.807 1.459e-19 2.103e-19 3.291e-19 0.0 88.69 0.0
S142781 150.0606 7.9066 3.626e-27 3.2260000000000005e-26 2.186e-24 0.0 90.74 0.0
S142782 150.1685 7.8797 1.4550000000000001e-21 3.472e-21 1.473e-20 0.0 89.69 0.0
S142783 150.3148 7.8722 4.3990000000000005e-20 7.490000000000001e-20 1.571e-19 0.0 89.19 0.0
S142784 150.1695 7.9058 8.587e-21 5.853e-21 1.951e-21 0.0 91.29 0.0
S142785 150.2471 7.8637 1.4430000000000001e-21 3.084e-21 1.1120000000000001e-20 0.0 88.49 0.0
S142786 150.4348 7.7999 2.073e-12 1.488e-12 5.38e-13 0.0 87.43 0.0
S142787 150.3911 7.8267 3.427e-19 4.428e-19 5.561e-19 0.0 88.17 0.0
S142788 150.5281 7.7481 3.194e-21 6.196e-21 1.7690000000000002e-20 0.0 87.51 0.0
S142789 149.7482 8.0298 3.404e-17 3.433e-17 2.4e-17 0.0 91.49 0.0
S142790 150.2345 7.8772 1.997e-17 1.933e-17 1.326e-17 0.0 90.46 0.0
S142791 150.2748 7.8629 2.161e-22 5.357e-22 2.593e-21 0.0 88.09 0.0
S142792 150.1929 7.8386 3.117e-18 3.503e-18 3.285e-18 0.0 89.16 0.0
S142793 149.9051 7.9795 2.276e-21 5.158e-21 2.1130000000000003e-20 0.0 91.12 0.0
S142794 150.1434 7.9016 1.389e-19 2.166e-19 3.823e-19 0.0 91.22 0.0
S142795 150.5506 7.7323 1.791e-20 3.148e-20 7.484000000000001e-20 0.0 87.46 0.0
S142796 150.1556 7.9016 5.758e-21 9.92e-21 2.136e-20 0.0 91.22 0.0
S142797 150.2659 7.862 3.6e-23 1.146e-22 9.616e-22 0.0 88.17 0.0
S142798 150.2341 7.8669 3.7969999999999996e-22 9.155999999999998e-22 4.079e-21 0.0 89.1 0.0
S142799 150.2381 7.8869 1.059e-19 1.614e-19 2.687e-19 0.0 90.31 0.0
S142800 150.3108 7.8662 6.667e-23 1.9269999999999997e-22 1.251e-21 0.0 88.36 0.0
S142801 149.9768 7.9569 4.1809999999999994e-22 1.103e-21 5.98e-21 0.0 91.54 0.0
S142802 150.2097 7.8786 7.281999999999999e-22 1.7860000000000002e-21 8.3e-21 0.0 90.66 0.0
S142803 150.206 7.8698 2.6510000000000003e-20 4.417e-20 9.217000000000001e-20 0.0 88.91 0.0
S142804 150.3449 7.8619 1.106e-21 2.826e-21 1.4930000000000002e-20 0.0 88.48 0.0
S142805 150.2109 7.8708 1.0810000000000001e-20 2.108e-20 6.278e-20 0.0 89.05 0.0
S142806 150.1807 7.8829 1.001e-16 2.11e-16 7.308e-16 0.0 90.34 0.0
S142807 150.1124 7.9326 8.406e-19 1.13e-18 1.508e-18 0.0 91.24 0.0
S142808 150.1069 7.9267 1.4689999999999999e-22 3.5059999999999995e-22 1.583e-21 0.0 90.66 0.0
S142809 150.3054 7.7741 1.155e-17 1.255e-17 1.051e-17 0.0 88.7 0.0
S142810 150.2472 7.8675 7.265e-20 1.203e-19 2.493e-19 0.0 88.86 0.0
S142811 150.2136 7.8346 8.49e-22 1.994e-21 8.389e-21 0.0 89.13 0.0
S142812 150.2972 7.8239 5.794e-19 8.014e-19 1.092e-18 0.0 88.35 0.0
S142813 150.2527 7.8219 4.8880000000000006e-20 7.955e-20 1.624e-19 0.0 87.58 0.0
S142814 150.0955 7.9203 6.224999999999999e-22 1.38e-21 5.354e-21 0.0 90.99 0.0
S142815 150.2355 7.9028 1.077e-21 2.5230000000000002e-21 1.0950000000000001e-20 0.0 90.15 0.0
S142816 150.3165 7.8538 3.262e-21 6.48e-21 1.9540000000000003e-20 0.0 88.11 0.0
S142817 150.4418 7.8204 4.0750000000000005e-20 7.103e-20 1.645e-19 0.0 88.4 0.0
S142818 150.3377 7.8374 1.608e-19 2.331e-19 3.702e-19 0.0 87.67 0.0
S142819 150.2571 7.8321 2.278e-18 2.657e-18 2.647e-18 0.0 88.35 0.0
S142820 149.9295 7.9548 5.961e-21 1.225e-20 3.9300000000000005e-20 0.001 90.63 0.0
S142821 150.2637 7.8542 6.272e-21 1.2200000000000002e-20 3.486e-20 0.0 88.26 0.0
S142822 150.1746 7.8878 5.282e-21 1.1480000000000001e-20 4.2770000000000003e-20 0.0 90.33 0.0
S142823 150.2639 7.8683 1.388e-19 2.013e-19 3.191e-19 0.0 89.19 0.0
S142824 150.151 7.906 4.739e-25 2.164e-24 3.795e-23 0.0 90.44 0.0
S142825 150.288 7.8518 1.149e-21 2.758e-21 1.1860000000000001e-20 0.0 88.2 0.0
S142826 150.1984 7.8651 1.253e-18 1.561e-18 1.76e-18 0.0 88.98 0.0
S142827 150.1184 7.8356 4.293e-21 8.924e-21 2.828e-20 0.0 89.31 0.0
S142828 150.2466 7.8192 2.118e-21 4.544e-21 1.6470000000000003e-20 0.0 87.48 0.0
S142829 150.1301 7.9066 2.687e-23 8.935e-23 7.828999999999999e-22 0.0 91.19 0.0
S142830 150.2613 7.8674 2.068e-23 6.309e-23 4.431999999999999e-22 0.0 89.14 0.0
S142831 150.1612 7.9037 6.245e-19 7.883e-19 9.18e-19 0.0 91.19 0.0
S142832 150.2936 7.8428 1.683e-17 2.992e-17 6.956e-17 0.0 87.79 0.0
S142833 150.4189 7.7982 1.189e-21 2.698e-21 1.049e-20 0.0 88.12 0.0
S142834 150.2574 7.8424 7.811e-17 1.329e-16 2.806e-16 0.0 88.92 0.0
S142835 150.1433 7.8717 1.384e-23 4.4079999999999996e-23 3.5609999999999997e-22 0.0 89.76 0.0
S142836 150.3529 7.8263 5.385e-17 1.143e-16 3.899e-16 0.0 88.71 0.0
S142837 149.8518 8.0263 6.259e-20 9.886000000000001e-20 1.865e-19 0.0 91.17 0.0
S142838 150.1944 7.8696 1.116e-20 2.0780000000000003e-20 5.266e-20 0.0 88.24 0.0
S142839 150.4363 7.7833 6.34e-19 8.298e-19 1.044e-18 0.001 87.45 0.0
S142840 150.7516 7.6634 2.473e-23 7.772e-23 6.3219999999999995e-22 0.0 87.46 0.0
S142841 150.5451 7.7609 1.117e-21 2.554e-21 1.0190000000000001e-20 0.0 88.17 0.0
S142842 150.2297 7.8513 2.0889999999999999e-23 6.928e-23 6.196999999999999e-22 0.0 88.3 0.0
S142843 150.0445 7.9459 1.338e-17 1.378e-17 1.029e-17 0.0 91.56 0.0
S142844 150.2604 7.8734 5.503e-24 2.008e-23 2.1259999999999996e-22 0.0 90.36 0.0
S142845 150.222 7.9008 1.211e-22 3.0709999999999997e-22 1.5620000000000001e-21 0.0 90.48 0.0
S142846 150.2337 7.8881 4.75e-22 1.087e-21 4.457e-21 0.0 90.16 0.0
S142847 150.2097 7.8699 1.562e-24 6.76e-24 1.032e-22 0.0 89.44 0.0
S142848 150.2772 7.8578 3.851e-12 3.221e-12 1.572e-12 0.0 88.59 1.0
S142849 150.1616 7.9185 1.07e-22 3.5009999999999996e-22 2.971e-21 0.0 91.23 0.0
S142850 150.0913 7.9397 7.774e-19 1.009e-18 1.253e-18 0.0 90.72 0.0
S142851 150.4762 7.7595 4.641e-18 5.028e-18 4.471e-18 0.0 87.4 0.0
S142852 150.4543 7.7695 3.083e-21 6.2240000000000005e-21 1.9300000000000003e-20 0.0 87.39 0.0
S142853 150.3211 7.8177 1.273e-23 4.0669999999999996e-23 3.2279999999999998e-22 0.0 87.9 0.0
S142854 150.3632 7.848 2.778e-22 7.324999999999999e-22 4.097e-21 0.0 88.47 0.0
S142855 150.2886 7.8304 1.299e-20 2.4560000000000002e-20 6.834e-20 0.0 87.62 0.0
S142856 150.304 7.8824 3.79e-21 8.781e-21 3.5240000000000003e-20 0.0 89.52 0.0
S142857 150.309 7.8218 1.876e-21 3.737e-21 1.149e-20 0.0 88.07 0.0
S142858 150.3236 7.8193 1.6690000000000002e-20 2.9100000000000003e-20 6.798000000000001e-20 0.0 88.27 0.0
S142859 149.9516 7.99 7.997e-21 1.6680000000000002e-20 5.509000000000001e-20 0.0 91.27 0.0
S142860 150.2151 7.8737 1.566e-22 4.0119999999999995e-22 2.009e-21 0.0 90.04 0.0
S142861 149.851 8.0593 1.8439999999999999e-22 4.585e-22 2.213e-21 0.0 91.53 0.0
S142862 150.2042 7.8699 1.46e-18 1.729e-18 1.819e-18 0.0 88.43 0.0
S142863 150.0578 7.9681 3.9499999999999996e-23 1.191e-22 8.562999999999998e-22 0.0 90.71 0.0
S142864 150.2 7.8894 2.4660000000000002e-20 4.1240000000000004e-20 8.61e-20 0.0 90.64 0.0
S142865 150.2895 7.8076 2.4450000000000002e-20 3.933e-20 7.736000000000001e-20 0.0 88.91 0.0
S142866 150.2903 7.8643 1.543e-19 2.262e-19 3.602e-19 0.0 88.59 0.0
S142867 150.1534 7.8805 6.630999999999999e-22 1.6300000000000001e-21 7.277e-21 0.0 90.06 0.0
S142868 150.1286 7.9325 5.0710000000000003e-20 7.991000000000001e-20 1.481e-19 0.0 91.2 0.0
S142869 150.2866 7.8824 4.479e-21 9.569e-21 3.374e-20 0.0 89.61 0.0
S142870 150.2809 7.8652 1.458e-23 4.679e-23 3.764e-22 0.0 88.05 0.0
S142871 150.1359 7.8844 1.607e-21 3.74e-21 1.4850000000000002e-20 0.0 90.39 0.0
S142872 150.1977 7.8535 1.269e-16 2.09e-16 4.298e-16 0.0 89.13 0.0
S142873 150.1241 7.9174 5.682e-18 6.307e-18 5.606e-18 0.0 91.41 0.0
S142874 150.249 7.8596 2.615e-18 2.98e-18 2.878e-18 0.0 88.85 0.0
S142875 150.2718 7.8444 3.846e-22 9.131999999999999e-22 3.994e-21 0.0 88.41 0.0
S142876 150.2493 7.8539 1.3170000000000001e-20 2.591e-20 7.566e-20 0.0 88.08 0.0
S142877 150.2584 7.8591 1.3009999999999998e-22 3.4729999999999998e-22 1.924e-21 0.0 88.88 0.0
S142878 150.4667 7.8138 1.5719999999999998e-23 5.0649999999999997e-23 4.083e-22 0.0 87.39 0.0
S142879 149.8605 8.0364 2.784e-18 3.14e-18 2.786e-18 0.0 91.52 0.0
S142880 150.3863 7.8324 3.68e-19 5.207e-19 7.628e-19 0.0 87.93 0.0
S142881 150.3262 7.8683 1.343e-21 2.669e-21 8.156e-21 0.0 88.31 0.0
S142882 150.3109 7.8353 6.148000000000001e-20 9.848000000000001e-20 1.845e-19 0.001 88.79 0.0
S142883 150.3752 7.8094 2.0100000000000002e-20 3.665e-20 9.235000000000001e-20 0.0 88.37 0.0
S142884 150.3157 7.8319 1.2629999999999999e-23 4.0799999999999996e-23 3.399e-22 0.0 87.55 0.0
S142885 150.2177 7.8797 1.6809999999999998e-23 5.567e-23 5.019e-22 0.0 90.27 0.0
S142886 150.2107 7.8755 3.912e-21 8.353e-21 2.907e-20 0.0 89.85 0.0
S142887 150.2446 7.865 3.493e-18 3.742e-18 3.102e-18 0.0 88.15 0.0
S142888 150.1497 7.9041 1.122e-19 1.744e-19 3.107e-19 0.0 90.97 0.0
S142889 150.0958 7.9283 6.891e-21 4.788e-21 1.665e-21 0.0 91.38 0.0
S142890 150.0852 7.9423 5.398e-19 6.897e-19 8.122e-19 0.0 91.05 0.0
S142891 150.4496 7.8046 2.576e-22 7.072999999999999e-22 4.2e-21 0.0 87.48 0.0
S142892 150.2107 7.8844 3.536e-19 4.528e-19 5.346e-19 0.0 90.67 0.0
S142893 150.2612 7.8717 4.793e-22 1.095e-21 4.306e-21 0.0 89.34 0.0
S142894 150.0425 7.9317 7.34e-17 6.396e-17 3.517e-17 0.0 91.16 0.0
S142895 150.3652 7.8587 7.486999999999999e-22 1.807e-21 8.213e-21 0.0 89.18 0.0
S142896 150.4174 7.8117 5.326e-17 4.968e-17 3.144e-17 0.0 87.81 0.0
S142897 150.189 7.8565 1.43e-19 2.099e-19 3.466e-19 0.0 88.51 0.0
S142898 150.5828 7.7694 1.989e-21 4.142e-21 1.367e-20 0.0 88.31 0.0
S142899 150.3339 7.8601 5.606e-24 1.878e-23 1.7099999999999998e-22 0.0 88.39 0.0
S142900 150.1809 7.8645 5.162e-18 5.579e-18 4.56e-18 0.0 89.18 0.0
S142901 150.3554 7.8147 4.937e-21 9.32e-21 2.519e-20 0.0 88.07 0.0
S142902 150.3194 7.8125 2.738e-22 6.8e-22 3.256e-21 0.0 88.28 0.0
S142903 150.2309 7.8626 5.354e-25 2.453e-24 4.1349999999999996e-23 0.0 88.11 0.0
S142904 150.2404 7.8709 2.086e-18 2.367e-18 2.196e-18 0.0 88.8 0.0
S142905 150.0108 7.9715 1.479e-17 1.43e-17 9.644e-18 0.001 91.55 0.0
S142906 150.4003 7.7817 7.428999999999999e-23 2.344e-22 1.824e-21 0.0 87.82 0.0
S142907 150.1925 7.8823 5.267e-23 1.6769999999999999e-22 1.303e-21 0.0 89.91 0.0
S142908 150.1728 7.8918 1.02e-12 7.047e-13 2.351e-13 0.0 90.76 0.0
S142909 150.3446 7.8515 1.093e-21 2.725e-21 1.2710000000000001e-20 0.001 88.83 0.0
S142910 150.3015 7.8646 1.847e-24 7.809e-24 1.144e-22 0.0 89.02 0.0
S142911 150.2429 7.8661 4.3940000000000003e-20 7.653e-20 1.774e-19 0.0 89.06 0.0
S142912 150.188 7.8476 6.643e-18 7.248e-18 6.512e-18 0.0 88.04 0.0
S142913 150.4017 7.8818 5.574e-17 4.837e-17 2.708e-17 0.0 89.63 0.0
S142914 149.9512 7.8467 2.016e-12 1.403e-12 5.001e-13 0.0 88.74 0.0
S142915 150.2345 7.8474 9.884e-21 6.4970000000000004e-21 2.077e-21 0.0 88.34 0.0
S142916 150.1153 7.8991 1.13e-17 1.107e-17 7.623e-18 0.0 90.95 0.0
S142917 149.9492 7.9074 1.421e-19 2.127e-19 3.473e-19 0.0 90.97 0.0
S142918 150.3519 7.8405 3.419e-16 2.611e-16 1.12e-16 0.0 87.74 0.0
S142919 150.403 7.8638 8.065e-21 1.495e-20 4.059e-20 0.0 88.5 0.0
S142920 150.3632 7.8418 6.23e-21 4.35e-21 1.569e-21 0.0 88.0 0.0
S142921 150.1821 7.8533 5.977e-19 7.56e-19 9.143e-19 0.0 89.07 0.0
S142922 150.2599 7.8752 3.579e-19 4.437e-19 5.18e-19 0.0 89.83 0.0
S142923 150.1654 7.857 3.568e-17 3.438e-17 2.376e-17 0.0 88.26 0.0
S142924 150.154 7.8493 8.300000000000001e-20 1.34e-19 2.554e-19 0.0 87.97 0.0
S142925 150.2887 7.8666 1.925e-21 4.205e-21 1.5270000000000002e-20 0.0 89.14 0.0
S142926 150.1816 7.8708 6.147e-22 1.508e-21 7.083e-21 0.0 89.53 0.0
S142927 150.1254 7.872 1.124e-17 1.157e-17 8.794e-18 0.0 89.8 0.0
S142928 149.8896 7.8691 2.984e-23 8.688e-23 5.649999999999999e-22 0.0 90.7 0.0
S142929 150.5763 7.8984 1.012e-16 2.108e-16 6.826e-16 0.0 90.13 0.0
S142930 150.3537 7.8374 2.894e-18 3.44e-18 3.416e-18 0.0 87.73 0.0
S142931 150.3131 7.8786 8.906e-18 9.25e-18 7.242e-18 0.0 89.63 0.0
S142932 150.1355 7.8621 1.9780000000000003e-20 3.7490000000000006e-20 9.949000000000001e-20 0.0 88.32 0.0
S142933 150.2283 7.8937 5.648e-18 5.84e-18 4.549e-18 0.0 90.34 0.0
S142934 150.289 7.8958 3.339e-19 4.367e-19 5.627e-19 0.0 90.75 0.0
S142935 150.0269 7.8808 2.1989999999999998e-23 7.425999999999999e-23 6.998999999999999e-22 0.0 91.02 0.0
S142936 150.4879 7.86 2.37e-22 6.743e-22 4.442e-21 0.0 87.61 0.0
S142937 150.1305 7.8361 2.731e-17 6.075e-17 2.29e-16 0.0 87.89 0.0
S142938 150.091 7.846 2.163e-24 8.193999999999999e-24 9.575999999999999e-23 0.0 87.66 0.0
S142939 150.3216 7.8828 5.381e-21 1.078e-20 3.3160000000000004e-20 0.0 89.78 0.0
S142940 150.3565 7.845 8.495e-17 1.713e-16 5.167e-16 0.0 87.69 0.0
S142941 150.245 7.9128 2.353e-18 2.575e-18 2.209e-18 0.0 91.34 0.0
S142942 150.4133 7.8732 7.031e-19 9.115e-19 1.144e-18 0.0 89.0 0.0
S142943 150.0359 7.8537 4.428e-24 1.555e-23 1.5349999999999998e-22 0.0 88.41 0.0
S142944 150.2761 7.9327 4.106e-21 8.456e-21 2.7060000000000003e-20 0.0 91.33 0.0
S142945 150.3076 7.8793 1.79e-12 1.245e-12 4.279e-13 0.0 89.68 0.0
S142946 150.2392 7.8664 1.7689999999999998e-22 4.811e-22 2.911e-21 0.0 89.15 0.0
S142947 150.0925 7.8705 1.9719999999999997e-22 5.555e-22 3.396e-21 0.0 89.69 0.0
S142948 149.8816 7.8647 2.269e-19 3.189e-19 4.854e-19 0.0 90.04 0.0
S142949 150.2788 7.9089 6.539000000000001e-20 1.07e-19 2.122e-19 0.0 90.73 0.0
S142950 150.333 7.8879 8.003000000000001e-20 1.332e-19 2.674e-19 0.0 90.48 0.0
S142951 150.1937 7.8956 7.453e-17 6.257e-17 3.303e-17 0.0 90.69 0.0
S142952 150.3387 7.851 5.588e-19 7.759e-19 1.066e-18 0.0 88.29 0.0
S142953 149.9889 7.8481 1.469e-20 2.65e-20 6.596e-20 0.0 87.82 0.0
S142954 150.1464 7.8487 3.662e-17 5.581e-17 9.652e-17 0.0 88.44 0.0
S142955 149.9758 7.8873 5.623e-21 1.09e-20 3.2330000000000004e-20 0.0 91.2 0.0
S142956 150.4014 7.8658 1.013e-17 9.514e-18 5.813e-18 0.0 87.95 0.0
S142957 150.1783 7.8441 1.4e-17 1.378e-17 9.677e-18 0.0 88.3 0.0
S142958 150.5918 7.896 7.735e-17 6.869e-17 3.794e-17 0.0 90.89 0.0
S142959 150.2552 7.8128 3.2010000000000002e-21 7.049e-21 2.657e-20 0.0 87.61 0.0
S142960 150.1608 7.8892 2.275e-16 1.863e-16 9.082e-17 0.001 90.5 0.0
S142961 150.2424 7.9286 1.757e-21 3.7630000000000004e-21 1.294e-20 0.0 91.37 0.0
S142962 150.6391 7.8662 1.358e-21 3.204e-21 1.325e-20 0.0 87.49 0.0
S142963 150.4013 7.8897 3.932e-17 5.962e-17 1.069e-16 0.0 90.33 0.0
S142964 150.4481 7.8415 9.661e-17 1.886e-16 5.398e-16 0.0 87.9 0.0
S142965 150.2149 7.8754 4.457e-19 6.121e-19 8.408e-19 0.0 89.86 0.0
S142966 150.2474 7.914 5.17e-16 4.022e-16 1.69e-16 0.0 90.76 1.0
S142967 150.1109 7.8951 1.994e-16 1.671e-16 8.278e-17 0.0 90.7 0.0
S142968 150.1132 7.8745 2.939e-21 5.912e-21 1.9070000000000002e-20 0.0 89.94 0.0
S142969 150.2188 7.8546 1.009e-16 1.433e-16 2.113e-16 0.0 88.12 0.0
S142970 150.2888 7.8623 3.2239999999999995e-22 8.426999999999999e-22 4.489e-21 0.0 88.92 0.0
S142971 150.0709 7.8369 6.415e-17 1.146e-16 2.677e-16 0.0 87.52 0.0
S142972 149.9026 7.8515 8.464e-21 5.8200000000000005e-21 1.9230000000000002e-21 0.0 88.9 0.0
S142973 150.0252 7.8874 3.392e-22 8.233999999999999e-22 3.59e-21 0.0 90.67 0.0
S142974 150.287 7.8901 7.051e-18 7.689e-18 6.541e-18 0.0 90.57 0.0
S142975 150.1271 7.9211 2.644e-22 6.451999999999999e-22 2.884e-21 0.0 91.46 0.0
S142976 150.0339 7.8745 3.156e-17 2.947e-17 1.814e-17 0.0 89.91 0.0
S142977 150.4062 7.8628 1.5319999999999999e-22 4.755999999999999e-22 3.554e-21 0.0 88.37 0.0
S142978 150.2983 7.8539 2.03e-16 4.611e-16 1.835e-15 0.0 88.29 1.0
S142979 150.3242 7.8532 1.351e-21 3.057e-21 1.1900000000000001e-20 0.0 88.31 0.0
S142980 150.0464 7.8697 6.534e-21 4.519e-21 1.623e-21 0.0 89.71 0.0
S142981 150.251 7.8475 4.611e-13 3.054e-13 1.003e-13 0.0 88.4 0.0
S142982 150.2528 7.8756 3.21e-17 5.22e-17 1.014e-16 0.0 89.84 0.0
S142983 150.4916 7.9139 5.242e-18 5.842e-18 5.051e-18 0.0 90.43 0.0
S142984 150.2145 7.9006 2.458e-17 2.442e-17 1.767e-17 0.0 90.89 0.0
S142985 150.3809 7.8982 8.258e-16 6.089e-16 2.493e-16 0.0 90.85 0.0
S142986 150.3522 7.8621 9.34e-21 1.8790000000000002e-20 5.657000000000001e-20 0.0 88.92 0.0
S142987 150.4313 7.8325 6.572e-20 1.109e-19 2.394e-19 0.0 87.54 0.0
S142988 150.235 7.84 4.018e-21 7.715e-21 2.188e-20 0.0 87.75 0.0
S142989 150.3924 7.8849 1.339e-18 1.64e-18 1.798e-18 0.0 90.52 0.0
S142990 150.1361 7.8555 2.248e-19 3.326e-19 5.401e-19 0.0 88.08 0.0
S142991 150.208 7.8877 2.9780000000000004e-20 4.9030000000000005e-20 9.815000000000001e-20 0.0 90.41 0.0
S142992 150.2174 7.88 1.592e-17 1.495e-17 9.339e-18 0.0 90.01 0.0
S142993 150.4724 7.876 1.614e-13 1.061e-13 3.423e-14 0.0 88.85 0.0
S142994 150.2065 7.8833 4.507e-17 4.282e-17 2.73e-17 0.0 90.07 0.0
S142995 150.4595 7.885 1.373e-26 9.872e-26 4.398e-24 0.0 89.58 0.0
S142996 150.0374 7.9008 4.726e-19 6.189e-19 7.969e-19 0.0 90.84 0.0
S142997 150.1832 7.851 1.1409999999999998e-22 3.5319999999999997e-22 2.635e-21 0.0 88.63 0.0
S142998 150.3624 7.8655 3.174e-20 5.623e-20 1.366e-19 0.0 88.52 0.0
S142999 150.2023 7.8495 1.36e-19 2.017e-19 3.229e-19 0.0 88.43 0.0
S143000 150.3173 7.8515 3.016e-20 5.265e-20 1.195e-19 0.0 88.65 0.0
S143001 150.2118 7.8638 6.948e-21 4.8570000000000005e-21 1.718e-21 0.0 89.15 0.0
S143002 150.0192 7.8661 2.322e-17 2.234e-17 1.522e-17 0.0 89.84 0.0
S143003 150.049 7.9092 2.159e-19 2.981e-19 4.285e-19 0.0 91.42 0.0
S143004 150.2441 7.8382 2.8609999999999996e-23 8.301999999999999e-23 5.619999999999999e-22 0.0 87.96 0.0
S143005 150.1012 7.8593 1.844e-18 2.168e-18 2.244e-18 0.0 89.0 0.0
S143006 150.2048 7.8768 2.467e-19 3.632e-19 5.788e-19 0.0 90.33 0.0
S143007 150.0989 7.8692 6.835999999999999e-22 1.629e-21 7.276e-21 0.0 90.17 0.0
S143008 150.3692 7.8723 1.353e-19 1.971e-19 3.152e-19 0.0 89.14 0.0
S143009 150.0171 7.8699 3.498e-18 4.179e-18 4.239e-18 0.0 90.08 0.0
S143010 150.1575 7.8737 1.497e-19 2.257e-19 3.646e-19 0.0 89.76 0.0
S143011 150.3919 7.8693 1.0569999999999999e-22 2.94e-22 1.809e-21 0.0 88.53 0.0
S143012 150.2072 7.8719 2.543e-17 2.588e-17 1.971e-17 0.0 89.62 0.0
S143013 150.1145 7.8722 7.143e-21 4.915e-21 1.712e-21 0.0 89.81 0.0
S143014 150.5169 7.8689 1.228e-16 1.035e-16 5.387e-17 0.0 88.27 0.0
S143015 150.1775 7.8582 1.959e-21 4.033e-21 1.2670000000000001e-20 0.0 88.97 0.0
S143016 150.2442 7.8619 5.244e-17 4.714e-17 2.823e-17 0.0 88.91 0.0
S143017 150.1922 7.8866 3.085e-20 5.3660000000000005e-20 1.213e-19 0.0 90.87 0.0
S143018 150.0327 7.8996 1.413e-17 1.348e-17 8.936e-18 0.0 90.6 0.0
S143019 150.254 7.9047 1.3e-23 4.199e-23 3.5019999999999997e-22 0.0 91.07 0.0
S143020 149.9251 7.8951 4.412e-17 6.737e-17 1.176e-16 0.0 91.36 0.0
S143021 150.2103 7.9121 5.848e-21 1.2270000000000002e-20 3.9660000000000003e-20 0.0 91.4 0.0
S143022 150.3068 7.8651 4.741e-25 2.218e-24 3.942e-23 0.0 88.46 0.0
S143023 150.1455 7.8571 1.354e-19 2.04e-19 3.498e-19 0.0 88.54 0.0
S143024 150.3074 7.9242 5.83e-21 1.2710000000000001e-20 4.5980000000000006e-20 0.0 91.2 0.0
S143025 150.5158 7.8468 5.136e-17 4.646e-17 2.682e-17 0.0 87.85 0.0
S143026 150.4882 7.8567 3.505e-17 3.247e-17 2.112e-17 0.0 88.01 0.0
S143027 150.2611 7.8624 2.268e-17 2.157e-17 1.44e-17 0.0 88.91 0.0
S143028 150.1088 7.8321 1.2230000000000001e-21 2.752e-21 1.1050000000000001e-20 0.0 88.59 0.0
S143029 150.1021 7.8675 1.439e-13 9.39e-14 2.883e-14 0.0 89.58 0.0
S143030 150.5289 7.8226 8.354999999999999e-22 2.072e-21 9.925e-21 0.0 87.41 0.0
S143031 150.1547 7.8381 7.996e-23 2.1869999999999997e-22 1.305e-21 0.0 87.7 0.0
S143032 150.2642 7.8653 1.256e-21 2.8380000000000002e-21 1.1120000000000001e-20 0.0 89.12 0.0
S143033 150.2876 7.8793 5.815e-18 6.062e-18 4.823e-18 0.0 90.55 0.0
S143034 150.1059 7.8911 2.135e-18 2.43e-18 2.244e-18 0.0 90.72 0.0
S143035 150.1383 7.8309 3.982e-17 3.595e-17 2.111e-17 0.0 87.84 0.0
S143036 150.2389 7.8947 8.688e-19 1.117e-18 1.348e-18 0.0 90.87 0.0
S143037 150.4818 7.8882 2.025e-18 2.511e-18 2.75e-18 0.0 89.71 0.0
S143038 149.9153 7.8883 1.206e-22 2.955e-22 1.424e-21 0.0 91.43 0.0
S143039 150.2044 7.8791 4.335e-17 3.962e-17 2.423e-17 0.0 90.04 0.0
S143040 150.4273 7.8456 4.726e-20 7.537000000000001e-20 1.394e-19 0.0 87.58 0.0
S143041 150.1289 7.857 4.285e-17 8.784e-17 2.785e-16 0.0 88.83 0.0
S143042 150.3228 7.8606 3.146e-21 6.868e-21 2.4400000000000004e-20 0.0 88.48 0.0
S143043 150.3739 7.8888 1.059e-12 7.325e-13 2.575e-13 0.0 90.69 0.0
S143044 150.4012 7.8884 3.372e-25 1.613e-24 2.961e-23 0.0 90.2 0.0
S143045 150.488 7.9234 7.054e-22 1.759e-21 8.821000000000001e-21 0.001 91.17 0.0
S143046 150.0883 7.8851 1.4039999999999998e-22 3.7959999999999995e-22 2.218e-21 0.0 90.99 0.0
S143047 150.2207 7.8916 1.002e-19 1.516e-19 2.501e-19 0.0 90.83 0.0
S143048 150.0435 7.885 2.152e-17 4.146e-17 1.141e-16 0.0 90.48 0.0
S143049 150.4774 7.8851 4.234e-17 3.731e-17 2.092e-17 0.0 89.6 0.0
S143050 150.3399 7.8855 3.2339999999999997e-22 8.467999999999999e-22 4.477e-21 0.0 89.92 0.0
S143051 150.336 7.8567 8.72e-20 1.35e-19 2.417e-19 0.0 88.26 0.0
S143052 150.208 7.8496 3.08e-21 6.536e-21 2.219e-20 0.0 88.7 0.0
S143053 150.0735 7.8722 8.793e-22 1.962e-21 7.596000000000001e-21 0.0 89.88 0.0
S143054 150.2111 7.8806 2.031e-18 2.475e-18 2.601e-18 0.0 89.99 0.0
S143055 150.1522 7.8913 6.930000000000001e-21 4.794e-21 1.661e-21 0.0 90.68 0.0
S143056 150.1256 7.8611 1.42e-16 2.723e-16 7.639e-16 0.0 89.06 0.0
S143057 150.1159 7.8603 1.669e-12 1.292e-12 5.563e-13 0.0 88.74 1.0
S143058 150.4134 7.8836 2.621e-16 7.107e-16 3.982e-15 0.0 90.12 1.0
S143059 150.2882 7.8816 1.153e-15 8.63e-16 3.501e-16 0.0 89.92 0.0
S143060 150.3492 7.86 8.94e-16 7.048e-16 3.056e-16 0.0 88.12 1.0
S143061 150.1058 7.9016 1.191e-18 1.493e-18 1.729e-18 0.0 90.73 0.0
S143062 150.0721 7.8499 2.437e-19 3.431e-19 5.112e-19 0.0 88.88 0.0
S143063 150.2603 7.8932 8.832e-17 7.985e-17 4.606e-17 0.0 90.9 0.0
S143064 150.2227 7.8822 7.422e-19 9.515e-19 1.132e-18 0.0 90.27 0.0
S143065 150.4112 7.8659 5.984e-18 6.402e-18 5.13e-18 0.0 88.6 0.0
S143066 150.2942 7.8446 6.671999999999999e-22 1.733e-21 8.916e-21 0.0 88.37 0.0
S143067 149.9681 7.8805 1.185e-21 2.584e-21 9.297000000000001e-21 0.0 90.7 0.0
S143068 150.2259 7.8026 1.15e-16 1.011e-16 5.615e-17 0.0 87.6 0.0
S143069 150.2097 7.895 1.1149999999999999e-23 3.997e-23 4.105e-22 0.0 90.79 0.0
S143070 150.3602 7.8536 2.931e-22 7.625999999999999e-22 4.073e-21 0.0 87.95 0.0
S143071 150.2207 7.8867 4.225e-17 3.763e-17 2.125e-17 0.0 90.39 0.0
S143072 150.183 7.9023 2.49e-18 2.783e-18 2.47e-18 0.0 90.68 0.0
S143073 150.4395 7.8833 4.614e-21 9.35e-21 3.022e-20 0.0 89.61 0.0
S143074 150.3214 7.8697 8.161e-20 1.289e-19 2.466e-19 0.0 89.03 0.0
S143075 150.0655 7.868 2.5490000000000002e-20 4.5530000000000003e-20 1.132e-19 0.001 89.79 0.0
S143076 150.1265 7.8855 5.093e-22 1.341e-21 7.448e-21 0.0 90.82 0.0
S143077 150.497 7.8653 5.073e-16 3.885e-16 1.64e-16 0.0 88.41 1.0
S143078 150.2409 7.9 6.86e-17 1.2e-16 2.759e-16 0.0 91.08 0.0
S143079 150.0446 7.874 4.064e-16 3.416e-16 1.674e-16 0.0 90.74 0.0
S143080 150.3283 7.8865 4.192e-21 9.065e-21 3.1840000000000005e-20 0.0 90.9 0.0
S143081 150.3004 7.8522 1.344e-17 1.33e-17 9.298e-18 0.0 88.01 0.0
S143082 150.4128 7.8838 1.316e-18 1.713e-18 2.097e-18 0.0 89.75 0.0
S143083 150.332 7.8723 1.361e-18 1.69e-18 1.918e-18 0.0 88.4 0.0
S143084 150.1441 7.9107 7.903e-18 9.126e-18 8.816e-18 0.0 91.31 0.0
S143085 150.1553 7.8771 8.650000000000001e-25 3.798e-24 5.894e-23 0.0 89.79 0.0
S143086 150.2628 7.8727 1.775e-16 1.49e-16 7.758e-17 0.0 89.37 0.0
S143087 150.0936 7.8884 8.557e-19 1.029e-18 1.138e-18 0.0 90.74 0.0
S143088 150.3343 7.8895 3.951e-18 4.23e-18 3.544e-18 0.0 90.46 0.0
S143089 150.1639 7.8587 2.617e-16 2.085e-16 9.446e-17 0.0 88.7 0.0
S143090 150.2548 7.9063 2.355e-21 4.5240000000000004e-21 1.3150000000000002e-20 0.0 91.29 0.0
S143091 150.008 7.8557 1.236e-18 1.442e-18 1.487e-18 0.0 88.87 0.0
S143092 150.1744 7.9033 1.849e-16 1.588e-16 8.337e-17 0.0 91.13 0.0
S143093 150.1485 7.904 4.6070000000000004e-21 3.305e-21 1.272e-21 0.0 91.08 0.0
S143094 150.229 7.8549 1.054e-16 2.477e-16 1.024e-15 0.0 88.2 1.0
S143095 150.1173 7.8931 1.329e-12 1.258e-12 7.997e-13 0.0 91.04 1.0
S143096 150.33 7.865 2.1059999999999998e-22 5.256e-22 2.579e-21 0.0 88.5 0.0
S143097 149.9743 7.8562 1.379e-19 2.212e-19 4.319e-19 0.0 89.01 0.0
S143098 150.3084 7.8925 4.313e-17 4.016e-17 2.542e-17 0.0 90.51 0.0
S143099 150.3632 7.8542 8.383e-18 8.428e-18 6.421e-18 0.0 88.0 0.0
S143100 150.1402 7.8453 5.725000000000001e-20 9.483000000000001e-20 1.853e-19 0.0 87.79 0.0
S143101 150.2193 7.9179 1.783e-17 1.832e-17 1.374e-17 0.0 90.89 0.0
S143102 150.4665 7.8761 5.814e-21 1.201e-20 4.001e-20 0.0 88.86 0.0
S143103 150.1879 7.7998 2.751e-18 3.161e-18 3.148e-18 0.0 87.49 0.0
S143104 150.3921 7.8231 2.574e-16 2.168e-16 1.123e-16 0.0 87.46 0.0
S143105 150.3314 7.9027 7.223e-20 1.24e-19 2.67e-19 0.0 90.88 0.0
S143106 150.0603 7.8273 7.125e-21 1.359e-20 3.568e-20 0.0 87.55 0.0
S143107 150.2251 7.8663 3.365e-17 3.27e-17 2.216e-17 0.0 89.28 0.0
S143108 150.1041 7.892 1.1049999999999999e-22 2.867e-22 1.518e-21 0.0 90.58 0.0
S143109 150.2116 7.9203 1.2889999999999999e-23 4.2519999999999996e-23 3.8349999999999996e-22 0.0 91.46 0.0
S143110 150.1322 7.9369 6.21e-21 4.371e-21 1.576e-21 0.001 91.5 0.0
S143111 150.3409 7.8154 4.545e-22 1.081e-21 4.555e-21 0.0 87.69 0.0
S143112 150.0746 7.911 5.932e-20 9.924e-20 2.054e-19 0.0 91.47 0.0
S143113 150.0729 7.9029 2.989e-18 3.264e-18 2.828e-18 0.001 91.32 0.0
S143114 150.1273 7.8988 1.075e-16 9.36e-17 5.002e-17 0.0 91.09 0.0
S143115 150.1397 7.9098 1.525e-21 3.64e-21 1.6000000000000002e-20 0.0 90.93 0.0
S143116 150.2311 7.845 2.102e-17 2.073e-17 1.448e-17 0.0 87.97 0.0
S143117 150.3262 7.8313 3.533e-17 3.195e-17 1.961e-17 0.0 87.65 0.0
S143118 150.3004 7.8237 3.637e-19 5.081e-19 7.506e-19 0.0 87.48 0.0
S143119 150.298 7.8498 8.134000000000001e-20 1.325e-19 2.565e-19 0.0 88.14 0.0
S143120 150.3456 7.8213 3.166e-12 2.312e-12 8.751e-13 0.0 87.5 0.0
S143121 150.2269 7.8851 1.994e-19 2.837e-19 4.406e-19 0.0 90.42 0.0
S143122 150.1649 7.8613 2.096e-19 2.902e-19 4.157e-19 0.0 88.92 0.0
S143123 150.2245 7.8448 1.722e-19 2.383e-19 3.456e-19 0.0 87.98 0.0
S143124 150.2757 7.8399 1.35e-12 9.244e-13 3.174e-13 0.0 87.93 0.0
S143125 150.2905 7.8107 6.687e-17 1.419e-16 4.747e-16 0.0 87.4 0.0
S143126 150.0744 7.9153 1.255e-21 2.973e-21 1.251e-20 0.0 91.29 0.0
S143127 150.3859 7.8322 5.23e-17 8.16e-17 1.484e-16 0.0 87.5 0.0
S143128 150.3557 7.8289 6.534e-21 4.5120000000000004e-21 1.605e-21 0.0 87.69 0.0
S143129 150.1884 7.9135 3.027e-18 3.32e-18 2.848e-18 0.0 91.12 0.0
S143130 150.223 7.9179 2.0520000000000002e-20 3.6730000000000006e-20 8.858e-20 0.0 91.28 0.0
S143131 150.1351 7.9069 7.767e-16 5.959e-16 2.464e-16 0.001 90.98 1.0
S143132 150.3092 7.8571 6.828e-18 7.73e-18 7.114e-18 0.0 88.4 0.0
S143133 150.2998 7.8118 1.333e-16 1.12e-16 5.711e-17 0.0 87.68 0.0
S143134 150.1247 7.917 2.534e-18 3.041e-18 3.137e-18 0.0 91.45 0.0
S143135 150.2232 7.9052 3.294e-16 2.638e-16 1.191e-16 0.0 91.1 0.0
S143136 150.3567 7.8286 5.972e-18 6.269e-18 4.894e-18 0.0 87.64 0.0
S143137 150.1942 7.9342 6.521e-18 7.299e-18 6.724e-18 0.0 91.52 0.0
S143138 150.3668 7.8216 1.489e-18 1.901e-18 2.307e-18 0.0 87.5 0.0
S143139 150.2641 7.8185 6.449999999999999e-23 1.6309999999999998e-22 8.202999999999999e-22 0.0 87.5 0.0
S143140 150.297 7.8385 4.442e-21 3.265e-21 1.25e-21 0.0 87.69 0.0
S143141 150.15 7.9159 2.254e-25 1.194e-24 2.681e-23 0.001 91.5 0.0
S143142 150.3509 7.8308 1.296e-16 1.15e-16 6.466e-17 0.0 87.52 0.0
S143143 150.3677 7.8419 7.44e-21 5.107e-21 1.73e-21 0.0 87.64 0.0
S143144 150.0376 7.924 5.872e-18 6.228e-18 4.99e-18 0.0 91.21 0.0
S143145 150.1443 7.9053 2.8960000000000003e-20 5.1510000000000006e-20 1.187e-19 0.0 91.18 0.0
S143146 150.3405 7.8293 8.231e-13 3.656e-12 5.844e-11 0.0 87.79 0.0
S143147 150.4348 7.8132 5.3500000000000007e-20 7.962e-20 1.335e-19 0.0 87.58 0.0
S143148 150.2516 7.8383 1.261e-17 1.29e-17 1.01e-17 0.0 87.82 0.0
S143149 150.3727 7.8272 3.899e-17 3.97e-17 2.971e-17 0.0 87.73 0.0
S143150 150.3456 7.8001 5.977999999999999e-22 1.49e-21 7.523e-21 0.0 87.64 0.0
S143151 150.0238 7.9424 1.438e-12 1.117e-12 4.989e-13 0.0 91.46 1.0
S143152 150.2215 7.9119 1.1559999999999998e-22 3.7179999999999997e-22 3.0050000000000002e-21 0.0 91.13 0.0
S143153 150.4051 7.8235 1.24e-16 1.031e-16 5.295e-17 0.0 87.46 0.0
S143154 150.2061 7.9171 1.738e-18 2.103e-18 2.252e-18 0.0 91.32 0.0
S143155 150.3924 7.8351 2.702e-18 3.138e-18 3.025e-18 0.0 88.06 0.0
S143156 150.0425 7.9379 1.029e-17 1.069e-17 8.359e-18 0.0 91.37 0.0
S143157 150.2878 7.7991 7.778e-17 6.728e-17 3.644e-17 0.0 87.52 0.0
S143158 150.2496 7.8211 7.361e-23 2.2769999999999998e-22 1.688e-21 0.0 87.48 0.0
S143159 150.2206 7.8083 1.509e-19 2.33e-19 4.308e-19 0.0 87.51 0.0
S143160 150.4917 7.8014 2.113e-17 2.106e-17 1.518e-17 0.0 87.46 0.0
S143161 150.3862 7.8157 1.9739999999999999e-22 5.183e-22 2.725e-21 0.0 87.48 0.0
S143162 150.1512 7.9036 9.346e-29 1.199e-27 1.787e-25 0.0 91.06 0.0
S143163 150.1208 7.9208 7.742e-17 1.134e-16 1.814e-16 0.001 91.45 0.0
S143164 150.0657 7.9377 3.412e-12 2.902e-12 1.522e-12 0.0 91.5 1.0
S143165 150.4265 7.8093 3.65e-17 3.351e-17 2.005e-17 0.0 87.47 0.0
S143166 150.0917 7.9222 1.0629999999999998e-22 2.791e-22 1.49e-21 0.0 91.4 0.0
S143167 150.0615 7.9199 2.957e-13 1.962e-13 6.355e-14 0.0 91.29 0.0
S143168 150.0835 7.9212 9.871e-19 1.235e-18 1.395e-18 0.0 91.39 0.0
S143169 150.0683 7.9367 3.366e-19 4.697e-19 6.891e-19 0.0 91.39 0.0
S143170 150.3587 7.7979 1.414e-21 3.0230000000000002e-21 1.061e-20 0.001 87.49 0.0
S143171 150.4046 7.8079 5.87e-21 1.235e-20 4.119e-20 0.0 87.53 0.0
S143172 149.9587 7.931 4.595e-24 1.607e-23 1.5119999999999998e-22 0.0 91.48 0.0
S143173 150.288 7.8091 9.399000000000001e-20 1.45e-19 2.665e-19 0.0 87.58 0.0
S143174 150.3315 7.8285 2.273e-19 3.263e-19 5.002e-19 0.0 87.76 0.0
S143175 150.3469 7.8133 5.43e-21 3.84e-21 1.402e-21 0.0 87.42 0.0
S143176 149.9924 7.9425 2.027e-16 1.717e-16 8.686e-17 0.0 91.5 0.0
S143177 150.3925 7.8144 1.815e-17 3.182e-17 6.979e-17 0.0 87.63 0.0
S143178 150.0924 7.9373 1.2810000000000001e-20 2.4750000000000003e-20 6.859000000000001e-20 0.0 91.51 0.0
S143179 150.0773 7.9375 3.107e-24 1.218e-23 1.4829999999999998e-22 0.0 91.44 0.0
S143180 150.352 7.8316 2.904e-12 2.685e-12 1.662e-12 0.0 87.48 1.0
S143181 150.3371 7.8047 8.272000000000001e-20 1.328e-19 2.499e-19 0.0 87.45 0.0
S143182 150.097 7.9363 2.535e-19 3.594e-19 5.303e-19 0.0 91.41 0.0
S143183 150.1532 7.9162 1.707e-17 1.656e-17 1.12e-17 0.0 91.01 0.0
S143184 149.9801 7.9511 2.533e-17 2.347e-17 1.463e-17 0.0 91.57 1.0
S143185 150.2846 7.8249 7.596e-14 5.039e-14 1.549e-14 0.0 87.79 0.0
S143186 150.4408 7.8066 2.815e-21 6.126e-21 2.2160000000000003e-20 0.0 87.45 0.0
S143187 150.4385 7.7895 4.931e-16 3.865e-16 1.718e-16 0.0 87.54 1.0
S143188 150.0253 7.9383 4.5250000000000004e-20 7.406000000000001e-20 1.486e-19 0.0 91.41 0.0
S143189 150.0995 7.9275 1.54e-16 1.351e-16 7.374e-17 0.0 91.47 0.0
S143190 150.3649 7.8035 1.927e-16 1.64e-16 8.284e-17 0.0 87.62 0.0
S143191 150.1244 7.9333 2.516e-19 3.656e-19 5.753e-19 0.0 91.17 0.0
S143192 150.0607 7.9424 7.918e-16 6.049e-16 2.5e-16 0.0 91.5 1.0
S143193 150.0757 7.9206 3.659e-16 3.011e-16 1.439e-16 0.0 91.29 0.0
S143194 150.1681 7.9158 2.544e-16 2.07e-16 1.042e-16 0.0 91.33 0.0
S143195 150.4697 7.7985 2.8179999999999997e-22 7.715999999999999e-22 4.555e-21 0.0 87.67 0.0
S143196 150.4765 7.7843 1.947e-17 1.921e-17 1.324e-17 0.0 87.48 0.0
S143197 150.3017 7.8085 9.565e-19 1.196e-18 1.377e-18 0.0 87.5 0.0
S143198 150.0232 7.947 1.628e-16 2.571e-16 4.661e-16 0.0 91.25 0.0
S143199 150.5469 7.8245 5.021e-16 3.832e-16 1.589e-16 0.0 87.64 0.0
S143200 150.3976 7.814 1.135e-21 2.825e-21 1.367e-20 0.0 87.45 0.0
S143201 150.019 7.9446 4.055e-21 8.704e-21 3.064e-20 0.0 91.47 0.0
S143202 150.1114 7.934 4.02e-17 3.609e-17 2.113e-17 0.0 91.42 0.0
S143203 150.3219 7.8152 9.046e-16 6.757e-16 2.715e-16 0.0 87.75 0.0
S143204 150.3677 7.7945 7e-19 8.91e-19 1.072e-18 0.0 87.44 0.0
S143205 150.0107 7.9231 4.033e-17 3.706e-17 2.274e-17 0.0 91.23 0.0
S143206 149.9467 7.9581 5.519e-18 5.582e-18 4.075e-18 0.0 91.34 0.0
S143207 149.9385 7.9435 6.704e-19 8.479e-19 1.012e-18 0.0 91.47 0.0
S143208 150.396 7.8226 4.639e-24 1.706e-23 1.9109999999999999e-22 0.0 87.87 0.0
S143209 150.1513 7.9237 9.301e-22 2.061e-21 7.743e-21 0.0 91.35 0.0
S143210 150.3157 7.795 1.8020000000000003e-20 3.244e-20 8.026000000000001e-20 0.0 87.49 0.0
S143211 150.3846 7.8068 2.429e-17 4.759e-17 1.364e-16 0.0 87.63 0.0
S143212 150.4138 7.8234 2.4870000000000002e-20 4.3020000000000005e-20 9.658000000000001e-20 0.0 87.61 0.0
S143213 150.0045 7.9353 6.858e-21 4.775e-21 1.67e-21 0.0 91.33 0.0
S143214 150.0194 7.9323 1.9099999999999998e-23 5.997e-23 4.564999999999999e-22 0.0 91.39 0.0
S143215 150.4748 7.7927 5.3e-21 1.054e-20 3.16e-20 0.0 87.51 0.0
S143216 150.4126 7.7911 6.28e-16 4.788e-16 2e-16 0.0 87.55 1.0
S143217 150.4021 7.793 9.518000000000001e-20 1.492e-19 2.728e-19 0.0 87.6 0.0
S143218 150.5446 7.7784 4.096e-19 5.694e-19 8.006e-19 0.0 87.4 0.0
S143219 150.0023 7.9454 4.7140000000000004e-21 3.479e-21 1.347e-21 0.0 91.49 0.0
S143220 150.4541 7.7895 7.841e-19 9.891e-19 1.159e-18 0.0 87.63 0.0
S143221 150.4237 7.8005 8.541e-17 1.22e-16 1.782e-16 0.0 87.48 1.0
S143222 150.4249 7.7761 1.859e-21 4.511e-21 1.9920000000000003e-20 0.0 87.54 0.0
S143223 150.4164 7.7863 3.7529999999999996e-22 9.426999999999999e-22 4.499e-21 0.0 87.52 0.0
S143224 149.9314 7.958 9.784e-16 7.288e-16 2.858e-16 0.0 91.34 0.0
S143225 150.4688 7.7875 3.115e-19 4.057e-19 5.063e-19 0.0 87.48 0.0
S143226 150.0542 7.9631 3.421e-19 4.622e-19 6.062e-19 0.0 91.4 0.0
S143227 150.0201 7.9568 8.15e-21 5.647e-21 1.9050000000000002e-21 0.0 91.38 0.0
S143228 150.4584 7.7911 5.169e-21 3.699e-21 1.395e-21 0.0 87.59 0.0
S143229 149.9648 7.9548 3.587e-21 7.866e-21 2.872e-20 0.0 91.4 0.0
S143230 150.3553 7.8163 7.215e-18 7.443e-18 6.006e-18 0.0 87.71 0.0
S143231 150.0731 7.9415 5.209e-18 5.935e-18 5.646e-18 0.0 91.41 0.0
S143232 150.0349 7.9555 9.722e-18 1.003e-17 7.723e-18 0.0 91.32 0.0
S143233 150.4362 7.7859 1.552e-22 4.569e-22 3.057e-21 0.0 87.52 0.0
S143234 150.4764 7.7733 1.467e-21 3.393e-21 1.4160000000000002e-20 0.0 87.5 0.0
S143235 149.9945 7.9416 5.084e-21 1.1050000000000001e-20 3.9420000000000006e-20 0.0 91.33 0.0
S143236 150.3593 7.7797 4.205e-21 8.859e-21 2.899e-20 0.0 87.56 0.0
S143237 149.9727 7.9616 1.886e-22 4.903999999999999e-22 2.676e-21 0.0 91.43 0.0
S143238 150.5468 7.7815 4.146e-17 3.757e-17 2.259e-17 0.0 87.72 0.0
S143239 150.5518 7.7761 4.976e-18 5.351e-18 4.393e-18 0.0 87.58 0.0
S143240 150.447 7.801 3.597e-18 4.003e-18 3.558e-18 0.0 87.53 0.0
S143241 150.5339 7.7739 8.218000000000001e-20 1.339e-19 2.662e-19 0.0 87.46 0.0
S143242 149.9912 7.9715 1.983e-21 4.15e-21 1.3610000000000002e-20 0.0 91.53 0.0
S143243 150.5441 7.773 6.472e-22 1.482e-21 5.9850000000000004e-21 0.0 87.5 0.0
S143244 150.4044 7.7906 1.185e-24 5.205e-24 8.1e-23 0.0 87.5 0.0
S143245 150.0774 7.9509 7.219e-18 7.426e-18 5.722e-18 0.0 91.45 0.0
S143246 150.503 7.7728 5.401e-17 4.629e-17 2.4e-17 0.0 87.47 0.0
S143247 150.0106 7.9777 1.187e-18 1.451e-18 1.551e-18 0.001 91.48 0.0
S143248 150.5604 7.7547 7.962e-17 6.78e-17 3.541e-17 0.0 87.57 0.0
S143249 150.5335 7.7773 2.222e-20 4.0480000000000004e-20 1.055e-19 0.0 87.57 0.0
S143250 149.9502 7.9551 2.831e-17 2.714e-17 1.836e-17 0.0 91.24 0.0
S143251 149.9232 7.956 2.195e-19 3.191e-19 5.183e-19 0.001 91.32 0.0
S143252 150.0291 7.9633 3.114e-16 2.488e-16 1.155e-16 0.001 91.33 0.0
S143253 150.0073 7.9691 6.276e-17 8.804e-17 1.323e-16 0.0 91.39 0.0
S143254 149.9988 7.9557 4.777e-18 5.493e-18 5.395e-18 0.0 91.22 0.0
S143255 150.5187 7.7841 8.407000000000001e-20 1.306e-19 2.306e-19 0.0 87.6 0.0
S143256 149.9939 7.9714 1.176e-18 1.5e-18 1.734e-18 0.0 91.23 0.0
S143257 150.4518 7.7701 4.127e-21 8.746e-21 3.078e-20 0.0 87.48 0.0
S143258 150.5116 7.7664 4.518e-17 4.321e-17 2.887e-17 0.0 87.61 0.0
S143259 150.4185 7.7685 7.168e-23 2.251e-22 1.768e-21 0.0 87.52 0.0
S143260 149.9757 7.9722 7.299000000000001e-20 1.155e-19 2.094e-19 0.0 91.42 0.0
S143261 150.4823 7.7622 9.225e-18 9.263e-18 6.816e-18 0.0 87.56 0.0
S143262 150.3864 7.7748 3.353e-16 2.557e-16 1.122e-16 0.0 87.55 0.0
S143263 150.4855 7.7796 3.466e-21 7.472e-21 2.6280000000000002e-20 0.0 87.59 0.0
S143264 149.8946 7.9679 2.477e-17 4.707e-17 1.221e-16 0.0 91.41 0.0
S143265 150.4339 7.7663 2.0369999999999999e-23 6.933e-23 6.1879999999999995e-22 0.0 87.56 0.0
S143266 150.5745 7.762 2.485e-16 2.03e-16 9.697e-17 0.0 87.55 0.0
S143267 149.9424 7.9699 1.978e-19 3.102e-19 5.554e-19 0.0 91.33 0.0
S143268 150.5191 7.7538 4.6279999999999995e-22 1.147e-21 5.4860000000000004e-21 0.0 87.46 0.0
S143269 150.0094 7.9609 2.6830000000000002e-20 4.9290000000000006e-20 1.32e-19 0.0 91.35 0.0
S143270 150.4901 7.7796 1.149e-16 1.045e-16 6.041e-17 0.0 87.57 0.0
S143271 150.4847 7.7788 7.655e-21 5.251e-21 1.814e-21 0.0 87.43 0.0
S143272 149.9495 7.9822 3.478e-19 4.749e-19 6.398e-19 0.0 91.26 0.0
S143273 150.3919 7.7717 9.29e-17 7.883e-17 3.951e-17 0.0 87.46 0.0
S143274 149.9894 7.9686 2.693e-17 2.635e-17 1.799e-17 0.0 91.42 0.0
S143275 149.91 7.9732 8.02e-24 2.882e-23 2.9119999999999995e-22 0.0 91.38 0.0
S143276 150.501 7.7688 2.4790000000000003e-20 4.4460000000000006e-20 1.055e-19 0.0 87.66 0.0
S143277 149.9579 8.0044 9.539e-17 8.371e-17 4.705e-17 0.0 91.35 0.0
S143278 149.9423 7.9804 7.814e-17 1.249e-16 2.328e-16 0.0 91.39 0.0
S143279 150.5772 7.7403 4.059e-17 3.637e-17 2.124e-17 0.0 87.5 0.0
S143280 150.5717 7.7492 2.885e-18 3.248e-18 3.022e-18 0.0 87.61 0.0
S143281 149.9125 7.9819 3.397e-17 3.408e-17 2.39e-17 0.0 91.43 0.0
S143282 150.5408 7.7537 1.058e-21 2.206e-21 7.177e-21 0.0 87.69 0.0
S143283 150.496 7.7576 1.2550000000000001e-20 2.3060000000000003e-20 5.95e-20 0.0 87.51 1.0
S143284 149.8514 7.9999 9.87e-21 1.8410000000000002e-20 4.8560000000000004e-20 0.001 91.44 0.0
S143285 149.896 7.9766 6.234e-21 4.442e-21 1.569e-21 0.0 91.34 0.0
S143286 149.9467 7.9955 7.309e-19 9.103e-19 1.046e-18 0.0 91.35 0.0
S143287 150.4712 7.7534 1.7850000000000003e-20 3.2180000000000005e-20 7.835e-20 0.0 87.57 0.0
S143288 149.9025 7.9731 1.03e-16 1.724e-16 3.578e-16 0.0 91.29 0.0
S143289 149.9649 7.9955 1.682e-22 4.901e-22 3.301e-21 0.0 91.39 0.0
S143290 150.5262 7.7689 4.4700000000000003e-20 7.492e-20 1.525e-19 0.0 87.58 0.0
S143291 149.9074 7.9931 8.041e-19 1.017e-18 1.18e-18 0.0 91.38 0.0
S143292 149.9093 7.9911 8.194e-21 1.552e-20 4.2110000000000006e-20 0.0 91.34 0.0
S143293 150.5643 7.7375 3.531e-12 2.612e-12 1.028e-12 0.0 87.47 0.0
S143294 150.6585 7.7584 6.551e-19 8.626e-19 1.066e-18 0.0 87.53 0.0
S143295 149.8443 8.0034 4.242e-18 4.967e-18 4.831e-18 0.001 91.38 0.0
S143296 150.6071 7.7325 1.934e-19 2.806e-19 4.383e-19 0.0 87.56 0.0
S143297 150.0305 7.9839 2.805e-16 2.272e-16 1.07e-16 0.0 91.44 0.0
S143298 149.951 8.0103 2.49e-17 2.353e-17 1.503e-17 0.0 91.44 0.0
S143299 149.8329 8.0283 4.252999999999999e-22 1.083e-21 5.252e-21 0.0 91.48 0.0
S143300 149.8496 7.9884 2.93e-17 2.726e-17 1.699e-17 0.0 91.42 0.0
S143301 150.7523 7.7162 2.402e-19 3.364e-19 4.945e-19 0.0 87.52 0.0
S143302 149.8542 8.0115 4.786999999999999e-22 1.162e-21 5.387e-21 0.0 91.38 0.0
S143303 149.8844 8.0108 1.604e-17 1.604e-17 1.177e-17 0.0 91.38 0.0
S143304 149.86 7.992 3.423e-21 6.689e-21 1.9780000000000003e-20 0.0 91.38 0.0
S143305 149.8216 8.0216 6.735e-18 6.926e-18 5.374e-18 0.0 91.52 0.0
S143306 150.6977 7.729 5.432e-17 9.099e-17 1.903e-16 0.0 87.49 0.0
S143307 150.2269 7.8718 6.491e-17 5.532e-17 2.881e-17 0.0 90.88 0.0
S143308 150.5576 7.7484 1.272e-12 9.209e-13 3.457e-13 0.0 87.64 0.0
S143309 149.8872 8.0035 3.215e-18 3.694e-18 3.549e-18 0.0 91.39 1.0
S143310 150.5761 7.7491 7.91e-18 8.822e-18 8.146e-18 0.0 87.6 0.0
S143311 149.8922 8.0046 5.745e-16 4.485e-16 1.945e-16 0.0 91.36 1.0
S143312 149.8737 8.0061 2.171e-17 4.58e-17 1.598e-16 0.0 91.36 0.0
S143313 149.8783 8.0036 5.991e-15 4.243e-15 1.561e-15 0.0 91.37 0.0
S143314 150.5938 7.735 1.074e-16 9.54e-17 5.334e-17 0.0 87.52 0.0
S143315 149.9034 8.0007 5.674e-16 4.398e-16 1.908e-16 0.0 91.4 1.0
S143316 150.6132 7.7321 1.381e-15 1.033e-15 4.278e-16 0.0 87.51 1.0
S143317 149.9041 8.0012 1.198e-15 8.654e-16 3.283e-16 0.0 91.42 0.0
S143318 149.8635 8.016 2.457e-16 2.086e-16 1.04e-16 0.0 91.46 0.0
S143319 150.6268 7.7182 3.069e-16 2.458e-16 1.181e-16 0.0 87.47 0.0
S143320 149.8836 8.0118 6.857e-17 5.826e-17 2.992e-17 0.0 91.48 0.0
S143321 149.8773 8.0129 7.525e-17 6.638e-17 3.799e-17 0.0 91.51 0.0
S143322 150.618 7.7261 1.408e-16 1.212e-16 6.375e-17 0.0 87.45 0.0
S143323 150.5876 7.7336 2.066e-17 2.067e-17 1.46e-17 0.001 87.42 0.0
S143324 149.8364 8.0207 2.949e-17 2.787e-17 1.783e-17 0.0 91.51 0.0
S143325 150.6233 7.7161 6.484e-18 7.062e-18 6.007e-18 0.0 87.45 0.0
S143326 150.6349 7.7179 2.612e-15 1.909e-15 7.493e-16 0.0 87.43 0.0
S143327 150.6244 7.7167 1.842e-16 1.563e-16 8.16e-17 0.0 87.43 0.0
S143328 150.6455 7.7169 3.8680000000000005e-20 6.553000000000001e-20 1.388e-19 0.0 87.41 0.0
S143329 149.9006 8.0135 5.107e-15 3.616e-15 1.301e-15 0.0 91.54 0.0
S143330 150.6064 7.724 9.406e-16 7.124e-16 3.002e-16 0.0 87.39 1.0
S143331 150.6324 7.7135 5.171e-16 3.831e-16 1.525e-16 0.0 87.37 0.0
S143332 150.6272 7.7264 3.794e-13 2.632e-13 9.446e-14 0.0 87.38 0.0
S143333 150.6012 7.7112 1.255e-17 1.286e-17 9.869e-18 0.0 87.41 0.0
S143334 150.6123 7.7105 3.329e-15 2.406e-15 9.28e-16 0.0 87.31 0.0
S143335 150.6366 7.712 4.056e-15 2.903e-15 1.091e-15 0.0 87.37 0.0
S143336 150.64 7.7093 5.815e-17 4.981e-17 2.694e-17 0.0 87.33 0.0
S143337 150.6071 7.7154 4.071e-16 3.358e-16 1.628e-16 0.0 87.36 0.0
S143338 149.8413 8.0346 7.263e-16 5.813e-16 2.666e-16 0.0 91.54 0.0
S143339 150.6624 7.6912 1.764e-14 1.19e-14 4.042e-15 0.0 87.32 0.0
S143340 150.6325 7.7038 3.204e-15 2.317e-15 8.703e-16 0.0 87.34 0.0
S143341 150.6158 7.7094 2.973e-16 2.404e-16 1.116e-16 0.0 87.37 0.0
S143342 149.8277 8.0361 2.853e-15 1.933e-15 6.521e-16 0.0 91.59 0.0
S143343 150.6334 7.7083 3.636e-19 4.973e-19 7.007e-19 0.0 87.35 0.0
S143344 149.8527 8.0364 2.077e-15 1.515e-15 5.921e-16 0.0 91.6 0.0
S143345 149.8601 8.0383 5e-16 3.888e-16 1.653e-16 0.0 91.57 0.0
S143346 149.842 8.0318 2.211e-15 1.648e-15 6.915e-16 0.0 91.56 0.0
S143347 149.8415 8.0473 2.473e-16 5.903e-16 2.579e-15 0.0 91.57 1.0
S143348 150.606 7.7102 1.492e-15 1.13e-15 4.747e-16 0.0 87.4 1.0
S143349 150.6119 7.7074 8.947e-17 1.464e-16 3e-16 0.0 87.38 0.0
S143350 150.6232 7.7079 4.757e-19 6.218e-19 8.245e-19 0.0 87.41 1.0
S143351 150.5977 7.7129 1.336e-18 1.599e-18 1.644e-18 0.0 87.44 0.0
S143352 150.6459 7.6949 7.799e-16 6.186e-16 2.9e-16 0.0 87.4 0.0
S143353 149.8606 8.0353 1.078e-14 7.429e-15 2.546e-15 0.0 91.52 0.0
S143354 149.834 8.0463 3.2e-15 2.323e-15 8.86e-16 0.0 91.5 0.0
S143355 149.8626 8.0376 2.07e-19 3.173e-19 5.408e-19 0.0 91.48 0.0
S143356 149.875 8.038 5.674e-17 9.599e-17 2.039e-16 0.0 91.43 0.0
S143357 149.8806 8.0315 1.326e-15 1.012e-15 4.164e-16 0.0 91.41 1.0
S143358 149.866 8.0379 5.801e-17 9.562e-17 1.987e-16 0.0 91.43 0.0
S143359 149.8757 8.0345 9.354e-16 7.313e-16 3.268e-16 0.0 91.41 1.0
S143360 150.6063 7.702 2.388e-17 2.371e-17 1.671e-17 0.0 87.55 0.0
S143361 150.568 7.7154 2.64e-15 2.002e-15 8.162e-16 0.0 87.64 0.0
S143362 149.8771 8.0354 3.822e-14 2.536e-14 8.076e-15 0.0 91.36 0.0
S143363 150.5724 7.7147 1.782e-15 1.273e-15 4.76e-16 0.0 87.6 0.0
S143364 150.5683 7.7101 8e-16 6.308e-16 2.791e-16 0.001 87.64 1.0
S143365 150.5703 7.7067 6.632e-16 5.303e-16 2.49e-16 0.0 87.64 0.0
S143366 149.919 8.0311 9.163e-16 6.685e-16 2.583e-16 0.0 91.23 0.0
S143367 149.8936 8.0321 2.179e-17 2.111e-17 1.453e-17 0.0 91.28 0.0
S143368 149.9217 8.02 6.019e-21 4.257e-21 1.517e-21 0.0 91.21 0.0
S143369 149.9344 8.0197 4.801e-16 3.866e-16 1.847e-16 0.0 91.22 0.0
S143370 150.5348 7.7184 6.277e-16 4.848e-16 2.194e-16 0.0 87.78 1.0
S143371 149.9291 8.0235 2.443e-15 1.826e-15 7.501e-16 0.0 91.13 0.0
S143372 149.9569 8.0192 3.516e-16 2.941e-16 1.472e-16 0.0 91.01 0.0
S143373 149.9464 8.0166 1.649e-14 1.132e-14 3.698e-15 0.0 91.12 0.0
S143374 150.5077 7.7293 7.128e-17 6.662e-17 4.24e-17 0.0 87.91 0.0
S143375 149.9526 8.0133 1.75e-15 1.267e-15 5.005e-16 0.0 90.95 0.0
S143376 150.4945 7.7342 4.176e-16 3.314e-16 1.566e-16 0.0 88.03 0.0
S143377 150.486 7.7442 1.076e-17 1.131e-17 9.099e-18 0.0 88.01 0.0
S143378 150.4797 7.7418 2.343e-16 1.942e-16 9.482e-17 0.0 88.07 0.0
S143379 150.0241 7.9984 3.709e-15 2.614e-15 9.249e-16 0.0 90.78 0.0
S143380 150.4522 7.7517 2.097e-15 1.569e-15 6.102e-16 0.0 88.19 0.0
S143381 150.0053 7.9974 3.515e-18 3.943e-18 3.67e-18 0.0 90.73 0.0
S143382 150.435 7.7594 7.253e-15 4.981e-15 1.659e-15 0.0 88.25 0.0
S143383 150.4333 7.7572 3.112e-15 2.254e-15 8.688e-16 0.0 88.26 0.0
S143384 150.0691 7.9703 2.194e-17 3.452e-17 6.445e-17 0.0 90.58 0.0
S143385 150.407 7.763 5.089e-17 4.754e-17 2.87e-17 0.0 88.39 0.0
S143386 150.4244 7.7674 2.095e-15 1.53e-15 5.885e-16 0.0 88.43 0.0
S143387 150.0976 7.9591 1.803e-15 1.353e-15 5.312e-16 0.0 90.49 0.0
S143388 150.3557 7.7768 2.856e-15 2.067e-15 8.005e-16 0.001 88.54 0.0
S143389 150.1026 7.9633 1.391e-15 1.032e-15 4.049e-16 0.0 90.34 0.0
S143390 150.3465 7.7888 6.877e-17 5.868e-17 3.213e-17 0.0 88.65 0.0
S143391 150.3124 7.8016 3.515e-15 2.517e-15 9.765e-16 0.0 88.72 0.0
S143392 150.1622 7.9419 1.509e-15 1.136e-15 4.51e-16 0.0 90.18 0.0
S143393 150.1745 7.9381 1.364e-12 9.551e-13 3.334e-13 0.0 90.09 0.0
S143394 150.2563 7.8151 1.356e-14 9.293e-15 3.165e-15 0.0 88.89 0.0
S143395 150.1906 7.9253 6.956e-16 5.362e-16 2.242e-16 0.0 89.99 1.0
S143396 150.2184 7.9175 7.695e-15 5.253e-15 1.81e-15 0.001 89.91 0.0
S143397 150.2459 7.9086 4.218e-15 3.003e-15 1.095e-15 0.0 89.82 0.0
S143398 150.2126 7.8332 3.723e-16 2.975e-16 1.423e-16 0.0 89.13 0.0
S143399 150.2456 7.9042 1.421e-16 1.255e-16 6.781e-17 0.0 89.77 0.0
S143400 150.2819 7.8904 3.002e-18 3.697e-18 4.155e-18 0.0 89.62 0.0
S143401 150.1619 7.8532 1.169e-16 1.019e-16 5.387e-17 0.0 89.33 0.0
S143402 150.2917 7.8843 1.15e-15 8.813e-16 3.639e-16 0.0 89.56 1.0
S143403 150.3069 7.8754 1.027e-14 7.284e-15 2.665e-15 0.0 89.47 0.0
S143404 150.3177 7.8755 2.43e-16 4.451e-16 1.101e-15 0.0 89.46 0.0
S143405 150.0947 7.8826 2.966e-15 2.141e-15 8.247e-16 0.0 89.63 0.0
S143406 150.0794 7.8902 3.957e-19 5.834e-19 9.12e-19 0.0 89.69 0.0
S143407 149.892 8.0065 1.9789999999999997e-22 5.991999999999999e-22 4.443e-21 0.0 91.49 0.0
S143408 150.4981 7.7496 3.374e-18 3.734e-18 3.324e-18 0.0 87.48 0.0
S143409 149.8986 8.0031 3.024e-18 3.464e-18 3.253e-18 0.0 91.5 0.0
S143410 149.8158 8.0209 5.18e-17 9.726e-17 2.577e-16 0.0 91.51 0.0
S143411 149.9057 8.0072 6.364e-16 5.278e-16 2.579e-16 0.0 91.5 1.0
S143412 150.6146 7.7168 2.057e-15 1.525e-15 6.284e-16 0.0 87.43 0.0
S143413 149.8334 8.0278 2.836e-21 5.643e-21 1.7020000000000003e-20 0.001 91.56 0.0
S143414 150.5795 7.7248 4.388e-21 8.788e-21 2.727e-20 0.0 87.43 0.0
S143415 150.5987 7.732 6.696e-17 1.096e-16 2.146e-16 0.0 87.39 0.0
S143416 149.9091 8.0061 3.375e-17 6.046e-17 1.451e-16 0.001 91.5 0.0
S143417 149.8609 8.0365 1.426e-17 1.503e-17 1.239e-17 0.0 91.59 0.0
S143418 150.6426 7.7112 5.172e-17 4.867e-17 3.088e-17 0.0 87.4 0.0
S143419 149.7899 8.0442 2.851e-17 4.939e-17 1.097e-16 0.0 91.58 0.0
S143420 150.5835 7.7126 4.275e-16 3.473e-16 1.66e-16 0.0 87.4 0.0
S143421 149.8757 8.0335 2.427e-18 2.989e-18 3.283e-18 0.0 91.63 0.0
S143422 149.874 8.0159 3.971e-18 4.384e-18 3.848e-18 0.0 91.57 0.0
S143423 149.8563 8.0244 4.086e-17 7.882e-17 2.232e-16 0.0 91.59 0.0
S143424 150.5635 7.736 2.865e-17 6.546e-17 2.576e-16 0.0 87.43 0.0
S143425 149.8738 8.0325 4.996e-18 5.816e-18 5.589e-18 0.0 91.6 0.0
S143426 150.6392 7.7134 4.022e-18 4.902e-18 5.116e-18 0.0 87.38 0.0
S143427 150.5927 7.7289 2.245e-18 2.62e-18 2.504e-18 0.0 87.41 0.0
S143428 149.8363 8.0287 6.463e-18 6.809e-18 5.669e-18 0.0 91.56 0.0
S143429 150.5996 7.7184 1.631e-16 1.423e-16 7.866e-17 0.0 87.39 0.0
S143430 149.8798 8.0307 6.124e-18 6.73e-18 5.673e-18 0.0 91.58 0.0
S143431 149.7987 8.0425 1.291e-15 9.424e-16 3.577e-16 0.0 91.56 0.0
S143432 149.8729 8.0295 1.812e-17 1.757e-17 1.214e-17 0.0 91.58 0.0
S143433 150.6216 7.7021 1.956e-22 5.159999999999999e-22 2.735e-21 0.0 87.39 0.0
S143434 150.5759 7.7207 1.494e-16 1.256e-16 6.39e-17 0.0 87.42 0.0
S143435 149.8256 8.033 1.971e-21 4.466e-21 1.7480000000000002e-20 0.0 91.57 0.0
S143436 150.606 7.7137 5.033e-19 6.485e-19 8.138e-19 0.0 87.37 0.0
S143437 149.8494 8.0367 1.19e-17 2.244e-17 5.95e-17 0.0 91.56 0.0
S143438 149.8461 8.0408 1.174e-16 1.028e-16 5.495e-17 0.0 91.51 0.0
S143439 149.8244 8.0319 1.033e-16 1.906e-16 4.914e-16 0.0 91.51 0.0
S143440 149.8794 8.0204 2.595e-21 6.076e-21 2.533e-20 0.0 91.43 0.0
S143441 149.8568 8.038 9.373e-17 1.42e-16 2.506e-16 0.0 91.5 0.0
S143442 150.6046 7.7076 5.0750000000000006e-20 8.734e-20 1.937e-19 0.0 87.41 0.0
S143443 149.8872 8.0289 1.017e-17 1.011e-17 7.188e-18 0.0 91.49 0.0
S143444 150.6572 7.6903 4.296e-16 3.383e-16 1.516e-16 0.0 87.42 0.0
S143445 149.841 8.0367 5.811e-17 9.995e-17 2.246e-16 0.0 91.52 0.0
S143446 149.8652 8.0339 5.995e-17 5.168e-17 2.792e-17 0.0 91.49 0.0
S143447 150.6175 7.7117 1.947e-19 2.93e-19 4.831e-19 0.0 87.43 0.0
S143448 150.5893 7.7036 1.163e-18 1.425e-18 1.618e-18 0.0 87.56 0.0
S143449 149.8541 8.0536 8.005e-17 6.837e-17 3.581e-17 0.0 91.41 0.0
S143450 150.5187 7.7302 1.032e-22 3.1749999999999997e-22 2.343e-21 0.0 87.69 0.0
S143451 150.5807 7.7035 1.1240000000000001e-20 2.112e-20 5.655e-20 0.0 87.58 0.0
S143452 150.0004 8.0048 5.607e-17 5.104e-17 3.049e-17 0.0 91.16 0.0
S143453 149.899 8.0325 2.4990000000000003e-20 4.5370000000000005e-20 1.111e-19 0.0 91.31 0.0
S143454 149.9702 8.0164 2.626e-17 4.996e-17 1.354e-16 0.0 91.25 0.0
S143455 150.5949 7.7128 3.404e-15 2.462e-15 9.527e-16 0.0 87.59 0.0
S143456 150.5704 7.7152 2.555e-21 5.324e-21 1.7790000000000002e-20 0.0 87.69 0.0
S143457 149.9774 8.0001 1.368e-17 1.409e-17 1.11e-17 0.0 91.08 0.0
S143458 150.5362 7.7155 8.102e-16 6.306e-16 2.793e-16 0.0 87.75 1.0
S143459 150.4942 7.7455 1.148e-16 2.497e-16 9.146e-16 0.0 87.83 1.0
S143460 150.5002 7.7256 6.341e-19 8.045e-19 9.756e-19 0.0 87.93 0.0
S143461 150.5332 7.7265 3.907e-18 4.312e-18 3.826e-18 0.0 87.78 0.0
S143462 150.5021 7.734 2.749e-17 4.738e-17 1.081e-16 0.0 87.84 0.0
S143463 150.4982 7.7338 2.141e-17 1.985e-17 1.264e-17 0.0 87.79 0.0
S143464 149.9207 8.0291 2.914e-17 5.119e-17 1.158e-16 0.0 91.01 0.0
S143465 150.4893 7.7451 3.78e-17 6.941e-17 1.798e-16 0.0 87.87 0.0
S143466 150.5189 7.7322 7.273e-21 5.042e-21 1.7150000000000002e-21 0.0 87.86 0.0
S143467 149.9279 8.0071 1.754e-12 1.263e-12 4.87e-13 0.0 91.06 0.0
S143468 150.4919 7.7503 3.977e-16 3.145e-16 1.386e-16 0.001 88.04 0.0
S143469 150.0051 7.9981 4.471e-16 3.597e-16 1.69e-16 0.0 90.82 0.0
S143470 150.0119 7.996 4.071e-21 8.231e-21 2.65e-20 0.0 90.81 0.0
S143471 150.04 7.9803 3.059e-23 8.971e-23 5.932999999999999e-22 0.0 90.83 0.0
S143472 150.3966 7.7578 2.176e-18 2.637e-18 2.846e-18 0.0 88.23 0.0
S143473 150.0193 7.9953 2.45e-16 2.072e-16 1.097e-16 0.0 90.7 0.0
S143474 150.3955 7.7595 1.034e-17 1.042e-17 7.57e-18 0.0 88.22 0.0
S143475 150.0004 7.9844 1.281e-18 1.534e-18 1.589e-18 0.0 90.62 0.0
S143476 150.4084 7.7659 2.257e-15 1.581e-15 5.741e-16 0.0 88.43 0.0
S143477 150.4055 7.7629 6.801000000000001e-20 1.077e-19 2.043e-19 0.0 88.43 0.0
S143478 150.4196 7.7793 1.639e-17 1.586e-17 1.052e-17 0.0 88.47 0.0
S143479 150.3673 7.792 6.071e-24 2.3049999999999998e-23 2.6379999999999996e-22 0.0 88.52 0.0
S143480 150.3086 7.7948 4.6390000000000007e-20 7.782e-20 1.581e-19 0.0 88.58 0.0
S143481 150.3271 7.7995 3.918e-17 7.678e-17 2.229e-16 0.0 88.62 0.0
S143482 150.1491 7.9478 3.506e-16 2.751e-16 1.28e-16 0.0 90.26 0.0
S143483 150.3196 7.7939 1.855e-21 4.05e-21 1.522e-20 0.0 88.75 0.0
S143484 150.3346 7.802 6.908000000000001e-21 1.497e-20 5.483e-20 0.0 88.79 0.0
S143485 150.1914 7.9409 1.0199999999999999e-23 3.915e-23 4.728999999999999e-22 0.0 90.1 0.0
S143486 150.1646 7.9202 2.055e-15 1.444e-15 5.353e-16 0.001 90.03 0.0
S143487 150.1865 7.926 1.982e-16 1.674e-16 8.703e-17 0.0 89.97 0.0
S143488 150.2041 7.9222 4.129e-16 1.04e-15 4.899e-15 0.0 89.95 1.0
S143489 150.1661 7.9135 8.265e-19 1.034e-18 1.132e-18 0.0 89.89 0.0
S143490 150.2124 7.8384 2.185e-16 1.7e-16 7.5e-17 0.0 89.16 0.0
S143491 150.2052 7.844 3.042e-17 2.85e-17 1.74e-17 0.0 89.21 0.0
S143492 150.263 7.9021 1.033e-19 1.65e-19 3.055e-19 0.0 89.77 0.0
S143493 150.2868 7.8819 5.923e-16 4.587e-16 1.962e-16 0.0 89.56 1.0
S143494 150.2987 7.873 7.89e-17 7.107e-17 4.103e-17 0.0 89.46 0.0
S143495 150.3403 7.87 2.116e-16 1.7e-16 7.823e-17 0.0 89.41 0.0
S143496 150.3632 7.8703 7.438e-17 1.734e-16 7.35e-16 0.0 89.41 1.0
S143497 150.1407 7.8672 8.05e-17 1.359e-16 2.888e-16 0.0 89.48 0.0
S143498 150.3677 7.8596 7.571e-18 8.075e-18 6.6e-18 0.0 89.31 0.0
S143499 150.0586 7.9057 9.103e-17 1.411e-16 2.503e-16 0.0 89.84 0.0
S143500 150.3285 7.8552 3.055e-16 2.462e-16 1.134e-16 0.0 89.28 0.0
S143501 149.9964 7.92 2.357e-12 1.72e-12 6.47e-13 0.0 89.98 0.0
S143502 150.397 7.8328 6.880000000000001e-20 1.097e-19 1.995e-19 0.0 89.02 0.0
S143503 150.4785 7.818 5.057e-17 8.173e-17 1.652e-16 0.0 88.9 0.0
S143504 149.9802 7.9464 6.041e-18 6.288e-18 5.001e-18 0.0 90.2 0.0
S143505 150.0308 7.9289 4.043e-18 4.569e-18 4.095e-18 0.0 90.03 0.0
