Name Equatorial Polar BlueF GreenF RedF Parallax RadialVelocity Variable?
S300656 227.6246 103.8272 1.167e-21 2.949e-21 1.4710000000000003e-20 0.0 -3.46 0.0
S300657 227.1144 104.023 2.5440000000000003e-20 5.2480000000000005e-20 1.736e-19 0.0 -5.38 0.0
S300658 227.0839 103.9992 1.3229999999999999e-23 5.251e-23 6.689999999999999e-22 0.0 -5.95 0.0
S300659 227.1107 104.0891 8.495e-18 1.049e-17 1.137e-17 0.0 -5.26 0.0
S300660 227.1303 103.9741 3.753e-19 5.96e-19 1.105e-18 0.0 -6.05 0.0
S300661 227.2612 104.0087 2.306e-17 2.592e-17 2.328e-17 0.0 -3.82 0.0
S300662 226.9012 104.1 2.415e-24 1.157e-23 2.116e-22 0.0 -6.3 0.0
S300663 227.1257 104.0222 2.622e-22 7.919999999999999e-22 5.745e-21 0.0 -5.53 0.0
S300664 227.1048 103.9369 1.3989999999999999e-24 7.13e-24 1.5449999999999997e-22 0.0 -5.52 0.0
S300665 227.1963 103.9524 6.196e-21 1.443e-20 6.076e-20 0.0 -4.28 0.0
S300666 227.0807 104.1174 3.275e-23 1.214e-22 1.378e-21 0.0 -5.46 0.0
S300667 227.2092 104.0466 3.885e-17 4.268e-17 3.743e-17 0.0 -4.41 0.0
S300668 226.7715 103.8479 1.61e-18 2.182e-18 2.913e-18 0.001 -6.36 0.0
S300669 227.2783 104.0524 1.7139999999999999e-22 5.188999999999999e-22 3.75e-21 0.0 -4.0 0.0
S300670 227.0775 103.9837 4.948e-20 9.288e-20 2.447e-19 0.0 -5.9 0.0
S300671 227.2156 104.048 8.57e-20 1.561e-19 3.936e-19 0.0 -4.17 0.0
S300672 227.2104 103.8482 1.237e-16 1.256e-16 9.15e-17 0.0 -4.65 0.0
S300673 227.0882 104.0005 1.481e-17 1.609e-17 1.392e-17 0.0 -5.98 0.0
S300674 227.1308 104.0609 2.297e-18 3.283e-18 5.01e-18 0.0 -5.2 0.0
S300675 226.9216 104.0029 2.207e-18 2.806e-18 3.351e-18 0.0 -6.19 0.0
S300676 227.3284 103.9639 5.849e-21 1.3240000000000001e-20 5.1660000000000005e-20 0.0 -3.81 0.0
S300677 227.1177 103.9309 5.224e-21 1.1550000000000001e-20 4.4110000000000007e-20 0.0 -5.25 0.0
S300678 227.0329 103.9653 4.564e-21 1.142e-20 5.460000000000001e-20 0.0 -6.07 0.0
S300679 227.1749 103.921 1.594e-19 2.808e-19 6.478e-19 0.0 -4.53 0.0
S300680 227.0519 104.25 1.518e-11 1.172e-11 5.12e-12 0.0 -5.48 1.0
S300681 227.1295 103.9771 5.504999999999999e-23 1.867e-22 1.671e-21 0.0 -6.06 0.0
S300682 227.2159 103.9685 1.598e-17 1.878e-17 1.933e-17 0.0 -4.04 0.0
S300683 227.2221 103.9712 1.471e-21 3.693e-21 1.76e-20 0.0 -4.01 0.0
S300684 226.9981 104.0582 1.465e-21 3.781e-21 1.9060000000000003e-20 0.0 -6.17 0.0
S300685 227.1258 104.035 3.919e-17 4.093e-17 3.178e-17 0.0 -5.41 0.0
S300686 227.1287 103.987 5.774000000000001e-20 1.04e-19 2.527e-19 0.0 -5.32 0.0
S300687 227.1696 104.0571 1.312e-19 2.217e-19 4.776e-19 0.0 -4.78 0.0
S300688 226.8663 103.8938 2.6360000000000002e-21 6.218e-21 2.7440000000000003e-20 0.0 -6.11 0.0
S300689 227.3089 103.662 1.242e-17 1.532e-17 1.643e-17 0.0 -4.31 0.0
S300690 227.1308 103.814 1.3979999999999998e-22 4.882e-22 4.6900000000000004e-21 0.0 -5.06 0.0
S300691 227.1766 103.9264 2.196e-19 4.075e-19 1.072e-18 0.0 -4.59 0.0
S300692 227.1489 103.9607 3.3669999999999996e-22 1.0120000000000001e-21 7.462e-21 0.0 -4.46 0.0
S300693 227.1306 103.9682 2.711e-23 9.537999999999999e-23 9.681e-22 0.0 -5.16 0.0
S300694 227.2139 103.8719 1.058e-23 4.3759999999999997e-23 6.031999999999999e-22 0.0 -4.44 0.0
S300695 227.1085 103.9948 5.2130000000000004e-21 1.2080000000000002e-20 4.9360000000000006e-20 0.001 -5.82 0.0
S300696 227.1295 104.046 8.808e-16 2.062e-15 8.499e-15 0.0 -5.22 1.0
S300697 226.9924 104.0899 2.31e-22 8.414999999999999e-22 8.674e-21 0.0 -6.02 0.0
S300698 227.1082 104.1418 4.14e-18 5.032e-18 5.244e-18 0.0 -5.3 0.0
S300699 227.1095 104.0308 1.362e-11 1.22e-11 6.924e-12 0.0 -5.62 1.0
S300700 227.2745 103.9258 1.514e-17 1.667e-17 1.436e-17 0.0 -4.0 0.0
S300701 227.1645 103.7497 1.741e-16 1.634e-16 1.052e-16 0.0 -4.88 0.0
S300702 226.8901 103.8911 1.646e-11 1.197e-11 4.766e-12 0.0 -6.12 0.0
S300703 226.9401 104.4293 9.231000000000001e-20 1.689e-19 4.238e-19 0.0 -5.55 0.0
S300704 227.1351 104.0194 1.311e-20 2.917e-20 1.087e-19 0.0 -5.18 0.0
S300705 227.2066 104.0061 4.62e-16 8.067e-16 1.861e-15 0.0 -4.11 0.0
S300706 227.2148 103.932 1.486e-21 3.7030000000000004e-21 1.798e-20 0.0 -4.08 0.0
S300707 227.1241 104.024 1.439e-20 2.9440000000000004e-20 9.545e-20 0.0 -5.51 0.0
S300708 227.1921 104.1044 4.019e-17 4.28e-17 3.537e-17 0.0 -4.73 0.0
S300709 227.2138 103.9474 1.622e-16 1.503e-16 9.319e-17 0.0 -4.07 0.0
S300710 227.0194 103.9467 1.068e-22 3.097e-22 2.078e-21 0.0 -6.03 0.0
S300711 227.1216 103.9904 6.279e-21 1.4400000000000003e-20 5.577000000000001e-20 0.0 -6.05 0.0
S300712 226.9784 103.995 8.011e-12 7.778e-12 5.409e-12 0.001 -6.37 1.0
S300713 227.2171 104.2562 1.09e-11 8.814e-12 4.06e-12 0.0 -4.9 1.0
S300714 226.8606 104.26 1.0580000000000002e-20 2.1920000000000003e-20 7.201000000000001e-20 0.0 -5.94 0.0
S300715 227.1058 104.0318 1.077e-22 3.689e-22 3.486e-21 0.0 -5.55 0.0
S300716 227.1071 104.1361 1.866e-21 4.551e-21 2.0510000000000003e-20 0.0 -5.3 0.0
S300717 227.8154 103.9636 3.732e-18 4.885e-18 6.108e-18 0.0 -3.75 0.0
S300718 227.0921 104.021 1.2600000000000002e-20 2.759e-20 1.03e-19 0.0 -6.02 0.0
S300719 227.1427 104.0053 1.001e-17 1.159e-17 1.139e-17 0.0 -4.93 0.0
S300720 227.3963 103.9867 4.652e-17 4.895e-17 4.044e-17 0.0 -3.74 0.0
S300721 227.1495 104.0148 2.025e-19 3.439e-19 7.417e-19 0.0 -4.67 0.0
S300722 227.1039 103.9674 3.188e-16 2.876e-16 1.651e-16 0.0 -5.75 0.0
S300723 227.1517 103.9884 1.31e-21 3.372e-21 1.704e-20 0.0 -3.93 0.0
S300724 227.1429 104.06 4.47e-16 3.784e-16 1.973e-16 0.0 -5.09 0.0
S300725 226.9242 103.3541 2.4060000000000003e-20 4.678e-20 1.333e-19 0.0 -5.39 0.0
S300726 227.1085 103.9747 7.374000000000001e-20 1.376e-19 3.71e-19 0.0 -5.59 0.0
S300727 227.0004 104.0803 2.5729999999999997e-22 6.897999999999999e-22 3.744e-21 0.0 -6.1 0.0
S300728 227.4742 104.1729 2.181e-22 6.563e-22 4.612e-21 0.0 -4.04 0.0
S300729 226.925 104.0383 1.118e-18 1.658e-18 2.602e-18 0.0 -6.36 0.0
S300730 227.0718 103.9373 2.6329999999999997e-22 8.596999999999999e-22 7.266e-21 0.0 -5.76 0.0
S300731 227.3342 103.8437 3.8120000000000005e-20 7.194e-20 1.894e-19 0.0 -3.94 0.0
S300732 227.431 104.0137 1.4640000000000003e-20 3.118e-20 1.081e-19 0.0 -3.75 0.0
S300733 226.9947 104.0613 7.467e-21 1.6300000000000002e-20 5.882e-20 0.0 -6.12 0.0
S300734 227.0057 104.0129 2.2620000000000002e-20 4.4750000000000005e-20 1.34e-19 0.0 -6.41 0.0
S300735 227.0844 103.96 5.158e-21 1.2070000000000001e-20 5.0340000000000005e-20 0.0 -5.84 0.0
S300736 227.1077 103.9914 2.158e-21 5.406e-21 2.5940000000000002e-20 0.0 -5.74 0.0
S300737 226.7419 103.991 7.812e-16 1.153e-15 1.846e-15 0.0 -6.51 0.0
S300738 227.0133 104.0506 4.68e-21 1.1240000000000001e-20 4.9790000000000005e-20 0.0 -6.01 0.0
S300739 227.4068 103.9203 2.1010000000000002e-21 5.328e-21 2.6440000000000003e-20 0.0 -3.92 0.0
S300740 227.0921 104.1113 1.204e-16 1.174e-16 8.06e-17 0.0 -5.56 0.0
S300741 227.0295 104.108 1.084e-17 1.276e-17 1.288e-17 0.0 -5.63 0.0
S300742 227.06 103.8315 8.121e-22 1.9230000000000002e-21 8.525e-21 0.0 -5.41 0.0
S300743 227.3031 103.7846 6.098e-17 6.252e-17 4.737e-17 0.0 -4.16 0.0
S300744 227.1324 103.9861 6.595e-22 1.6330000000000001e-21 7.507e-21 0.0 -5.18 0.0
S300745 226.7001 103.7601 1.873e-20 4.2390000000000006e-20 1.693e-19 0.0 -6.13 0.0
S300746 227.1365 103.7737 1.489e-22 4.552999999999999e-22 3.4e-21 0.0 -4.97 0.0
S300747 226.9382 103.8233 2.2140000000000002e-20 4.417e-20 1.364e-19 0.0 -5.9 0.0
S300748 227.3254 103.9243 1.776e-17 1.899e-17 1.542e-17 0.0 -3.81 0.0
S300749 227.0635 103.9899 1.973e-19 3.271e-19 6.793e-19 0.0 -6.19 0.0
S300750 227.2518 104.0289 2.626e-16 2.459e-16 1.486e-16 0.0 -4.23 0.0
S300751 226.9455 103.8913 1.628e-21 4.575e-21 2.8540000000000004e-20 0.001 -5.98 0.0
S300752 227.1264 103.9993 4.374e-23 1.5579999999999999e-22 1.592e-21 0.001 -6.03 0.0
S300753 227.1704 104.0238 3.3020000000000004e-20 6.499000000000001e-20 1.99e-19 0.0 -4.45 0.0
S300754 227.2354 104.0286 3.7300000000000004e-20 6.71e-20 1.577e-19 0.0 -4.17 0.0
S300755 227.1012 103.9402 6.798e-17 6.907e-17 5.017e-17 0.0 -5.37 0.0
S300756 227.1823 103.9716 3.297e-19 5.19e-19 9.623e-19 0.0 -4.09 0.0
S300757 227.003 104.2245 5.729e-18 7.058e-18 7.666e-18 0.001 -5.54 0.0
S300758 227.1251 104.0154 5.795e-18 7.004e-18 7.424e-18 0.0 -5.48 0.0
S300759 227.07 104.0385 2.027e-19 3.339e-19 7.05e-19 0.0 -5.8 0.0
S300760 227.0476 103.9335 2.079e-22 6.037999999999999e-22 4.079e-21 0.0 -5.86 0.0
S300761 227.0375 103.9538 6.119e-21 1.3220000000000002e-20 4.679e-20 0.0 -6.09 0.0
S300762 227.1089 103.9685 1.7480000000000002e-20 3.154e-20 7.523000000000001e-20 0.0 -5.56 0.0
S300763 227.1403 103.9807 1.307e-17 1.556e-17 1.602e-17 0.0 -3.72 0.0
S300764 227.2196 104.1009 2.981e-20 5.947000000000001e-20 1.841e-19 0.001 -4.52 0.0
S300765 227.4313 104.1061 2.0999999999999998e-23 8.639e-23 1.179e-21 0.001 -4.01 0.0
S300766 227.1369 103.9932 6.666e-19 9.867e-19 1.538e-18 0.001 -4.6 0.0
S300767 226.8856 104.3688 2.783e-16 2.501e-16 1.445e-16 0.0 -5.8 0.0
S300768 227.209 103.9687 8.618000000000001e-21 2.0610000000000003e-20 9.067000000000001e-20 0.0 -4.02 0.0
S300769 226.9099 104.2948 4.271e-20 2.9150000000000005e-20 9.721e-21 0.0 -5.88 0.0
S300770 227.0235 103.3678 1.779e-18 2.429e-18 3.393e-18 0.0 -5.21 0.0
S300771 227.1274 104.0945 3.516e-16 3.039e-16 1.65e-16 0.0 -5.11 0.0
S300772 227.1302 103.9919 6.124e-21 1.4090000000000003e-20 5.741000000000001e-20 0.0 -6.36 0.0
S300773 227.2109 104.0094 1.192e-20 2.6720000000000003e-20 1.035e-19 0.0 -4.01 0.0
S300774 227.1888 103.8405 3.33e-21 7.605e-21 3.121e-20 0.0 -4.54 0.0
S300775 227.3795 104.3743 8.122000000000001e-26 5.551e-25 2.19e-23 0.0 -4.76 0.0
S300776 227.2918 104.0646 5.227e-19 7.781e-19 1.24e-18 0.0 -4.18 0.0
S300777 227.217 103.9794 1.574e-16 2.249e-16 3.391e-16 0.0 -3.91 0.0
S300778 227.1704 104.0108 6.772999999999999e-23 2.354e-22 2.215e-21 0.0 -4.59 0.0
S300779 227.5168 103.8718 9.029999999999999e-23 2.9589999999999997e-22 2.539e-21 0.0 -3.71 0.0
S300780 227.0681 103.9618 1.108e-11 9.908e-12 5.916e-12 0.0 -6.0 1.0
S300781 226.7417 104.1248 2.3350000000000002e-20 1.7000000000000002e-20 6.565e-21 0.0 -6.48 0.0
S300782 227.1105 104.0424 1.791e-17 2.088e-17 2.086e-17 0.0 -5.4 0.0
S300783 227.4481 103.7293 2.892e-18 4.021e-18 5.615e-18 0.0 -3.88 0.0
S300784 227.1406 103.996 1.143e-21 2.764e-21 1.3070000000000001e-20 0.0 -4.02 0.0
S300785 227.3915 104.137 5.614e-20 3.7170000000000004e-20 1.1650000000000002e-20 0.0 -4.29 0.0
S300786 227.146 103.8636 3.507e-18 4.491e-18 5.404e-18 0.0 -4.88 0.0
S300787 227.0354 103.9059 9.133999999999999e-22 2.326e-21 1.1760000000000001e-20 0.0 -5.77 0.0
S300788 227.2161 104.0627 1.617e-11 1.391e-11 7.194e-12 0.0 -4.41 1.0
S300789 227.1676 104.1001 3.835e-21 8.821000000000001e-21 3.61e-20 0.0 -4.96 0.0
S300790 227.0598 103.9781 3.63e-18 4.586e-18 5.535e-18 0.0 -6.0 0.0
S300791 227.1228 104.0013 7.482e-23 2.3339999999999996e-22 1.762e-21 0.0 -5.83 0.0
S300792 227.1569 104.0238 3.374e-20 7.246e-20 2.45e-19 0.0 -4.75 0.0
S300793 227.2326 103.8924 3.128e-17 3.443e-17 2.983e-17 0.0 -4.19 0.0
S300794 227.2013 103.6558 5.448e-19 8.264e-19 1.447e-18 0.0 -4.79 0.0
S300795 227.1337 104.0013 3.767e-20 7.464e-20 2.15e-19 0.0 -5.32 0.0
S300796 227.1727 103.9499 1.336e-19 2.142e-19 4.22e-19 0.0 -4.34 0.0
S300797 226.9522 104.1083 2.316e-24 1.1109999999999999e-23 2.0329999999999998e-22 0.0 -6.15 0.0
S300798 227.0855 103.9782 1.583e-15 2.75e-15 6.372e-15 0.0 -5.95 0.0
S300799 226.8472 103.9268 5.555e-18 6.698e-18 6.957e-18 0.0 -6.18 1.0
S300800 228.1739 103.7017 1.082e-11 7.803e-12 2.969e-12 0.0 -3.73 0.0
S300801 227.1275 104.0766 5.191999999999999e-22 1.361e-21 7.293e-21 0.0 -5.19 0.0
S300802 226.928 104.1924 1.9569999999999997e-22 5.8609999999999995e-22 4.172e-21 0.0 -6.02 0.0
S300803 227.6712 103.8558 2.274e-20 4.4530000000000006e-20 1.255e-19 0.0 -3.72 0.0
S300804 227.3494 103.9711 8.886e-18 1.12e-17 1.285e-17 0.0 -3.67 0.0
S300805 227.0605 104.0539 1.352e-17 1.54e-17 1.449e-17 0.0 -5.99 0.0
S300806 227.1329 103.9947 5.213e-19 7.959e-19 1.372e-18 0.0 -5.5 0.0
S300807 226.8253 104.0916 5.02e-19 7.715e-19 1.317e-18 0.0 -6.36 0.0
S300808 227.1707 104.0553 4.824e-19 7.461e-19 1.313e-18 0.0 -4.76 0.0
S300809 226.5597 104.1209 1.823e-18 2.445e-18 3.268e-18 0.0 -6.58 0.0
S300810 227.1682 103.9534 7.629e-19 1.064e-18 1.522e-18 0.0 -4.56 0.0
S300811 227.2056 104.017 7.374e-21 1.704e-20 6.937e-20 0.0 -4.17 0.0
S300812 227.3185 103.815 5.715e-19 8.84e-19 1.543e-18 0.0 -4.22 0.0
S300813 226.8751 104.1746 4.8000000000000005e-20 9.485000000000001e-20 2.831e-19 0.001 -6.22 0.0
S300814 227.4719 103.5444 3.258e-19 5.006e-19 8.798e-19 0.0 -4.21 0.0
S300815 227.2436 103.9226 5.543999999999999e-22 1.638e-21 1.1480000000000001e-20 0.0 -4.12 0.0
S300816 227.2 103.8829 1.689e-19 2.864e-19 6.182e-19 0.0 -4.44 0.0
S300817 227.0263 104.2064 2.9369999999999997e-22 7.969999999999999e-22 4.652e-21 0.001 -5.66 0.0
S300818 227.1266 103.4071 3.212e-18 4.185e-18 5.229e-18 0.0 -5.1 0.0
S300819 227.1277 103.9093 2.004e-16 3.528e-16 7.78e-16 0.0 -5.17 0.0
S300820 226.9163 103.9867 2.741e-20 5.363000000000001e-20 1.534e-19 0.0 -6.27 0.0
S300821 227.1434 104.0115 5.258e-21 1.1980000000000001e-20 4.741e-20 0.0 -4.14 0.0
S300822 227.1439 103.9816 5.936e-20 1.196e-19 3.752e-19 0.0 -3.78 0.0
S300823 227.0542 104.0091 1.953e-20 4.2970000000000004e-20 1.607e-19 0.0 -6.17 0.0
S300824 227.0649 104.0298 1.08e-17 1.281e-17 1.281e-17 0.0 -5.97 0.0
S300825 226.8843 104.1273 3.2110000000000006e-20 2.2480000000000002e-20 7.902e-21 0.0 -6.08 0.0
S300826 227.4368 104.1233 2.071e-17 2.329e-17 2.131e-17 0.0 -3.96 0.0
S300827 226.9937 104.1815 7.216e-19 1.08e-18 1.845e-18 0.0 -5.94 0.0
S300828 226.9602 103.7183 1.223e-24 6.45e-24 1.452e-22 0.0 -5.54 0.0
S300829 227.1595 104.0326 2.037e-19 3.609e-19 8.624e-19 0.0 -4.66 0.0
S300830 227.2151 104.0705 6.123e-16 1.372e-15 5.224e-15 0.0 -4.41 1.0
S300831 227.1323 104.0395 8.934e-16 7.676e-16 4.035e-16 0.0 -5.19 0.0
S300832 227.0037 103.9953 1.056e-17 1.213e-17 1.161e-17 0.0 -6.2 0.0
S300833 227.1353 103.9994 8.942e-19 1.304e-18 2.085e-18 0.0 -5.5 0.0
S300834 227.1684 104.021 3.472e-21 7.662e-21 2.9160000000000004e-20 0.0 -4.57 0.0
S300835 226.8503 104.0754 1.869e-19 3.354e-19 8.13e-19 0.0 -6.34 0.0
S300836 227.0161 104.0982 3.907e-19 5.985e-19 1.034e-18 0.0 -5.99 0.0
S300837 227.2027 103.9971 3.077e-19 4.947e-19 9.631e-19 0.0 -4.04 0.0
S300838 227.1844 103.9976 4.472e-22 1.253e-21 7.764000000000001e-21 0.0 -3.97 0.0
S300839 227.0123 103.928 3.582e-21 8.346e-21 3.643e-20 0.0 -6.05 0.0
S300840 227.1942 103.9736 4.7090000000000006e-20 9.699000000000001e-20 3.14e-19 0.0 -4.12 0.0
S300841 227.1385 103.9742 2.6e-21 5.297e-21 1.6650000000000002e-20 0.0 -4.08 0.0
S300842 227.4219 103.9453 2.335e-21 6.001e-21 3.0180000000000005e-20 0.0 -3.68 0.0
S300843 227.1371 103.8638 1.3720000000000002e-20 3.0180000000000005e-20 1.123e-19 0.001 -5.06 0.0
S300844 227.4549 104.1177 5.93e-21 1.366e-20 5.544000000000001e-20 0.0 -4.0 0.0
S300845 227.0132 104.0589 2.95e-21 6.798e-21 2.7500000000000004e-20 0.0 -6.16 0.0
S300846 226.8398 104.3558 1.1590000000000001e-20 2.3000000000000002e-20 6.828000000000001e-20 0.0 -6.01 0.0
S300847 227.3762 104.0744 1.7990000000000003e-20 3.79e-20 1.278e-19 0.0 -3.96 0.0
S300848 227.0989 104.0027 2.914e-18 4.062e-18 5.769e-18 0.0 -5.87 0.0
S300849 227.0684 103.8865 4.760999999999999e-22 1.207e-21 6.142e-21 0.0 -5.6 0.0
S300850 227.0861 104.1564 2.001e-22 5.882e-22 3.912e-21 0.0 -5.42 0.0
S300851 227.0975 103.8614 1.541e-22 4.785999999999999e-22 3.692e-21 0.001 -5.38 0.0
S300852 227.1558 103.9555 3.9490000000000006e-20 7.869000000000001e-20 2.338e-19 0.0 -4.26 0.0
S300853 227.1591 103.9786 2.312e-20 4.6820000000000005e-20 1.439e-19 0.0 -4.07 0.0
S300854 227.3857 103.902 8.459999999999999e-22 2.261e-21 1.2740000000000001e-20 0.0 -3.8 0.0
S300855 227.0845 104.1379 3.8480000000000004e-20 2.657e-20 9.144e-21 0.0 -5.54 0.0
S300856 227.1249 103.985 1.008e-16 1.635e-16 3.17e-16 0.0 -6.19 0.0
S300857 227.0413 103.9863 7.681e-21 1.7160000000000003e-20 6.722e-20 0.0 -6.11 0.0
S300858 227.1359 103.9877 7.188e-12 5.019e-12 1.836e-12 0.0 -6.03 0.0
S300859 227.0869 104.0096 2.354e-17 2.614e-17 2.376e-17 0.0 -5.94 0.0
S300860 227.1763 104.0598 1.2500000000000001e-20 2.6170000000000003e-20 8.481e-20 0.001 -4.7 0.0
S300861 227.1396 103.9953 2.637e-19 4.394e-19 8.943e-19 0.0 -4.33 0.0
S300862 227.1432 104.0296 4.245e-20 9.063e-20 3.118e-19 0.0 -5.05 0.0
S300863 227.3976 104.1406 4.842e-15 1.165e-14 5.314e-14 0.0 -4.08 1.0
S300864 227.1394 103.9756 1.88e-20 3.7490000000000006e-20 1.169e-19 0.001 -4.59 0.0
S300865 227.1715 104.0724 7.298e-21 1.3710000000000003e-20 3.6760000000000003e-20 0.0 -4.71 0.0
S300866 227.6089 104.5463 9.238000000000001e-21 2.1200000000000003e-20 8.760000000000001e-20 0.0 -4.34 0.0
S300867 227.1871 104.1215 1.47e-15 1.117e-15 4.751e-16 0.0 -4.89 0.0
S300868 227.1466 103.9496 1.965e-17 2.191e-17 2.041e-17 0.0 -4.73 0.0
S300869 227.315 103.5834 8.256e-21 1.795e-20 6.481e-20 0.0 -4.55 0.0
S300870 227.2561 104.0463 1.087e-23 4.591e-23 6.446999999999999e-22 0.0 -4.19 0.0
S300871 227.4155 103.9942 6.344e-21 1.505e-20 6.551e-20 0.001 -3.73 0.0
S300872 227.1361 103.9944 2.743e-24 1.482e-23 3.52e-22 0.0 -5.91 0.0
S300873 227.0618 103.9117 1.643e-17 1.769e-17 1.503e-17 0.0 -5.64 0.0
S300874 227.3275 103.8787 5.09e-19 7.514e-19 1.219e-18 0.0 -4.0 0.0
S300875 226.9978 103.9522 5.09e-21 1.223e-20 5.4000000000000005e-20 0.0 -6.3 0.0
S300876 226.7503 104.1576 1.0070000000000001e-20 2.2610000000000003e-20 8.64e-20 0.0 -6.36 0.0
S300877 227.0638 103.9347 2.956e-18 3.835e-18 4.672e-18 0.0 -5.9 0.0
S300878 227.0389 104.0025 2.09e-22 5.660999999999999e-22 3.264e-21 0.0 -6.22 0.0
S300879 227.4245 103.8927 3.7160000000000005e-20 2.5830000000000002e-20 8.767e-21 0.0 -3.83 0.0
S300880 227.1356 104.0043 1.032e-18 1.442e-18 2.184e-18 0.0 -5.45 0.0
S300881 227.1746 103.9245 2.1859999999999996e-22 6.937999999999999e-22 5.84e-21 0.0 -4.46 0.0
S300882 227.1818 103.9646 2.877e-20 5.4210000000000005e-20 1.463e-19 0.0 -4.23 0.0
S300883 227.1678 104.0428 1.6030000000000002e-20 3.1240000000000003e-20 8.959000000000001e-20 0.0 -4.78 0.0
S300884 227.1756 103.9524 2.1060000000000003e-20 1.557e-20 6.297e-21 0.0 -4.31 0.0
S300885 227.305 104.1181 1.109e-19 1.92e-19 4.459e-19 0.0 -4.16 0.0
S300886 227.1495 104.0034 2.32e-21 5.806e-21 2.886e-20 0.0 -4.2 0.0
S300887 227.1944 104.0668 5.437e-22 1.5440000000000001e-21 1.0030000000000001e-20 0.0 -4.57 0.0
S300888 226.9942 104.0536 2.103e-17 2.368e-17 2.153e-17 0.0 -6.09 0.0
S300889 227.2339 104.02 1.523e-15 1.185e-15 5.229e-16 0.0 -4.12 0.0
S300890 227.1719 103.9377 2.4169999999999998e-23 8.936999999999999e-23 9.841999999999998e-22 0.0 -4.49 0.0
S300891 227.3115 104.0909 1.651e-18 2.272e-18 3.294e-18 0.0 -4.04 0.0
S300892 227.0517 104.0695 2.537e-17 2.757e-17 2.335e-17 0.0 -6.0 0.0
S300893 226.9701 103.9318 9.514999999999998e-22 2.483e-21 1.311e-20 0.0 -6.24 0.0
S300894 226.6224 103.7062 1.95e-23 7.018999999999999e-23 7.325999999999999e-22 0.0 -6.11 0.0
S300895 227.4435 103.8788 1.752e-21 4.245e-21 1.942e-20 0.0 -3.84 0.0
S300896 227.0795 104.0492 2.725e-20 1.9170000000000002e-20 7.094e-21 0.0 -5.75 0.0
S300897 226.9365 103.9925 3.964e-19 6.797e-19 1.484e-18 0.001 -6.38 0.0
S300898 227.0911 103.9413 2.865e-17 3.191e-17 2.875e-17 0.0 -5.61 0.0
S300899 227.0833 103.9876 3.368e-21 8.412e-21 4.0280000000000003e-20 0.0 -6.0 0.0
S300900 227.2153 103.9653 1.389e-17 1.599e-17 1.574e-17 0.0 -3.97 0.0
S300901 227.1712 104.0379 1.483e-21 4.067e-21 2.374e-20 0.0 -4.64 0.0
S300902 227.2084 104.1008 9.124000000000001e-26 6.415e-25 2.734e-23 0.0 -4.63 0.0
S300903 227.0393 103.9922 1.901e-19 3.144e-19 6.425e-19 0.0 -6.13 0.0
S300904 227.1438 103.9889 2.85e-19 4.526e-19 8.846e-19 0.001 -4.22 0.0
S300905 227.1119 103.9611 5.265e-18 6.458e-18 7.148e-18 0.0 -5.62 0.0
S300906 227.1446 103.9163 7.249000000000001e-20 1.375e-19 3.677e-19 0.0 -4.89 0.0
S300907 227.56 104.0086 3.787e-20 7.371000000000001e-20 2.048e-19 0.0 -3.77 0.0
S300908 227.0586 103.9976 2.3390000000000002e-21 5.749e-21 2.674e-20 0.0 -6.12 0.0
S300909 227.1258 103.9872 2.946e-21 7.014e-21 3.022e-20 0.0 -5.94 0.0
S300910 227.184 103.8459 1.078e-17 1.324e-17 1.472e-17 0.0 -4.57 0.0
S300911 227.2547 103.9188 3.132e-20 6.124e-20 1.799e-19 0.001 -4.04 0.0
S300912 227.1994 104.0742 8.222e-18 9.71e-18 1.007e-17 0.001 -4.59 0.0
S300913 227.2615 103.9997 1.8739999999999999e-22 6.186999999999999e-22 5.289e-21 0.0 -3.87 0.0
S300914 227.0592 104.0328 3.5420000000000006e-20 6.864000000000001e-20 1.891e-19 0.0 -5.94 0.0
S300915 227.36 103.885 3.66e-22 1.075e-21 7.072e-21 0.0 -3.86 0.0
S300916 227.0864 103.8715 3.755e-19 6.159e-19 1.206e-18 0.0 -5.27 0.0
S300917 227.01 104.0212 3.3959999999999996e-22 1.078e-21 8.467e-21 0.0 -6.23 0.0
S300918 227.0345 103.9936 1.145e-17 1.355e-17 1.412e-17 0.0 -6.25 0.0
S300919 227.1884 103.9815 1.5990000000000002e-20 3.326e-20 1.077e-19 0.001 -4.14 0.0
S300920 226.8011 104.0839 5.812e-21 1.2880000000000001e-20 4.9170000000000005e-20 0.0 -6.4 0.0
S300921 227.1619 104.0033 2.9009999999999998e-22 9.002e-22 7.035e-21 0.0 -4.45 0.0
S300922 227.1356 103.9858 3.612e-12 2.444e-12 8.247e-13 0.0 -5.91 0.0
S300923 227.2289 103.9191 6.438999999999999e-22 1.576e-21 7.3e-21 0.0 -4.12 0.0
S300924 227.1366 104.0036 7.532e-19 1.107e-18 1.816e-18 0.0 -5.45 0.0
S300925 227.1322 104.002 5.419e-19 8.418e-19 1.515e-18 0.0 -5.3 0.0
S300926 227.1352 103.995 2.657e-23 9.54e-23 9.625e-22 0.0 -5.66 0.0
S300927 226.9104 104.0235 2.531e-24 1.1939999999999999e-23 2.236e-22 0.001 -6.33 0.0
S300928 227.1384 104.0355 9.116e-21 2.0920000000000003e-20 8.38e-20 0.0 -5.13 0.0
S300929 227.1584 104.0136 5.947999999999999e-22 1.847e-21 1.369e-20 0.001 -4.44 0.0
S300930 227.1185 103.984 6.623e-17 6.997e-17 5.639e-17 0.0 -6.1 0.0
S300931 227.1328 103.9782 7.507999999999999e-22 1.788e-21 8.003e-21 0.0 -6.18 0.0
S300932 226.5264 104.1795 4.857e-25 2.797e-24 7.711e-23 0.0 -6.46 0.0
S300933 227.1307 104.014 6.483e-17 6.654e-17 4.946e-17 0.0 -5.34 0.0
S300934 227.0654 104.251 1.544e-22 5.067999999999999e-22 4.211e-21 0.0 -5.39 0.0
S300935 227.0785 104.0037 8.533e-18 1.002e-17 1.054e-17 0.0 -5.91 0.0
S300936 227.1766 104.0468 2.015e-11 1.653e-11 7.921e-12 0.0 -4.74 1.0
S300937 227.2782 104.0385 1.155e-18 1.74e-18 2.95e-18 0.0 -3.97 0.0
S300938 227.1392 103.9521 1.408e-21 3.328e-21 1.428e-20 0.0 -4.79 0.0
S300939 227.1315 104.0095 4.571e-17 4.627e-17 3.329e-17 0.001 -5.2 0.0
S300940 227.1377 104.0136 8.46e-19 1.23e-18 1.941e-18 0.0 -5.02 0.0
S300941 227.2058 103.9645 3.317e-18 4.287e-18 5.215e-18 0.0 -4.19 0.0
S300942 227.1112 103.998 7.357e-18 9.193e-18 1.062e-17 0.0 -5.94 0.0
S300943 227.3967 103.8739 4.302e-16 7.996e-16 2.147e-15 0.0 -3.73 0.0
S300944 227.1025 103.9401 4.2610000000000005e-20 7.437000000000001e-20 1.762e-19 0.0 -5.46 0.0
S300945 227.1375 103.9105 2.685e-23 1.0369999999999999e-22 1.203e-21 0.0 -4.92 0.0
S300946 227.1988 104.0187 5.363e-23 1.8459999999999998e-22 1.779e-21 0.0 -4.25 0.0
S300947 227.2312 104.3158 2.417e-19 4.037e-19 8.575e-19 0.0 -4.95 0.0
S300948 227.1294 103.9493 2.4510000000000003e-20 5.2410000000000005e-20 1.826e-19 0.0 -5.14 0.0
S300949 227.1918 104.0782 2.605e-17 2.931e-17 2.689e-17 0.0 -4.6 0.0
S300950 227.0305 104.0122 4.153e-16 7.495e-16 1.831e-15 0.0 -6.2 0.0
S300951 227.1331 103.9033 7.177e-19 1.141e-18 2.129e-18 0.0 -5.01 0.0
S300952 227.0804 103.9393 2.2680000000000003e-20 4.866e-20 1.732e-19 0.0 -5.85 0.0
S300953 226.8757 104.0062 2.778e-18 3.854e-18 5.444e-18 0.0 -6.41 0.0
S300954 226.9385 104.0988 1.6449999999999998e-23 6.223e-23 7.092999999999999e-22 0.0 -6.1 0.0
S300955 226.8285 103.9203 1.978e-21 5.067e-21 2.5400000000000004e-20 0.0 -6.41 0.0
S300956 227.1526 104.0179 2.205e-22 6.479999999999999e-22 4.436e-21 0.0 -4.61 0.0
S300957 227.1557 103.9105 2.864e-19 4.699e-19 9.19e-19 0.0 -4.77 0.0
S300958 227.1197 103.9686 9.641e-21 2.2060000000000003e-20 9.08e-20 0.001 -5.76 0.0
S300959 226.6011 103.5666 1.28e-22 4.1459999999999996e-22 3.393e-21 0.0 -5.85 0.0
S300960 227.3751 104.1385 2.734e-19 4.528e-19 9.122e-19 0.0 -4.17 0.0
S300961 226.852 104.1204 1.195e-18 1.67e-18 2.385e-18 0.0 -6.2 0.0
S300962 227.2319 104.0051 1.739e-16 1.617e-16 1.023e-16 0.0 -3.99 0.0
S300963 227.1425 103.9684 2.168e-17 2.318e-17 1.913e-17 0.0 -4.46 0.0
S300964 227.1567 104.1744 1.38e-19 2.287e-19 4.527e-19 0.0 -5.04 0.0
S300965 227.1396 104.0969 2.908e-16 2.575e-16 1.467e-16 0.0 -5.2 0.0
S300966 227.2176 104.0909 1.073e-19 1.9e-19 4.541e-19 0.0 -4.48 0.0
S300967 227.1207 103.9897 5.3e-21 1.2890000000000002e-20 5.873e-20 0.0 -6.18 0.0
S300968 227.0981 103.9909 1.473e-20 3.3310000000000003e-20 1.271e-19 0.0 -5.91 0.0
S300969 227.2693 104.0006 1.677e-11 1.232e-11 4.802e-12 0.0 -3.91 1.0
S300970 227.1291 103.9826 5.368e-16 1.057e-15 3.001e-15 0.0 -5.81 0.0
S300971 227.1422 103.9845 2.077e-20 1.577e-20 6.515e-21 0.0 -3.79 0.0
S300972 227.1099 103.9862 1.243e-16 2.17e-16 5.056e-16 0.001 -5.76 0.0
S300973 227.0979 104.0154 1.525e-16 2.451e-16 4.755e-16 0.0 -5.74 0.0
S300974 227.1073 103.9154 2.795e-17 3.1e-17 2.683e-17 0.0 -5.29 0.0
S300975 227.2805 103.9162 1.905e-19 3.097e-19 6.089e-19 0.0 -3.95 0.0
S300976 227.1918 103.9913 7.581999999999999e-22 2.326e-21 1.7170000000000002e-20 0.0 -4.04 0.0
S300977 227.1613 103.9825 1.9e-21 5.123e-21 2.9790000000000003e-20 0.001 -4.11 0.0
S300978 226.5316 104.2644 1.059e-21 2.478e-21 1.0550000000000001e-20 0.0 -6.39 0.0
S300979 226.8869 104.1023 4.152e-17 4.365e-17 3.337e-17 0.0 -6.25 0.0
S300980 227.1403 104.002 9.899e-18 1.188e-17 1.23e-17 0.0 -4.89 0.0
S300981 227.1371 103.9351 1.9049999999999997e-22 6.354e-22 5.54e-21 0.0 -5.05 0.0
S300982 226.612 103.7315 8.728e-18 1.024e-17 1.022e-17 0.001 -6.26 0.0
S300983 227.1587 103.9953 9.197e-20 1.645e-19 3.95e-19 0.0 -4.41 0.0
S300984 227.5991 104.0033 3.832e-21 8.961e-21 3.8110000000000006e-20 0.0 -3.65 0.0
S300985 227.1412 103.9982 3.309e-19 5.39e-19 1.105e-18 0.0 -4.78 0.0
S300986 227.1476 103.9491 6.98e-22 1.966e-21 1.218e-20 0.0 -4.78 0.0
S300987 227.3495 103.879 8.411e-12 5.827e-12 2.047e-12 0.0 -3.9 0.0
S300988 227.0216 104.1271 5.362e-19 8.538e-19 1.57e-18 0.0 -5.83 0.0
S300989 227.43 104.0693 3.206e-17 3.33e-17 2.663e-17 0.0 -4.01 0.0
S300990 226.9623 104.1269 6.477e-21 1.5580000000000002e-20 6.987e-20 0.0 -5.92 0.0
S300991 227.1363 103.983 8.434e-16 1.384e-15 2.798e-15 0.0 -4.93 0.0
S300992 226.9667 103.9831 7.192e-17 7.362e-17 5.715e-17 0.0 -6.18 0.0
S300993 227.1572 103.9208 7.213e-19 1.075e-18 1.808e-18 0.0 -4.74 0.0
S300994 227.1465 103.9393 9.260000000000001e-21 1.98e-20 6.993e-20 0.001 -4.76 0.0
S300995 227.1153 104.0076 9.263e-17 8.942e-17 6.042e-17 0.0 -5.53 0.0
S300996 227.165 103.9831 1.67e-20 3.279e-20 9.921000000000001e-20 0.0 -4.09 0.0
S300997 226.7091 104.6122 6.211000000000001e-20 1.241e-19 3.855e-19 0.0 -5.69 0.0
S300998 227.0019 104.0639 7.863e-18 9.856e-18 1.195e-17 0.0 -6.17 0.0
S300999 227.1566 104.0102 9.126000000000001e-20 1.714e-19 4.507e-19 0.0 -4.43 0.0
S301000 226.89 104.5725 9.855e-22 2.456e-21 1.1500000000000001e-20 0.0 -5.56 0.0
S301001 227.1589 104.0167 3.2609999999999995e-22 1.043e-21 8.165e-21 0.0 -4.44 0.0
S301002 227.2253 104.0636 6.251000000000001e-20 1.228e-19 3.771e-19 0.001 -4.29 0.0
S301003 227.0995 103.9821 5.402e-17 5.588e-17 4.522e-17 0.0 -5.82 0.0
S301004 227.092 103.9542 1.957e-18 2.575e-18 3.265e-18 0.0 -5.78 0.0
S301005 227.0063 104.0236 1.4170000000000002e-20 2.745e-20 7.829000000000001e-20 0.0 -6.2 0.0
S301006 227.0289 103.9328 2.717e-17 2.928e-17 2.536e-17 0.0 -5.98 0.0
S301007 227.2162 104.1562 5.578e-18 6.623e-18 6.77e-18 0.0 -4.7 0.0
S301008 227.8103 104.671 3.317e-17 3.379e-17 2.592e-17 0.0 -4.31 0.0
S301009 227.1824 103.9882 3.372e-19 5.514e-19 1.085e-18 0.0 -4.17 0.0
S301010 227.1841 104.0317 2.76e-19 5.025e-19 1.23e-18 0.0 -4.55 0.0
S301011 227.2691 103.9268 3.773e-21 9.062e-21 4.0400000000000005e-20 0.0 -3.81 0.0
S301012 227.1296 103.9636 6.74e-23 2.374e-22 2.341e-21 0.0 -5.22 0.0
S301013 226.8189 104.0068 1.564e-26 1.3240000000000002e-25 8.02e-24 0.0 -6.27 0.0
S301014 227.23 103.9443 3.491e-20 2.4550000000000002e-20 8.74e-21 0.001 -4.0 0.0
S301015 227.1622 103.9152 4.589e-20 8.788000000000001e-20 2.485e-19 0.0 -4.28 0.0
S301016 227.0323 104.0486 4.925e-19 7.974e-19 1.529e-18 0.001 -6.17 0.0
S301017 227.1159 104.0673 3.165e-18 4.281e-18 5.733e-18 0.001 -5.77 0.0
S301018 227.1641 104.0107 2.0590000000000002e-20 1.535e-20 6.008e-21 0.0 -4.26 0.0
S301019 227.107 103.9307 2.88e-22 8.487e-22 5.844e-21 0.0 -5.58 0.0
S301020 227.2074 103.9035 1.106e-19 2.015e-19 5.141e-19 0.0 -4.19 0.0
S301021 227.172 104.0307 4.158e-16 3.581e-16 1.864e-16 0.0 -4.03 0.0
S301022 227.1084 103.9546 1.318e-18 1.938e-18 3.136e-18 0.0 -5.49 0.0
S301023 227.2131 103.9645 6.551e-16 5.484e-16 2.891e-16 0.0 -3.92 0.0
S301024 227.1457 103.9952 1.144e-19 2.063e-19 5.041e-19 0.0 -4.77 0.0
S301025 227.1365 103.9958 5.57e-23 1.8069999999999999e-22 1.531e-21 0.0 -5.05 0.0
S301026 227.1194 103.9603 6.5e-21 1.3990000000000002e-20 4.9730000000000004e-20 0.0 -5.62 0.0
S301027 227.1717 104.0412 3.121e-20 2.177e-20 7.695e-21 0.001 -4.14 0.0
S301028 227.0717 103.9307 3.281e-17 3.49e-17 2.971e-17 0.0 -5.79 0.0
S301029 227.2197 103.9314 4.834e-15 3.666e-15 1.484e-15 0.0 -3.94 0.0
S301030 227.1935 103.9949 3.4119999999999997e-22 1.087e-21 8.997e-21 0.0 -4.17 0.0
S301031 227.165 104.0409 1.345e-16 1.263e-16 8.225e-17 0.0 -4.57 0.0
S301032 227.2131 103.9846 7.756e-21 1.6200000000000002e-20 5.429e-20 0.0 -3.96 0.0
S301033 227.0188 103.9147 3.552e-16 5.502e-16 9.885e-16 0.001 -6.1 0.0
S301034 227.2109 103.9186 8.757e-19 1.247e-18 1.928e-18 0.0 -3.95 0.0
S301035 227.1315 103.9586 2.745e-18 3.583e-18 4.549e-18 0.0 -5.05 0.0
S301036 227.2216 103.9662 7.716e-18 9.633e-18 1.046e-17 0.0 -3.86 0.0
S301037 227.1776 104.0121 1.864e-21 4.863e-21 2.5180000000000002e-20 0.0 -4.49 0.0
S301038 227.2049 103.9978 3.359e-18 4.424e-18 5.542e-18 0.0 -3.99 0.0
S301039 227.2127 104.0164 2.942e-16 4.637e-16 8.423e-16 0.001 -4.03 0.0
S301040 227.1704 103.9334 8.427e-17 8.419e-17 5.978e-17 0.0 -3.92 0.0
S301041 227.0939 104.0385 8.055e-16 6.527e-16 3.175e-16 0.0 -5.63 0.0
S301042 227.1745 103.9717 6.451e-19 9.824e-19 1.717e-18 0.0 -4.14 0.0
S301043 227.1256 103.999 1.466e-17 1.652e-17 1.522e-17 0.0 -5.95 0.0
S301044 227.1676 103.8886 7.134e-18 8.633e-18 9.052e-18 0.0 -4.64 0.0
S301045 227.0264 103.9895 3.042e-20 2.133e-20 7.677e-21 0.0 -6.3 0.0
S301046 227.08 103.9183 2.218e-16 2.154e-16 1.428e-16 0.0 -5.73 0.0
S301047 227.0158 103.9909 4.896e-19 7.166e-19 1.139e-18 0.0 -6.15 0.0
S301048 227.1114 104.1374 4.917e-16 4.345e-16 2.407e-16 0.0 -5.31 0.0
S301049 227.1515 104.0115 2.616e-16 4.526e-16 9.985e-16 0.0 -4.87 0.0
S301050 227.0188 104.1051 5.0449999999999996e-23 1.6399999999999999e-22 1.377e-21 0.0 -6.2 0.0
S301051 227.258 103.9668 5.173e-16 8.631e-16 1.842e-15 0.0 -3.98 0.0
S301052 227.194 104.0472 2.196e-17 2.446e-17 2.135e-17 0.0 -4.36 0.0
S301053 227.193 103.9937 3.782e-23 1.2829999999999999e-22 1.161e-21 0.0 -4.17 0.0
S301054 227.18 103.8691 6.003e-17 5.925e-17 4.151e-17 0.0 -4.54 0.0
S301055 227.0083 103.9336 1.476e-21 3.7e-21 1.7300000000000003e-20 0.001 -6.07 0.0
S301056 227.231 103.9629 1.566e-20 3.244e-20 1.027e-19 0.0 -3.97 0.0
S301057 227.2569 104.0057 1.415e-16 2.863e-16 8.671e-16 0.0 -3.89 0.0
S301058 227.0265 104.0128 9.767000000000001e-20 1.785e-19 4.524e-19 0.0 -6.01 0.0
S301059 227.0644 103.9664 1.225e-19 2.093e-19 4.522e-19 0.0 -6.11 0.0
S301060 227.1344 104.0194 1.9520000000000002e-20 4.135e-20 1.4e-19 0.0 -5.25 0.0
S301061 227.137 103.9288 3.728e-15 2.882e-15 1.22e-15 0.0 -4.95 1.0
S301062 227.1531 104.0557 1.4060000000000002e-20 3.062e-20 1.157e-19 0.0 -4.89 0.0
S301063 227.2091 103.9598 3.296e-24 1.5979999999999998e-23 3.0549999999999996e-22 0.0 -4.09 0.0
S301064 227.1337 104.0079 3.904e-19 6.26e-19 1.186e-18 0.0 -5.32 0.0
S301065 227.1272 103.9575 3.185e-21 7.97e-21 3.816e-20 0.0 -5.09 0.0
S301066 227.0969 103.996 4.1010000000000006e-20 2.796e-20 9.544e-21 0.0 -5.72 0.0
S301067 227.1314 103.9376 2.1230000000000003e-20 4.3040000000000004e-20 1.385e-19 0.0 -4.95 0.0
S301068 227.138 103.8786 9.402e-16 2.04e-15 7.527e-15 0.0 -4.93 1.0
S301069 227.0787 104.0724 8.940000000000001e-20 1.607e-19 4.038e-19 0.0 -5.75 0.0
S301070 227.0551 104.0046 8.008e-19 1.183e-18 1.903e-18 0.0 -6.08 0.0
S301071 227.0779 103.8829 6.947e-17 7.02e-17 5.205e-17 0.0 -5.61 0.0
S301072 227.0125 103.9611 1.208e-15 9.596e-16 4.337e-16 0.0 -6.31 0.0
S301073 227.0983 104.074 1.74e-19 2.946e-19 6.383e-19 0.0 -5.94 0.0
S301074 227.1192 104.0029 1.657e-19 2.855e-19 6.375e-19 0.0 -5.22 0.0
S301075 227.2005 103.8984 1.799e-12 1.196e-12 3.895e-13 0.0 -3.88 0.0
S301076 227.1371 103.9214 1.907e-18 2.702e-18 3.96e-18 0.0 -4.89 0.0
S301077 227.1792 103.9992 9.157e-12 6.359e-12 2.205e-12 0.001 -4.2 0.0
S301078 227.1996 104.0529 7.070999999999999e-23 2.2319999999999997e-22 1.802e-21 0.0 -4.35 0.0
S301079 227.1581 104.0911 8.332e-17 7.776e-17 4.755e-17 0.0 -5.03 0.0
S301080 227.1506 103.9091 2.723e-21 6.955e-21 3.498e-20 0.0 -4.67 0.0
S301081 227.1844 104.1883 5.128e-18 6.182e-18 6.568e-18 0.0 -4.64 0.0
S301082 227.0572 103.9651 4.351e-16 6.458e-16 1.101e-15 0.0 -5.96 0.0
S301083 227.1341 103.888 1.761e-16 1.606e-16 9.449e-17 0.0 -5.13 0.0
S301084 227.1311 104.0042 4.319e-18 5.568e-18 6.741e-18 0.0 -5.06 0.0
S301085 227.193 104.0091 9.593e-17 9.459e-17 6.889e-17 0.0 -4.36 0.0
S301086 227.1073 103.9399 2.435e-16 2.239e-16 1.341e-16 0.0 -5.5 0.0
S301087 227.2904 103.9632 5.618e-21 1.2460000000000002e-20 4.94e-20 0.0 -3.77 0.0
S301088 227.0545 104.0605 2.173e-18 3.088e-18 4.562e-18 0.0 -5.89 0.0
S301089 227.0742 103.9381 7.37e-21 1.5780000000000003e-20 5.4140000000000005e-20 0.0 -6.02 0.0
S301090 227.0396 103.8971 1.06e-15 1.721e-15 3.422e-15 0.0 -5.81 0.0
S301091 227.1337 103.9479 2.725e-21 7.33e-21 3.9870000000000003e-20 0.0 -4.97 0.0
S301092 227.144 104.1073 4.066e-17 4.224e-17 3.39e-17 0.0 -5.0 0.0
S301093 227.0867 103.9818 5.255e-17 4.821e-17 2.98e-17 0.0 -5.8 0.0
S301094 227.1247 103.9853 9.284e-16 7.331e-16 3.434e-16 0.0 -5.46 0.0
S301095 227.0878 103.9896 1.091e-15 8.326e-16 3.579e-16 0.0 -5.94 0.0
S301096 227.1923 103.9593 3.019e-21 7.409e-21 3.582e-20 0.0 -4.11 0.0
S301097 227.0509 104.0204 1.9699999999999998e-22 5.938e-22 4.313e-21 0.0 -6.24 0.0
S301098 227.1507 103.9459 1.4440000000000002e-20 3.1780000000000004e-20 1.239e-19 0.0 -3.9 0.0
S301099 227.1296 103.9612 8.903e-18 1.04e-17 1.048e-17 0.0 -5.09 0.0
S301100 227.1042 103.916 1.022e-19 1.842e-19 4.42e-19 0.0 -5.38 0.0
S301101 227.0752 104.0172 2.637e-22 7.400999999999999e-22 4.537e-21 0.0 -6.08 0.0
S301102 227.1559 104.1059 1.533e-15 4.019e-15 2.151e-14 0.0 -4.97 1.0
S301103 227.1779 103.8985 4.465e-23 1.5469999999999999e-22 1.496e-21 0.0 -4.09 0.0
S301104 227.1951 104.0705 2.399e-16 4.501e-16 1.242e-15 0.001 -4.45 0.0
S301105 227.0468 104.0271 5.636000000000001e-20 3.707e-20 1.175e-20 0.0 -6.18 0.0
S301106 227.2171 103.8974 9.64e-16 8.216e-16 4.3e-16 0.0 -4.46 0.0
S301107 227.2012 104.001 3.888e-19 6.169e-19 1.2e-18 0.0 -4.11 0.0
S301108 227.1778 103.9094 1.182e-16 1.682e-16 2.612e-16 0.0 -4.54 0.0
S301109 226.9871 104.0157 7.425000000000001e-20 1.335e-19 3.25e-19 0.0 -6.22 0.0
S301110 227.1246 103.9196 1.024e-16 9.855e-17 6.772e-17 0.0 -5.09 0.0
S301111 227.2059 104.0353 3.7570000000000005e-20 7.462000000000001e-20 2.229e-19 0.0 -4.22 0.0
S301112 227.0514 104.007 2.422e-18 3.172e-18 3.964e-18 0.0 -6.05 0.0
S301113 226.9655 103.9885 8.319e-16 1.984e-15 9.114e-15 0.0 -6.39 1.0
S301114 227.1063 103.9887 5.91e-21 1.452e-20 6.699e-20 0.0 -5.53 0.0
S301115 227.2885 103.9367 1.61e-16 1.5e-16 9.589e-17 0.0 -3.9 0.0
S301116 227.0146 103.8909 5.071e-18 6.776e-18 8.585e-18 0.0 -6.11 0.0
S301117 227.1818 104.0019 7.022e-18 8.821e-18 1.032e-17 0.0 -4.08 0.0
S301118 227.1488 103.9086 4.217e-18 5.38e-18 6.433e-18 0.0 -4.8 0.0
S301119 226.929 104.0177 1.326e-18 1.866e-18 2.764e-18 0.0 -6.31 0.0
S301120 227.0701 104.1318 3.608e-17 3.815e-17 3.146e-17 0.0 -5.47 0.0
S301121 227.1095 104.0407 2.971e-19 4.782e-19 9.373e-19 0.0 -5.36 0.0
S301122 227.0988 104.0053 9.637e-17 1.354e-16 1.941e-16 0.0 -5.84 0.0
S301123 227.1205 103.9921 3.992e-16 3.467e-16 1.912e-16 0.001 -5.57 0.0
S301124 227.157 103.9589 3.267e-22 9.626e-22 6.511e-21 0.0 -4.4 0.0
S301125 226.9491 103.9989 1.646e-17 1.826e-17 1.641e-17 0.0 -6.28 0.0
S301126 227.0007 104.0348 2.166e-18 2.969e-18 4.208e-18 0.0 -6.18 0.0
S301127 227.159 103.8979 1.022e-21 2.778e-21 1.557e-20 0.0 -4.66 0.0
S301128 227.1839 104.026 7.649e-17 7.38e-17 5.108e-17 0.0 -4.7 0.0
S301129 227.1583 103.8455 3.132e-16 2.775e-16 1.523e-16 0.0 -4.45 0.0
S301130 227.0877 103.9945 1.1199999999999999e-23 4.484e-23 5.899999999999999e-22 0.0 -5.84 0.0
S301131 227.1771 103.941 7.563000000000001e-20 1.37e-19 3.384e-19 0.0 -3.91 0.0
S301132 227.0681 104.0324 1.511e-15 3.549e-15 1.523e-14 0.0 -5.79 1.0
S301133 227.1456 104.0705 7.633e-19 1.113e-18 1.737e-18 0.0 -4.95 0.0
S301134 227.0826 103.937 3.348e-16 4.926e-16 7.891e-16 0.0 -5.75 0.0
S301135 227.0864 103.9862 1.01e-19 1.892e-19 4.961e-19 0.001 -5.84 0.0
S301136 227.1877 103.9356 1.72e-17 1.952e-17 1.757e-17 0.0 -4.64 0.0
S301137 227.0948 104.0264 4.927e-18 5.921e-18 6.196e-18 0.001 -6.03 0.0
S301138 227.0697 104.0316 3.065e-20 2.156e-20 7.633000000000001e-21 0.0 -6.08 0.0
S301139 227.0303 103.9644 8.814e-23 2.7129999999999996e-22 2.008e-21 0.0 -6.11 0.0
S301140 227.1722 103.9411 2.043e-20 4.093e-20 1.236e-19 0.0 -4.37 0.0
S301141 227.1421 103.9901 1.995e-18 2.587e-18 3.141e-18 0.0 -4.91 0.0
S301142 227.214 104.0271 1.531e-17 1.684e-17 1.548e-17 0.0 -4.34 0.0
S301143 227.2182 103.8688 2.302e-16 2.102e-16 1.266e-16 0.0 -4.43 0.0
S301144 227.1758 103.8599 4.424e-21 1.0770000000000002e-20 5.0570000000000003e-20 0.0 -4.25 0.0
S301145 227.0584 104.0006 6.761e-17 6.215e-17 3.888e-17 0.0 -6.07 0.0
S301146 227.0523 104.0277 1.221e-16 1.092e-16 6.331e-17 0.0 -6.18 0.0
S301147 227.1566 103.9251 1.128e-16 1.09e-16 7.284e-17 0.0 -4.62 0.0
S301148 227.0036 103.9785 1.82e-17 1.996e-17 1.736e-17 0.0 -6.36 0.0
S301149 227.1904 104.0627 3.773e-16 3.306e-16 1.83e-16 0.0 -4.18 0.0
S301150 227.2313 103.9495 8.176e-18 1.004e-17 1.133e-17 0.0 -3.91 0.0
S301151 227.076 103.9313 1.204e-19 2.201e-19 5.29e-19 0.0 -5.66 0.0
S301152 227.1957 104.0098 3.605e-12 2.526e-12 8.675e-13 0.0 -4.11 0.0
S301153 227.1035 103.9962 7.11e-22 2.331e-21 2.0450000000000002e-20 0.0 -5.86 0.0
S301154 227.1466 103.9417 6.081e-17 6.268e-17 4.731e-17 0.0 -4.34 0.0
S301155 227.003 103.9769 3.07e-20 2.1730000000000002e-20 7.789e-21 0.0 -6.15 0.0
S301156 227.1721 104.052 1.098e-27 1.293e-26 1.5939999999999999e-24 0.0 -4.75 0.0
S301157 227.1718 103.819 3.373e-15 2.635e-15 1.169e-15 0.001 -4.7 1.0
S301158 227.0882 103.8554 1.4e-21 3.545e-21 1.6990000000000002e-20 0.0 -5.42 0.0
S301159 227.2127 104.108 3.878e-20 7.501e-20 2.105e-19 0.0 -4.39 0.0
S301160 227.1403 104.0254 3.6190000000000005e-20 2.4960000000000003e-20 8.678e-21 0.0 -5.04 0.0
S301161 227.0191 104.0399 2.626e-20 5.1650000000000005e-20 1.554e-19 0.0 -6.04 0.0
S301162 227.1689 103.9682 3.172e-16 2.909e-16 1.775e-16 0.0 -4.24 0.0
S301163 227.0528 103.9281 1.1550000000000001e-20 2.4750000000000003e-20 8.717e-20 0.0 -5.82 0.0
S301164 227.1186 103.9221 3.1300000000000002e-21 8.311e-21 4.5580000000000005e-20 0.0 -6.15 0.0
S301165 227.1576 104.0681 1.155e-15 1.835e-15 3.38e-15 0.0 -4.97 0.0
S301166 227.1528 104.0344 2.74e-16 2.542e-16 1.574e-16 0.0 -4.94 0.0
S301167 227.2086 104.0414 5.05e-16 8.75e-16 2.029e-15 0.0 -4.23 0.0
S301168 227.0157 104.0594 2.257e-17 2.504e-17 2.247e-17 0.0 -6.27 0.0
S301169 227.071 104.0355 1.503e-21 3.408e-21 1.344e-20 0.0 -6.17 0.0
S301170 227.1898 103.8763 1.648e-19 2.917e-19 6.834e-19 0.0 -4.24 0.0
S301171 227.1752 103.9912 2.609e-16 4.363e-16 9.298e-16 0.0 -4.24 0.0
S301172 227.1425 103.9614 3.801e-16 6.904e-16 1.719e-15 0.0 -4.81 0.0
S301173 227.1126 103.9703 1.727e-16 1.569e-16 9.427e-17 0.0 -5.44 0.0
S301174 227.0851 104.0374 4.413e-21 1.0240000000000001e-20 4.3010000000000006e-20 0.0 -5.74 0.0
S301175 227.0388 103.9556 1.762e-17 2.101e-17 2.156e-17 0.0 -6.19 0.0
S301176 227.1593 104.0384 1.862e-21 4.803e-21 2.464e-20 0.0 -4.71 0.0
S301177 227.2192 104.0028 8.095e-20 1.453e-19 3.521e-19 0.0 -4.26 0.0
S301178 227.1786 103.9662 3.1990000000000004e-20 2.2280000000000002e-20 7.975e-21 0.0 -4.24 1.0
S301179 227.0153 103.9181 1.823e-18 2.54e-18 3.627e-18 0.0 -6.29 0.0
S301180 227.1802 103.934 3.163e-17 3.594e-17 3.474e-17 0.0 -4.34 0.0
S301181 227.136 103.9366 1.928e-16 1.725e-16 1.024e-16 0.0 -4.91 1.0
S301182 227.2322 103.9829 4.537e-17 4.739e-17 3.757e-17 0.0 -4.07 0.0
S301183 227.1902 103.9191 1.121e-17 1.225e-17 1.108e-17 0.0 -4.27 0.0
S301184 227.0277 103.956 6.94e-17 7.07e-17 5.172e-17 0.0 -5.91 0.0
S301185 227.1599 103.956 1.004e-20 2.1170000000000002e-20 7.291e-20 0.0 -4.19 0.0
S301186 227.1921 104.0737 2.993e-20 2.1130000000000003e-20 7.547e-21 0.0 -4.57 0.0
S301187 227.1324 104.0866 1.184e-15 9.537e-16 4.468e-16 0.0 -5.26 0.0
S301188 227.2385 103.9286 7.741e-16 1.022e-15 1.327e-15 0.0 -4.14 0.0
S301189 227.0494 104.1488 2.255e-21 6.292e-21 3.858e-20 0.0 -6.0 0.0
S301190 227.0919 103.8668 5.773e-22 1.743e-21 1.287e-20 0.0 -5.47 0.0
S301191 227.1092 103.9713 8.808e-20 1.587e-19 3.774e-19 0.0 -5.79 0.0
S301192 227.15 103.9883 3.551e-19 5.519e-19 9.793e-19 0.0 -3.97 0.0
S301193 227.0641 103.9969 3.9609999999999996e-22 1.215e-21 9.106e-21 0.0 -6.1 0.0
S301194 227.2636 103.9848 5.351e-17 5.596e-17 4.37e-17 0.0 -3.7 0.0
S301195 227.2518 103.9806 4.514e-19 6.569e-19 1.064e-18 0.0 -3.98 0.0
S301196 227.2137 103.9735 5.279e-18 6.605e-18 7.713e-18 0.0 -4.01 0.0
S301197 227.0056 103.9679 2.12e-15 1.576e-15 6.476e-16 0.0 -6.18 0.0
S301198 227.2764 103.9761 5.092e-18 6.181e-18 6.961e-18 0.0 -3.85 0.0
S301199 227.0444 104.0079 1.0749999999999999e-22 3.2099999999999996e-22 2.217e-21 0.0 -6.25 0.0
S301200 227.2665 103.9521 6.005e-18 7.739e-18 9.223e-18 0.0 -3.86 0.0
S301201 227.1078 103.9763 3.7230000000000005e-20 2.577e-20 8.908e-21 0.0 -5.88 0.0
S301202 227.268 103.9721 1.789e-16 3.437e-16 9.321e-16 0.0 -3.82 0.0
S301203 226.9763 103.9736 1.7e-16 1.557e-16 9.145e-17 0.0 -6.2 0.0
S301204 227.2661 103.956 1.0980000000000001e-20 2.326e-20 8.062e-20 0.001 -3.87 0.0
S301205 227.0751 104.0101 1.3820000000000002e-20 3.0740000000000005e-20 1.157e-19 0.0 -6.03 0.0
S301206 227.0679 103.9937 5.497e-18 7.025e-18 8.254e-18 0.001 -6.1 0.0
S301207 227.2895 103.9537 4.8870000000000007e-20 3.2550000000000003e-20 1.054e-20 0.0 -3.78 0.0
S301208 227.2208 103.9829 1.141e-16 1.069e-16 6.687e-17 0.0 -3.95 0.0
S301209 227.2526 103.9842 1.073e-20 2.3760000000000002e-20 8.933000000000001e-20 0.0 -3.99 0.0
S301210 227.2677 103.9922 3.292e-20 6.641000000000001e-20 2.102e-19 0.0 -3.85 0.0
S301211 227.2434 104.0032 1.118e-20 2.533e-20 9.508e-20 0.001 -3.94 0.0
S301212 226.9902 104.0174 1.106e-17 1.375e-17 1.527e-17 0.0 -6.23 0.0
S301213 226.9774 103.9936 4.606e-22 1.276e-21 7.715e-21 0.0 -6.27 0.0
S301214 227.1933 104.0175 2.3960000000000003e-20 4.5300000000000005e-20 1.266e-19 0.001 -4.35 0.0
S301215 227.2768 103.9995 2.878e-16 2.493e-16 1.391e-16 0.0 -3.68 0.0
S301216 227.0077 104.0108 1.753e-17 1.984e-17 1.82e-17 0.0 -6.19 0.0
S301217 227.3021 103.9647 1.679e-11 1.427e-11 7.578e-12 0.0 -3.71 1.0
S301218 227.2595 103.9532 3.456e-15 2.631e-15 1.132e-15 0.0 -3.97 1.0
S301219 227.0358 103.9929 6.047000000000001e-20 1.193e-19 3.54e-19 0.0 -6.13 0.0
S301220 227.0071 103.9519 1.367e-16 2.176e-16 4.258e-16 0.0 -6.08 0.0
S301221 227.0508 104.0042 5.992999999999999e-22 1.724e-21 1.1120000000000001e-20 0.0 -6.19 0.0
S301222 227.2318 103.9597 3.2720000000000002e-21 6.242e-21 1.722e-20 0.0 -3.94 0.0
S301223 226.9537 103.9752 6.332e-17 6.172e-17 4.296e-17 0.0 -6.4 0.0
S301224 227.0219 103.9875 4.388e-15 3.342e-15 1.406e-15 0.001 -6.14 1.0
S301225 227.0023 103.9825 1.0000000000000001e-20 2.187e-20 8.191e-20 0.0 -6.16 0.0
S301226 226.9917 103.9994 1.804e-16 1.645e-16 1.003e-16 0.0 -6.22 0.0
S301227 226.9553 103.9733 2.516e-21 6.0460000000000005e-21 2.6700000000000002e-20 0.0 -6.44 0.0
S301228 227.0026 103.9937 7.658e-19 1.161e-18 2.034e-18 0.0 -6.31 0.0
S301229 227.0052 103.9734 3.155e-16 2.838e-16 1.662e-16 0.0 -6.28 0.0
S301230 227.3042 103.9596 1.901e-20 3.3150000000000005e-20 7.745000000000001e-20 0.001 -3.86 0.0
S301231 226.994 104.0088 1.21e-18 1.758e-18 2.671e-18 0.001 -6.42 0.0
S301232 227.0163 103.9803 9.869e-26 7.121e-25 3.281e-23 0.0 -6.2 0.0
S301233 227.2159 103.9789 3.342e-16 7.73e-16 3.131e-15 0.0 -4.0 0.0
S301234 227.3058 103.9521 3.586e-17 3.91e-17 3.296e-17 0.0 -3.77 0.0
S301235 227.2381 103.9849 1.7399999999999999e-22 5.131999999999999e-22 3.583e-21 0.0 -3.94 0.0
S301236 227.3234 103.9904 7.38e-21 1.5510000000000002e-20 5.2630000000000004e-20 0.0 -3.78 0.0
S301237 227.0305 104.0112 1.086e-18 1.513e-18 2.186e-18 0.0 -6.13 0.0
S301238 226.978 103.9805 6.659e-19 9.891e-19 1.575e-18 0.001 -6.23 0.0
S301239 227.0043 103.9865 7.918e-21 1.753e-20 6.571000000000001e-20 0.0 -6.15 0.0
S301240 227.2707 103.9457 4.22e-15 3.265e-15 1.44e-15 0.0 -3.86 1.0
S301241 227.0645 104.0049 3.597e-20 2.4690000000000002e-20 8.742e-21 0.0 -6.06 0.0
S301242 227.3166 103.9968 1.511e-19 2.631e-19 6.059e-19 0.0 -3.66 0.0
S301243 226.9552 104.0158 4.572e-17 4.704e-17 3.528e-17 0.0 -6.26 0.0
S301244 226.9692 104.0247 4.7170000000000005e-20 3.0950000000000004e-20 9.867000000000001e-21 0.0 -6.23 0.0
S301245 227.2511 103.9564 5.216e-18 6.732e-18 7.833e-18 0.0 -3.91 0.0
S301246 227.247 103.9744 1.238e-17 1.491e-17 1.519e-17 0.0 -3.94 0.0
S301247 226.9714 103.9683 3.268e-16 6.958e-16 2.357e-15 0.0 -6.36 0.0
S301248 227.321 103.9652 1.615e-16 1.536e-16 1.031e-16 0.0 -3.83 0.0
S301249 227.349 103.9588 5.417e-19 8.462e-19 1.538e-18 0.0 -3.81 0.0
S301250 226.9696 103.9785 1.399e-21 3.6200000000000004e-21 1.8000000000000002e-20 0.0 -6.34 0.0
S301251 226.971 103.9795 1.708e-16 3.004e-16 7.003e-16 0.0 -6.38 0.0
S301252 226.9866 104.0143 5.017e-16 9.57e-16 2.597e-15 0.0 -6.29 0.0
S301253 227.0219 103.9752 1.822e-16 2.997e-16 6.177e-16 0.0 -6.17 0.0
S301254 227.2338 104.0026 9.35e-18 1.082e-17 1.065e-17 0.0 -3.85 0.0
S301255 227.3268 103.9747 7.68e-18 9.085e-18 9.29e-18 0.0 -3.73 0.0
S301256 227.2812 104.0279 3.31e-16 3.012e-16 1.847e-16 0.0 -3.88 0.0
S301257 226.9371 103.9585 1.497e-21 4.037e-21 2.3180000000000002e-20 0.0 -6.39 0.0
S301258 226.9939 104.0256 1.048e-21 2.602e-21 1.206e-20 0.0 -6.14 0.0
S301259 227.3181 103.9483 2.0309999999999997e-22 5.673e-22 3.606e-21 0.0 -3.85 0.0
S301260 226.9978 103.9376 2.706e-16 2.344e-16 1.268e-16 0.0 -6.14 0.0
S301261 226.9495 103.9881 2.785e-15 2.199e-15 9.991e-16 0.0 -6.25 1.0
S301262 226.9663 104.0036 1.879e-16 1.762e-16 1.094e-16 0.0 -6.21 0.0
S301263 227.3008 103.9601 3.27e-16 2.919e-16 1.701e-16 0.0 -3.73 0.0
S301264 226.9992 104.0138 7.809e-16 1.189e-15 2.025e-15 0.0 -6.21 0.0
S301265 226.9685 104.016 3.589e-17 3.815e-17 3.188e-17 0.0 -6.34 0.0
S301266 226.9812 103.9856 8.112e-18 1.029e-17 1.222e-17 0.0 -6.31 0.0
S301267 227.2644 103.9774 2.312e-15 1.831e-15 8.457e-16 0.0 -3.92 0.0
S301268 226.8426 104.0011 3.705e-19 5.769e-19 1.042e-18 0.0 -6.5 0.0
S301269 227.3729 103.9939 2.362e-22 6.870999999999999e-22 4.639e-21 0.001 -3.71 0.0
S301270 227.2907 103.9383 4.284999999999999e-22 1.127e-21 6.071e-21 0.0 -3.93 0.0
S301271 227.2718 103.9696 5.657e-21 1.3220000000000002e-20 5.435e-20 0.0 -3.96 0.0
S301272 227.2751 103.9886 4.244e-20 8.092000000000001e-20 2.302e-19 0.0 -3.91 0.0
S301273 226.9283 104.0076 5.287e-16 9.919e-16 2.589e-15 0.0 -6.33 0.0
S301274 227.3491 103.9452 4.6350000000000004e-20 8.496000000000001e-20 2.188e-19 0.0 -3.81 0.0
S301275 226.9272 104.0101 3.362e-20 2.3240000000000002e-20 8.106e-21 0.0 -6.4 0.0
S301276 227.3278 103.9687 4.2039999999999995e-22 1.011e-21 4.664e-21 0.0 -3.84 0.0
S301277 227.3687 103.9978 5.194e-18 6.433e-18 7.269e-18 0.0 -3.69 0.0
S301278 227.346 103.9368 1.093e-17 1.238e-17 1.165e-17 0.0 -3.83 0.0
S301279 227.3428 103.9851 4.777e-17 4.977e-17 3.839e-17 0.0 -3.65 0.0
S301280 227.3428 103.9972 1.015e-18 1.464e-18 2.214e-18 0.0 -3.82 0.0
S301281 226.9879 104.0142 2.17e-15 1.697e-15 7.6e-16 0.0 -6.38 0.0
S301282 227.3269 104.0144 4.099e-17 4.173e-17 3.131e-17 0.0 -3.73 0.0
S301283 226.9616 104.0239 8.946e-19 1.356e-18 2.327e-18 0.0 -6.26 0.0
S301284 226.8514 103.9721 2.137e-18 2.913e-18 3.997e-18 0.0 -6.42 0.0
S301285 227.3381 103.9935 1.773e-16 1.665e-16 1.038e-16 0.001 -3.81 0.0
S301286 226.9356 103.9944 1.198e-11 8.291e-12 2.87e-12 0.0 -6.33 0.0
S301287 226.8999 104.0015 4.2560000000000003e-20 2.94e-20 9.903e-21 0.0 -6.28 0.0
S301288 226.867 104.0085 1.3899999999999998e-29 2.8460000000000003e-28 1.124e-25 0.001 -6.34 0.0
S301289 227.3518 104.0106 1.335e-18 1.916e-18 2.805e-18 0.0 -3.82 0.0
S301290 227.3464 103.9733 6.754e-16 5.531e-16 2.703e-16 0.0 -3.8 0.0
S301291 226.9116 103.9728 2.525e-16 4.934e-16 1.487e-15 0.0 -6.34 0.0
S301292 226.9719 104.0051 3.379e-15 2.664e-15 1.218e-15 0.0 -6.4 1.0
S301293 227.3526 103.9897 2.457e-17 2.862e-17 2.781e-17 0.0 -3.78 0.0
S301294 226.9651 103.9608 7.404e-19 1.112e-18 1.837e-18 0.0 -6.36 0.0
S301295 227.3466 103.9763 2.039e-20 4.121e-20 1.305e-19 0.0 -3.82 0.0
S301296 226.8797 104.0067 5.81e-18 7.154e-18 7.789e-18 0.0 -6.45 0.0
S301297 227.3529 103.9931 7.482e-20 1.404e-19 3.704e-19 0.001 -3.86 0.0
S301298 227.3627 103.9819 4.715e-18 6.194e-18 7.752e-18 0.0 -3.81 0.0
S301299 226.915 104.001 3.209e-20 6.659e-20 2.124e-19 0.0 -6.32 0.0
S301300 227.4191 103.979 5.008e-23 1.7639999999999997e-22 1.759e-21 0.0 -3.77 0.0
S301301 226.9329 104.0004 6.429e-23 2.4669999999999996e-22 2.87e-21 0.001 -6.45 0.0
S301302 227.4119 103.9857 8.85e-12 6.785e-12 2.872e-12 0.0 -3.73 1.0
S301303 226.981 103.9971 1.253e-19 2.096e-19 4.269e-19 0.0 -6.45 0.0
S301304 227.3936 103.9391 3.6940000000000006e-20 6.637000000000001e-20 1.65e-19 0.0 -3.67 0.0
S301305 227.388 103.9898 1.229e-16 1.27e-16 1.009e-16 0.0 -3.75 0.0
S301306 226.9173 103.9976 4.175e-16 3.724e-16 2.126e-16 0.0 -6.33 0.0
S301307 226.8981 103.9907 2.321e-16 2.082e-16 1.236e-16 0.0 -6.24 0.0
S301308 226.8757 103.9807 3.0750000000000004e-20 2.1680000000000003e-20 7.894e-21 0.0 -6.32 0.0
S301309 227.3981 103.9926 4.977e-19 7.638e-19 1.351e-18 0.0 -3.8 0.0
S301310 226.9279 103.9935 5.835e-18 6.871e-18 7.161e-18 0.0 -6.33 0.0
S301311 227.4302 103.9575 3.7650000000000004e-20 6.998e-20 1.814e-19 0.0 -3.76 0.0
S301312 227.4011 103.984 1.325e-15 1.072e-15 4.96e-16 0.0 -3.68 0.0
S301313 226.837 103.9998 4.737e-16 4.089e-16 2.137e-16 0.001 -6.36 0.0
S301314 226.8645 103.9948 1.862e-15 1.557e-15 7.908e-16 0.001 -6.4 0.0
S301315 227.4098 103.9483 6.54e-16 5.576e-16 2.911e-16 0.0 -3.74 0.0
S301316 226.8555 103.9933 6.177e-17 6.337e-17 4.598e-17 0.0 -6.39 0.0
S301317 227.4065 104.0078 2.846e-16 5.526e-16 1.55e-15 0.0 -3.74 0.0
S301318 226.8906 104.0102 1.279e-16 1.288e-16 9.3e-17 0.0 -6.33 0.0
S301319 226.8645 103.972 2.521e-15 1.991e-15 9.041e-16 0.0 -6.33 1.0
S301320 226.8446 103.9775 1.683e-16 2.263e-16 3.134e-16 0.0 -6.36 0.0
S301321 227.3531 103.9967 1.7649999999999998e-22 6.075999999999999e-22 5.595e-21 0.0 -3.89 0.0
S301322 227.3802 103.9765 7.280999999999999e-22 1.983e-21 1.1640000000000001e-20 0.0 -3.72 0.0
S301323 226.8303 103.9934 3.402e-18 4.545e-18 5.89e-18 0.0 -6.32 0.0
S301324 227.4407 104.0048 7.687e-17 7.577e-17 5.302e-17 0.0 -3.83 0.0
S301325 227.4431 103.9891 6.24e-19 9.521e-19 1.602e-18 0.0 -3.66 0.0
S301326 227.4222 103.9958 2.259e-16 3.464e-16 6.128e-16 0.0 -3.7 0.0
S301327 226.8052 104.0349 2.953e-20 2.115e-20 7.708e-21 0.0 -6.3 0.0
S301328 227.4149 103.9598 1.115e-15 9.721e-16 5.361e-16 0.0 -3.86 0.0
S301329 227.4208 104.0005 2.138e-11 1.594e-11 6.451e-12 0.0 -3.77 0.0
S301330 226.7929 104.0188 3.457e-12 2.378e-12 8.173e-13 0.0 -6.21 0.0
S301331 226.8744 104.015 9.096e-12 6.42e-12 2.375e-12 0.0 -6.39 0.0
S301332 227.3885 103.954 1.3170000000000001e-20 2.5660000000000002e-20 7.407e-20 0.0 -3.76 0.0
S301333 227.3344 103.966 2.938e-16 5.334e-16 1.349e-15 0.0 -3.86 0.0
S301334 227.4541 104.0247 1.577e-16 2.712e-16 5.9e-16 0.0 -3.66 0.0
S301335 226.8368 104.0096 8.028e-23 2.523e-22 2.078e-21 0.001 -6.38 0.0
S301336 226.8332 103.9697 1.344e-19 2.373e-19 5.722e-19 0.0 -6.4 0.0
S301337 227.4881 103.9902 7.719e-19 1.188e-18 2.135e-18 0.0 -3.67 0.0
S301338 226.7752 104.0509 3.083e-16 5.635e-16 1.375e-15 0.0 -6.53 0.0
S301339 226.8378 103.9937 6.358e-16 5.618e-16 3.264e-16 0.0 -6.33 0.0
S301340 226.8643 103.9781 1.853e-21 4.006e-21 1.4710000000000003e-20 0.0 -6.43 0.0
S301341 226.8306 104.0522 2.049e-19 3.417e-19 7.048e-19 0.0 -6.43 0.0
S301342 227.4557 103.9735 2.875e-16 2.522e-16 1.391e-16 0.0 -3.71 0.0
S301343 226.7954 104.0043 6.547e-15 4.785e-15 1.863e-15 0.0 -6.41 0.0
S301344 227.449 103.9586 5.745e-18 7.16e-18 8.106e-18 0.0 -3.66 0.0
S301345 227.4438 103.9445 7.093e-19 1.065e-18 1.726e-18 0.0 -3.74 0.0
S301346 227.4421 103.9924 6.377999999999999e-22 1.5500000000000001e-21 7.219e-21 0.0 -3.72 0.0
S301347 227.4338 103.981 7.297e-19 1.11e-18 1.94e-18 0.0 -3.81 0.0
S301348 226.815 104.026 4.5440000000000005e-20 3.092e-20 1.042e-20 0.0 -6.28 0.0
S301349 226.7784 104.0559 1.595e-16 1.521e-16 1.019e-16 0.0 -6.35 0.0
S301350 226.7915 104.0016 1.1030000000000001e-20 2.4200000000000003e-20 9.255e-20 0.0 -6.32 0.0
S301351 226.8241 103.9914 6.549e-22 1.922e-21 1.2890000000000002e-20 0.0 -6.53 0.0
S301352 226.8266 104.0131 7.859e-17 8.128e-17 6.174e-17 0.0 -6.27 0.0
S301353 227.5181 103.9906 1.221e-18 1.79e-18 2.851e-18 0.0 -3.7 0.0
S301354 227.4484 103.9702 3.691e-20 2.571e-20 8.821000000000001e-21 0.0 -3.78 0.0
S301355 226.8186 104.019 2.375e-16 3.832e-16 7.425e-16 0.0 -6.3 0.0
S301356 227.4736 104.0108 2.712e-20 1.949e-20 7.327e-21 0.0 -3.99 0.0
S301357 226.8057 103.9839 7.912e-17 8.202e-17 6.058e-17 0.0 -6.34 0.0
S301358 227.4508 103.9996 1.043e-24 5.39e-24 1.21e-22 0.0 -3.88 0.0
S301359 227.5364 103.9577 8.444e-19 1.22e-18 1.884e-18 0.001 -3.83 0.0
S301360 227.4534 104.0104 1.45e-20 3.209e-20 1.156e-19 0.0 -3.83 0.0
S301361 226.8152 104.0315 2.013e-16 3.484e-16 7.765e-16 0.0 -6.36 0.0
S301362 226.7799 104.0135 1.269e-15 3.072e-15 1.314e-14 0.0 -6.36 1.0
S301363 227.4823 103.9718 2.553e-14 7.995e-14 6.221e-13 0.0 -3.73 1.0
S301364 227.5297 103.9677 1.561e-11 1.237e-11 5.572e-12 0.0 -3.8 1.0
S301365 227.4673 103.9743 2.142e-16 1.898e-16 1.09e-16 0.0 -3.73 0.0
S301366 227.4701 103.972 1.006e-18 1.356e-18 1.884e-18 0.0 -3.8 0.0
S301367 227.535 103.9856 1.704e-19 2.773e-19 5.318e-19 0.0 -3.74 0.0
S301368 227.5642 103.9591 4.543e-16 3.929e-16 2.081e-16 0.0 -3.7 0.0
S301369 226.7478 103.9812 1.042e-15 8.334e-16 3.986e-16 0.0 -6.31 0.0
S301370 227.5058 103.9855 3.175e-16 2.816e-16 1.564e-16 0.0 -3.7 0.0
S301371 227.5006 103.9431 4.242e-16 6.874e-16 1.288e-15 0.0 -3.63 0.0
S301372 227.1364 103.9886 2.398e-15 1.818e-15 7.934e-16 0.0 -5.29 1.0
S301373 227.1365 103.9893 4.537e-15 3.613e-15 1.633e-15 0.0 -5.6 1.0
S301374 227.1362 103.9891 3.061e-16 6.055e-16 1.799e-15 0.0 -7.55 0.0
S301375 227.1368 103.9882 1.31e-15 1.102e-15 5.532e-16 0.0 -3.82 0.0
S301376 227.5399 103.947 2.093e-16 4.248e-16 1.383e-15 0.0 -3.81 0.0
S301377 227.5233 103.9548 1.381e-14 1.041e-14 4.412e-15 0.0 -3.84 0.0
S301378 227.5269 103.955 6.852e-15 4.952e-15 1.886e-15 0.0 -3.74 0.0
S301379 226.7928 104.0128 6.033e-17 6.099e-17 4.706e-17 0.0 -6.26 0.0
S301380 226.7569 104.0095 5.176e-15 3.844e-15 1.556e-15 0.0 -6.45 0.0
S301381 226.7461 104.0039 1.203e-16 1.209e-16 8.483e-17 0.0 -6.48 0.0
S301382 227.5156 103.9719 6.494e-16 5.704e-16 3.196e-16 0.0 -3.59 0.0
S301383 227.5316 103.9796 2.954e-14 2.216e-14 8.751e-15 0.0 -3.88 0.0
S301384 227.5477 103.9825 7.484000000000001e-20 1.478e-19 4.43e-19 0.0 -3.74 0.0
S301385 227.5073 103.9948 6.698e-14 4.528e-14 1.536e-14 0.0 -3.9 0.0
S301386 226.7461 103.9806 6.554e-17 7.179e-17 6.015e-17 0.0 -6.47 0.0
S301387 226.7369 103.9734 1.908e-18 2.728e-18 4.053e-18 0.0 -6.39 0.0
S301388 227.5241 104.0085 4.529e-14 3.216e-14 1.174e-14 0.001 -3.76 0.0
S301389 226.7395 103.9682 2.582e-16 2.449e-16 1.562e-16 0.0 -6.36 0.0
S301390 226.7376 103.9595 9.643e-14 3.264e-13 3.052e-12 0.0 -6.57 0.0
S301391 227.5411 104.0218 3.326e-15 2.5e-15 9.826e-16 0.0 -3.78 0.0
S301392 226.7653 103.9481 1.223e-19 2.25e-19 5.868e-19 0.0 -6.29 0.0
S301393 226.7391 103.9432 1.027e-14 7.687e-15 3.168e-15 0.001 -6.22 0.0
S301394 226.7281 103.9414 5.19e-17 5.544e-17 4.587e-17 0.0 -6.4 0.0
S301395 226.7369 103.9277 3.205e-16 5.34e-16 1.095e-15 0.0 -6.28 0.0
S301396 227.5456 104.0568 4.336e-15 3.353e-15 1.441e-15 0.0 -3.85 1.0
S301397 227.561 104.0513 1.05e-14 7.597e-15 2.82e-15 0.0 -3.77 0.0
S301398 227.524 104.0643 2e-14 1.449e-14 5.578e-15 0.0 -3.8 0.0
S301399 227.5319 104.0626 2.589e-15 2.051e-15 9.042e-16 0.0 -3.73 1.0
S301400 227.5569 104.0719 2.851e-15 2.181e-15 9.082e-16 0.0 -3.57 1.0
S301401 227.5412 104.0873 1.646e-15 1.277e-15 5.764e-16 0.0 -3.88 1.0
S301402 226.7466 103.8848 1.658e-18 2.435e-18 3.839e-18 0.0 -6.29 0.0
S301403 227.531 104.09 5.718e-15 4.1e-15 1.539e-15 0.0 -3.81 0.0
S301404 226.7381 103.8819 2.659e-14 1.847e-14 6.61e-15 0.0 -6.22 0.0
S301405 227.5555 104.113 2.391e-16 2.254e-16 1.466e-16 0.0 -3.91 0.0
S301406 227.5122 104.1141 2.365e-14 1.703e-14 6.361e-15 0.0 -3.91 0.0
S301407 226.7544 103.8465 1.264e-14 9.014e-15 3.246e-15 0.0 -6.04 0.0
S301408 227.5496 104.1388 2.219e-14 1.578e-14 5.585e-15 0.0 -3.9 0.0
S301409 227.5167 104.1354 3.375e-14 2.409e-14 9.104e-15 0.0 -3.87 0.0
S301410 226.728 103.8377 1.244e-11 1.082e-11 5.963e-12 0.0 -6.23 1.0
S301411 226.7441 103.8286 3.555e-14 2.464e-14 8.621e-15 0.0 -6.19 0.0
S301412 226.7411 103.8219 2.542e-19 4.091e-19 7.737e-19 0.0 -6.14 0.0
S301413 226.7419 103.801 7.437e-15 5.686e-15 2.364e-15 0.0 -6.33 1.0
S301414 226.7522 103.8086 3.352e-16 6e-16 1.439e-15 0.001 -6.08 0.0
S301415 227.4926 104.1676 4.267e-15 3.154e-15 1.271e-15 0.0 -4.05 0.0
S301416 227.4831 104.1905 3.208e-17 3.343e-17 2.616e-17 0.0 -4.15 0.0
S301417 226.7889 103.7867 2.822e-13 1.871e-13 6.139e-14 0.0 -6.06 0.0
S301418 227.4924 104.1949 1.577e-15 5.425e-15 5.01e-14 0.0 -4.12 1.0
S301419 227.4916 104.2244 3.148e-18 4.296e-18 5.81e-18 0.0 -4.1 0.0
S301420 226.7629 103.7839 1.991e-14 1.385e-14 4.805e-15 0.0 -5.96 0.0
S301421 227.4699 104.2341 4.176e-14 2.962e-14 1.083e-14 0.0 -4.11 0.0
S301422 226.8046 103.7279 3.655e-16 6.433e-16 1.499e-15 0.0 -6.04 0.0
S301423 227.4743 104.2474 8.035e-12 6.442e-12 3.021e-12 0.0 -4.1 1.0
S301424 227.4545 104.2464 1.859e-15 1.501e-15 6.934e-16 0.0 -4.19 0.0
S301425 226.8445 103.7376 2.298e-11 1.734e-11 7.198e-12 0.0 -5.91 1.0
S301426 227.4474 104.2566 2.887e-16 2.547e-16 1.426e-16 0.0 -4.25 0.0
S301427 227.4234 104.2643 6.245e-15 4.809e-15 2.087e-15 0.0 -4.25 1.0
S301428 226.8472 103.7009 3.696e-16 6.652e-16 1.636e-15 0.0 -5.74 0.0
S301429 227.4183 104.2674 1.221e-16 1.123e-16 6.717e-17 0.0 -4.43 0.0
S301430 227.3977 104.2781 7.87e-16 6.578e-16 3.237e-16 0.0 -4.32 0.0
S301431 226.8769 103.6821 8.54e-14 5.845e-14 1.925e-14 0.0 -5.7 0.0
S301432 226.901 103.691 1.117e-14 8.042e-15 2.892e-15 0.0 -5.64 0.0
S301433 227.3673 104.3116 4.123e-15 3.316e-15 1.528e-15 0.0 -4.43 0.0
S301434 227.3648 104.3112 9.672e-17 9.482e-17 6.779e-17 0.0 -4.58 0.0
S301435 227.3488 104.3363 1.279e-11 9.085e-12 3.341e-12 0.0 -4.66 0.0
S301436 226.9398 103.6229 3.836e-15 2.905e-15 1.222e-15 0.0 -5.48 1.0
S301437 226.9595 103.6478 2.252e-15 1.736e-15 7.653e-16 0.0 -5.54 0.0
S301438 227.3218 104.3726 2.026e-14 1.486e-14 5.934e-15 0.0 -4.59 0.0
S301439 227.3099 104.3571 7.57e-15 5.615e-15 2.236e-15 0.0 -4.67 0.0
S301440 226.9755 103.6219 2.255e-16 2.05e-16 1.201e-16 0.0 -5.46 1.0
S301441 226.9816 103.6008 3.731e-16 6.453e-16 1.489e-15 0.0 -5.58 0.0
S301442 227.2662 104.3578 2.405e-14 1.684e-14 5.88e-15 0.0 -4.92 0.0
S301443 227.0142 103.5788 8.316e-15 6.102e-15 2.379e-15 0.0 -5.32 0.0
S301444 227.0357 103.5795 3.633e-14 2.477e-14 8.389e-15 0.0 -5.27 0.0
S301445 227.0477 103.5987 3.95e-15 3.005e-15 1.247e-15 0.0 -5.2 1.0
S301446 227.0598 103.5981 4.526e-14 3.078e-14 1.064e-14 0.0 -5.12 0.0
S301447 227.1962 104.3935 2.641e-16 2.306e-16 1.275e-16 0.0 -4.92 0.0
S301448 227.0952 103.5958 1.117e-15 8.919e-16 3.955e-16 0.0 -5.05 0.0
S301449 227.159 104.3994 1.569e-15 1.281e-15 6.013e-16 0.0 -5.11 0.0
S301450 227.1202 103.5692 1.893e-15 1.537e-15 7.291e-16 0.0 -5.08 0.0
S301451 227.1438 103.5733 4.739e-15 3.544e-15 1.469e-15 0.0 -4.96 1.0
S301452 227.1621 103.5546 2.464e-16 4.599e-16 1.241e-15 0.0 -4.97 0.0
S301453 227.1753 103.5846 5.403e-19 8.474e-19 1.533e-18 0.0 -4.82 0.0
S301454 227.2012 103.5612 7.089e-16 5.909e-16 3.073e-16 0.0 -4.76 0.0
S301455 227.2208 103.5628 1.323e-14 9.944e-15 3.922e-15 0.0 -4.64 0.0
S301456 227.2375 103.564 8.453e-16 6.853e-16 3.207e-16 0.0 -4.74 0.0
S301457 227.0189 104.4275 2.21e-16 3.825e-16 8.3e-16 0.0 -5.27 0.0
S301458 227.2732 103.5703 3.425e-16 3.032e-16 1.754e-16 0.0 -4.49 0.0
S301459 227.3004 103.5668 2.46e-16 2.238e-16 1.325e-16 0.001 -4.54 0.0
S301460 226.9544 104.3902 2.553e-15 2.056e-15 9.293e-16 0.0 -5.83 1.0
S301461 226.934 104.4199 4.618e-14 3.22e-14 1.095e-14 0.0 -5.7 0.0
S301462 226.9297 104.3863 1.3e-14 9.661e-15 3.893e-15 0.0 -5.58 0.0
S301463 226.9042 104.4114 3.25e-12 2.063e-12 6.283e-13 0.0 -5.66 0.0
S301464 227.3745 103.575 1.74e-13 1.163e-13 3.706e-14 0.0 -4.47 0.0
S301465 227.5237 104.0112 2.333e-22 6.169999999999999e-22 3.427e-21 0.0 -3.66 0.0
S301466 226.7819 103.9567 5.701e-17 5.82e-17 4.462e-17 0.0 -6.28 0.0
S301467 227.4863 104.0271 4.574e-16 3.911e-16 2.123e-16 0.0 -3.76 0.0
S301468 227.5165 104.0238 5.021e-17 5.363e-17 4.421e-17 0.0 -3.71 0.0
S301469 226.7189 103.9467 3.192e-16 2.848e-16 1.612e-16 0.0 -6.43 0.0
S301470 226.7571 103.9524 1.929e-16 2.957e-16 5.332e-16 0.0 -6.44 0.0
S301471 227.5416 104.0199 1.356e-14 9.738e-15 3.715e-15 0.0 -3.76 0.0
S301472 226.7123 103.9384 1.947e-11 1.486e-11 6.191e-12 0.0 -6.35 1.0
S301473 226.7565 103.9421 1.715e-19 2.912e-19 6.458e-19 0.0 -6.38 0.0
S301474 227.5149 104.0398 1.107e-22 3.9809999999999995e-22 4.249e-21 0.0 -3.78 0.0
S301475 227.5003 104.0659 5.267e-16 1.016e-15 2.773e-15 0.0 -3.75 0.0
S301476 227.5282 104.0571 4.548999999999999e-22 1.298e-21 8.014e-21 0.0 -3.76 0.0
S301477 227.5192 104.0696 1.126e-16 2.106e-16 5.477e-16 0.0 -3.85 0.0
S301478 226.7439 103.9197 1.334e-15 1.07e-15 5.139e-16 0.0 -6.37 0.0
S301479 227.5115 104.082 6.581e-17 6.621e-17 4.758e-17 0.0 -3.83 0.0
S301480 226.8016 103.8925 3.322e-18 4.514e-18 6.221e-18 0.0 -6.29 0.0
S301481 227.5006 104.0844 1.764e-14 1.243e-14 4.563e-15 0.0 -3.96 0.0
S301482 227.5061 104.0783 3.39e-16 3.036e-16 1.746e-16 0.0 -3.72 0.0
S301483 227.5504 104.0781 4.364e-15 3.303e-15 1.4e-15 0.001 -3.81 1.0
S301484 227.4889 104.1229 3.524e-19 5.601e-19 1.033e-18 0.0 -3.93 0.0
S301485 226.7417 103.868 7.004e-18 8.935e-18 1.061e-17 0.0 -6.28 0.0
S301486 226.766 103.8462 3.942e-21 8.008e-21 2.4310000000000002e-20 0.0 -6.13 0.0
S301487 227.5098 104.1331 4.018e-16 7.128e-16 1.66e-15 0.0 -4.05 0.0
S301488 226.7331 103.8378 5.091e-16 4.231e-16 2.102e-16 0.001 -6.3 0.0
S301489 227.5017 104.1279 2.518e-14 1.799e-14 6.671e-15 0.0 -4.04 1.0
S301490 227.5148 104.1411 2.785e-17 2.92e-17 2.403e-17 0.0 -3.97 0.0
S301491 226.7525 103.8333 6.89e-23 2.1949999999999997e-22 1.776e-21 0.0 -6.15 0.0
S301492 227.4777 104.1729 1.664e-18 2.378e-18 3.441e-18 0.0 -3.96 0.0
S301493 226.7196 103.823 3.328e-16 7.668e-16 3.057e-15 0.0 -6.2 0.0
S301494 227.5406 104.184 9.411e-16 7.977e-16 4.149e-16 0.0 -3.91 0.0
S301495 227.4544 104.1444 6.021e-15 4.611e-15 1.909e-15 0.0 -4.04 1.0
S301496 226.7861 103.7844 6.75e-16 5.664e-16 2.972e-16 0.0 -6.01 0.0
S301497 226.7346 103.7653 5.654e-18 7.251e-18 8.646e-18 0.001 -6.18 0.0
S301498 227.476 104.1936 2.188e-15 1.691e-15 7.505e-16 0.0 -4.11 0.0
S301499 226.8023 103.7851 4.98e-16 8.881e-16 2.096e-15 0.0 -5.86 0.0
S301500 227.4496 104.1864 1.293e-15 1.065e-15 5.198e-16 0.0 -3.97 0.0
S301501 226.7874 103.7755 6.596e-16 5.183e-16 2.255e-16 0.0 -6.08 0.0
S301502 226.801 103.7658 4.984e-16 7.818e-16 1.448e-15 0.0 -6.02 0.0
S301503 227.4741 104.2176 4.779e-16 7.034e-16 1.135e-15 0.0 -4.08 0.0
S301504 226.8159 103.7344 6.409e-20 1.135e-19 2.671e-19 0.0 -6.03 0.0
S301505 227.3843 104.2634 1.877e-16 1.769e-16 1.105e-16 0.0 -4.49 0.0
S301506 227.4454 104.2223 5.076e-19 7.496e-19 1.166e-18 0.0 -4.17 0.0
S301507 226.8361 103.7031 4.547e-20 9.459e-20 3.086e-19 0.0 -5.69 0.0
S301508 227.3792 104.2935 4.168e-18 5.56e-18 6.944e-18 0.0 -4.52 0.0
S301509 226.9167 103.7011 7.933999999999999e-22 2.109e-21 1.1410000000000001e-20 0.001 -5.62 0.0
S301510 226.8412 103.7299 1.081e-15 2.652e-15 1.264e-14 0.0 -5.87 1.0
S301511 227.3936 104.2309 1.728e-15 1.384e-15 6.687e-16 0.0 -4.22 0.0
S301512 226.924 103.704 3.58e-16 7.391e-16 2.47e-15 0.0 -5.59 0.0
S301513 226.9021 103.6751 5.715e-23 1.8089999999999998e-22 1.413e-21 0.0 -5.59 0.0
S301514 226.906 103.6668 5.187e-12 3.519e-12 1.171e-12 0.0 -5.57 0.0
S301515 227.3923 104.3306 1.25e-19 2.23e-19 5.387e-19 0.0 -4.48 0.0
S301516 227.3748 104.3241 9.298e-16 7.708e-16 3.702e-16 0.0 -4.48 0.0
S301517 226.9124 103.7194 1.057e-18 1.511e-18 2.232e-18 0.0 -5.53 0.0
S301518 226.9293 103.6791 1.086e-17 1.326e-17 1.435e-17 0.0 -5.63 0.0
S301519 226.929 103.6881 8.727e-16 7.109e-16 3.409e-16 0.0 -5.66 0.0
S301520 226.9597 103.6476 1.197e-18 1.729e-18 2.591e-18 0.0 -5.4 0.0
S301521 227.3087 104.3414 7.078e-19 1.042e-18 1.661e-18 0.0 -4.7 0.0
S301522 227.3081 104.3493 7.201e-15 5.326e-15 2.178e-15 0.0 -4.7 0.0
S301523 227.2719 104.3207 1.625e-17 1.809e-17 1.641e-17 0.0 -4.64 0.0
S301524 226.9915 103.681 2.27e-15 1.777e-15 7.914e-16 0.0 -5.49 1.0
S301525 227.2598 104.3475 4.184e-16 7.255e-16 1.599e-15 0.0 -4.68 0.0
S301526 227.2548 104.3795 5.282e-17 5.535e-17 4.443e-17 0.0 -4.84 0.0
S301527 227.0537 103.5673 1.768e-15 1.388e-15 6.115e-16 0.0 -5.16 0.0
S301528 227.2052 104.3545 1.183e-15 9.961e-16 4.985e-16 0.0 -4.9 0.0
S301529 227.1941 104.3867 1.013e-16 1.794e-16 4.338e-16 0.0 -5.0 0.0
S301530 227.1771 104.3482 6.142e-16 5.332e-16 2.812e-16 0.0 -5.05 0.0
S301531 227.174 104.3502 6.769e-15 5.138e-15 2.047e-15 0.0 -4.96 0.0
S301532 227.1217 103.5861 2.05e-19 3.292e-19 6.346e-19 0.0 -4.75 0.0
S301533 227.1406 104.3748 7.027e-16 6.128e-16 3.279e-16 0.0 -5.16 0.0
S301534 227.1448 103.5706 6.661e-19 9.793e-19 1.569e-18 0.001 -4.9 0.0
S301535 227.1708 103.5668 1.322e-18 1.849e-18 2.634e-18 0.0 -4.84 0.0
S301536 227.0908 104.3996 2.269e-16 2.112e-16 1.288e-16 0.0 -5.35 0.0
S301537 227.073 104.3954 6.309e-16 1.482e-15 6.357e-15 0.0 -5.28 1.0
S301538 227.0739 104.3925 5.353e-16 1.108e-15 3.495e-15 0.001 -5.29 0.0
S301539 227.2483 103.5468 2.968e-20 2.0990000000000003e-20 7.554e-21 0.001 -4.79 0.0
S301540 227.2593 103.5671 3.27e-15 2.455e-15 9.709e-16 0.0 -4.63 0.0
S301541 227.2597 103.6147 3.356e-17 3.508e-17 2.792e-17 0.0 -4.65 0.0
S301542 227.3147 103.5177 2.079e-16 1.926e-16 1.16e-16 0.0 -4.52 1.0
S301543 227.2942 103.5307 2.472e-16 4.422e-16 1.091e-15 0.0 -4.7 0.0
S301544 226.929 104.389 8.344e-16 6.854e-16 3.356e-16 0.0 -5.69 0.0
S301545 226.943 104.3403 1.438e-19 2.449e-19 5.25e-19 0.0 -5.8 0.0
S301546 226.8915 104.3899 3.735e-19 5.832e-19 1.089e-18 0.0 -5.67 0.0
S301547 226.8973 104.3703 3.726e-16 5.939e-16 1.133e-15 0.0 -5.71 0.0
S301548 226.87 104.4021 9.668999999999999e-22 2.323e-21 1.0600000000000001e-20 0.0 -5.62 0.0
S301549 227.4159 103.5814 3.287e-19 5.455e-19 1.103e-18 0.0 -4.4 0.0
S301550 227.4565 103.5937 3.175e-16 2.792e-16 1.612e-16 0.001 -4.18 0.0
S301551 226.7778 104.3527 2.693e-14 1.929e-14 6.932e-15 0.0 -5.95 0.0
S301552 227.4822 103.6725 7.947e-21 1.6020000000000003e-20 5.0970000000000004e-20 0.0 -4.25 0.0
S301553 226.8016 104.3386 1.105e-18 1.67e-18 2.795e-18 0.001 -6.09 0.0
