Time NormalisedFlux
0.0 1.0869848055276647
1.0 0.9268790891838284
2.0 1.0214538225442102
3.0 1.0418052233136201
4.0 0.9475589292640593
5.0 0.9177568115741136
6.0 1.0805741573772907
7.0 0.9645125006306474
8.0 0.8463007234413126
9.0 1.0181718604805683
10.0 0.990744057807576
11.0 1.043971583130206
12.0 0.9716572962539536
13.0 1.0468148400326729
14.0 1.0218953301120097
15.0 1.1128379609673549
16.0 1.0728919634756908
17.0 0.891066986289022
18.0 0.7904570022798073
19.0 0.97437795930169
20.0 1.0142185128535257
21.0 0.8982424024948846
22.0 1.0002167566144318
23.0 0.9764312371370687
24.0 0.9233113323405281
25.0 0.993138618581402
26.0 0.9990449275440105
27.0 0.9373891366503422
28.0 0.9721159582595872
29.0 0.8592886157695048
30.0 0.8805680751923584
31.0 1.083704821560722
32.0 1.0530151169201725
33.0 1.0515969656437496
34.0 0.9296576310636855
35.0 0.9433016715026005
36.0 0.9587986357372594
37.0 1.0134037944458496
38.0 0.9267458662865421
39.0 0.8881732998591483
40.0 1.012840474322391
41.0 0.9276456927470685
42.0 1.0440909687387225
43.0 0.944255395782667
44.0 0.824935057037294
45.0 0.9976922927071326
46.0 1.1799756635484664
47.0 1.0397214681835565
48.0 0.8677464631802956
49.0 1.0781831001776696
50.0 1.1143050871589684
51.0 0.9351715761033552
52.0 0.9331517967086228
53.0 0.9990671580228959
54.0 0.9480624539556821
55.0 0.8609195942413244
56.0 0.9122496336538524
57.0 1.0036611857760733
58.0 1.0150665558304486
59.0 0.9288168831850523
60.0 1.1023628089975535
61.0 0.9638889384575143
62.0 1.0844998354866346
63.0 1.0408050818700425
64.0 0.8477080092137945
65.0 0.8945818504608831
66.0 0.8769412646604395
67.0 0.9478943513749315
68.0 1.0774742634987036
69.0 1.1606834276977447
70.0 1.2053527735620122
71.0 1.1071615828963253
72.0 0.786134047030828
73.0 0.9447372766452874
74.0 0.9629666157191674
75.0 0.898962046757953
76.0 1.060721958495657
77.0 0.9553653179540527
78.0 1.1393525400635434
79.0 1.0899390711228136
80.0 1.0898941847446835
81.0 1.1027925117432993
82.0 0.8154744482239534
83.0 0.9468545385475865
84.0 0.9635410857646157
85.0 1.0354302720313149
86.0 0.8330788871697382
87.0 0.9875116654270858
88.0 1.0678323508141365
89.0 0.8765454930241251
90.0 1.1361388785158952
91.0 0.8563122819611989
92.0 1.0251154276524765
93.0 1.0172912757338153
94.0 1.0378406923174843
95.0 0.8704738549523593
96.0 1.0921561665359716
97.0 0.9251039225350078
98.0 1.1086932068944801
99.0 0.985235660635513
100.0 0.9851588942935838
101.0 1.0065466983926272
102.0 1.0802794139031726
103.0 0.9692735265851988
104.0 0.8313197255234637
105.0 0.9376168724815955
106.0 0.9451144826501896
107.0 1.230926488976079
108.0 0.9078468997983208
109.0 1.052412813393589
110.0 1.0590909766879841
111.0 1.1385645147717467
112.0 0.9854672479139723
113.0 0.9664930015592081
114.0 1.0532006309820554
115.0 0.9054435948010056
116.0 0.9747025950176206
117.0 1.1345284271381817
118.0 1.0682911980328331
119.0 1.1449339501311195
120.0 1.1080532238705618
