Time NormalisedFlux
0.0 1.0543014939980353
1.0 1.0937741352940262
2.0 1.0596490457698964
3.0 1.141668582534081
4.0 1.1762915293716611
5.0 1.1455960514014811
6.0 1.1884871421256544
7.0 1.213341038974801
8.0 1.2266850483688632
9.0 1.1072316922816887
10.0 1.1031856865297713
11.0 1.0644653914942683
12.0 0.9666887240054597
13.0 0.9176924144264786
14.0 0.8842960829718498
15.0 0.8248612516032943
16.0 0.7931526263339591
17.0 0.7494490377312717
18.0 0.7830739774132496
19.0 0.8173577014938861
20.0 0.8793009479506496
21.0 0.8842621887268446
22.0 0.9453515464010823
23.0 1.0153526769994305
24.0 1.034764864878357
25.0 1.1165002629795755
26.0 1.1130150291285708
27.0 1.166814482433186
28.0 1.1197224684879608
29.0 1.1736919558869157
30.0 1.195099094030132
31.0 1.116459107578725
32.0 1.1157766240540148
33.0 1.085983377655553
34.0 0.9967111006555949
35.0 1.0163672139604616
36.0 0.915327302848361
37.0 0.8482349357298595
38.0 0.8768657706030798
39.0 0.8032734041361705
40.0 0.7941581851292935
41.0 0.7915198765797549
42.0 0.8907010840347804
43.0 0.8583457646853748
44.0 0.8585417615626348
45.0 0.9994426458845211
46.0 0.9802872881573335
47.0 1.1155613784721916
48.0 1.0936574099624081
49.0 1.1837554792352125
50.0 1.1768886693445582
51.0 1.1968685485205939
52.0 1.185815180834461
53.0 1.2123072770342826
54.0 1.0924747396601258
55.0 1.1048528489253757
56.0 1.0762548866453172
57.0 1.0520421970507103
58.0 0.9743905114676131
59.0 0.9752656376916002
60.0 0.8683351114885918
61.0 0.7963491662067932
62.0 0.781383168821673
63.0 0.7894000300879028
64.0 0.7405193077498134
65.0 0.8944694234932389
66.0 0.8610686335566802
67.0 0.8788194468780411
68.0 0.9751669309624372
69.0 1.0123607563362393
70.0 1.039246217703519
71.0 1.067013145953582
72.0 1.182109803007797
73.0 1.219120344673724
74.0 1.2384926732830666
75.0 1.1824393675157259
76.0 1.209587430897841
77.0 1.200726202204505
78.0 1.1824267603788507
79.0 1.0836313844289782
80.0 1.0603582149649988
81.0 1.021129941810619
82.0 0.9371285870199367
83.0 0.8371910061358646
84.0 0.8886446827114421
85.0 0.8482394398723971
86.0 0.8080756265317934
87.0 0.8461544562552401
88.0 0.7897429972226511
89.0 0.8263845857437677
90.0 0.9098513178284913
91.0 0.9770436933828202
92.0 0.9455427930317853
93.0 1.0410616657489344
94.0 1.1131029329135809
95.0 1.1373486577618719
96.0 1.1326290583382748
97.0 1.1873078675236997
98.0 1.1711583526109466
99.0 1.207214749758412
100.0 1.18370805785705
101.0 1.124970672310589
102.0 1.0690236952100938
103.0 1.084418227566257
104.0 1.020265111215015
105.0 0.8863907804488468
106.0 0.8909134894156782
107.0 0.8254903352918657
108.0 0.8610446815148135
109.0 0.7827772592612486
110.0 0.8317877616357643
111.0 0.8083975654142252
112.0 0.872277294824766
113.0 0.8600982536358266
114.0 0.9477656598828953
115.0 1.0279771692200694
116.0 1.0298387090135754
117.0 1.0930239878899626
118.0 1.125068803928737
119.0 1.1552570121614845
120.0 1.1146965369729744
