Time NormalisedFlux
0.0 1.0309011989349885
1.0 1.0153809274184273
2.0 1.034991692344296
3.0 1.1120039042233003
4.0 0.8727998764005224
5.0 1.1539275982317256
6.0 1.036311312844234
7.0 0.9651736617721177
8.0 0.9835452227673673
9.0 1.1603151080019103
10.0 1.0468787276273037
11.0 0.9043695621761244
12.0 1.0528741178011443
13.0 0.81206676031719
14.0 0.9676387154142442
15.0 0.9384007612629683
16.0 0.817465175319201
17.0 1.0253578865461863
18.0 1.1367090192319302
19.0 0.9937072586180214
20.0 1.025435902039142
21.0 0.973466627134404
22.0 1.170679626084092
23.0 0.9272365295616722
24.0 1.0089941281028298
25.0 1.0583208826786101
26.0 1.0911485009018584
27.0 0.9546052391357711
28.0 0.9271613302193635
29.0 1.0461902830101013
30.0 1.0025876714833795
31.0 0.908415418166976
32.0 1.05234011700212
33.0 0.8526605701032336
34.0 1.0155206189440857
35.0 1.0567250165739848
36.0 0.883593756759165
37.0 0.9255113220034124
38.0 1.0592004212414103
39.0 0.8500069375933232
40.0 1.0244223194604445
41.0 1.141003752141552
42.0 1.1586734843989641
43.0 0.9494145068775237
44.0 1.080320970112033
45.0 0.8791038016875307
46.0 1.056029680122377
47.0 1.018130135644547
48.0 1.0674988346213192
49.0 0.9433754776754332
50.0 0.9591082662864183
51.0 1.1981003022518801
52.0 1.1922513007854572
53.0 1.0832676736293751
54.0 1.0680030758238546
55.0 1.1437317383862475
56.0 1.0211852327777373
57.0 1.0383749546165089
58.0 0.8209313426102192
59.0 0.8930121440644962
60.0 0.9437022504255157
61.0 0.9498204386106096
62.0 0.8325692812438374
63.0 0.9195649922092489
64.0 0.7581167359919301
65.0 0.9645868367239351
66.0 0.9391418139766944
67.0 0.9427664189620422
68.0 1.1334714956747056
69.0 1.0390232555746284
70.0 1.0041960244097239
71.0 1.0663331143741241
72.0 0.9781155632259629
73.0 1.0314858682958852
74.0 0.9487524945615953
75.0 1.2122611621778896
76.0 0.9831041096091148
77.0 0.8993521572336558
78.0 0.9583949571976658
79.0 1.0797676831340073
80.0 0.9896494797605808
81.0 0.8798659102839149
82.0 1.0582374716024536
83.0 0.8328381520990709
84.0 0.8708970032459403
85.0 1.125409708430027
86.0 0.8011570032891054
87.0 1.0561354540798007
88.0 0.9473642294005108
89.0 0.8508631037153533
90.0 1.009685736889354
91.0 0.9780490755143515
92.0 0.9960712766805786
93.0 0.9943788521905609
94.0 1.0486985538576235
95.0 1.1132408801567935
96.0 1.1570556576680553
97.0 1.079827428068854
98.0 0.7381016835756848
99.0 0.9379330548626105
100.0 0.9403452653197497
101.0 0.9321614276647496
102.0 1.099738780454282
103.0 0.8776988629035153
104.0 1.0060680643121218
105.0 1.1244702937265896
106.0 0.9033511298946263
107.0 0.905065740087148
108.0 1.0261675323386612
109.0 0.9280277398100787
110.0 0.9062197950043447
111.0 0.991403769663202
112.0 0.964419012130102
113.0 0.8829890971756658
114.0 1.1158904717408575
115.0 0.8759394199376116
116.0 1.0792045405559711
117.0 0.9717367383451562
118.0 1.2128294288367762
119.0 0.8539314112080725
120.0 1.0316372127809526
