Time NormalisedFlux
0.0 0.922841895787913
1.0 0.9086307766166257
2.0 0.844700852248515
3.0 1.0395010130398405
4.0 1.0499193208455795
5.0 0.9444329316357596
6.0 0.9013381185026269
7.0 1.1192559445503656
8.0 0.901071573148719
9.0 1.1616076662080044
10.0 0.9115398413617036
11.0 1.0215286270725195
12.0 0.8311345665346648
13.0 0.9291106186968829
14.0 1.1453011374541369
15.0 0.9405754688503369
16.0 0.9559761946245636
17.0 0.965286533705874
18.0 0.9303236510441896
19.0 0.9844932951476892
20.0 0.7851602746920047
21.0 1.0430785692491815
22.0 1.0350623165190707
23.0 0.9926119004957693
24.0 1.0289030429482073
25.0 1.164694542116953
26.0 0.8870700651142559
27.0 1.2025904415851674
28.0 1.1122605898696096
29.0 0.8860408442804674
30.0 0.9614809970542669
31.0 1.0670478817656148
32.0 1.0117578080379461
33.0 0.7940610340884824
34.0 1.0097221025984864
35.0 0.9278584558554911
36.0 1.0534345655810815
37.0 0.9920044501643669
38.0 0.8543650114543753
39.0 1.0851668344282313
40.0 0.9727287551455073
41.0 0.9439308323779211
42.0 1.069279364579653
43.0 1.0489457294543745
44.0 0.9174212452309534
45.0 0.976337194042167
46.0 0.8977812558903682
47.0 0.9142149017257766
48.0 1.0289213368959165
49.0 0.8501166558884107
50.0 0.9772599073925041
51.0 1.0245695864243085
52.0 0.9586601727856656
53.0 0.9900069582065484
54.0 0.9691016581981359
55.0 1.1060495596977105
56.0 0.9995218602161053
57.0 0.9995042401570611
58.0 0.8392434314426129
59.0 0.8588431129595908
60.0 1.1094601405282736
61.0 0.9392625351899254
62.0 1.0657633457158346
63.0 0.9046969006873128
64.0 1.0986107612247662
65.0 1.081531981269186
66.0 1.0405624131565523
67.0 0.9433458830341496
68.0 0.9746677384740126
69.0 1.0440009001731678
70.0 1.1492173142593243
71.0 0.992939813793817
72.0 0.9627585164578003
73.0 0.9419881999505882
74.0 0.9990506597793886
75.0 1.0986157118393463
76.0 1.093354536052333
77.0 1.1208350706960428
78.0 1.1151254170915812
79.0 0.9801443779416937
80.0 1.0516700464055246
81.0 0.8496314568143459
82.0 1.026294547181527
83.0 0.9799038872044517
84.0 0.7608038275377687
85.0 1.141000959166886
86.0 0.9792304945269306
87.0 0.9859417820816124
88.0 1.0060798441658991
89.0 0.9428417626170907
90.0 0.9830821688426965
91.0 0.7936775197739944
92.0 1.161554062444519
93.0 1.1566477871101144
94.0 0.9116115328879109
95.0 0.8828835665568856
96.0 1.1008215886139379
97.0 1.028438181057974
98.0 1.057515521611566
99.0 0.9020363142603067
100.0 0.9369721536769364
101.0 0.9482951088270366
102.0 0.816006653244695
103.0 0.9832547906837406
104.0 0.975540802071942
105.0 0.9968952943705253
106.0 0.9823616385136711
107.0 1.0625390459034707
108.0 0.9021326336625015
109.0 1.135094750761439
110.0 0.9954740221379973
111.0 0.9811035299675568
112.0 0.8801057403744511
113.0 0.8209311811035497
114.0 1.1000944594967181
115.0 0.9240749059730429
116.0 0.9728401326222609
117.0 1.133786141784792
118.0 1.0789795532552149
119.0 1.1016586063732277
120.0 0.7550948615529103
