Time NormalisedFlux
0.0 0.9910831313646645
1.0 1.1852809088734055
2.0 0.954285607530452
3.0 1.088066972975409
4.0 0.8793328480022254
5.0 1.0174033722345412
6.0 1.024207765719862
7.0 1.076808532955311
8.0 1.0511910963130537
9.0 0.9358596900081635
10.0 0.9074950437682067
11.0 1.134176754166478
12.0 0.9916407015369064
13.0 1.0552556770506476
14.0 1.0597436390230899
15.0 0.9617277559219766
16.0 0.902967763807702
17.0 1.0807978407683954
18.0 0.8942562077307962
19.0 1.2183641319639857
20.0 1.0197874650932894
21.0 0.9537213445550858
22.0 1.0666780901916584
23.0 0.949368170250277
24.0 1.0682491205765163
25.0 0.9292263883697587
26.0 1.0857615116980661
27.0 1.0207802119883131
28.0 0.8842063587773217
29.0 0.935634987378446
30.0 0.9969419257875652
31.0 0.9973518752389238
32.0 0.9508047577628712
33.0 1.0888545107713994
34.0 1.0007949768819169
35.0 1.1528961200563055
36.0 0.8800066390818508
37.0 1.1124103461160988
38.0 1.0749596628996507
39.0 1.155365568932003
40.0 0.9648515529334255
41.0 1.0394547809623083
42.0 0.9051500335038305
43.0 0.923751454700387
44.0 1.044639878315461
45.0 1.0224876285807638
46.0 0.8994748281103246
47.0 1.0212597140051243
48.0 1.0904576151690204
49.0 0.7840311262860342
50.0 0.9174135745917606
51.0 1.021583970847266
52.0 1.0814717921237076
53.0 1.0499801030107352
54.0 1.1314727489069971
55.0 0.9015655078573107
56.0 1.0083660275120656
57.0 0.8570743006033537
58.0 0.9047491562475846
59.0 1.137394371578927
60.0 1.1098936382156912
61.0 1.0295669397986256
62.0 0.9770238484663751
63.0 1.1048275927392253
64.0 0.9761724252327604
65.0 0.9990529900525097
66.0 1.030610278886485
67.0 1.0195206419400793
68.0 1.000665470421978
69.0 1.176559509514917
70.0 0.9392865198821365
71.0 1.1151111503573918
72.0 1.0300678984174263
73.0 1.0247600143075108
74.0 1.1134059272257828
75.0 0.8457714528206931
76.0 0.9149213737269493
77.0 0.9373001215071801
78.0 1.0218444710324075
79.0 0.9395415160770735
80.0 1.2121902549928953
81.0 0.9491310107580982
82.0 0.9344144062441535
83.0 1.026694801145427
84.0 1.139862034253902
85.0 0.9797762307050849
86.0 1.077109858382491
87.0 0.9120178521254403
88.0 0.8859699404799023
89.0 1.0356382400282644
90.0 1.133487856923172
91.0 0.8457763164394279
92.0 1.0928183372786342
93.0 1.1286160555277063
94.0 1.0249884759745074
95.0 0.8242982959693489
96.0 0.913913494508343
97.0 0.9274904145487902
98.0 0.9697245608188273
99.0 0.8745674961406793
100.0 0.9648040894834802
101.0 0.9835643240826019
102.0 1.0584012253479844
103.0 0.9343192476035131
104.0 0.9775954672532874
105.0 0.8918774240689036
106.0 1.1058257796909334
107.0 1.0954194655329492
108.0 1.0695181794453594
109.0 0.9004434153840607
110.0 0.9576403080815314
111.0 0.9020076872815186
112.0 0.7533286873989624
113.0 1.1235574761552671
114.0 1.055652392168229
115.0 0.8335035371605731
116.0 0.8746146003655764
117.0 0.9403218541218588
118.0 0.9928056428602386
119.0 1.1052731131145415
120.0 0.9612985502445953
