Time NormalisedFlux
0.0 0.9865259199004066
1.0 1.0343245252349964
2.0 0.8146390030720597
3.0 1.0322138412734352
4.0 0.8330384634577092
5.0 1.070330124969185
6.0 0.9416261053105192
7.0 0.9440741055436037
8.0 0.93599325607358
9.0 0.8619392405668338
10.0 1.0929404695270164
11.0 1.128437899993598
12.0 1.0169858895990622
13.0 0.9222434773711516
14.0 1.073400881371137
15.0 0.938270814318503
16.0 0.9676980670206894
17.0 1.0736583943486093
18.0 1.0126738081981497
19.0 0.8811935546916816
20.0 0.8702116888467266
21.0 1.086424103957817
22.0 1.1486387369385211
23.0 0.7935682383316436
24.0 0.8118854826163406
25.0 0.9592029748465124
26.0 1.0291086107677478
27.0 0.8141529853496987
28.0 1.073537613012995
29.0 1.056828747231342
30.0 0.944117200430474
31.0 0.9953249029464563
32.0 1.0196619618430591
33.0 1.004506676127016
34.0 1.0562372364253212
35.0 1.050411066533418
36.0 0.9945423777506238
37.0 1.0588379868003177
38.0 0.9229342929234585
39.0 0.7379877971921244
40.0 1.1648203477943213
41.0 1.0601912972733445
42.0 0.8272656457835723
43.0 1.0587712110927954
44.0 1.0127762349948999
45.0 1.169712280141839
46.0 1.002191269170139
47.0 0.9795966528090693
48.0 1.1868649066913652
49.0 0.7908037726174092
50.0 1.0865463492776661
51.0 1.2477575377792376
52.0 1.1335867592851803
53.0 0.8330835269064116
54.0 0.8932540667254313
55.0 0.9605494508300153
56.0 0.9313946801642746
57.0 0.8991728027393087
58.0 0.9911618931728943
59.0 1.0436845874669753
60.0 1.0592417997143087
61.0 1.1064017859777109
62.0 1.036572047121721
63.0 0.8659264475600196
64.0 0.8962433590205401
65.0 0.942076109822926
66.0 1.0723904544511602
67.0 1.0166044159796181
68.0 0.8366777927516452
69.0 1.1122324287878722
70.0 0.9628828634863489
71.0 0.9473275321100424
72.0 0.9744683591847538
73.0 0.7734158977195206
74.0 1.012803951818805
75.0 1.0597861223989602
76.0 1.0141845847490998
77.0 1.012910480806685
78.0 1.0944987840976146
79.0 1.106596909395163
80.0 1.0061568851541314
81.0 1.1695642048706458
82.0 1.1791069922579682
83.0 1.0256163266953762
84.0 0.8683211016321861
85.0 0.9749139094392872
86.0 1.0625169258689244
87.0 0.9862113793137504
88.0 0.977633981707414
89.0 0.9641857170005859
90.0 1.0381555852666955
91.0 1.074471014057626
92.0 0.8231243771727978
93.0 1.1220060393239424
94.0 1.035721939433184
95.0 0.9719319853628862
96.0 0.937183254719114
97.0 1.148263362820426
98.0 1.0454877093304682
99.0 0.9050847515610538
100.0 1.0678634804488139
101.0 1.151012934785318
102.0 1.0542846793778722
103.0 0.955790286883986
104.0 1.1103233100257213
105.0 0.9775228946688814
106.0 0.8694681092335799
107.0 0.9151677779566021
108.0 1.0050977302111175
109.0 1.2806394003257409
110.0 0.7830985910425945
111.0 0.953285609948082
112.0 0.8867389045643324
113.0 0.9517147158475365
114.0 0.8107243125789375
115.0 0.9557029269603119
116.0 1.0214881235546074
117.0 1.1389830652610773
118.0 1.0251606753935933
119.0 0.9213432407770872
120.0 0.8554727921538806
