Time NormalisedFlux
0.0 1.118741372862508
1.0 1.0214664897907433
2.0 0.874517741926957
3.0 1.1810264996143989
4.0 1.0460307258605752
5.0 0.9184726315001592
6.0 1.107727209929638
7.0 0.9744359035170569
8.0 0.8750551650138025
9.0 1.0020323641461795
10.0 0.973680707669917
11.0 1.0450500831489102
12.0 0.9814867677627069
13.0 1.0424126675638734
14.0 1.2020456047401176
15.0 1.1066252915062176
16.0 1.0589554552141656
17.0 1.1520023302351308
18.0 1.1048495124084021
19.0 0.9164777540964141
20.0 1.2169955221743922
21.0 0.9757661266970858
22.0 1.0409101089917299
23.0 0.9402644459262394
24.0 0.9894024284283306
25.0 0.9244056953153554
26.0 1.1594077345292415
27.0 0.7382910916826197
28.0 1.0028917542135187
29.0 0.9839848905442171
30.0 0.9348184528277678
31.0 1.1738491831626212
32.0 1.0592054855099422
33.0 1.0404475012546281
34.0 0.9000632386675862
35.0 0.9172156772885012
36.0 0.9335797800799985
37.0 0.8759163014783482
38.0 1.0568601234642663
39.0 0.9279622747394651
40.0 0.9939571734412026
41.0 0.9748424189808731
42.0 1.0328985133590411
43.0 0.8761964135625724
44.0 1.1607416806608142
45.0 0.8427771084136577
46.0 0.844557210392372
47.0 0.8922166057312031
48.0 1.0064240388247994
49.0 1.0600539340581037
50.0 1.0379628024630525
51.0 0.9910381476605821
52.0 1.156522752843815
53.0 1.011707646202864
54.0 0.8540840550956931
55.0 1.1289822411740706
56.0 1.1087365771583462
57.0 0.7530591484661004
58.0 0.9971841212620267
59.0 0.9056381916676153
60.0 1.1680522835197071
61.0 1.0353166364285336
62.0 0.9840262294526925
63.0 0.8751340801084362
64.0 1.0269017481299807
65.0 0.8945666800873306
66.0 0.9790566778427283
67.0 1.0418080989881888
68.0 1.0391801669010192
69.0 0.9666610973995357
70.0 1.0409914154616224
71.0 1.0055032327329139
72.0 0.8808276638937769
73.0 1.0582111696568695
74.0 0.9993800603136307
75.0 1.1285771522482533
76.0 1.0186024129407019
77.0 0.8805202712020398
78.0 0.8811561433070924
79.0 1.194721563589824
80.0 1.0182280006714857
81.0 0.8352129647909836
82.0 0.9951257204720227
83.0 1.2172890552571718
84.0 0.9516687416366828
85.0 1.0567463114521431
86.0 1.000889276746076
87.0 0.9720484880442384
88.0 1.1652690069741545
89.0 0.910027293525542
90.0 0.8770906795940215
91.0 1.0533014863222419
92.0 0.9589664611263511
93.0 1.1197740245503403
94.0 1.0957429523746276
95.0 0.8361956394276551
96.0 0.93722978307059
97.0 1.0789846112211987
98.0 0.8982227930859725
99.0 1.0760922108220192
100.0 1.0720361687805853
101.0 1.0730714957266367
102.0 0.8407090129218759
103.0 0.9280939205254003
104.0 0.9782050428210558
105.0 1.0004697006662533
106.0 0.8261612362665831
107.0 1.010673484135041
108.0 1.1083499143661493
109.0 1.0248290423528301
110.0 0.810999337538885
111.0 0.8498547706367909
112.0 1.1152491400005353
113.0 1.0798421832432308
114.0 1.011168144166155
115.0 1.0316877190759877
116.0 0.7809563282354816
117.0 0.9968665643280381
118.0 0.8540922985805597
119.0 0.982201938332464
120.0 0.9873996851441
