Time NormalisedFlux
0.0 1.0573934400287708
1.0 1.008051711484585
2.0 1.0156735642565404
3.0 0.9710199427672035
4.0 0.9257518585215506
5.0 0.9483257067743599
6.0 0.9178377704883338
7.0 0.8496263139296435
8.0 0.8706405307649295
9.0 0.8629574459011407
10.0 0.883584427554837
11.0 0.9500042750981562
12.0 0.9689034296861216
13.0 0.9830036160087805
14.0 1.047717957263938
15.0 1.083415458532804
16.0 1.0551469020894286
17.0 1.114655943331505
18.0 1.1212759891362907
19.0 1.14675084245218
20.0 1.1184679310502021
21.0 1.0615572705786969
22.0 1.0558566022745925
23.0 0.9917840498625615
24.0 1.005500144274412
25.0 0.9450985805995027
26.0 0.9267529010231194
27.0 0.9172277958788179
28.0 0.8561085353799446
29.0 0.8476306710587758
30.0 0.8727332472969247
31.0 0.8943566928297255
32.0 0.9482846092625002
33.0 0.9252037091867384
34.0 0.9834262489388572
35.0 0.9911967325394351
36.0 0.9895136185208645
37.0 1.0307211190761814
38.0 1.091354238226017
39.0 1.0964907086719675
40.0 1.1012384346086823
41.0 1.1705241955670282
42.0 1.075221606612425
43.0 1.1156820217322057
44.0 1.09982226275699
45.0 1.0904864565210701
46.0 0.9957973712107419
47.0 0.9619450973403092
48.0 0.9292674772522009
49.0 0.9528558756537635
50.0 0.8722448206369696
51.0 0.8445111585998387
52.0 0.8078363206909601
53.0 0.8813696349606908
54.0 0.884058423729962
55.0 0.9415733239019141
56.0 0.9488111481444215
57.0 0.9883536228895441
58.0 1.012859164669762
59.0 1.095448885525403
60.0 1.0930617787198638
61.0 1.068332614471211
62.0 1.087557390244405
63.0 1.1781491783926394
64.0 1.106836982595241
65.0 1.06258298505387
66.0 1.0707217877102024
67.0 1.030873455372005
68.0 1.0149642911901402
69.0 0.9895015767735288
70.0 0.9819346144238265
71.0 0.9580809396718171
72.0 0.8804956285744182
73.0 0.8812955393610887
74.0 0.8296816590035514
75.0 0.901920390962471
76.0 0.904719021835786
77.0 0.9573837499137203
78.0 0.9503303650998317
79.0 0.9747834993926261
80.0 0.957556067833214
81.0 0.9908600994959227
82.0 1.0446092363676207
83.0 1.1316173670563339
84.0 1.1552351341199978
85.0 1.1558999275440793
86.0 1.0906483130422873
87.0 1.05706014444971
88.0 1.07233731304517
89.0 1.0521967164044215
90.0 1.0035608983791855
91.0 1.0328852807054687
92.0 0.9546125499843683
93.0 0.898658028487927
94.0 0.9215262783940247
95.0 0.8808120315179114
96.0 0.8474708115772441
97.0 0.8666537736931035
98.0 0.9155756435530014
99.0 0.8762117982694705
100.0 0.9231661287492205
101.0 0.9950327856562298
102.0 1.0125803280385068
103.0 1.0108100849052983
104.0 1.0663347200202409
105.0 1.1019991188581246
106.0 1.1678447292976832
107.0 1.092261964734066
108.0 1.1377268075181477
109.0 1.1079303713314177
110.0 1.0436892771555435
111.0 1.0593843231482252
112.0 1.0186107211931668
113.0 1.0222736384026696
114.0 0.9488905728653357
115.0 0.954737833767918
116.0 0.8598950948937248
117.0 0.8807441614430283
118.0 0.8170226130572047
119.0 0.8445152730957751
120.0 0.9345615833600239
