Time NormalisedFlux
0.0 1.139459011006942
1.0 1.1058665071753742
2.0 0.9707291883351505
3.0 0.9392819190564926
4.0 0.9881795292827794
5.0 1.0130340546534402
6.0 0.9923574927549955
7.0 1.1877592106417327
8.0 0.9952667735320134
9.0 1.0791026662475571
10.0 0.9376396124857493
11.0 1.010149427869943
12.0 1.1142293642114667
13.0 1.0987208302890619
14.0 1.0304763605676102
15.0 0.9335190922018275
16.0 0.927846709445075
17.0 1.1548112161173374
18.0 0.9207894002993364
19.0 0.886023570764499
20.0 1.0500191849227318
21.0 1.1015222558579332
22.0 1.1447192695950132
23.0 1.1762848625969884
24.0 0.9812805654792981
25.0 1.0813164066974466
26.0 1.1832565021555053
27.0 1.0668689545461725
28.0 0.971272335843449
29.0 1.0555630139995131
30.0 0.8705144243120895
31.0 0.9885844150935795
32.0 0.9301596164077701
33.0 0.9552787138361557
34.0 1.0521299846982048
35.0 0.97508014552721
36.0 1.0254146199075311
37.0 1.2232824313417505
38.0 0.9614775092687069
39.0 1.0967884763295286
40.0 0.8559847084931234
41.0 1.1053453485329525
42.0 1.1537029367777316
43.0 1.1229207562658101
44.0 0.911625856781494
45.0 1.007328794211909
46.0 1.0234953181568087
47.0 1.215299948501112
48.0 0.9133315503569372
49.0 1.1574401374340828
50.0 0.834042962017251
51.0 0.8315019108526844
52.0 0.9678810111134308
53.0 0.8572149470587381
54.0 0.966709487176157
55.0 1.1008667322055155
56.0 1.1058959695681811
57.0 0.9543536827836633
58.0 1.0482758092717583
59.0 1.0454552118393718
60.0 1.080738588715597
61.0 0.9781519605738324
62.0 1.0786033380360933
63.0 0.9908287149355703
64.0 0.7684259716077402
65.0 1.006204313958086
66.0 1.060581655876521
67.0 0.964539491562576
68.0 0.8852728852658172
69.0 1.0400766698136734
70.0 1.0817531854169724
71.0 1.1847047804339936
72.0 1.0500238724406505
73.0 0.9805586891737118
74.0 1.2135148338862054
75.0 1.0710968978973292
76.0 0.8920329622150914
77.0 1.0803094650511067
78.0 0.9358586842756426
79.0 1.0876475709696474
80.0 0.9215957868290608
81.0 0.9268503759208656
82.0 1.0844949855442159
83.0 0.9880246683931573
84.0 1.128311520014511
85.0 0.8145252908864995
86.0 0.8976750273431441
87.0 0.9474633944972849
88.0 1.059364180694603
89.0 0.900639107350069
90.0 0.948519595609622
91.0 1.0085267101145206
92.0 1.075363814793304
93.0 0.8891324848867465
94.0 0.9260062280684932
95.0 1.0763372636279998
96.0 1.1166750430558043
97.0 1.0002053751491182
98.0 1.021149316568985
99.0 1.0379377227776851
100.0 1.0950424430238115
101.0 1.0356403395748734
102.0 0.8356432422373831
103.0 0.8057551518777505
104.0 1.0028563454166808
105.0 1.0021263619418541
106.0 0.96021538112637
107.0 0.8589197144658014
108.0 0.9645951043750574
109.0 1.1211893237277217
110.0 0.988078023797771
111.0 0.9358157547139452
112.0 0.9287903605036766
113.0 1.0159390859519564
114.0 0.9788116121556495
115.0 1.2238048402665296
116.0 1.0583231747937982
117.0 1.0814426985509258
118.0 1.0002974561221831
119.0 1.1466425464503098
120.0 0.8533152066202252
