Time NormalisedFlux
0.0 0.9533121684339559
1.0 0.8815464360876193
2.0 0.9691297493391773
3.0 0.8881062674144937
4.0 1.0863993009563495
5.0 1.0697814335418412
6.0 0.9902684361819107
7.0 1.0005233924653203
8.0 0.86729265861299
9.0 1.0598939163541723
10.0 0.9371403523560585
11.0 0.9614303159041274
12.0 1.0406909388363212
13.0 1.0971164850171597
14.0 1.0607106699712003
15.0 1.1489545581763354
16.0 1.1359608993665324
17.0 0.9483666323114585
18.0 1.15037609801084
19.0 0.971829832402699
20.0 1.0012448382316144
21.0 1.0488283057504304
22.0 1.1659299165836496
23.0 0.9515401188652709
24.0 0.987721435858067
25.0 1.090679356434495
26.0 1.0528554123363936
27.0 0.9304105867600868
28.0 0.9885237441880053
29.0 1.0398662816298527
30.0 1.1588999756364784
31.0 0.997135775210353
32.0 1.029515787916151
33.0 1.0579585415991488
34.0 1.0112199713097454
35.0 0.9378361648620782
36.0 0.9278448695896344
37.0 1.311492134134963
38.0 1.0456069172040132
39.0 1.03770438225025
40.0 1.0174055981248684
41.0 1.16809654023583
42.0 1.0209838766854025
43.0 1.0339969041597428
44.0 0.9098011712207914
45.0 0.8860944603002247
46.0 1.0537290555342311
47.0 0.9176660762334099
48.0 0.8705334844177864
49.0 1.0635076889102968
50.0 0.9445149562461278
51.0 1.1886126764963332
52.0 0.9240014610282559
53.0 1.1324695265226374
54.0 1.003895236608799
55.0 0.9049709600223531
56.0 0.8824726481863345
57.0 0.8732255905237264
58.0 1.042712188943212
59.0 0.895212312686089
60.0 1.142728272615885
61.0 0.9628461185702706
62.0 0.9040728576737839
63.0 0.9477912449673533
64.0 1.0056993587095437
65.0 1.1063172697897623
66.0 1.0566924554340007
67.0 1.0227509455357895
68.0 1.0049028393888582
69.0 1.0339407276344523
70.0 1.0023038149910786
71.0 1.1521988640511815
72.0 0.8250674421911289
73.0 0.9777913317272416
74.0 0.9453974554022445
75.0 1.0615808054150364
76.0 1.0246355876231077
77.0 1.0206291762219617
78.0 0.9049957806970459
79.0 0.8661535419076772
80.0 1.1268553149099187
81.0 1.0791117307796525
82.0 0.9177269727941565
83.0 1.0375842027071722
84.0 1.17796513646707
85.0 0.8178209962626541
86.0 0.9631372693599553
87.0 0.9257413800036463
88.0 1.3215288734684296
89.0 1.2310355642924136
90.0 1.058461130997546
91.0 0.9529898324876112
92.0 0.9634305436024098
93.0 1.1289293099137683
94.0 0.9121350923558204
95.0 1.002415750857356
96.0 0.9933103035978228
97.0 0.9279415729950848
98.0 0.9238201337963585
99.0 1.0794871704891396
100.0 0.8988049035269925
101.0 0.9942745487843445
102.0 1.0545083232965275
103.0 0.8451757547373276
104.0 0.8585797520787528
105.0 1.0541358922404112
106.0 1.004602567324915
107.0 0.8639369295151406
108.0 1.0174420384545706
109.0 0.9841435819090193
110.0 0.9807690208891633
111.0 0.9048766661767614
112.0 0.9802984762833986
113.0 0.8520692809251296
114.0 1.102798641480375
115.0 1.0676404806579822
116.0 1.0948163856158075
117.0 0.9497577081027894
118.0 0.9101666237540412
119.0 1.0492073843294027
120.0 0.9102210669230512
