Time NormalisedFlux
0.0 1.0412506392773404
1.0 0.9637040188515003
2.0 0.9660559600390618
3.0 0.9592280372789461
4.0 0.9299247276924165
5.0 0.8441983529794505
6.0 0.8825230709487735
7.0 0.848601391003942
8.0 0.9204611489762379
9.0 0.9618283392769639
10.0 0.973082654981295
11.0 0.9855996030615862
12.0 1.0613496576124826
13.0 1.0187874442324008
14.0 1.1438229579055468
15.0 1.1350230323354304
16.0 1.1032837419436972
17.0 1.1384528792076096
18.0 1.0861595757956655
19.0 1.0609588561500725
20.0 1.0289751852094848
21.0 1.0145054944930365
22.0 0.9106150003242511
23.0 0.9436142056033573
24.0 0.9052781199029509
25.0 0.8871619799656971
26.0 0.8077561432966195
27.0 0.8835095071769019
28.0 0.9352283514731807
29.0 0.9139893839174154
30.0 0.9759169142221622
31.0 0.9799551927308855
32.0 1.0198567658032043
33.0 1.0744459118151457
34.0 1.0901301691910266
35.0 1.1103622203702805
36.0 1.093043192738941
37.0 1.1330670293522205
38.0 1.0648130107792737
39.0 1.0731732041755075
40.0 1.000323513076306
41.0 0.9692822699025614
42.0 0.939824510149893
43.0 0.9192404209184248
44.0 0.9022640999992247
45.0 0.8906196889731978
46.0 0.8801944717093567
47.0 0.8422225729067979
48.0 0.9423848876081793
49.0 0.9171339370795831
50.0 0.9745029441772786
51.0 1.0395379792018025
52.0 1.036923536589077
53.0 1.0988046439902686
54.0 1.0810285497616903
55.0 1.0774114791629998
56.0 1.1259706634516717
57.0 1.1072887222630237
58.0 1.0558090625983403
59.0 1.034832724942078
60.0 1.0577225289777856
61.0 1.0151165692678412
62.0 0.9673389830727925
63.0 0.9016479839395013
64.0 0.8676182264659544
65.0 0.8432142781224038
66.0 0.8939504417948073
67.0 0.8889335945974811
68.0 0.9094297145576529
69.0 0.9675163195882376
70.0 1.001756681490276
71.0 1.0119620256620832
72.0 1.062430527747176
73.0 1.0903808514933315
74.0 1.1202845585094436
75.0 1.1387595918335338
76.0 1.1629149638424159
77.0 1.1254960093611563
78.0 1.0881337104085043
79.0 1.0453363224442007
80.0 0.9904324672480876
81.0 0.9646890699361106
82.0 0.9693538798530689
83.0 0.9417509452237183
84.0 0.9229562473307046
85.0 0.8695653359206479
86.0 0.9230912216628384
87.0 0.9176451866756263
88.0 0.9431733593323552
89.0 0.961117326335502
90.0 1.0110080006707212
91.0 0.983770182598187
92.0 1.0554688048647025
93.0 1.0628887072978197
94.0 1.0794740737264126
95.0 1.120111320489219
96.0 1.1397917778448172
97.0 1.1747575916773865
98.0 1.024957140444383
99.0 1.0441729661854837
100.0 1.0038076183812605
101.0 0.9791782537246154
102.0 0.9814653464919124
103.0 0.9192163304455487
104.0 0.87749754719376
105.0 0.8328821021048565
106.0 0.8598037342103593
107.0 0.8500556130140927
108.0 0.9348452669422948
109.0 1.0181445757579652
110.0 1.0147697288132986
111.0 0.9726790578443438
112.0 1.01087949689362
113.0 1.0882563483890326
114.0 1.1549708643994474
115.0 1.1107725821100316
116.0 1.0868586353693837
117.0 1.0999727422067394
118.0 1.047516452939457
119.0 1.067052046037423
120.0 1.0002227393203307
