Time NormalisedFlux
0.0 1.1713052169708598
1.0 0.9033579099358118
2.0 1.189444695898136
3.0 1.018303686402134
4.0 1.0755798716448977
5.0 1.0731906534974474
6.0 0.9099321464951774
7.0 0.9642584420065561
8.0 0.9902831093310882
9.0 1.0343676682292
10.0 1.0213404382481037
11.0 0.9381606798002399
12.0 1.1317541962817754
13.0 1.0704482920311706
14.0 1.1939200779782633
15.0 0.8963577800826145
16.0 1.0073840365158788
17.0 1.0429554513285153
18.0 1.031517366709499
19.0 1.090603027051743
20.0 0.8832911405842303
21.0 0.9698716302854832
22.0 0.8764292217306948
23.0 0.9931345136565259
24.0 0.9950903088917524
25.0 0.9923623949190432
26.0 1.0429314995985932
27.0 1.0852142282123247
28.0 1.0561283338598373
29.0 0.8808146835586513
30.0 1.1383665060796806
31.0 0.891553983152262
32.0 1.1821632472128645
33.0 1.0645750695445027
34.0 1.0235276913903415
35.0 0.801950860408911
36.0 0.9698241348594523
37.0 0.9280702696706746
38.0 1.0779727415026061
39.0 0.9890738190510883
40.0 0.8898537242702851
41.0 0.9522763118875457
42.0 1.0608132977748719
43.0 1.0151412423834452
44.0 0.9253949092953644
45.0 0.7939542767391606
46.0 1.0246358664332011
47.0 0.9925805968257075
48.0 1.0807455323381083
49.0 1.1043442463909505
50.0 0.8529371106872725
51.0 1.0121560685215798
52.0 0.9350891935001021
53.0 0.9408338354085212
54.0 1.1129398867198916
55.0 0.9918168656262465
56.0 0.7875100350137575
57.0 0.9520678696492602
58.0 0.9272401244284548
59.0 0.9698982435232353
60.0 1.1600299622195762
61.0 0.931439637374329
62.0 0.9826457572492714
63.0 0.8952241199619436
64.0 1.038327965756144
65.0 1.0244776159073228
66.0 0.973860535698362
67.0 1.111579026493749
68.0 1.019153651284557
69.0 0.9297524079692218
70.0 1.1122311480589273
71.0 0.917092635432267
72.0 1.1177978279123026
73.0 1.1535926551910771
74.0 1.0817453636532322
75.0 0.9852629222566526
76.0 1.1116947737777734
77.0 1.122674010513668
78.0 0.9330982980415322
79.0 0.7692116008273395
80.0 0.9549935846137846
81.0 1.013862500396347
82.0 0.9962614744395549
83.0 1.0497099644831482
84.0 0.9875829306780104
85.0 1.0117704961579699
86.0 0.9762143651279985
87.0 1.128233067233708
88.0 1.0167111883616586
89.0 0.9880014855194867
90.0 1.1032056837891404
91.0 0.9268139542081273
92.0 0.9675233667438541
93.0 1.0877838666089832
94.0 1.0037265681895233
95.0 0.9481561829996753
96.0 1.1143831420770716
97.0 1.021327225181951
98.0 1.0565426240903264
99.0 1.0938637749551197
100.0 0.7380475657906014
101.0 1.084742748255638
102.0 1.0157776960826166
103.0 0.9234271115374515
104.0 0.9803632261699731
105.0 1.0277798643708063
106.0 0.8628842835621992
107.0 1.189237979130988
108.0 1.0676738486292048
109.0 0.9240533773577555
110.0 1.0292066623304155
111.0 0.9451290443260667
112.0 0.8779823391895204
113.0 1.0872654029028181
114.0 1.0975812321836595
115.0 1.0291750018519912
116.0 0.8268144330618485
117.0 1.0925381631396518
118.0 1.0016132123155752
119.0 0.9585436646631986
120.0 0.9936408578849678
