Time NormalisedFlux
0.0 1.0581529251114081
1.0 1.061769417882237
2.0 1.051481712643507
3.0 1.1390321137018076
4.0 1.1513176419656794
5.0 1.1418046102821113
6.0 1.0938527804847236
7.0 1.0812466742049869
8.0 1.0585315130983781
9.0 1.0734848526645016
10.0 1.024241199515944
11.0 0.9613053720356941
12.0 0.925879872839749
13.0 0.9710824377319449
14.0 0.921438105882026
15.0 0.9156117141289878
16.0 0.8233838947026616
17.0 0.8427257832092896
18.0 0.8955785735681333
19.0 0.9114999407887462
20.0 1.001237355839873
21.0 0.967040136647796
22.0 0.9872003545923639
23.0 0.987995448229184
24.0 1.048631388993767
25.0 1.0931871962542938
26.0 1.1449231986717818
27.0 1.1630595937108914
28.0 1.136708571522113
29.0 1.1288485286947072
30.0 1.118113410816354
31.0 1.035033200700869
32.0 1.0636813404091312
33.0 1.0080716940940957
34.0 1.0061043898129922
35.0 0.980769345000934
36.0 0.9260679160412341
37.0 0.9384862920897139
38.0 0.8514504572515486
39.0 0.8353456023917989
40.0 0.9084496189001798
41.0 0.9040632653161166
42.0 0.9365916764442782
43.0 0.9588939971001672
44.0 0.9987760600684572
45.0 1.0217404111754498
46.0 1.0720601093494584
47.0 1.0677334415991704
48.0 1.0687215743040326
49.0 1.131312773631186
50.0 1.1192569974044424
51.0 1.1079473600898475
52.0 1.1267925844887554
53.0 1.0623736511231372
54.0 1.0574980699069287
55.0 0.9811583383651176
56.0 1.004859492811014
57.0 0.9918947016864608
58.0 0.9558801637427725
59.0 0.9188876400099502
60.0 0.9019191232383234
61.0 0.8227343777787814
62.0 0.8751076332554646
63.0 0.9092842525047005
64.0 0.9164085207797094
65.0 1.0028132099461073
66.0 1.0010711767335128
67.0 0.9559276367963899
68.0 1.0279161232761946
69.0 1.0479136022802016
70.0 1.055339424757582
71.0 1.098257890595296
72.0 1.1361134514730635
73.0 1.2124293978639429
74.0 1.1341247302732607
75.0 1.060502554647081
76.0 1.0378666566653465
77.0 1.0608568816161494
78.0 1.0163097706143087
79.0 0.9850635568123185
80.0 0.936251733646202
81.0 0.8777898920465856
82.0 0.8987171670634412
83.0 0.9323611412802022
84.0 0.8878155696020578
85.0 0.8862052093556027
86.0 0.9023618311195298
87.0 0.945852163963101
88.0 0.9062425068463739
89.0 0.9231540241811172
90.0 1.0381397578272598
91.0 1.0188523707018753
92.0 1.0448633335836184
93.0 1.1081396986254044
94.0 1.1058832380684869
95.0 1.1208052614314292
96.0 1.1593703648427824
97.0 1.0600984419845183
98.0 1.1112306555900282
99.0 1.0253447697887337
100.0 1.0567794549732326
101.0 0.9669317633608655
102.0 0.9867166449691228
103.0 0.9469765282133478
104.0 0.9188115314196161
105.0 0.8672947371555723
106.0 0.8517961537602236
107.0 0.8667810732467913
108.0 0.8409066626659718
109.0 0.9332072577944193
110.0 0.9323495724779581
111.0 0.9181239206593098
112.0 0.9388772322146518
113.0 0.9970009742949435
114.0 0.997607339302019
115.0 1.0634042138023314
116.0 1.0856514983014856
117.0 1.1202163353040662
118.0 1.133952294734642
119.0 1.137918799648603
120.0 1.1089917562847884
