Time NormalisedFlux
0.0 1.0800396291586083
1.0 0.9302226435731638
2.0 1.001148074512999
3.0 1.022261921227238
4.0 0.9007982324393469
5.0 1.0452348039412622
6.0 0.894304888661475
7.0 0.9611877354809127
8.0 0.9471835943380736
9.0 1.1563565089352494
10.0 0.9813746742089567
11.0 1.1171965158509316
12.0 0.915016505917698
13.0 1.2688334095893261
14.0 0.9895149315213365
15.0 1.0294658706227229
16.0 0.9327636163098103
17.0 0.9914656756111506
18.0 0.8198116202066202
19.0 1.111046769344459
20.0 0.904362132615788
21.0 0.9569304662120859
22.0 1.099152142246123
23.0 0.9874441358874214
24.0 0.8873637846627377
25.0 1.225214166333382
26.0 1.0176853483353883
27.0 0.802385417989168
28.0 0.9719647060701024
29.0 0.9836723069055092
30.0 1.0253536452904128
31.0 0.8941669228588587
32.0 0.9855387782003395
33.0 1.198351838608892
34.0 0.9864161766751575
35.0 1.0409441018385015
36.0 0.9955862785210816
37.0 0.9949197785847745
38.0 0.9463567175052825
39.0 0.7695706057490056
40.0 1.0756504721415054
41.0 0.941362909774664
42.0 1.1562229887785707
43.0 0.7798266584471711
44.0 0.9438359071628023
45.0 1.0747385250382013
46.0 1.0225169714539044
47.0 1.1741456048365262
48.0 0.8658396597050613
49.0 1.092733385447916
50.0 1.0707538743620169
51.0 0.9649993413411285
52.0 0.8776091826691402
53.0 0.9670058011618428
54.0 1.1515702702104378
55.0 1.0248568952508377
56.0 0.9978643254164702
57.0 0.7165197676599436
58.0 1.004244098833997
59.0 0.9911516492923339
60.0 1.1170656664323646
61.0 1.0747418568209666
62.0 1.0552714263232166
63.0 1.02038175915036
64.0 1.0161633931968594
65.0 1.0963100912107528
66.0 1.0824590692932663
67.0 0.8886753148859345
68.0 0.9604465925353193
69.0 1.049463738059114
70.0 0.9549984800937706
71.0 1.053137427681129
72.0 0.9161593778167239
73.0 0.9616711821165216
74.0 0.9547085954758048
75.0 0.8625261938173094
76.0 0.9994680463757513
77.0 1.2065457708900662
78.0 0.9312603984526688
79.0 0.8136979909926563
80.0 1.021341250907614
81.0 1.0440946858703382
82.0 1.028178801383883
83.0 1.0441300947323537
84.0 0.981230571676818
85.0 1.1151759252993338
86.0 0.9524636408303154
87.0 1.2066218249208842
88.0 1.083500084601301
89.0 1.0172596485522107
90.0 0.9731136312197683
91.0 1.0349627879227985
92.0 1.1668470351181464
93.0 0.9936773205012795
94.0 0.8776101469821412
95.0 1.0642796153509892
96.0 1.0865740952139988
97.0 0.9729641565721151
98.0 0.9517883044774662
99.0 0.9974262406678363
100.0 1.0429018122616964
101.0 1.1105518024058254
102.0 1.0025701671384581
103.0 1.1734892879898482
104.0 0.9898390696474781
105.0 0.9242548942799209
106.0 1.1502791576507811
107.0 1.0461342487123035
108.0 1.0094715768096474
109.0 1.0734819813022496
110.0 0.9088032390730201
111.0 1.1938653363083658
112.0 0.9537536123903144
113.0 0.8799703706494362
114.0 1.0557307617988803
115.0 1.0110678259893964
116.0 1.1149655127147147
117.0 1.0609722631563625
118.0 1.2106767044596558
119.0 1.0070504683649144
120.0 0.9304796805995478
