Time NormalisedFlux
0.0 1.0558722780876355
1.0 1.093377760403393
2.0 1.148407257369527
3.0 1.1742440435746546
4.0 1.1009819522465625
5.0 1.0701946507623177
6.0 1.0760919984854216
7.0 1.035502212124931
8.0 1.0133100207905603
9.0 0.9650911104625987
10.0 0.9865951898372036
11.0 0.930216781960843
12.0 0.9053647887032115
13.0 0.8846564945646662
14.0 0.8407784755290056
15.0 0.86471884859153
16.0 0.892868086627732
17.0 0.9267963559421383
18.0 0.9257704859820334
19.0 0.9510066430184562
20.0 1.0182178465622074
21.0 1.0604552013920372
22.0 1.0593829946091788
23.0 1.0705181444488012
24.0 1.1547677709450146
25.0 1.1521107182808474
26.0 1.137462260561726
27.0 1.097611698517641
28.0 1.0878043204117263
29.0 1.0411212468757138
30.0 1.014926359778299
31.0 0.9953009927773985
32.0 0.9880640947118486
33.0 0.942532711812037
34.0 0.8926070480571326
35.0 0.8677281040220426
36.0 0.8380748073651971
37.0 0.8621850320314096
38.0 0.8834764817148403
39.0 0.9332500685969909
40.0 0.9446890861651667
41.0 0.9445909228966045
42.0 1.0059268891590274
43.0 1.0296476338448561
44.0 1.0262889637659607
45.0 1.0947352783892552
46.0 1.1504833754459787
47.0 1.1115381456091329
48.0 1.1482225509391824
49.0 1.1178117885341785
50.0 1.0761058738299984
51.0 1.0483209409701013
52.0 1.050939502660649
53.0 1.0022545447910087
54.0 0.9754868013053944
55.0 0.9458607235633044
56.0 0.8941727448222702
57.0 0.936269386083391
58.0 0.8484778229201732
59.0 0.8646723467623577
60.0 0.8675228169376085
61.0 0.9436378877635662
62.0 1.0056349870442647
63.0 0.9334600097347746
64.0 0.9564666307894795
65.0 1.0216027365797287
66.0 1.073233891005092
67.0 1.0498543508242653
68.0 1.1059580742092294
69.0 1.1254504820709221
70.0 1.134429358040253
71.0 1.1412828377537412
72.0 1.1045585636109694
73.0 1.0669045782393076
74.0 1.0747066338194882
75.0 0.9998757462118459
76.0 0.9928000158252663
77.0 0.964990756515169
78.0 0.9234303549683205
79.0 0.9102236071701947
80.0 0.8954749345241324
81.0 0.8939048213704994
82.0 0.9063127040773856
83.0 0.9000814891618276
84.0 0.9536209933533363
85.0 0.9880702943200349
86.0 0.9961461724599069
87.0 1.021529427891849
88.0 1.0220473038086038
89.0 1.0939637216394382
90.0 1.0930053700824394
91.0 1.088568057228664
92.0 1.1542164774694
93.0 1.1127770517352333
94.0 1.080858390704443
95.0 1.0749828814160898
96.0 1.0629517737072136
97.0 1.0266501569058615
98.0 0.9635339691813948
99.0 0.9623683880300609
100.0 0.9272277691162362
101.0 0.8787359866133404
102.0 0.9016996996274886
103.0 0.8851996675812192
104.0 0.8679233318383368
105.0 0.8514156877115371
106.0 0.913358237883655
107.0 0.987950431763102
108.0 1.0026363937575953
109.0 0.9945283053019104
110.0 1.021844514583701
111.0 1.0551312537007589
112.0 1.0993233926519603
113.0 1.1310046917713086
114.0 1.121414969868917
115.0 1.1358964334298802
116.0 1.1048357927438945
117.0 1.0718028786418858
118.0 1.0440724016474925
119.0 1.0205879185534552
120.0 1.015330213232635
