Time NormalisedFlux
0.0 1.0425089452041605
1.0 1.0152641526747561
2.0 1.065076643368485
3.0 1.0429234993193974
4.0 1.1312232918514906
5.0 1.1570710426173962
6.0 1.1669629763952079
7.0 1.1182618804346163
8.0 1.0948771316632424
9.0 1.0467308616699234
10.0 0.9980599492767788
11.0 0.9610138202585637
12.0 0.9787269797915439
13.0 0.9828042585558969
14.0 0.9210377777584783
15.0 0.8991713010640869
16.0 0.8396445295678999
17.0 0.8934158889428995
18.0 0.9544605210774881
19.0 0.9385589952190052
20.0 0.9786878794345368
21.0 0.9601627942358444
22.0 1.0224249183871144
23.0 1.0245665470533525
24.0 1.070006260820561
25.0 1.0717393814482894
26.0 1.1257050218215658
27.0 1.1628110745836033
28.0 1.1329050661520783
29.0 1.0724844146021333
30.0 1.0605698221117905
31.0 1.0565152639891016
32.0 1.0230414874954563
33.0 0.9866926506946225
34.0 0.970442289044196
35.0 0.905923749493896
36.0 0.9493415491780781
37.0 0.887731602501514
38.0 0.8862182776355102
39.0 0.8676644073378097
40.0 0.913781887086082
41.0 0.9714172928123238
42.0 0.962329185598443
43.0 0.9542947205828186
44.0 1.0345554958746987
45.0 1.0305375929032936
46.0 1.098111268994834
47.0 1.1367583711896305
48.0 1.1661599445692585
49.0 1.1257776001354376
50.0 1.1231046803240832
51.0 1.0807115880615983
52.0 1.0544036554908665
53.0 1.0667255380149219
54.0 1.0352577314514742
55.0 0.9976899956995914
56.0 0.9419215973887736
57.0 0.8709641252309196
58.0 0.9208404937286421
59.0 0.8358334883831101
60.0 0.8539123089399153
61.0 0.8892892039129059
62.0 0.9592798894380221
63.0 0.9572058149449661
64.0 1.021189896979678
65.0 1.0066138440575603
66.0 1.0551110778818373
67.0 1.0613726972405828
68.0 1.0876657647649206
69.0 1.0980290370537162
70.0 1.1356858502367013
71.0 1.177867296565876
72.0 1.1360077099220998
73.0 1.1137757519307818
74.0 1.0871218698149252
75.0 1.0454912750044594
76.0 0.9957423581667445
77.0 0.9730571621061013
78.0 0.9128061110304273
79.0 0.8910691743736895
80.0 0.8765105024205877
81.0 0.8863226910835185
82.0 0.8728375869497393
83.0 0.9087500920524777
84.0 0.8805687269085226
85.0 0.9505204103701795
86.0 0.9866358715025999
87.0 1.0119890488554453
88.0 1.0639494434485202
89.0 1.0822043522266718
90.0 1.0849897154109411
91.0 1.0933111623264922
92.0 1.1644346914398942
93.0 1.1253789344648275
94.0 1.1136560267417437
95.0 1.093625163848584
96.0 1.0531224127743426
97.0 1.0016916349074214
98.0 1.021184327545533
99.0 0.9677975883743771
100.0 0.8893942781935767
101.0 0.8947136577232665
102.0 0.8962202492528739
103.0 0.8744187354733527
104.0 0.8744191442124312
105.0 0.8564596682515152
106.0 0.956097113551537
107.0 0.9474399575591512
108.0 0.999926419434285
109.0 1.0075122549106188
110.0 1.0121237130305731
111.0 1.051053317585062
112.0 1.1223964599612024
113.0 1.1250247803875955
114.0 1.1268856042788
115.0 1.179206777265033
116.0 1.0798230319801947
117.0 1.0607584404291717
118.0 1.0619670740307015
119.0 1.0595701729253597
120.0 1.0079498349474871
