Time NormalisedFlux
0.0 1.0159771488758995
1.0 0.9398169204324284
2.0 0.9185439226797334
3.0 0.8907623717102905
4.0 0.8428767096040537
5.0 0.8298931356309225
6.0 0.771610539736028
7.0 0.855897363972027
8.0 0.7742016241993324
9.0 0.7854449398818775
10.0 0.8113448814362788
11.0 0.8341039106274226
12.0 0.8379745731866929
13.0 0.8468950458701694
14.0 0.9181055416874705
15.0 0.9409825189531646
16.0 1.0172831001581302
17.0 1.0540214444080878
18.0 1.0927023260318869
19.0 1.0913076808711304
20.0 1.1301820834921694
21.0 1.170825509425323
22.0 1.2025975137216003
23.0 1.18457070408844
24.0 1.2098757704260277
25.0 1.2302099967450506
26.0 1.1688939485165197
27.0 1.1371355877990201
28.0 1.053555454291226
29.0 1.10774166166056
30.0 1.1161779243685168
31.0 1.0658700664258582
32.0 1.0071844440177424
33.0 0.9387642746346317
34.0 0.9156086762259628
35.0 0.8649143725981134
36.0 0.9043594684788957
37.0 0.8410778896158789
38.0 0.7997998779163745
39.0 0.8020284619239454
40.0 0.8191004410087988
41.0 0.7923126205962483
42.0 0.8369875677479098
43.0 0.7849584104618212
44.0 0.8403337253342429
45.0 0.8697429077968067
46.0 0.9371182083772536
47.0 0.9271116937877584
48.0 0.9767653399168396
49.0 0.9883894828788362
50.0 1.034296686448393
51.0 1.1362833901206362
52.0 1.068032205942965
53.0 1.1584013292891278
54.0 1.2203308886749464
55.0 1.2091631082601415
56.0 1.252361384206841
57.0 1.1568975302858762
58.0 1.1950115735267297
59.0 1.2062419232524424
60.0 1.1892754474379252
61.0 1.0627875088200995
62.0 1.129391655183772
63.0 1.0415107475270409
64.0 1.0093926998647094
65.0 0.9927918377754552
66.0 0.913802753596837
67.0 0.8649401715097423
68.0 0.911928593197877
69.0 0.871082655862055
70.0 0.8175071670621383
71.0 0.8068617991133492
72.0 0.8088056635051366
73.0 0.8105813630075885
74.0 0.8118897138732365
75.0 0.8490548258121472
76.0 0.8282148589238104
77.0 0.9309044046143422
78.0 0.9305202842725228
79.0 0.9319637663529303
80.0 0.9585107592974532
81.0 1.0643761677885046
82.0 1.0599394295581481
83.0 1.0816038541268531
84.0 1.0444751807682928
85.0 1.1587812223284237
86.0 1.119029277477478
87.0 1.2072527002901026
88.0 1.2076283668477774
89.0 1.1953464876849258
90.0 1.2091303015605275
91.0 1.1892869299492452
92.0 1.1501624806739628
93.0 1.1355611926651819
94.0 1.0976070555856687
95.0 1.0429217491974925
96.0 1.0514880955531745
97.0 1.0059343322747256
98.0 0.913123534353089
99.0 0.9031055560842923
100.0 0.9079228428049589
101.0 0.8716730910515817
102.0 0.84561761341384
103.0 0.7881816956033298
104.0 0.7895881877083952
105.0 0.8678999982245872
106.0 0.8011651522663985
107.0 0.8403713376755138
108.0 0.8362195776423924
109.0 0.8531058660530221
110.0 0.908433969757609
111.0 0.9103913980755717
112.0 0.9546572549327942
113.0 1.0219778018997598
114.0 1.0517464016492968
115.0 1.0534255707716649
116.0 1.0979765886006692
117.0 1.2056803224418473
118.0 1.1666509756820571
119.0 1.1944067298916596
120.0 1.191419722391188
