Time NormalisedFlux
0.0 0.8429400461999982
1.0 1.1827287241603346
2.0 1.0919603046447661
3.0 0.9124113871080987
4.0 0.9802700506478425
5.0 1.1024873890770708
6.0 0.8965365099042777
7.0 1.1146934567002595
8.0 0.894605306914131
9.0 0.9033450639472618
10.0 1.1029527595000497
11.0 0.9483018981529386
12.0 1.0208384011837304
13.0 1.0486743857097718
14.0 0.9267762710564037
15.0 1.0423193077920825
16.0 0.8813429556760584
17.0 0.6880631226213043
18.0 1.120159659865054
19.0 0.9950414987833271
20.0 0.9889715477492155
21.0 0.9898695337615869
22.0 0.895071744682272
23.0 0.9350478761356338
24.0 0.9723573187562767
25.0 1.1246164844916038
26.0 0.9969321836738209
27.0 1.1037692751621757
28.0 0.9761838537719958
29.0 0.9188879554635238
30.0 1.034621329002826
31.0 0.9762125553943224
32.0 0.8285036913243371
33.0 1.0053748971554766
34.0 1.1205253565716093
35.0 0.9750265464242411
36.0 1.0366481322310788
37.0 1.0015103604305864
38.0 1.0768464539572902
39.0 0.9698698143153172
40.0 0.9682481603624944
41.0 1.0639105352143112
42.0 0.9968653921643298
43.0 0.9848503389453607
44.0 1.0073764750813334
45.0 1.0812454979811466
46.0 0.8718908375312613
47.0 1.1973247309127786
48.0 1.057096636013785
49.0 0.9107678934169496
50.0 0.8842715259818391
51.0 0.9103877369823621
52.0 1.0943589086627763
53.0 0.946466208578442
54.0 0.8535174916400514
55.0 0.8477936758818979
56.0 1.056427952003604
57.0 0.9521399944504926
58.0 0.894595145745176
59.0 0.9497209554035556
60.0 1.1633476299020358
61.0 1.0005739778561205
62.0 0.8700429543991168
63.0 0.9912589471041305
64.0 0.9759941814258702
65.0 1.0943531188940594
66.0 1.0170323781833166
67.0 0.8608711482812665
68.0 0.9246422706371167
69.0 1.0095120308163763
70.0 0.8318148606943272
71.0 1.0186437415139842
72.0 1.0639736673323243
73.0 1.0405368124242969
74.0 0.8120876293785777
75.0 1.1514738706360144
76.0 0.9079874036451695
77.0 1.087265454525292
78.0 0.87427924386986
79.0 1.0081233081369423
80.0 1.0268399289538142
81.0 0.9772612155279883
82.0 1.056384728282238
83.0 1.079082337463942
84.0 0.81548993185992
85.0 1.124872015024558
86.0 1.0067450531907016
87.0 1.0296801133408673
88.0 0.8905975018155029
89.0 0.9663400270959983
90.0 0.9255181728142252
91.0 1.0886766439277022
92.0 1.052344025502929
93.0 1.0820455088966314
94.0 1.0113897281489113
95.0 0.9080631145304171
96.0 0.9789344161517974
97.0 1.1753587250954094
98.0 1.0573502488141033
99.0 0.9503112804245237
100.0 0.9437129067697841
101.0 0.8243993223806854
102.0 1.067127099425138
103.0 0.9143345379767495
104.0 1.0014423177853815
105.0 1.0530263624120852
106.0 0.9132907317821701
107.0 1.1530088859556107
108.0 0.8570382124157158
109.0 1.0771835663963911
110.0 1.016664516699411
111.0 1.041717321497656
112.0 0.9945337771789576
113.0 0.9219271615300497
114.0 1.0380087420047306
115.0 0.9701986584838365
116.0 0.9669700064204396
117.0 1.0226492549894581
118.0 0.820251019022536
119.0 1.0658108675835456
120.0 1.0786210384187456
