Time NormalisedFlux
0.0 0.7355879609914701
1.0 0.847462526737798
2.0 0.8444610121873423
3.0 0.9361261355600559
4.0 0.9126447097608344
5.0 1.0086225902315917
6.0 0.9846586129088277
7.0 1.0056129024322056
8.0 0.9823445838207718
9.0 1.091836548389492
10.0 1.0817140289981946
11.0 1.115786664924305
12.0 1.1551729503226356
13.0 1.118812332947855
14.0 1.2164391027473616
15.0 1.1862566713126617
16.0 1.1842689729195002
17.0 1.1971181959405377
18.0 1.185269911601443
19.0 1.180297282730848
20.0 1.1561911844564656
21.0 1.105633420829984
22.0 1.0982932701745207
23.0 1.1069104237365166
24.0 1.0462857979037627
25.0 0.9755686104855266
26.0 0.9523130765401885
27.0 0.8708461504239391
28.0 0.8766814440196247
29.0 0.8691520249164726
30.0 0.8954941987521083
31.0 0.8691384247477915
32.0 0.8263781882894546
33.0 0.8294316398709485
34.0 0.816342868619431
35.0 0.7846711479458491
36.0 0.7992163662191144
37.0 0.8528248175540094
38.0 0.9031770648871928
39.0 0.8418302048199223
40.0 0.9022435362551798
41.0 0.9469441653358984
42.0 0.9841166769357826
43.0 0.9999052124198673
44.0 1.0258752171699066
45.0 1.0963504054585842
46.0 1.0847724827004932
47.0 1.1142909642852015
48.0 1.1395972119890023
49.0 1.1464921898188007
50.0 1.206483649775424
51.0 1.1562598682689484
52.0 1.1860400792177777
53.0 1.1436382151689746
54.0 1.1365172273952344
55.0 1.1962012431236055
56.0 1.1823154109573788
57.0 1.145873659199751
58.0 1.0737405274670033
59.0 1.155593275694002
60.0 1.0476891297793172
61.0 0.9519668258380272
62.0 0.9379040538112
63.0 0.9059116634538869
64.0 0.9360747918494767
65.0 0.8665777244605921
66.0 0.8681798234694276
67.0 0.8487562105551966
68.0 0.7981362295800818
69.0 0.7658685421336524
70.0 0.7728120389173091
71.0 0.839661637524027
72.0 0.7742937465532836
73.0 0.873344260910025
74.0 0.8102153923614697
75.0 0.8363242107577611
76.0 0.8788449952851636
77.0 0.9347326972022647
78.0 0.9839304411208376
79.0 1.044051883719952
80.0 1.0404216221147216
81.0 1.029366822394769
82.0 1.0260393307157947
83.0 1.1106486873432626
84.0 1.1638977200575547
85.0 1.1323296965134853
86.0 1.1517867482334414
87.0 1.1982804505145213
88.0 1.1965800138699902
89.0 1.2206541523595609
90.0 1.1810917688025566
91.0 1.1956751915679475
92.0 1.184615814064953
93.0 1.1372413752562802
94.0 1.1065382335687253
95.0 1.0526098994302173
96.0 1.0950400512713705
97.0 1.0070417778008136
98.0 1.0071478236369675
99.0 0.9124995167791874
100.0 0.9604630935589091
101.0 0.8920950409763276
102.0 0.8405513938824861
103.0 0.8512478234006798
104.0 0.8665792064109585
105.0 0.7757948353712372
106.0 0.7478633604971446
107.0 0.7869733221616533
108.0 0.7218877364755287
109.0 0.8503338115609228
110.0 0.8294861936015862
111.0 0.8854478541933708
112.0 0.9010048289552316
113.0 0.9263491058267046
114.0 1.007846270841298
115.0 1.0459864828135512
116.0 1.0591198423935784
117.0 1.0101404009379578
118.0 1.1041743063643623
119.0 1.1571432872440615
120.0 1.2005354553330703
