Time NormalisedFlux
0.0 0.9865842328824227
1.0 0.9894268909226652
2.0 0.9426020718097671
3.0 0.9271609116007173
4.0 0.9308243464067398
5.0 0.8852727477542924
6.0 0.9138588608901272
7.0 0.9022608457853012
8.0 1.0237880737409042
9.0 0.9796752028050135
10.0 0.8202449658417963
11.0 1.022238169593442
12.0 0.9359690221782466
13.0 1.0807906368335276
14.0 0.9136610891309825
15.0 1.0622258497548263
16.0 1.0024390372413055
17.0 1.1299088380411046
18.0 1.024038094573207
19.0 1.0441507902183593
20.0 0.8862958746077123
21.0 1.0785657847949144
22.0 1.0351673957772276
23.0 0.947817177955955
24.0 1.1159325272448084
25.0 0.9467793348098619
26.0 1.243693941778063
27.0 0.9150348001026123
28.0 0.9447295196368349
29.0 1.0448869705777915
30.0 0.9350262703773414
31.0 1.0877308338208889
32.0 0.9476727847724298
33.0 1.0891615647882014
34.0 1.017268488225078
35.0 0.9887090753334655
36.0 0.8338354703002893
37.0 0.9472692502638967
38.0 0.9180608329146484
39.0 1.017000459401686
40.0 1.028089289614064
41.0 1.0153336192510443
42.0 0.9743898410621948
43.0 0.9086727813726176
44.0 1.0289816408680987
45.0 1.0006935065150404
46.0 1.1407309515815978
47.0 0.968522884999955
48.0 1.0088714776786973
49.0 0.9633777671346193
50.0 0.8973966668507622
51.0 0.9194864177229296
52.0 1.078128169688106
53.0 0.9728453855407901
54.0 0.9658610203691841
55.0 0.8446233299041838
56.0 0.8912504704432451
57.0 1.2690129785187247
58.0 1.091362981598161
59.0 0.9742218115520527
60.0 1.1212261007952387
61.0 1.0409145784841578
62.0 0.9076036939891441
63.0 1.1646846548753373
64.0 1.07254792560029
65.0 1.086078126249394
66.0 1.1397174020876037
67.0 0.8611029711507365
68.0 1.012698016869566
69.0 0.8310826508161651
70.0 0.9793216557498081
71.0 1.0292322886387777
72.0 0.9774255928478053
73.0 0.9269224977317682
74.0 0.8916938178086652
75.0 0.8417253635375899
76.0 0.9994156214704298
77.0 0.9822189015456072
78.0 0.8525333804517972
79.0 1.1228819298141046
80.0 1.1018018793820035
81.0 1.044577383365103
82.0 0.9292745913865442
83.0 0.95227035443177
84.0 0.8886445603765591
85.0 0.9230248446969016
86.0 1.190194626246932
87.0 1.006643773050954
88.0 1.0804471666625057
89.0 0.7782254191627154
90.0 0.9558463349361281
91.0 0.9306980391666932
92.0 0.9631937527434697
93.0 0.724817771197831
94.0 0.9372770144322192
95.0 1.1646371795111707
96.0 0.9887006897940152
97.0 0.957622109716727
98.0 0.9018961244943328
99.0 0.8535705251361984
100.0 1.0407576748550165
101.0 1.1944399999029067
102.0 0.9168098243690395
103.0 0.8383466408406193
104.0 1.0212787774839855
105.0 0.8942860554579356
106.0 1.0337662552842357
107.0 1.172072353436323
108.0 1.026958560435148
109.0 1.1720588177956466
110.0 0.9569356237905692
111.0 0.7653001418523835
112.0 1.0373861149168386
113.0 1.1064580375211779
114.0 0.9875173016912364
115.0 1.1576555026290567
116.0 0.9982688044547905
117.0 1.041722877244509
118.0 1.105726041021706
119.0 0.8669422674445477
120.0 1.0802285232160427
