Time NormalisedFlux
0.0 0.9292475378878232
1.0 1.1476570373477206
2.0 1.074107452552667
3.0 0.8027673653234064
4.0 0.9210363535656916
5.0 1.0390350621402082
6.0 0.9029063859691597
7.0 1.0072396601512295
8.0 0.9485437262922016
9.0 0.9979207784775493
10.0 0.892760275712231
11.0 1.0044550006853956
12.0 1.020143279422752
13.0 0.9933645275798676
14.0 0.9520311998090001
15.0 0.9151893729710052
16.0 1.1523241485568732
17.0 1.1067982484971925
18.0 1.0859137396124652
19.0 1.0028026355507564
20.0 0.8362296088081588
21.0 0.9465326119470012
22.0 0.8976709551782475
23.0 1.103536666423861
24.0 0.9499547039819539
25.0 0.8606897314286012
26.0 1.0424185663697767
27.0 0.9263572434950066
28.0 0.9877457112886328
29.0 0.8512239183527155
30.0 1.0304507847888316
31.0 0.9335176352140847
32.0 1.0480137280744222
33.0 1.0792462934468179
34.0 0.9515905701056535
35.0 1.177138263192496
36.0 1.004102886433919
37.0 0.9972052664062765
38.0 0.9533539472555534
39.0 1.0705881541869087
40.0 0.9145389391486187
41.0 1.030438602098064
42.0 0.8760719988058148
43.0 1.042353136409985
44.0 0.9923622074228221
45.0 1.0011054350614752
46.0 0.8944663494521086
47.0 1.045778158958432
48.0 0.9436492497498119
49.0 0.9219535842322772
50.0 0.9192530212793879
51.0 1.0788687834333468
52.0 1.0065002909091454
53.0 0.9340422461842809
54.0 0.9262018977721765
55.0 1.137436897436966
56.0 1.0898421311028281
57.0 0.977061835509063
58.0 1.161262781366476
59.0 0.9246562031828329
60.0 0.9627301163752316
61.0 1.0421442012216624
62.0 1.055866344606449
63.0 1.080563372359928
64.0 0.9977822644980197
65.0 0.8132276785188384
66.0 1.2293386225228415
67.0 0.8226809690176902
68.0 1.0869725027850283
69.0 0.9346560218160229
70.0 1.0804186349644487
71.0 1.1906225385758342
72.0 0.9902718600191152
73.0 0.8917074617185803
74.0 0.9276950612392445
75.0 1.0143468639958415
76.0 1.0833375319469973
77.0 0.9026592145548765
78.0 0.9818390724704319
79.0 0.8637398015845695
80.0 1.224872595346304
81.0 0.9269315850963973
82.0 1.037703968577795
83.0 0.9040971603987311
84.0 1.1613462225978048
85.0 0.9839241212851586
86.0 1.1505050767192002
87.0 0.9126902062826524
88.0 0.9330942543424067
89.0 0.8519666206628137
90.0 0.9505356785790164
91.0 1.2167339286334025
92.0 1.149594747752973
93.0 0.928616226373098
94.0 0.9912148764128761
95.0 1.0108098067310856
96.0 1.0990071722112682
97.0 0.9909452932438912
98.0 0.9687142968661222
99.0 1.0440579152818958
100.0 1.1761319823546688
101.0 0.9736499565404114
102.0 0.9140167559809874
103.0 0.8982046234936057
104.0 0.8307014746249662
105.0 0.9573143738441331
106.0 1.1140864573275193
107.0 0.9829354843058085
108.0 1.1566894943752035
109.0 1.0383553913358177
110.0 0.9899755850494782
111.0 0.9080448901603994
112.0 0.9524281593626738
113.0 0.9826716081444782
114.0 0.9287792376876527
115.0 1.0547925513127552
116.0 1.0140602088894652
117.0 1.0009769341701575
118.0 0.8946939429876276
119.0 1.1292323324926778
120.0 0.9147239216795165
