Time NormalisedFlux
0.0 1.0528620454455329
1.0 1.0281269857174105
2.0 1.0221107234170486
3.0 1.062785899364074
4.0 1.015061770356551
5.0 1.0330749723944708
6.0 1.0236129841884902
7.0 1.017383653048386
8.0 1.0002345634542518
9.0 0.9980594024898444
10.0 1.0061964324187287
11.0 0.9689137776974228
12.0 0.9442471659843736
13.0 0.9557684783181358
14.0 0.948710185565974
15.0 0.9484010331711705
16.0 0.9316227880013329
17.0 0.9363978659134535
18.0 0.9039705898930974
19.0 0.9215105715745477
20.0 0.9885706138837456
21.0 1.0629336398396523
22.0 1.111333855332369
23.0 1.069920575041683
24.0 1.0736850559666617
25.0 1.0565565331959057
26.0 1.043556812525275
27.0 1.0706354490477545
28.0 1.0498114892608843
29.0 1.0429709491658337
30.0 1.0132632356278801
31.0 0.9735347131071258
32.0 1.019085220962609
33.0 0.9767978965468807
34.0 1.0128925000554585
35.0 0.9934547998276718
36.0 0.9897150195027777
37.0 0.9741881044680257
38.0 0.9669773685005418
39.0 0.960549489834522
40.0 0.9320997912720188
41.0 0.9280555285400321
42.0 0.8744436931393962
43.0 0.9214147032114828
44.0 0.9632655385875799
45.0 0.9878643520555191
46.0 1.0860572144581133
47.0 1.1019593910148422
48.0 1.0861357090126507
49.0 1.0568259910399718
50.0 1.0576343927761762
51.0 1.0459078868460578
52.0 1.034375906278802
53.0 1.0431287977037556
54.0 1.0175888054191498
55.0 1.0466741842034666
56.0 0.98388607888156
57.0 0.9716041331038343
58.0 0.9895072660685906
59.0 0.9748621061053008
60.0 0.9568867178683063
61.0 0.9561867416475317
62.0 0.9765094569502663
63.0 0.9416934905421102
64.0 0.9626770631576561
65.0 0.9408455988099478
66.0 0.8964761700952455
67.0 0.911413847237088
68.0 0.9332033247225721
69.0 0.9540376448870649
70.0 1.0289361986293148
71.0 1.0646784646067382
72.0 1.0775880278529208
73.0 1.119156569196679
74.0 1.0392139564261755
75.0 1.0485434888166079
76.0 1.0287726673971131
77.0 1.0358192767375416
78.0 1.0753834819095838
79.0 1.0050922033095122
80.0 1.0143085848224942
81.0 1.0054381637779968
82.0 0.9966412662621914
83.0 1.0054436793524584
84.0 0.9855099839026462
85.0 0.9663716301186958
86.0 0.9409681260101451
87.0 0.9593431538677681
88.0 0.9618272730084494
89.0 0.9277369065281741
90.0 0.9388598418811382
91.0 0.9009056718235541
92.0 0.8933365999995706
93.0 0.9600560162483133
94.0 1.0010483258833192
95.0 1.0805700831675933
96.0 1.0960156598746595
97.0 1.1076313893559748
98.0 1.066481262331569
99.0 1.0357246762748364
100.0 1.0252339026919997
101.0 1.0404238287144387
102.0 1.0478214219014703
103.0 1.0276805304743482
104.0 1.0033480338607823
105.0 1.0021615023223918
106.0 1.0065044219367743
107.0 0.9604330386812455
108.0 0.9663921810722147
109.0 1.00115146759237
110.0 0.9804573814791916
111.0 0.9588198634254717
112.0 0.9714396930395633
113.0 0.9706766728638355
114.0 0.9307120760352406
115.0 0.915248432735068
116.0 0.9053057209413647
117.0 0.9505600042877698
118.0 0.9597214194957431
119.0 1.058890789710454
120.0 1.0488225657622232
