Time NormalisedFlux
0.0 0.9390944872655104
1.0 0.9866447995463448
2.0 0.9299067547467955
3.0 0.9402270031426112
4.0 0.9441506066821763
5.0 0.8946328025978224
6.0 0.9117425010718658
7.0 0.99223024895301
8.0 1.0493300522092233
9.0 1.0781421404590383
10.0 1.1287274088015815
11.0 1.0785830604823063
12.0 1.0534289351245492
13.0 1.0321702837190156
14.0 1.0245065532975488
15.0 1.0473055919405612
16.0 1.0507719336637082
17.0 1.0394468092633797
18.0 1.0187205848167158
19.0 0.9993610703788226
20.0 1.0067349344895675
21.0 1.0099745300114713
22.0 0.9663755613417708
23.0 0.9615171270139315
24.0 0.9547032818302549
25.0 0.9361636150608207
26.0 0.9556662353454849
27.0 0.9202686128213
28.0 0.9169628604186963
29.0 0.8997644061970244
30.0 0.9079423783178505
31.0 0.9489342269744664
32.0 1.02602039406957
33.0 1.0708200693775975
34.0 1.0894546410843446
35.0 1.0823376509825373
36.0 1.0590420397088638
37.0 1.0567043331397152
38.0 1.0550056337160603
39.0 1.0489215451324942
40.0 1.0235675518803193
41.0 1.0071825385986342
42.0 1.0503801371664043
43.0 0.9886279237064162
44.0 1.0287901826800652
45.0 1.0032466045183313
46.0 0.9682804156616548
47.0 0.9786521038885014
48.0 0.9702384704504688
49.0 0.9383427114602346
50.0 0.9734665462954872
51.0 0.9689471919823964
52.0 0.9545450905492557
53.0 0.9311340340164445
54.0 0.8965373631426703
55.0 0.9290729576735031
56.0 0.9716064407594067
57.0 1.0278331693255134
58.0 1.0805380773494138
59.0 1.0959069578977536
60.0 1.078680305626938
61.0 1.041081727777157
62.0 1.0352890721800452
63.0 1.0341263124492068
64.0 1.0203677498821795
65.0 1.0538955676689132
66.0 1.0490399340107752
67.0 0.9880662309235506
68.0 0.9960564393994286
69.0 0.9795000273510828
70.0 1.0145828162792498
71.0 0.9674135143642346
72.0 0.9793104846864551
73.0 0.9393197934577787
74.0 0.9575463976987296
75.0 0.9577162573879979
76.0 0.9296662964050536
77.0 0.9183385337158652
78.0 0.9069147429559079
79.0 0.9023482411525836
80.0 0.9441222672920089
81.0 1.0241598990647327
82.0 1.074995027706675
83.0 1.0787205481892908
84.0 1.0887105785044229
85.0 1.0836515491148164
86.0 1.0429471612773356
87.0 1.0204058045482245
88.0 1.0338689818691942
89.0 1.0288773470307486
90.0 1.0055208673667004
91.0 1.0206582420198815
92.0 1.0156902780229076
93.0 0.9921446722566231
94.0 1.016348306762378
95.0 0.9775286767568286
96.0 0.9814383420198565
97.0 0.9442418644158652
98.0 0.9618901164175235
99.0 0.9642513783571871
100.0 0.952887979371166
101.0 0.9226757668968811
102.0 0.9201099566363345
103.0 0.9128511812822592
104.0 0.9055252785252149
105.0 0.9571529164651982
106.0 1.030429963034759
107.0 1.068657937180214
108.0 1.0821788366725593
109.0 1.0979913984507688
110.0 1.0551923068926747
111.0 1.0342046675570113
112.0 1.077077055640307
113.0 1.0096376016012256
114.0 1.0246513664995878
115.0 0.9958333253938326
116.0 1.036367501368028
117.0 1.0035063786119982
118.0 1.0028953797789497
119.0 1.0057859572741321
120.0 0.9645538910283884
