Time NormalisedFlux
0.0 1.0740834755170912
1.0 1.0712261268309184
2.0 1.0680034200377382
3.0 1.057929983470728
4.0 1.0467993807935525
5.0 1.037970277825248
6.0 1.0436623234004612
7.0 1.0288845528840147
8.0 1.0299850293199746
9.0 1.02260892930362
10.0 0.99993247123234
11.0 0.9917842046422596
12.0 0.9764333561369879
13.0 0.960949635410839
14.0 0.938362660266863
15.0 0.9909569515975698
16.0 0.9275772880534837
17.0 0.9327272032094759
18.0 0.9016951688660582
19.0 0.9248477388135401
20.0 0.9596739112367012
21.0 1.023333718146245
22.0 1.0671318038276247
23.0 1.080427987892663
24.0 1.101899072493165
25.0 1.0600171388018265
26.0 1.0324264056601746
27.0 1.0654944022673138
28.0 1.0434692368325265
29.0 1.0565656056656358
30.0 1.0298226845436103
31.0 1.0410928920673148
32.0 0.9929771645389975
33.0 0.9812998487072748
34.0 1.0175616288455462
35.0 0.9921937101851157
36.0 0.9738734045778691
37.0 0.9668121779951407
38.0 0.961066360611367
39.0 0.9612186979030588
40.0 0.9447471263354021
41.0 0.9149185165534566
42.0 0.9328624865536042
43.0 0.8995790576311647
44.0 0.9390305756810438
45.0 0.963633667354163
46.0 1.026600454298336
47.0 1.0780537161857007
48.0 1.0948629646298356
49.0 1.0552420115590946
50.0 1.0612247093128504
51.0 1.0726276553750194
52.0 1.0312631166661124
53.0 1.0460470131684805
54.0 1.0471878587563328
55.0 1.0130123815455914
56.0 0.9740768068603424
57.0 1.0337445026806023
58.0 1.0100202365046504
59.0 0.9880102058505561
60.0 0.9995921070342244
61.0 0.9664140514822103
62.0 0.9696500792488927
63.0 0.9187220374091065
64.0 0.9589289835781875
65.0 0.9548966410196182
66.0 0.9424206148861228
67.0 0.9264044150442247
68.0 0.9000195844694739
69.0 0.9485751156641601
70.0 1.014930919305768
71.0 1.0523506810098195
72.0 1.1220371677414813
73.0 1.1111783564896431
74.0 1.0581991603649572
75.0 1.0475133585470777
76.0 1.0424398551433582
77.0 1.0503565178786367
78.0 1.046611799393379
79.0 1.01043352402104
80.0 1.0220927860263205
81.0 1.0009883507662136
82.0 1.0389562111009583
83.0 1.0287271146127672
84.0 0.9679667881635927
85.0 0.9704862535887211
86.0 0.9692329318116671
87.0 0.96383619445362
88.0 0.9623665994409778
89.0 0.9389593377777762
90.0 0.9273444377913516
91.0 0.9164518893818997
92.0 0.9052010232188875
93.0 0.9426951829348315
94.0 0.9825180955183733
95.0 1.0921872336333456
96.0 1.102818366514916
97.0 1.1278429699986747
98.0 1.0685454144873123
99.0 1.0605851348139883
100.0 1.0138826229647333
101.0 1.0575908106382963
102.0 1.0349997214858349
103.0 1.0081342633163068
104.0 1.0168228252220948
105.0 1.0001222444144797
106.0 0.9921531046003881
107.0 1.0283274510089155
108.0 0.9932329978783826
109.0 0.9709434624157526
110.0 0.9535970767869936
111.0 0.9903676514199038
112.0 0.9450618488398035
113.0 0.9115399562647183
114.0 0.9419918194389267
115.0 0.9212844436534401
116.0 0.8698079242213106
117.0 0.8949867836973094
118.0 0.957441561095837
119.0 1.044574054168095
120.0 1.084936218758131
