Time NormalisedFlux
0.0 1.0919776286418543
1.0 0.9117015647095026
2.0 1.0764338368474802
3.0 0.9293059846712703
4.0 0.8565433132985782
5.0 0.98631201267362
6.0 1.159730090937115
7.0 1.1447301907366554
8.0 1.0510191416862764
9.0 1.002109613128362
10.0 0.8916398305151407
11.0 0.9314366996505409
12.0 0.8692343414320651
13.0 0.9715907262762802
14.0 1.0701182839370407
15.0 0.9767515012827308
16.0 1.0221265313973213
17.0 1.182670575791492
18.0 1.1150599440052857
19.0 0.9497440057517672
20.0 0.9617755816580411
21.0 0.9681420341358619
22.0 1.1142158261885484
23.0 0.9148198177319171
24.0 0.9879829092829908
25.0 1.07657785894236
26.0 1.0539965015146617
27.0 1.0377521448473284
28.0 1.015747364764571
29.0 1.1824815883948256
30.0 0.8503524336083027
31.0 1.1051483753615485
32.0 1.0709089027241028
33.0 1.0720730853502238
34.0 1.1231446295778043
35.0 1.1671455284586423
36.0 0.8462155087221555
37.0 1.0498302768082395
38.0 1.0632695707726292
39.0 1.0153380987547442
40.0 0.9000090701410721
41.0 0.9402148760662192
42.0 1.161074316345429
43.0 1.1221440261955307
44.0 0.9621599026330067
45.0 0.7983656603769343
46.0 0.9210936036770936
47.0 0.7735268805949957
48.0 0.8733026574067488
49.0 1.1359477941867833
50.0 1.0327992847782135
51.0 0.8535868335646584
52.0 0.9585716552525697
53.0 1.0231916500276412
54.0 0.9258321336353582
55.0 1.1137303247996209
56.0 1.008190727455103
57.0 0.9510661301098151
58.0 1.0027854491590378
59.0 1.0042206186040452
60.0 1.2126714452473943
61.0 1.0860742215003416
62.0 0.978189046175399
63.0 1.0437010105090216
64.0 1.1419307212340335
65.0 0.8969004383170227
66.0 1.0484577826273302
67.0 0.9655225349104091
68.0 1.1039191252547065
69.0 0.9460413081212479
70.0 0.9962211295155184
71.0 1.2169070647978428
72.0 0.7033924288411566
73.0 1.0438718021063513
74.0 0.8999803048484429
75.0 1.0528884701148336
76.0 0.9904974323036436
77.0 1.0888377128884814
78.0 0.9863813661261963
79.0 0.9189089439301275
80.0 1.1532956448400284
81.0 0.8639694001150522
82.0 0.920043929775964
83.0 0.8290872127093669
84.0 0.9433608726258657
85.0 1.1562026899969835
86.0 1.0129529946997862
87.0 1.0449789392877424
88.0 1.092564312770634
89.0 0.9703380918784384
90.0 0.9838232275159035
91.0 0.8936454389715495
92.0 1.0021617272414174
93.0 0.8827287500610544
94.0 1.0311187485277107
95.0 0.9185779989370081
96.0 0.8897909067198836
97.0 0.9927004860950129
98.0 1.1860395397237684
99.0 0.7995954926220019
100.0 0.8266323809933379
101.0 0.9338432648835655
102.0 0.9436326487389536
103.0 1.0164216670807713
104.0 1.0066121830875936
105.0 0.9748915948234071
106.0 0.9475317584174215
107.0 1.1767654094205864
108.0 0.9826388285076187
109.0 0.831586320269414
110.0 1.0804978534097989
111.0 0.9194490135382696
112.0 0.9220456723625844
113.0 1.044485345770953
114.0 1.0066120174368776
115.0 1.0891316313093247
116.0 1.0646083920870348
117.0 1.125269280558836
118.0 0.999157746055444
119.0 1.0548368762764047
120.0 1.0493641020833806
