Time NormalisedFlux
0.0 1.0293360875658586
1.0 1.045574919253778
2.0 1.037683390338356
3.0 1.0012466116814147
4.0 0.969332377184561
5.0 0.985951448980692
6.0 0.9780553672334081
7.0 0.9989077858168314
8.0 0.979228134992437
9.0 0.9544714487514443
10.0 0.9512787521425567
11.0 0.9793444130519905
12.0 0.9169377602277738
13.0 0.8957334329023822
14.0 0.8948188325828188
15.0 0.9103258572809447
16.0 0.9562704424095665
17.0 1.0183490724635984
18.0 1.1038500584021462
19.0 1.0977910478066393
20.0 1.0983869060576155
21.0 1.0568697185989795
22.0 1.0487296582199994
23.0 1.0435279331061618
24.0 1.0545808359529887
25.0 1.026049130081472
26.0 1.020412965919448
27.0 0.9961421914738348
28.0 1.0117765275149722
29.0 0.9976684457939163
30.0 0.9992433272232348
31.0 0.9814450699296836
32.0 0.9908871474699887
33.0 0.9810863038937262
34.0 0.9817925570145082
35.0 0.9678375078596794
36.0 0.931410597339753
37.0 0.9079668793208099
38.0 0.8986604743611928
39.0 0.9173046005416694
40.0 0.9976220023977866
41.0 1.039871077939256
42.0 1.0929590256672084
43.0 1.1097732284217081
44.0 1.0869650386166647
45.0 1.0541419530382015
46.0 1.0641916743275364
47.0 1.0460221965017313
48.0 1.0755053487257602
49.0 1.0511504872779123
50.0 1.0211107907672705
51.0 1.020831790381039
52.0 1.018786922375821
53.0 0.9722319940815312
54.0 0.9933146134956579
55.0 0.9847688519286228
56.0 0.9600018430511104
57.0 0.9458576383829794
58.0 0.9836856281798926
59.0 0.9684011056305548
60.0 0.9415193191624638
61.0 0.9162407601858017
62.0 0.9152949983165753
63.0 0.9393034181278206
64.0 0.989975768736174
65.0 1.040710348713249
66.0 1.073661870981301
67.0 1.096807197260329
68.0 1.0363082210937802
69.0 1.0233315528313318
70.0 1.0305475178219659
71.0 1.0710934070463474
72.0 1.0398213240426828
73.0 1.0234498254763094
74.0 1.0295024487558244
75.0 0.978384636638254
76.0 1.027442020991949
77.0 0.988897889153661
78.0 0.989705053766163
79.0 0.9713186689463278
80.0 0.9324167219480272
81.0 0.9612477261089744
82.0 0.9621130213215494
83.0 0.9478800821429122
84.0 0.919825576410069
85.0 0.8625712647110979
86.0 0.9135172278089911
87.0 0.9734008981388453
88.0 1.0352148166976
89.0 1.0678839558434925
90.0 1.085765567300367
91.0 1.0729041581736836
92.0 1.0494029912800664
93.0 1.0570486714911222
94.0 1.048414112380481
95.0 1.0444446406582393
96.0 1.0485336640703358
97.0 0.9918492505100902
98.0 0.9829783383232626
99.0 1.0105925131623719
100.0 1.0160088828644112
101.0 0.9781630841339501
102.0 0.9891933254872596
103.0 0.9783210455880788
104.0 0.9317385047286693
105.0 0.9824741048992524
106.0 0.952831374060698
107.0 0.9496134128907013
108.0 0.9153382237983251
109.0 0.9051384560521909
110.0 0.9641166495392255
111.0 0.9843894425693054
112.0 1.0568864209868998
113.0 1.1135495052901134
114.0 1.1009097595124546
115.0 1.0506446787363215
116.0 1.0584494357915666
117.0 1.0498378803906427
118.0 1.0735938875726698
119.0 1.024780469375897
120.0 1.0359623213334863
