Time NormalisedFlux
0.0 1.0220181685538132
1.0 0.9990153209713137
2.0 1.0252072783371582
3.0 1.0533595222964376
4.0 0.9878319700668408
5.0 1.0176209857442893
6.0 1.014443276074713
7.0 0.98769089369771
8.0 0.9956926082623225
9.0 1.00789566814537
10.0 0.9410503827765129
11.0 0.9725345156358101
12.0 0.9585774911274091
13.0 0.9805669687729399
14.0 0.9487972820947104
15.0 0.9250616764651366
16.0 0.9004723731329995
17.0 0.9000477177464499
18.0 0.9598827980914781
19.0 1.0133427430724287
20.0 1.045662423986817
21.0 1.082184720251863
22.0 1.1046802762859365
23.0 1.099099928226214
24.0 1.0421097644317951
25.0 1.0617702367235566
26.0 1.063364894700201
27.0 1.0372028194645535
28.0 1.0238774516074223
29.0 1.032078521439309
30.0 0.9913395029979256
31.0 0.9949520596302371
32.0 0.9989815884824005
33.0 0.9801033943710549
34.0 0.9373367161146229
35.0 0.9443841655039941
36.0 0.9522702453518704
37.0 0.933785155702041
38.0 0.9701543470792965
39.0 0.957209578591716
40.0 0.9237976607093102
41.0 0.8958679572923509
42.0 0.9102738764923792
43.0 0.9613596992126391
44.0 1.0137806888421204
45.0 1.087096478096851
46.0 1.078123344504155
47.0 1.1170583678435684
48.0 1.0538675140964568
49.0 1.042391746393496
50.0 1.0307107862602292
51.0 1.071366260255528
52.0 1.040983296720843
53.0 1.0361722177823074
54.0 1.017137160135513
55.0 0.996273856475456
56.0 0.9985868206209636
57.0 1.0012043962831625
58.0 0.9844557515944257
59.0 0.9974193742834404
60.0 0.9715780440283717
61.0 0.9206496196795565
62.0 0.9555721785374525
63.0 0.935056876823426
64.0 0.9377226494784753
65.0 0.9207980575216541
66.0 0.907489071182411
67.0 0.9386418051185808
68.0 0.9746760178990699
69.0 1.0683891405863288
70.0 1.0704857773060106
71.0 1.0906842400726533
72.0 1.0657626237240614
73.0 1.0608948188251888
74.0 1.0810121664034151
75.0 1.0685779130337756
76.0 1.057966751473391
77.0 1.0844622978350085
78.0 1.0292962178527938
79.0 1.0196128889550247
80.0 0.9894415694725418
81.0 0.9781443808655151
82.0 0.9661652463681097
83.0 0.9698294993189464
84.0 0.9677477724764508
85.0 0.9734183875409202
86.0 0.9715401897170247
87.0 0.959841861983461
88.0 0.944209107505682
89.0 0.9159006874913649
90.0 0.9170738745866425
91.0 0.895456566323961
92.0 0.9124743410636488
93.0 0.9654281518737744
94.0 1.062934821431958
95.0 1.089487928319687
96.0 1.117700677111951
97.0 1.0906205223059082
98.0 1.0549522614843911
99.0 1.0291733099873988
100.0 1.0144525583699109
101.0 1.043514731678656
102.0 1.06823510710807
103.0 1.049300758803022
104.0 1.0021084031767107
105.0 1.016171857453615
106.0 1.0093576836797664
107.0 0.9909768144753688
108.0 1.0034359511808755
109.0 0.9641652946369585
110.0 0.9413504461563711
111.0 0.955697699274432
112.0 0.9711679397470708
113.0 0.9653089531872859
114.0 0.9120539698543907
115.0 0.8809035583361746
116.0 0.8838690814756729
117.0 0.9345266139179869
118.0 0.9574387504457965
119.0 1.1040712807866815
120.0 1.0953602782352616
