Time NormalisedFlux
0.0 1.0424913896308974
1.0 1.0445981705350917
2.0 0.9972068412095909
3.0 1.0124301496093262
4.0 1.0336267976405509
5.0 0.9899397597086976
6.0 0.9849591832748932
7.0 0.9922114423331636
8.0 0.9583578736669867
9.0 0.9563667200098293
10.0 0.9262054365141934
11.0 0.9567920374666179
12.0 0.9459177039834554
13.0 0.92437008036787
14.0 0.9214561091708404
15.0 0.8801015950575236
16.0 0.9527443522296832
17.0 1.0276129480860166
18.0 1.05132035490563
19.0 1.1075142253264816
20.0 1.0661793457960436
21.0 1.0632783067726008
22.0 1.0670334342328227
23.0 1.0721325095089658
24.0 1.041366940910921
25.0 1.0432620094713587
26.0 1.0254824428987095
27.0 1.0017007601466377
28.0 1.0116003787437302
29.0 1.0189358269461395
30.0 0.9674557752470664
31.0 0.9841653640386374
32.0 0.9495987417477124
33.0 0.9760453743196604
34.0 0.9206914553760007
35.0 0.9522755702968962
36.0 0.9531376103021657
37.0 0.9485489823538236
38.0 0.8998926346215618
39.0 0.9239525239914558
40.0 0.9859730455389865
41.0 1.0432271657462595
42.0 1.0863580919161087
43.0 1.10278999796009
44.0 1.1124144713540984
45.0 1.0567163329775038
46.0 1.037612332854559
47.0 1.0593449900204832
48.0 1.043676947616315
49.0 1.0305525984478165
50.0 1.031185938567455
51.0 0.9693844856561186
52.0 1.0297873277643572
53.0 1.0222694625632236
54.0 0.9881413959345455
55.0 0.9738098773915516
56.0 0.9866799011473429
57.0 0.9886597014720188
58.0 0.9426324115256491
59.0 0.9652765847486183
60.0 0.9515939925175396
61.0 0.9449693664667458
62.0 0.9162612412906598
63.0 0.938159871403999
64.0 0.9589577197442402
65.0 1.0340522180960807
66.0 1.0719784629793383
67.0 1.1035824736815856
68.0 1.0655061427734012
69.0 1.0496298897050647
70.0 1.0401994515471682
71.0 1.0381904530851787
72.0 1.0490995078452678
73.0 1.0379886889499845
74.0 0.985239961536432
75.0 0.9983075964942748
76.0 1.0261622158386083
77.0 1.0183941900388245
78.0 0.976850893422016
79.0 0.9934790564607184
80.0 0.9572160929313389
81.0 0.939197964301108
82.0 0.9658814731724477
83.0 0.9399228880135777
84.0 0.9215368699660772
85.0 0.9153239335373325
86.0 0.9031135978449006
87.0 0.9366509539337172
88.0 0.9848202456752424
89.0 1.0500083344314162
90.0 1.1049819088745292
91.0 1.097597399841954
92.0 1.0545852777105458
93.0 1.055039032039062
94.0 1.042029765581765
95.0 1.0685068608519974
96.0 1.0532699963293566
97.0 1.0575197176174445
98.0 1.0363611665626566
99.0 1.0174983908269946
100.0 0.9896548186265134
101.0 1.0126243598998599
102.0 1.0047690425366447
103.0 0.9618353363077328
104.0 0.9826688446601803
105.0 0.9622007383444269
106.0 0.938621486644748
107.0 0.9496435780738196
108.0 0.9238826866531165
109.0 0.9222601517757663
110.0 0.9065858492817489
111.0 0.9104019084452549
112.0 0.980921458525807
113.0 1.0466651280434016
114.0 1.0789339082391896
115.0 1.0670794361097433
116.0 1.0869174494253222
117.0 1.0425330653536398
118.0 1.0363706105097434
119.0 1.0442140350503226
120.0 1.0511325283959174
