Time NormalisedFlux
0.0 0.9981358938466307
1.0 1.0195929836005209
2.0 1.0136014544183465
3.0 1.0927296575870244
4.0 0.9648679695120623
5.0 1.1448423471241886
6.0 1.0043839613988432
7.0 1.1388057677949186
8.0 0.9247999020710583
9.0 0.941246971651151
10.0 0.9619321615498193
11.0 0.9874648157807525
12.0 1.172494775271499
13.0 0.889401325787344
14.0 1.0401909875207238
15.0 1.0695579489048803
16.0 0.8394259749369201
17.0 1.06105941589187
18.0 1.2804286327122405
19.0 0.9406108111274678
20.0 1.1122127427780606
21.0 0.9099754361041025
22.0 1.0829683860267019
23.0 0.9549513552650166
24.0 0.9254702700301842
25.0 0.9383107789846695
26.0 0.8643074499319864
27.0 0.8861910657551387
28.0 0.9804826849514295
29.0 1.2055701063556576
30.0 0.9703319300487887
31.0 0.9945696033432931
32.0 0.9775397953265744
33.0 1.0542175212163432
34.0 0.9611755090227714
35.0 1.1422120076880513
36.0 1.076105202064713
37.0 1.0745715632186823
38.0 0.8942349367019804
39.0 1.0468373814928555
40.0 1.0969534081237355
41.0 0.9049180098078942
42.0 1.0505488677746213
43.0 1.0595536151749185
44.0 0.9432477612484229
45.0 0.8013579555999415
46.0 0.9332069649318324
47.0 1.1793071922887868
48.0 0.9094659597752002
49.0 0.9133445472079096
50.0 0.9931110318470647
51.0 1.1323467211352232
52.0 0.8866768787448978
53.0 1.096527680791278
54.0 1.2803392577414192
55.0 1.187477453515231
56.0 0.9649290963094003
57.0 0.9469279677451494
58.0 1.1769562774404352
59.0 0.9281891798848051
60.0 1.1062158430849038
61.0 0.8497998915189076
62.0 0.8218664441859315
63.0 1.0206313845700017
64.0 1.0876314686055017
65.0 1.146026108340384
66.0 1.0322163282234804
67.0 1.129014204880918
68.0 0.8867850729371913
69.0 1.18976266698232
70.0 1.0811694256332842
71.0 1.0732002956308577
72.0 1.0932213700064448
73.0 1.0547795906470687
74.0 0.9154663747930245
75.0 1.0704034404562728
76.0 0.8841949492272075
77.0 1.0613060543621133
78.0 0.8981821339500093
79.0 0.9681734948134209
80.0 0.8700879299136264
81.0 0.9442773278415507
82.0 0.8574872192306066
83.0 1.115656808527693
84.0 1.034259921206875
85.0 0.8814528097014296
86.0 1.0014934834017073
87.0 1.1353833244760771
88.0 0.9889161341735243
89.0 1.004192237165149
90.0 0.8792123658004269
91.0 0.856931669921845
92.0 0.9126866922592556
93.0 0.8651795641398451
94.0 0.8803830493752799
95.0 1.0374551477226137
96.0 1.0674718997469301
97.0 1.0453730121040108
98.0 1.0839735636729904
99.0 0.8569303210504973
100.0 0.8581114552061027
101.0 0.9770922198220721
102.0 1.1252820349139285
103.0 1.0490931014682945
104.0 1.1504705269260151
105.0 0.8766432105368894
106.0 1.1676072706733456
107.0 0.9457696667378022
108.0 0.7609113558820289
109.0 0.9800675246215947
110.0 0.8984675336925381
111.0 1.0393896611726727
112.0 1.1913091677167578
113.0 1.1740547069423024
114.0 1.0738132771411082
115.0 1.2071645201512702
116.0 0.9013508006622948
117.0 0.9369228980973499
118.0 0.9752679468364556
119.0 0.9300622116014523
120.0 0.9389585374334085
