Time NormalisedFlux
0.0 1.0230693604456853
1.0 1.0655355045228145
2.0 1.1284665089538723
3.0 1.0903570035348915
4.0 1.069461016623948
5.0 1.037749804485576
6.0 1.048180306376552
7.0 1.0448824936882803
8.0 1.041766463154531
9.0 1.0268969552346292
10.0 1.0283014327982443
11.0 0.9797980556770857
12.0 1.0127626744490867
13.0 0.9782163998979795
14.0 0.9852397710730418
15.0 0.9743181907228543
16.0 0.9536490915478756
17.0 0.9458465569298311
18.0 0.951347378217403
19.0 0.9168216070543549
20.0 0.9271480848301742
21.0 0.9104928766741849
22.0 0.9111977995312348
23.0 0.9404055773433518
24.0 1.005977332706361
25.0 1.0490740901731952
26.0 1.068184631547651
27.0 1.1041953590558176
28.0 1.050754143890957
29.0 1.0348114303706546
30.0 1.0690578024359239
31.0 1.0390248451627773
32.0 1.0342347410247479
33.0 1.0112312993756252
34.0 1.0083992252802285
35.0 0.9717448240296291
36.0 1.0264791829872095
37.0 1.0011773126018884
38.0 1.005124615513522
39.0 0.9464039162983139
40.0 0.9887158293188362
41.0 0.9614658793530113
42.0 0.9533233957629433
43.0 0.9553559663095247
44.0 0.9555926888156613
45.0 0.9183249342990296
46.0 0.8908643100860638
47.0 0.9062967164605115
48.0 0.9518486799080101
49.0 1.0057161572478743
50.0 1.097741910884454
51.0 1.0884069287306108
52.0 1.079184757098949
53.0 1.0720296982966104
54.0 1.0575275539471989
55.0 1.041708773997872
56.0 1.0492144676279953
57.0 1.0262798348981503
58.0 1.0354071027170042
59.0 1.0159230720099806
60.0 0.9868656750392268
61.0 1.011894586766037
62.0 0.9925410485064216
63.0 1.0098088934059637
64.0 0.9410925848260927
65.0 0.9617551776468372
66.0 0.9669952392956059
67.0 0.9434654773659238
68.0 0.9271927781677086
69.0 0.9339169652240753
70.0 0.9075036195583972
71.0 0.9295234247462559
72.0 0.9245065591327354
73.0 1.0000247631584238
74.0 1.041029942557122
75.0 1.1203370701512134
76.0 1.0996458025625986
77.0 1.0639047380552513
78.0 1.0099666574084951
79.0 1.0148890566522104
80.0 1.0333850709173675
81.0 1.0329520355887973
82.0 1.0225282277769951
83.0 1.0060349692042871
84.0 1.0061733691274124
85.0 0.9885778612584292
86.0 1.0066345262128258
87.0 1.0106436566849137
88.0 0.9882559807412379
89.0 0.9885315486753206
90.0 0.9555842905179297
91.0 0.9667214884270219
92.0 0.9433959971598781
93.0 0.9598970463971197
94.0 0.9146668006820649
95.0 0.8713305410361303
96.0 0.9109587129397834
97.0 0.935313304473899
98.0 1.014038601836863
99.0 1.0744605128592744
100.0 1.0884646080739302
101.0 1.0865455031745508
102.0 1.0384914336780457
103.0 1.020282506391427
104.0 1.0281506554956976
105.0 1.047087128476886
106.0 1.0513082518052255
107.0 1.0293238182087787
108.0 1.0319628463427257
109.0 1.0279670998280626
110.0 1.0242519830834285
111.0 0.9897471420443185
112.0 0.9718609847827399
113.0 0.9575177867025191
114.0 0.9575701614606177
115.0 0.9771770540653463
116.0 0.9935074881942179
117.0 0.943027017813551
118.0 0.9340426820290552
119.0 0.9146340380153173
120.0 0.8887805634628833
