Time NormalisedFlux
0.0 1.0060321330252104
1.0 1.0236499818141254
2.0 1.0425043217563323
3.0 1.0047320854375545
4.0 1.0048968969185206
5.0 0.9886839382735978
6.0 0.9639608286821614
7.0 0.9686661623488243
8.0 0.9695117841440262
9.0 0.9515796735368919
10.0 0.9505867349400188
11.0 0.9440806350717662
12.0 0.9172442548774077
13.0 0.899557852002027
14.0 0.9224831585290467
15.0 0.961748251102962
16.0 1.028432904177262
17.0 1.068079735786782
18.0 1.107983701368526
19.0 1.0868023687037416
20.0 1.0359786268985764
21.0 1.0249597350191988
22.0 1.0733022067194866
23.0 1.029298950634845
24.0 1.019623601691614
25.0 1.017638724848312
26.0 1.0097617811863542
27.0 1.032740332234542
28.0 0.9942092196890739
29.0 1.0090592412658432
30.0 0.9678654683389488
31.0 0.9867080146357196
32.0 0.9652967770679183
33.0 0.9824910340851439
34.0 0.9599572448747236
35.0 0.9480598048890803
36.0 0.9414145929469329
37.0 0.9336726267894895
38.0 0.9050357328158833
39.0 0.8992532813366847
40.0 0.9756084569822606
41.0 1.010108746906645
42.0 1.088794251236583
43.0 1.1345086931642119
44.0 1.0806374103586196
45.0 1.0729253093372837
46.0 1.0487198657392602
47.0 1.0691789747288154
48.0 1.0504042992879832
49.0 1.04430999005829
50.0 1.035856883721315
51.0 1.0013169861521467
52.0 0.9939516663914039
53.0 0.9884871787349613
54.0 1.0191629559763542
55.0 0.9785806894226644
56.0 0.9581946077020482
57.0 0.9553672424064293
58.0 0.9459568825097743
59.0 0.963637889808404
60.0 0.9537491210035042
61.0 0.9440371507356285
62.0 0.909985109792047
63.0 0.9011713429572747
64.0 0.9362901081786474
65.0 0.967149704502369
66.0 1.0358111769528016
67.0 1.0786778663830603
68.0 1.0892583766781894
69.0 1.0785642877382664
70.0 1.0616297850740177
71.0 1.0322575924795725
72.0 1.0198138582715424
73.0 1.0470513572390037
74.0 1.0691158080212302
75.0 1.0118147702884766
76.0 1.0196266672376317
77.0 0.9836105517985548
78.0 0.9816275828064297
79.0 0.9859838190073092
80.0 0.9959600917419532
81.0 0.9868685933486268
82.0 0.9667080136431209
83.0 0.9474742383372936
84.0 0.9763963871058406
85.0 0.9474732111240693
86.0 0.9708880061807499
87.0 0.9110877448813515
88.0 0.8987588854852675
89.0 0.9238669463054336
90.0 0.9698640787174627
91.0 1.0188921589889812
92.0 1.0758826317666768
93.0 1.115204366656327
94.0 1.0844391338463202
95.0 1.0547408893268528
96.0 1.0372026391850857
97.0 1.0325222555763913
98.0 1.0118986164022856
99.0 1.0769491880187083
100.0 1.011973078374147
101.0 1.012942475832951
102.0 0.9810863723516092
103.0 1.0101301451021987
104.0 0.9995462503352359
105.0 0.9700695081560312
106.0 0.9659952051746264
107.0 0.9429253755231299
108.0 0.9377548561458855
109.0 0.9698947747171679
110.0 0.9315327790192084
111.0 0.9491126632612276
112.0 0.9023058073830044
113.0 0.8805987581710019
114.0 0.9063167220833297
115.0 0.9446191663670545
116.0 0.9970212911621539
117.0 1.073447577524459
118.0 1.0757854681788748
119.0 1.0744681419105562
120.0 1.035799222204205
