Time NormalisedFlux
0.0 1.0737794372331346
1.0 1.078555575927432
2.0 1.0657149372731616
3.0 1.0595034485515136
4.0 1.0326297703901077
5.0 1.030375029798126
6.0 1.0240645909538433
7.0 1.0169072485780857
8.0 0.9971543561041832
9.0 0.9956183629565769
10.0 1.0297808911117534
11.0 0.9882218755747183
12.0 0.9934952055769221
13.0 0.9758195592821379
14.0 0.9498602797680464
15.0 0.9567880003087819
16.0 0.9381463754903506
17.0 0.9293342167754193
18.0 0.9206130106169669
19.0 0.8898497691368954
20.0 0.9089397921261405
21.0 0.9335116492030207
22.0 1.0367039692168238
23.0 1.0532532510901012
24.0 1.0977585413093531
25.0 1.0668431329592811
26.0 1.062602236243166
27.0 1.0710595618022583
28.0 1.0606093192849262
29.0 1.046756602966149
30.0 1.0117049109545178
31.0 1.0544474609196357
32.0 1.0255011795428197
33.0 1.012600417681229
34.0 0.9950094995517853
35.0 0.9865652205500322
36.0 0.992371092500974
37.0 0.972121519583998
38.0 0.9222304995766666
39.0 0.9265296000034204
40.0 0.9627614819928088
41.0 0.9342171298482337
42.0 0.9177556298097873
43.0 0.9135428024727458
44.0 0.9235386737342195
45.0 0.9595859683815029
46.0 1.0546539449596897
47.0 1.0984955379128218
48.0 1.1012679414043398
49.0 1.061725300522048
50.0 1.0663804772208836
51.0 1.0308482017250042
52.0 1.0491207561944595
53.0 1.0390646192072772
54.0 1.056516543942402
55.0 1.029974899801305
56.0 1.0136191264310157
57.0 1.0251501813572517
58.0 0.9961106093354253
59.0 1.0115062242987263
60.0 0.9677804576602406
61.0 0.9631250646118593
62.0 0.9757569009871294
63.0 0.9556503334922357
64.0 0.9706096049599855
65.0 0.9358578024608252
66.0 0.917206324034132
67.0 0.9100229827384805
68.0 0.9305327695253753
69.0 0.9704617465206455
70.0 1.0694096512738231
71.0 1.07390977084839
72.0 1.107404085813288
73.0 1.092513606003703
74.0 1.0355499135740858
75.0 1.0345264529032432
76.0 1.0802903766766065
77.0 1.0259382398958847
78.0 1.0329606661533117
79.0 1.0166218701851701
80.0 1.001713361189322
81.0 1.0067152353340698
82.0 1.0091089311707828
83.0 0.9936235260555872
84.0 0.9805909857250714
85.0 0.9444905423996385
86.0 0.947264765181102
87.0 0.9437619482845166
88.0 0.981046636744001
89.0 0.9315214166430216
90.0 0.8800611257359
91.0 0.8941455373796893
92.0 0.9741047199774332
93.0 1.0076399597286319
94.0 1.0711420665796616
95.0 1.0817729921704944
96.0 1.0940291025488
97.0 1.0790724731079324
98.0 1.0550327681724017
99.0 1.0641690255739031
100.0 1.0162480288405287
101.0 1.030536971569476
102.0 1.016463598509375
103.0 0.9869991835706687
104.0 1.0064200282453344
105.0 0.9713309687747868
106.0 0.9792416080905645
107.0 0.982230759623967
108.0 0.9875695089244473
109.0 0.9678160304455661
110.0 0.9227426049648518
111.0 0.9912755236265691
112.0 0.9309651896086718
113.0 0.9208746790777549
114.0 0.9019433163578255
115.0 0.9508701280988363
116.0 0.9693933537344022
117.0 1.0107882721586052
118.0 1.0754279222848895
119.0 1.1098835699579674
120.0 1.0671517068802474
