Time NormalisedFlux
0.0 1.171887874713207
1.0 1.2384727029370846
2.0 1.232149055210733
3.0 1.1781057764907226
4.0 1.1926654112304569
5.0 1.2187444197633854
6.0 1.2443803898092325
7.0 1.21222933158024
8.0 1.1654343062020076
9.0 1.2086480245541653
10.0 1.1312954392627426
11.0 1.1100846771580286
12.0 1.1027636591977428
13.0 1.123441161817372
14.0 1.1243587581457943
15.0 1.0453865490075462
16.0 1.0206728939723217
17.0 0.9499918244740317
18.0 0.9369036931137886
19.0 0.9624707524411709
20.0 0.9188066298558792
21.0 0.8896405941362242
22.0 0.8266238148007765
23.0 0.9017127765673858
24.0 0.8824645272630646
25.0 0.8171001847155985
26.0 0.7802588111371562
27.0 0.8304393150762677
28.0 0.8393236335936715
29.0 0.7312448694095539
30.0 0.8116865840940795
31.0 0.8431890224677846
32.0 0.8125211302447011
33.0 0.8198045208647782
34.0 0.8446151155461038
35.0 0.8716630681731249
36.0 0.8540367826252994
37.0 0.9208795083568926
38.0 0.9257282232898257
39.0 0.943371968798121
40.0 0.9471013697252104
41.0 0.9701767117196219
42.0 0.9860556351135369
43.0 0.9749176210587724
44.0 1.0212992487537877
45.0 1.1354470228094402
46.0 1.1074002628912891
47.0 1.081404333304435
48.0 1.159016908958851
49.0 1.1561794689530516
50.0 1.1866445222167248
51.0 1.174174552677414
52.0 1.180527391257683
53.0 1.2209769563789117
54.0 1.202399905285921
55.0 1.182621910769502
56.0 1.2427172192343283
57.0 1.1860415958551727
58.0 1.2053565985875279
59.0 1.1789390613665724
60.0 1.214440993624384
61.0 1.1544878165113246
62.0 1.1074691383526039
63.0 1.0520875327741435
64.0 1.1135680586346406
65.0 1.0788901648318519
66.0 0.9932707936624118
67.0 1.0081499894011228
68.0 1.0376180960922308
69.0 0.9163468504805313
70.0 0.9434061894191884
71.0 0.9381504601132681
72.0 0.8998645844417482
73.0 0.8730861294853777
74.0 0.8572787861165956
75.0 0.8710849463511972
76.0 0.8325828879402847
77.0 0.8050933281851683
78.0 0.7139149290951553
79.0 0.8389115469180944
80.0 0.8284951251245022
81.0 0.8045643967394605
82.0 0.7811878286564014
83.0 0.8389683225437657
84.0 0.8076869185543069
85.0 0.8267668451534405
86.0 0.8640703546839235
87.0 0.8288372952146663
88.0 0.8826670797675902
89.0 0.9003034783678268
90.0 0.9508333519808327
91.0 0.9093425420160763
92.0 0.959069196386024
93.0 0.9787813648800261
94.0 1.0168003291191043
95.0 1.0957052246096382
96.0 1.0222775521318177
97.0 1.057006470690048
98.0 1.1294249496142863
99.0 1.0704575666391667
100.0 1.1536096401104083
101.0 1.1852778521086378
102.0 1.21588083205791
103.0 1.1763709560064775
104.0 1.1852799294996468
105.0 1.2047441526093392
106.0 1.1584725590963503
107.0 1.193839699623742
108.0 1.1988425082468925
109.0 1.188596815483904
110.0 1.232244740879251
111.0 1.1079123031789018
112.0 1.1372130594475653
113.0 1.1564616423065988
114.0 1.1063676666018931
115.0 1.10942662026132
116.0 1.070190050590285
117.0 1.1115046776291986
118.0 1.0028397976347787
119.0 0.9593035305732989
120.0 0.9979520461886541
