Time NormalisedFlux
0.0 0.9855287163096278
1.0 0.9985116920459823
2.0 1.0262932012837918
3.0 0.851459455952869
4.0 1.1685458960456965
5.0 0.9913191722030734
6.0 0.8601745481616562
7.0 0.8494686790056362
8.0 1.054574449403321
9.0 1.0289699332819229
10.0 0.7493717251799735
11.0 1.0327503558397972
12.0 1.0211092083525963
13.0 1.082284821140089
14.0 1.0343641562782269
15.0 1.0566178512086735
16.0 0.9563062446028416
17.0 0.9369267811222599
18.0 1.2261254057482107
19.0 0.9514588311500826
20.0 1.0624061126448558
21.0 0.8616337401021545
22.0 0.8173583515893502
23.0 0.9806910709778855
24.0 1.2337776043717612
25.0 0.9907855001995444
26.0 1.1649372637899988
27.0 1.1051841040111277
28.0 0.8682074416824834
29.0 0.9617255429507514
30.0 0.8261385159166843
31.0 0.9802922789718106
32.0 1.080861716722493
33.0 0.8198013947842794
34.0 1.0369010156126255
35.0 1.1067348257830194
36.0 0.7273306496070705
37.0 0.983971633046022
38.0 1.0315671601550147
39.0 0.8374061082681593
40.0 1.0975690281059682
41.0 1.1314527246193105
42.0 0.8841196167301275
43.0 1.0064471712122598
44.0 0.8773445188863052
45.0 0.8903195388492813
46.0 0.975903784567605
47.0 1.061539011794447
48.0 0.9414509183332048
49.0 1.01674488446601
50.0 0.8986453133716108
51.0 0.8962782304081934
52.0 1.0457080637677523
53.0 0.7693891713818773
54.0 1.1002460758279
55.0 0.7983167295674215
56.0 0.9311695719078928
57.0 1.1957376145306928
58.0 1.1173753288428936
59.0 1.124791764133557
60.0 0.8732562759750633
61.0 0.9158335856610414
62.0 0.9387816923422331
63.0 0.8950890329539741
64.0 0.7891058826386981
65.0 1.0003126226742645
66.0 0.9866841752087574
67.0 0.929226919989164
68.0 1.0007780974796214
69.0 1.1829762531655812
70.0 0.9327545914390762
71.0 1.1525264764298828
72.0 0.9384721123968208
73.0 1.0906905871854329
74.0 0.9918332118102139
75.0 0.8267405164457651
76.0 0.9500449112532017
77.0 0.9189532283770918
78.0 0.9920090547899575
79.0 0.8526257172053955
80.0 0.9050814228801674
81.0 0.9507332061372442
82.0 1.1595111795288782
83.0 0.8742303714122596
84.0 0.8679047693151251
85.0 1.058432252031084
86.0 0.790731057514025
87.0 0.803559081930914
88.0 0.9387690969576342
89.0 0.8547649176396037
90.0 1.0136047299991349
91.0 0.9836258203767362
92.0 0.9682774602681734
93.0 1.0927785350893158
94.0 1.0170471140023796
95.0 0.955755928819033
96.0 1.025539977903966
97.0 1.0586428577250562
98.0 0.9895777072064856
99.0 1.0656392449957155
100.0 1.0145057295339097
101.0 1.0889124515157111
102.0 0.9521070662450902
103.0 1.0517266750198804
104.0 1.102375809901319
105.0 1.2040675188043792
106.0 1.021997982104592
107.0 0.9458302265590092
108.0 1.0255481428567932
109.0 1.000884013980778
110.0 0.9368805129429612
111.0 1.0639918644312982
112.0 0.9384451198016971
113.0 0.9078602987558693
114.0 1.0222182049220103
115.0 1.008136315085748
116.0 1.005039922776438
117.0 0.9172191805640333
118.0 0.9620255737510965
119.0 1.0241940836586358
120.0 1.285474510174879
