Time NormalisedFlux
0.0 0.9318569890954717
1.0 1.008265713779612
2.0 1.0102639727762055
3.0 1.0437681987176515
4.0 1.052729093878967
5.0 1.0599741751155274
6.0 1.0985955777568421
7.0 1.1095192402555458
8.0 1.0829054412683021
9.0 1.1515615296785455
10.0 1.1754471622216078
11.0 1.1161759589841351
12.0 1.2409390445095683
13.0 1.1684146661206791
14.0 1.199578337811382
15.0 1.2072639311641746
16.0 1.2268118445275538
17.0 1.2181389485848313
18.0 1.2318479754976548
19.0 1.1431665996912372
20.0 1.1868781180954597
21.0 1.1605713717568429
22.0 1.1019469559159523
23.0 1.1498141496316452
24.0 1.1372853891549728
25.0 1.071265270229431
26.0 1.0755418177729126
27.0 1.0317221495054893
28.0 0.9643318357560948
29.0 0.9410974083887272
30.0 0.9268268680831874
31.0 0.9080415715931995
32.0 0.943184235014003
33.0 0.9432144883067699
34.0 0.8863675908290365
35.0 0.8691312863842592
36.0 0.8710166678383044
37.0 0.8562414022317439
38.0 0.8166662530759052
39.0 0.8277762555979663
40.0 0.7794501205761414
41.0 0.7548533568938397
42.0 0.7532838323298409
43.0 0.7999028392935188
44.0 0.8050749096588887
45.0 0.7928811409783424
46.0 0.7685111583871882
47.0 0.8109368118726942
48.0 0.8186734334519797
49.0 0.8370656175827142
50.0 0.9202193312021579
51.0 0.9169877732733891
52.0 0.9680381302627525
53.0 0.9366336027696491
54.0 1.0097006303459808
55.0 1.0263394779474924
56.0 0.9859982745892075
57.0 1.01971561586348
58.0 1.0857174908942868
59.0 1.0637884885716289
60.0 1.0934495349691975
61.0 1.1421489417690147
62.0 1.2076664418202998
63.0 1.1939819633325117
64.0 1.1177440947094004
65.0 1.1441579951773484
66.0 1.179010916268482
67.0 1.1745104822441585
68.0 1.190621206614874
69.0 1.2239835271124186
70.0 1.1874888132756178
71.0 1.213717456769809
72.0 1.1957980808558517
73.0 1.1597997912187483
74.0 1.1952106254229728
75.0 1.175432823738806
76.0 1.0723180852798788
77.0 1.1687765675541852
78.0 1.0414160786258306
79.0 1.0055609881540548
80.0 0.9976409886522071
81.0 1.0242431171622708
82.0 0.9740960123968319
83.0 0.9280580481340136
84.0 0.9364686631875078
85.0 0.9446715983931564
86.0 0.9467163556882203
87.0 0.8566208702715019
88.0 0.8075040897194147
89.0 0.795376117600356
90.0 0.8345440981944271
91.0 0.8376643983766342
92.0 0.8201353443574148
93.0 0.7591833395105664
94.0 0.8330061106778788
95.0 0.8038913854669921
96.0 0.8394956158388911
97.0 0.7146315507151328
98.0 0.8544878721138733
99.0 0.8789008719926423
100.0 0.8336163871292553
101.0 0.8227610141563856
102.0 0.8718101364463402
103.0 0.8971021503186299
104.0 0.9343205041481086
105.0 0.9197592046755033
106.0 0.9922276218679684
107.0 1.0044585583129901
108.0 1.0319895268915669
109.0 1.024350619329791
110.0 1.0644573287795933
111.0 1.1015348708148907
112.0 1.1643172767078642
113.0 1.1332193961238104
114.0 1.2030415707902071
115.0 1.208385893690772
116.0 1.1735401062820925
117.0 1.1904654558834789
118.0 1.2272792823034693
119.0 1.2903121359410106
120.0 1.1770076058725558
