Time NormalisedFlux
0.0 1.0424954794147232
1.0 1.1130547551144205
2.0 1.0781048528451957
3.0 1.0622358867932336
4.0 1.141819465996825
5.0 1.1427141321721705
6.0 1.2050412096639607
7.0 1.19594747341469
8.0 1.2195547133676226
9.0 1.2194251685417359
10.0 1.1838046617775626
11.0 1.1706636026285886
12.0 1.2039201685098915
13.0 1.2275494054807181
14.0 1.1867784652909297
15.0 1.158421632936856
16.0 1.1969743179736967
17.0 1.176086390526065
18.0 1.1117751349405585
19.0 1.128289556118066
20.0 1.1117603959029274
21.0 1.1098118624981712
22.0 1.1006886250629073
23.0 1.0241650594646228
24.0 0.9774432390306869
25.0 1.0625718664988566
26.0 0.9554904464249002
27.0 0.9420587947196741
28.0 0.9091823303803132
29.0 0.8529970184618888
30.0 0.814827825015937
31.0 0.8932320038046098
32.0 0.8303274419751461
33.0 0.8861184436662238
34.0 0.8457602177754194
35.0 0.8089070590184991
36.0 0.7857308576264544
37.0 0.7847302495505146
38.0 0.7646889503866903
39.0 0.8162613436157895
40.0 0.7623651028685615
41.0 0.8544392953398436
42.0 0.8276146839181157
43.0 0.8650545464435979
44.0 0.8557795280394558
45.0 0.8778618494374065
46.0 0.9561642432889647
47.0 0.9364365180200581
48.0 0.9994375788976756
49.0 0.9481324263461902
50.0 1.0231935727206982
51.0 0.98386377135459
52.0 1.0375057152915224
53.0 1.0417198975118895
54.0 1.0950196297434425
55.0 1.104063867302298
56.0 1.1482657274083459
57.0 1.1575938954449478
58.0 1.159705624971796
59.0 1.1286598824524805
60.0 1.1702672352723784
61.0 1.1896125059539686
62.0 1.187992404787931
63.0 1.2334055130623192
64.0 1.2174874741689419
65.0 1.1997748102070946
66.0 1.194918354889672
67.0 1.1509394013031395
68.0 1.1748866073014315
69.0 1.1501419751648778
70.0 1.1024019537892693
71.0 1.1513198562378477
72.0 1.0700084295294197
73.0 0.9986341528531036
74.0 1.015831378350372
75.0 0.9851551380922744
76.0 1.0728478564891812
77.0 0.9535781814798551
78.0 0.9292713819638815
79.0 0.941971169742009
80.0 0.8348942732966912
81.0 0.8707265872478198
82.0 0.8556632440431338
83.0 0.7882268807239178
84.0 0.8317275795178942
85.0 0.7803540262607284
86.0 0.8362330084840062
87.0 0.7905354283654691
88.0 0.7698227753112422
89.0 0.8281330004283882
90.0 0.836337694892767
91.0 0.7506097506904933
92.0 0.8104004809936628
93.0 0.850240823337228
94.0 0.8576193821806184
95.0 0.8449734178182716
96.0 0.8595817140826569
97.0 0.8650731354749103
98.0 0.9693430582187733
99.0 0.8894390278597077
100.0 1.0088516988851317
101.0 0.9984897619343914
102.0 0.989956132953021
103.0 1.0100259241551592
104.0 1.1232281393988048
105.0 1.0809795285148196
106.0 1.077467693874674
107.0 1.1103813911851363
108.0 1.1945524203862599
109.0 1.2108432723556308
110.0 1.1617155958761998
111.0 1.2356318077616195
112.0 1.2044714092830018
113.0 1.2285789688512678
114.0 1.232685600202176
115.0 1.2301807571293235
116.0 1.1746279651698692
117.0 1.1843628234571297
118.0 1.2076277595443434
119.0 1.1370963583186642
120.0 1.1375446900840749
