Time NormalisedFlux
0.0 1.1699446885037181
1.0 1.1716001674808576
2.0 1.178576768312422
3.0 1.126272803571407
4.0 1.0004558063172984
5.0 1.0421499811067227
6.0 0.9569004800226315
7.0 0.977964938351147
8.0 0.9257113346517946
9.0 0.9281805372904063
10.0 0.904232818566678
11.0 0.8723225882233769
12.0 0.8678089076198755
13.0 0.8926603564637681
14.0 0.8347049048188664
15.0 0.8325362784656263
16.0 0.8490404453516437
17.0 0.8293247365405997
18.0 0.764560940309772
19.0 0.8314176644299283
20.0 0.815170174677105
21.0 0.8557605516090177
22.0 0.8273258041851281
23.0 0.8212854625739926
24.0 0.7658870971062672
25.0 0.835722816594608
26.0 0.8665806293529243
27.0 0.8968315358358384
28.0 0.8684526296411947
29.0 0.8970472229609773
30.0 0.9027252688803311
31.0 0.9972864911434282
32.0 0.9587911234271813
33.0 1.0099479638124171
34.0 1.015729147979191
35.0 1.039380822318528
36.0 1.0314485534672073
37.0 1.1061127279811513
38.0 1.059599349687018
39.0 1.1457399981245648
40.0 1.1039646144503938
41.0 1.1289131746560013
42.0 1.15058386690183
43.0 1.1896663393599127
44.0 1.1820128503311063
45.0 1.17264574215129
46.0 1.20932236022221
47.0 1.2131606860407151
48.0 1.1772483226772283
49.0 1.2245376586336434
50.0 1.1756176845274042
51.0 1.202649235645666
52.0 1.1797243556886503
53.0 1.187923775427395
54.0 1.1458120064068282
55.0 1.1361007078770784
56.0 1.091132465689792
57.0 1.0833055572801307
58.0 1.0338648309143856
59.0 1.0358985691302172
60.0 1.025267353416329
61.0 0.9662294667862482
62.0 0.9903226377921615
63.0 0.9151865452090195
64.0 0.9402848173777285
65.0 0.8206535262208052
66.0 0.9635671190933828
67.0 0.8467792827046408
68.0 0.8171009435442605
69.0 0.8560121243341569
70.0 0.7849566317597346
71.0 0.8161840925256566
72.0 0.787453393979807
73.0 0.8057624837566013
74.0 0.7875060970494625
75.0 0.7317234495410828
76.0 0.7852294945618256
77.0 0.8348256512808012
78.0 0.7777523853639251
79.0 0.8551607103830696
80.0 0.8836672710717659
81.0 0.8872934297391648
82.0 0.8750364137138041
83.0 0.8848453195652465
84.0 0.8852303219440532
85.0 0.94117246338314
86.0 0.9442767946216295
87.0 1.0009729988237528
88.0 1.05841501187709
89.0 1.0769467401236785
90.0 1.0874401661864193
91.0 1.0558844799251774
92.0 1.0765116107116655
93.0 1.107116700455362
94.0 1.190631556457648
95.0 1.1659576539726288
96.0 1.1638148151331957
97.0 1.1718550878309468
98.0 1.163517049915141
99.0 1.2075633933073535
100.0 1.2052071888524
101.0 1.1302394443242818
102.0 1.2388535713283841
103.0 1.1918209235176835
104.0 1.2057029244353845
105.0 1.2198449210160314
106.0 1.161958474783788
107.0 1.1362195547684
108.0 1.134850595106041
109.0 1.1480015706207558
110.0 1.0980338866979458
111.0 1.0737815210780337
112.0 1.0117601588158784
113.0 1.0209324243118347
114.0 0.9873268186936229
115.0 0.9984537114966545
116.0 0.9316749140382384
117.0 0.903634048721622
118.0 0.9033762114565485
119.0 0.8769869024070422
120.0 0.8707135268830875
