Time NormalisedFlux
0.0 1.1647338754998648
1.0 1.144546149629666
2.0 1.1722234824665916
3.0 1.1724009062632657
4.0 1.2150762191311935
5.0 1.1770263489375383
6.0 1.174646136097318
7.0 1.1457305923006411
8.0 1.174240444639995
9.0 1.2038339778194793
10.0 1.2057967212020633
11.0 1.1487103375920795
12.0 1.1147009173325046
13.0 1.0986342365833663
14.0 1.1061412292772248
15.0 1.0326058107223848
16.0 1.0427068846711993
17.0 1.024465017396445
18.0 1.0186806064539216
19.0 0.9552406552037761
20.0 0.8894468843331703
21.0 0.883046742638086
22.0 0.8107232170064878
23.0 0.8521891343459753
24.0 0.8481302081828681
25.0 0.7909011287120568
26.0 0.7581690258551935
27.0 0.7661169482871287
28.0 0.8044871077021517
29.0 0.7970811954304261
30.0 0.8347561451099831
31.0 0.8293896654553545
32.0 0.8581326048896838
33.0 0.8236913195312354
34.0 0.9102239135714919
35.0 0.8715008174767859
36.0 0.8571640890686881
37.0 0.977833546502474
38.0 0.9506055596080883
39.0 0.9778844514076876
40.0 1.0479289301570895
41.0 1.0161681652369763
42.0 1.078733123738646
43.0 1.0497512662056205
44.0 1.1460229695143285
45.0 1.1226999049336646
46.0 1.2058335011414332
47.0 1.2355454392597551
48.0 1.1371419923688348
49.0 1.2175561048731716
50.0 1.217975609628484
51.0 1.170477424596444
52.0 1.161311972473667
53.0 1.240790816054284
54.0 1.1387862238617998
55.0 1.2160242223401978
56.0 1.1854041511044704
57.0 1.1426560154635996
58.0 1.0942743266543586
59.0 1.0391736994219385
60.0 1.0333628749073545
61.0 1.0201940456587526
62.0 1.0199041582757509
63.0 0.9904906775997624
64.0 0.9314358487065793
65.0 0.9375708070047972
66.0 0.8893974527906617
67.0 0.8912400908302416
68.0 0.82687241126669
69.0 0.852886833278742
70.0 0.779933662198472
71.0 0.8053582011785251
72.0 0.7473806750747289
73.0 0.8075164397774814
74.0 0.772478107386712
75.0 0.8609348852842785
76.0 0.7939660039917761
77.0 0.7688411775180397
78.0 0.8143386604419119
79.0 0.8324114570063278
80.0 0.8811991058158527
81.0 0.855856095871579
82.0 0.902131236688511
83.0 0.9882632692754881
84.0 0.9100082307995205
85.0 1.0539240928936011
86.0 1.031942267885821
87.0 1.0961253978402385
88.0 1.0881501481472449
89.0 1.0936434067759817
90.0 1.169684760905743
91.0 1.1412742826870814
92.0 1.1505663582858663
93.0 1.2107690333752765
94.0 1.2091123691382997
95.0 1.1901440419261164
96.0 1.1427376453213454
97.0 1.179690714999344
98.0 1.1554408396275202
99.0 1.1695970198898258
100.0 1.2154935243382
101.0 1.2234612264737015
102.0 1.183912328811171
103.0 1.1307402153052506
104.0 1.1121212706985941
105.0 1.0864138744328689
106.0 1.0402553188619044
107.0 1.1139889775316691
108.0 0.9826796412684312
109.0 1.0040323741518289
110.0 0.9949096316581992
111.0 0.9164815608194196
112.0 0.8765076077392712
113.0 0.8224030736462719
114.0 0.8189164047695155
115.0 0.8128514718432088
116.0 0.8307204409764157
117.0 0.8283566094600993
118.0 0.7836480478328295
119.0 0.8484336304044322
120.0 0.8230363272402387
