Time NormalisedFlux
0.0 0.8659162685337907
1.0 0.8340797814219406
2.0 0.9137044015100658
3.0 0.9707155713980291
4.0 0.9590001000146
5.0 0.9396093167351508
6.0 0.9264440194789618
7.0 1.0226929337127493
8.0 1.0427847416328495
9.0 1.0699198601746134
10.0 1.0793518820920556
11.0 1.1055966806747761
12.0 1.0559742176137246
13.0 1.185376095424217
14.0 1.1436321729624812
15.0 1.1422076684567257
16.0 1.2065365845035052
17.0 1.155199515410005
18.0 1.1894103202636728
19.0 1.227698309628195
20.0 1.1843863840755235
21.0 1.201374632610349
22.0 1.2180197404384456
23.0 1.1425816328113378
24.0 1.171379729603313
25.0 1.1543706693727713
26.0 1.148343876314503
27.0 1.126272227580872
28.0 1.1156390095657256
29.0 1.0857202737165719
30.0 1.0740709014795389
31.0 1.0412098252467221
32.0 1.0260890928631041
33.0 1.0544917192926622
34.0 0.9819265740192616
35.0 0.970394679746337
36.0 0.9550769424655798
37.0 0.9057125104144506
38.0 0.8527895154131544
39.0 0.8687035118012116
40.0 0.7876033807269287
41.0 0.826229586444583
42.0 0.8220734865679227
43.0 0.8402847264995662
44.0 0.8485056540015172
45.0 0.7585761922437777
46.0 0.7775059901033181
47.0 0.7810594481273301
48.0 0.8770728380817857
49.0 0.7602411863088983
50.0 0.8694397171856489
51.0 0.8033070267916628
52.0 0.8537732392121288
53.0 0.8731197935003912
54.0 0.901399934100155
55.0 0.9495379913725647
56.0 0.9153770670530923
57.0 0.9325376399670781
58.0 0.9280144601276971
59.0 0.9998476397242894
60.0 1.0334535260544992
61.0 1.0670313274153655
62.0 1.0998466864384686
63.0 1.1036121816875557
64.0 1.1268157868928925
65.0 1.161880340808889
66.0 1.1615854219591681
67.0 1.1924967722723088
68.0 1.1750325752755906
69.0 1.1706130873627012
70.0 1.174026736342465
71.0 1.2004524912423356
72.0 1.2050829896402182
73.0 1.2265849092828052
74.0 1.1764215744412112
75.0 1.1946358188638815
76.0 1.2249994025089972
77.0 1.1113704744015849
78.0 1.1973962353703071
79.0 1.1150141893050143
80.0 1.1178936347537762
81.0 1.0888148571183967
82.0 1.1551712171661588
83.0 1.0211749183619019
84.0 1.0063557023670142
85.0 1.0270133676976128
86.0 1.0195968270786093
87.0 0.9972088877939361
88.0 0.9616710718115353
89.0 0.8804712964090562
90.0 0.866844534869794
91.0 0.8493735939466567
92.0 0.8827724858502801
93.0 0.8076446029934815
94.0 0.8538695375604999
95.0 0.8223385325507855
96.0 0.799287422235095
97.0 0.758358833992738
98.0 0.7919482121803397
99.0 0.8071813810338935
100.0 0.7500109726817834
101.0 0.7633318362565626
102.0 0.8178269885793545
103.0 0.8530514213900111
104.0 0.8343624407088235
105.0 0.8934220172269601
106.0 0.8898819756654809
107.0 0.9500493347870268
108.0 0.9704973918839914
109.0 0.9150742122276393
110.0 1.0185142217407466
111.0 1.061319279986703
112.0 1.0046304419481806
113.0 1.0690556508543183
114.0 1.108682638172546
115.0 1.1374717758359842
116.0 1.0807076676138683
117.0 1.159747377487998
118.0 1.1164671920772873
119.0 1.1289818674240542
120.0 1.1357096416013148
