Time NormalisedFlux
0.0 0.9273397390086231
1.0 0.8985562098325803
2.0 0.9070701032792083
3.0 0.9372493554292192
4.0 0.9800942257892231
5.0 1.068681258307308
6.0 1.076644198111498
7.0 1.1184819273558069
8.0 1.0819680969295862
9.0 1.0592971035853742
10.0 1.0851473118597295
11.0 1.0184515787280484
12.0 1.0515004513037445
13.0 1.04763108071277
14.0 1.0149493506088507
15.0 1.026923913443063
16.0 0.9878112522551996
17.0 1.0047824313027953
18.0 1.0099693169351431
19.0 0.9691803135224056
20.0 0.940946004988804
21.0 0.9495334869313862
22.0 0.9439023153575867
23.0 0.9678377343171859
24.0 0.9757249828770086
25.0 0.9505381758708507
26.0 0.9068873237532431
27.0 0.900235051959211
28.0 0.920296327855452
29.0 0.9865731192814143
30.0 1.0125911788104043
31.0 1.0720805814082166
32.0 1.1137420867429717
33.0 1.0846850388709237
34.0 1.0544507147251125
35.0 1.033410585344867
36.0 1.0593204531045382
37.0 1.0293446898653285
38.0 1.0357754480280716
39.0 0.9940771844148047
40.0 1.0121310376207355
41.0 1.0052981580190266
42.0 0.9889149070404005
43.0 1.0080565466676652
44.0 0.988747392316977
45.0 0.9798355464515538
46.0 0.9415601648000417
47.0 0.9662930392254836
48.0 0.9673913663979347
49.0 0.9506262168730865
50.0 0.9206866004772677
51.0 0.9317553445105541
52.0 0.9034739801932457
53.0 0.9512318975290214
54.0 0.9755708870396071
55.0 1.0122013155474043
56.0 1.0224392912622018
57.0 1.0906829818981445
58.0 1.0859920045109928
59.0 1.08608582663887
60.0 1.0571897212622816
61.0 1.0404624229616788
62.0 1.0509797044609226
63.0 1.070901257278294
64.0 1.0639305203896356
65.0 1.0445432959783592
66.0 1.0197485464324871
67.0 1.006936388449545
68.0 0.9829811137077056
69.0 1.0040180382406827
70.0 0.9568993912001446
71.0 0.9789039207762863
72.0 0.9596757128582311
73.0 0.929707981321697
74.0 0.9708465826994185
75.0 0.9351427125966335
76.0 0.9156791880099923
77.0 0.9130604456949334
78.0 0.9309168902117022
79.0 0.9364339305869352
80.0 1.0053937216705195
81.0 1.0383216988267303
82.0 1.0900888797125408
83.0 1.0975293746820634
84.0 1.089192901808962
85.0 1.0594464126799212
86.0 1.0296236102408494
87.0 1.0558162101692055
88.0 1.0596054952432103
89.0 1.0213762632646226
90.0 1.021568130159996
91.0 1.0242662643433091
92.0 1.0238871664748084
93.0 1.0103539859833768
94.0 1.0110599174205679
95.0 0.988756269365218
96.0 0.9653576184002621
97.0 0.9507969334617289
98.0 0.9653843395176218
99.0 0.951381348138114
100.0 0.9658876690566728
101.0 0.9412161593252473
102.0 0.9110442085783533
103.0 0.9422812846533111
104.0 0.9057806666135026
105.0 0.9762408843313076
106.0 1.0404057083058604
107.0 1.0624804628983149
108.0 1.0836662724304966
109.0 1.0675488874742676
110.0 1.0350758630886956
111.0 1.0535631238957661
112.0 1.034934555793167
113.0 1.08067497629845
114.0 1.0455836317899034
115.0 1.037520979101037
116.0 1.0029712604453886
117.0 1.0156259212742897
118.0 0.9577439020640255
119.0 0.9946325143924035
120.0 0.993275923818484
