Time NormalisedFlux
0.0 0.7712673256480153
1.0 0.7760439754879253
2.0 0.8716260049705393
3.0 0.8666841389412924
4.0 0.8213729860545436
5.0 0.8915116468282106
6.0 0.8484614270336747
7.0 0.8636167877892867
8.0 0.9684996624368519
9.0 0.9494102135049153
10.0 0.903501362741178
11.0 1.0139669331776697
12.0 0.965935662259437
13.0 1.023745952639968
14.0 1.0291646280763551
15.0 1.068426393954124
16.0 1.1069791693748785
17.0 1.1441228927573246
18.0 1.1232637421265073
19.0 1.1262930964002413
20.0 1.0897660385702213
21.0 1.163625977981105
22.0 1.1791645455747908
23.0 1.1885432118358326
24.0 1.1745659398336095
25.0 1.1407565103247597
26.0 1.2006546087216965
27.0 1.193983031082288
28.0 1.144267404447635
29.0 1.1433239432161155
30.0 1.1549411571198906
31.0 1.1821536252946887
32.0 1.1645855216528185
33.0 1.1516839728326573
34.0 1.1319793693705582
35.0 1.1875667549521607
36.0 1.0877416294145834
37.0 1.0710171759764766
38.0 1.110693596084659
39.0 1.1115939592001556
40.0 1.043434924913945
41.0 0.9601011271174305
42.0 0.9320177771616137
43.0 1.0298578897237145
44.0 1.0006523238626672
45.0 0.9338204476844887
46.0 0.8925303528522724
47.0 0.9298712361014574
48.0 0.8602097887262868
49.0 0.8293812052340571
50.0 0.8857878097225392
51.0 0.8226041065203935
52.0 0.7672218742468673
53.0 0.8426817825171606
54.0 0.7377755983779247
55.0 0.7847711161776473
56.0 0.7636879892652748
57.0 0.8011430262945276
58.0 0.8249341529548919
59.0 0.78952105632729
60.0 0.7753617167153105
61.0 0.8670773341998018
62.0 0.8414357651461358
63.0 0.8678669939625469
64.0 0.8929000734356356
65.0 0.9368840757685094
66.0 0.9244207628182266
67.0 0.9875194747285425
68.0 1.0180515994474102
69.0 1.0015762681689908
70.0 1.0285975756054293
71.0 1.0287726972889542
72.0 1.02198862616813
73.0 1.141428146583075
74.0 1.1169617168596964
75.0 1.0952181381562989
76.0 1.1194983788874504
77.0 1.1694832097123062
78.0 1.1752951656936492
79.0 1.1835803692648768
80.0 1.1998367366270175
81.0 1.2566363084008019
82.0 1.1808516247204346
83.0 1.200111060548272
84.0 1.172687044179962
85.0 1.2296009972657704
86.0 1.1863641761007533
87.0 1.2008197068606028
88.0 1.1750425492782908
89.0 1.171095393103192
90.0 1.1750081646014139
91.0 1.1059222863803948
92.0 1.116358315935627
93.0 1.0562728192397133
94.0 1.0592575896525982
95.0 1.040480748590116
96.0 1.0026633132313425
97.0 1.0031651710847587
98.0 0.9887418687694061
99.0 0.95843164350369
100.0 0.9197333015588632
101.0 0.9656250324017803
102.0 0.9358416351438751
103.0 0.8637770440233983
104.0 0.8698823418107394
105.0 0.8354578697480908
106.0 0.8033002837528489
107.0 0.7842496457444263
108.0 0.7961357794133097
109.0 0.8012162302999892
110.0 0.7562400769997312
111.0 0.773849110683438
112.0 0.7903080276079785
113.0 0.8502799380629678
114.0 0.8044661762721894
115.0 0.8362759038870051
116.0 0.780851150594223
117.0 0.8313818019883011
118.0 0.9079952811487111
119.0 0.8230104393707783
120.0 0.9073052598875317
