Name Equatorial Polar BlueF GreenF RedF Parallax RadialVelocity Variable?
S299215 11.5332 84.8805 3.686e-17 3.144e-17 1.636e-17 0.0 -91.37 0.0
S299216 11.5332 84.8701 2.4e-21 5.08e-21 1.7000000000000002e-20 0.0 -91.19 0.0
S299217 11.5421 84.8682 1.731e-24 6.509e-24 7.564e-23 0.0 -91.15 0.0
S299218 11.522 84.8908 1.1419999999999999e-22 2.991e-22 1.643e-21 0.0 -91.34 0.0
S299219 11.5364 84.9464 5.690999999999999e-22 1.218e-21 4.383e-21 0.0 -91.5 0.0
S299220 11.5737 84.912 8.997e-22 1.797e-21 5.513e-21 0.0 -91.46 0.0
S299221 11.5492 84.8756 1.2240000000000001e-26 7.654000000000001e-26 2.484e-24 0.0 -91.37 0.0
S299222 11.5156 84.8592 7.586e-22 1.445e-21 4.015e-21 0.0 -91.03 0.0
S299223 11.5292 84.8704 8.034e-20 1.161e-19 1.766e-19 0.0 -91.2 0.0
S299224 11.5168 84.8842 1.295e-21 2.618e-21 7.928e-21 0.0 -91.35 0.0
S299225 11.5049 84.8236 1.89e-19 2.468e-19 3.018e-19 0.0 -90.89 0.0
S299226 11.4816 84.8996 1.074e-21 2.296e-21 7.909e-21 0.0 -91.24 0.0
S299227 11.5321 84.8692 4.271e-23 1.3049999999999998e-22 9.65e-22 0.0 -91.0 0.0
S299228 11.5451 84.8734 4.245e-18 4.25e-18 3e-18 0.0 -91.31 0.0
S299229 11.5876 84.7545 1.336e-18 1.479e-18 1.324e-18 0.0 -90.78 0.0
S299230 11.497 84.8878 3.5389999999999997e-22 9.141e-22 4.728e-21 0.0 -91.29 0.0
S299231 11.5459 84.8818 4.515e-25 1.932e-24 2.8579999999999996e-23 0.0 -91.38 0.0
S299232 11.5046 84.8566 1.58e-24 6.917e-24 1.056e-22 0.0 -91.05 0.0
S299233 11.4888 84.8095 6.814e-17 8.73e-17 1.037e-16 0.0 -90.87 0.0
S299234 11.5711 84.7503 2.336e-20 3.8420000000000003e-20 7.543e-20 0.0 -90.87 0.0
S299235 11.5324 84.8686 2.195e-23 5.995e-23 3.5309999999999997e-22 0.0 -91.06 0.0
S299236 11.6049 84.9038 3.062e-17 4.206e-17 5.786e-17 0.0 -91.36 0.0
S299237 11.5428 84.8821 6.238e-13 4.571e-13 1.803e-13 0.0 -91.41 0.0
S299238 11.5267 84.8683 4.794e-24 1.691e-23 1.6949999999999998e-22 0.0 -91.12 0.0
S299239 11.6173 84.9627 6.574e-19 7.953e-19 8.785e-19 0.0 -91.51 0.0
S299240 11.5402 84.8556 1.424e-20 2.526e-20 5.889e-20 0.0 -90.94 0.0
S299241 11.5379 84.8568 1.1969999999999998e-22 3.3509999999999996e-22 2.12e-21 0.0 -90.99 0.0
S299242 11.5429 84.8568 6.234e-21 1.063e-20 2.3070000000000002e-20 0.0 -90.99 0.0
S299243 11.4997 84.8515 1.4169999999999999e-22 3.6719999999999997e-22 1.84e-21 0.001 -90.98 0.0
S299244 11.5222 84.901 7.319e-18 7.314e-18 5.057e-18 0.0 -91.46 0.0
S299245 11.5168 84.9296 6.3659999999999995e-22 1.363e-21 4.696e-21 0.0 -91.5 0.0
S299246 11.533 84.8716 2.562e-23 6.946e-23 4.0259999999999995e-22 0.0 -91.24 0.0
S299247 11.562 84.8662 1.498e-20 2.3850000000000003e-20 4.568e-20 0.0 -91.16 0.0
S299248 11.5434 84.847 2.066e-17 1.871e-17 1.093e-17 0.0 -90.93 0.0
S299249 11.5252 84.8741 2.2420000000000002e-20 3.782e-20 7.887e-20 0.0 -91.26 0.0
S299250 11.491 84.8318 3.23e-22 6.660999999999999e-22 2.114e-21 0.0 -90.93 0.0
S299251 11.4713 84.9096 2.376e-21 1.631e-21 5.755999999999999e-22 0.0 -91.32 0.0
S299252 11.5076 84.8507 2.427e-22 5.719999999999999e-22 2.491e-21 0.0 -90.99 0.0
S299253 11.5515 84.8384 3.461e-18 3.506e-18 2.55e-18 0.0 -90.94 0.0
S299254 11.5357 84.8671 7.546000000000001e-25 2.941e-24 3.669e-23 0.0 -91.05 1.0
S299255 11.5139 84.9235 1.6450000000000001e-21 3.274e-21 9.893e-21 0.0 -91.44 0.0
S299256 11.5153 84.8729 9.101e-21 1.6020000000000003e-20 3.6330000000000005e-20 0.0 -91.21 0.0
S299257 11.5929 84.8966 2.2270000000000003e-20 3.532e-20 6.858e-20 0.0 -91.32 0.0
S299258 11.528 84.8366 1.809e-19 2.397e-19 3.066e-19 0.0 -90.83 0.0
S299259 11.558 84.8668 9.665000000000001e-20 1.318e-19 1.783e-19 0.0 -91.18 0.0
S299260 11.5602 84.955 7.129e-21 1.2770000000000002e-20 3.1e-20 0.0 -91.54 0.0
S299261 11.5573 85.0624 1.183e-18 1.302e-18 1.117e-18 0.0 -91.57 0.0
S299262 11.5415 84.8271 1.8549999999999999e-22 4.99e-22 2.741e-21 0.001 -90.83 0.0
S299263 11.485 84.9925 1.9019999999999998e-23 5.689999999999999e-23 4.106e-22 0.0 -91.52 0.0
S299264 11.5513 84.8504 7.469e-24 2.275e-23 1.7279999999999998e-22 0.0 -90.95 0.0
S299265 11.6127 84.8358 7.841e-24 2.262e-23 1.507e-22 0.0 -91.08 0.0
S299266 11.531 84.9211 1.097e-23 2.996e-23 1.726e-22 0.0 -91.46 0.0
S299267 11.5412 84.893 1.094e-19 1.529e-19 2.163e-19 0.0 -91.51 0.0
S299268 11.4846 84.8785 3.178e-21 5.4980000000000004e-21 1.1960000000000002e-20 0.0 -91.15 0.0
S299269 11.5338 84.8633 1.263e-22 3.2399999999999996e-22 1.668e-21 0.0 -91.0 0.0
S299270 11.4759 84.8696 7.933e-23 1.8119999999999997e-22 7.008e-22 0.0 -91.15 0.0
S299271 11.5573 84.8405 1.0239999999999999e-23 2.8349999999999996e-23 1.678e-22 0.0 -90.93 0.0
S299272 11.5279 84.9426 2.126e-21 4.322e-21 1.349e-20 0.0 -91.51 0.0
S299273 11.5599 84.8148 3.436e-17 2.949e-17 1.542e-17 0.0 -90.92 0.0
S299274 11.5945 84.8283 2.4900000000000002e-20 3.9940000000000003e-20 7.865000000000001e-20 0.0 -91.02 0.0
S299275 11.5692 84.7838 1.259e-18 1.378e-18 1.196e-18 0.0 -90.85 0.0
S299276 11.549 84.8754 3.5799999999999995e-22 8.160999999999999e-22 3.336e-21 0.0 -91.29 0.0
S299277 11.4915 84.9341 2.0439999999999998e-22 5.046e-22 2.417e-21 0.0 -91.39 0.0
S299278 11.5441 84.8692 2.349e-18 2.416e-18 1.805e-18 0.0 -91.19 0.0
S299279 11.5395 84.8686 2.281e-23 6.757e-23 4.564999999999999e-22 0.0 -91.14 0.0
S299280 11.4871 84.826 4.557e-22 1.167e-21 5.942e-21 0.0 -90.94 0.0
S299281 11.5315 84.8671 1.657e-18 1.76e-18 1.427e-18 0.0 -91.07 0.0
S299282 11.5307 84.8633 2.174e-19 2.926e-19 3.798e-19 0.0 -91.01 0.0
S299283 11.595 84.8341 1.424e-19 1.923e-19 2.641e-19 0.0 -91.08 0.0
S299284 11.5405 84.8592 1.606e-18 1.387e-18 7.561e-19 0.0 -90.98 0.0
S299285 11.5608 84.8739 3.0779999999999997e-22 2.8479999999999997e-22 1.7319999999999998e-22 0.0 -91.25 0.0
S299286 11.5358 84.8666 2.997e-18 3.012e-18 2.123e-18 0.001 -91.03 0.0
S299287 11.5988 84.9325 1.3430000000000001e-20 2.2590000000000002e-20 4.768e-20 0.0 -91.42 0.0
S299288 11.2522 84.7751 1.091e-23 3.379e-23 2.555e-22 0.0 -91.01 0.0
S299289 11.5209 84.8653 2.176e-13 1.469e-13 4.951e-14 0.0 -91.13 0.0
S299290 11.5214 84.8452 1.4440000000000002e-20 2.415e-20 4.9990000000000006e-20 0.0 -90.88 0.0
S299291 11.5684 84.8516 3.18e-19 4.102e-19 4.948e-19 0.0 -91.07 0.0
S299292 11.4982 84.7651 1.8029999999999999e-22 4.384999999999999e-22 2.041e-21 0.0 -90.8 0.0
S299293 11.5186 84.9143 2.298e-19 2.871e-19 3.223e-19 0.0 -91.47 0.0
S299294 11.5409 84.8609 1.076e-19 1.494e-19 2.095e-19 0.0 -91.06 0.0
S299295 11.6212 84.8557 1.713e-23 5.916e-23 5.651999999999999e-22 0.0 -91.17 0.0
S299296 11.5324 84.8771 1.926e-20 3.099e-20 6.019000000000001e-20 0.0 -91.34 0.0
S299297 11.5673 84.8602 2.014e-19 2.758e-19 3.837e-19 0.0 -91.11 0.0
S299298 11.5123 84.8724 4.424e-22 1.0060000000000001e-21 3.8700000000000004e-21 0.0 -91.22 0.0
S299299 11.5639 84.8687 1.878e-22 4.787999999999999e-22 2.438e-21 0.0 -91.21 0.0
S299300 11.5837 84.8609 8.57e-18 7.904e-18 5.004e-18 0.0 -91.17 0.0
S299301 11.5287 84.8445 9.136999999999999e-22 7.189999999999999e-22 3.251e-22 0.0 -90.84 0.0
S299302 11.5194 84.8792 1.799e-18 1.915e-18 1.606e-18 0.0 -91.31 0.0
S299303 11.5211 84.8637 5.167e-21 9.652e-21 2.5280000000000002e-20 0.0 -91.07 0.0
S299304 11.4038 84.9481 1.3330000000000001e-21 9.911e-22 4.0879999999999997e-22 0.0 -91.32 1.0
S299305 11.5298 84.8462 8.671000000000001e-26 4.498e-25 9.574999999999999e-24 0.0 -90.86 0.0
S299306 11.5393 84.8706 2.016e-18 2.184e-18 1.824e-18 0.0 -91.24 0.0
S299307 11.5734 84.8411 7.101e-17 7.055e-17 5.022e-17 0.0 -91.03 0.0
S299308 11.5179 84.8312 5.438e-24 1.646e-23 1.18e-22 0.0 -90.83 0.0
S299309 11.5224 84.8643 2.27e-22 5.886999999999999e-22 3.176e-21 0.0 -91.05 0.0
S299310 11.5314 84.8703 6.648e-24 2.0949999999999998e-23 1.7289999999999999e-22 0.0 -91.21 0.0
S299311 11.5183 84.8599 1.379e-19 1.961e-19 2.942e-19 0.0 -90.97 0.0
S299312 11.5585 84.844 1.058e-22 2.747e-22 1.4490000000000001e-21 0.0 -91.01 0.0
S299313 11.5381 84.9288 2.717e-19 3.292e-19 3.537e-19 0.0 -91.51 0.0
S299314 11.5242 84.8718 3.549e-18 3.721e-18 2.95e-18 0.0 -91.23 0.0
S299315 11.5486 84.8873 5.464e-22 1.144e-21 3.672e-21 0.0 -91.44 0.0
S299316 11.5364 84.8548 1.724e-21 3.3200000000000002e-21 9.559000000000001e-21 0.0 -90.9 0.0
S299317 11.5977 84.9871 2.501e-21 4.972e-21 1.459e-20 0.0 -91.53 0.0
S299318 11.5238 84.8968 4.1770000000000006e-20 6.248000000000001e-20 1.046e-19 0.0 -91.45 0.0
S299319 11.5699 84.8951 1.043e-19 1.418e-19 1.952e-19 0.0 -91.42 0.0
S299320 11.5376 84.8723 6.722e-17 8.215e-17 8.939e-17 0.0 -91.29 0.0
S299321 11.5435 84.8322 9.034000000000001e-20 1.25e-19 1.732e-19 0.0 -90.87 0.0
S299322 11.6143 84.8752 2.008e-23 5.703e-23 3.69e-22 0.0 -91.27 0.0
S299323 11.5346 84.8687 1.59e-16 1.591e-16 1.187e-16 0.0 -91.14 0.0
S299324 11.5279 84.8589 2.344e-19 2.949e-19 3.308e-19 0.001 -90.94 0.0
S299325 11.5598 84.892 3.8260000000000005e-20 5.688e-20 8.888e-20 0.0 -91.41 0.0
S299326 11.5469 84.8798 9.92e-22 1.846e-21 4.9400000000000004e-21 0.0 -91.4 0.0
S299327 11.5106 84.9085 6.541e-24 2.164e-23 1.923e-22 0.0 -91.45 0.0
S299328 11.5375 84.9105 4.343999999999999e-22 9.737e-22 3.865e-21 0.0 -91.51 0.0
S299329 11.4838 85.0663 3.48e-23 9.358999999999999e-23 5.250999999999999e-22 0.0 -91.56 0.0
S299330 11.5305 84.8583 2.1520000000000002e-20 3.3450000000000003e-20 6.080000000000001e-20 0.0 -90.94 0.0
S299331 11.3695 84.8759 4.4680000000000005e-20 6.683000000000001e-20 1.081e-19 0.0 -91.11 0.0
S299332 11.508 84.8604 5.293e-23 1.2929999999999998e-22 6.026e-22 0.0 -91.05 0.0
S299333 11.5356 84.8693 1.576e-20 2.6520000000000002e-20 5.482e-20 0.0 -91.16 0.0
S299334 11.5318 84.8634 9.976999999999999e-23 2.362e-22 1.039e-21 0.0 -90.99 0.0
S299335 11.5743 84.8608 1.328e-22 3.7619999999999997e-22 2.358e-21 0.0 -91.21 0.0
S299336 11.537 84.8858 8.991999999999999e-23 2.659e-22 1.836e-21 0.0 -91.45 0.0
S299337 11.4932 84.922 4.99e-22 1.068e-21 3.628e-21 0.0 -91.42 0.0
S299338 11.5365 84.8781 5.588e-19 6.59e-19 6.676e-19 0.0 -91.34 0.0
S299339 11.5806 84.8405 1.269e-22 3.178e-22 1.566e-21 0.0 -91.01 0.0
S299340 11.5573 84.8649 7.914e-24 2.4219999999999998e-23 1.8389999999999998e-22 0.0 -91.1 0.0
S299341 11.5279 84.8736 7.078e-18 6.925e-18 4.786e-18 0.0 -91.25 0.0
S299342 11.5318 84.875 2.4889999999999995e-22 5.54e-22 2.1010000000000002e-21 0.0 -91.33 0.0
S299343 11.5394 84.8775 8.967e-23 2.3789999999999996e-22 1.3150000000000001e-21 0.0 -91.39 0.0
S299344 11.5002 84.8747 2.255e-18 2.316e-18 1.766e-18 0.0 -91.2 0.0
S299345 11.6057 84.9747 2.5859999999999998e-23 7.853e-23 5.806e-22 0.0 -91.51 0.0
S299346 11.6365 84.8443 3.8949999999999997e-22 7.737e-22 2.296e-21 0.0 -91.17 0.0
S299347 11.5327 84.8743 2.378e-18 2.498e-18 1.932e-18 0.0 -91.27 0.0
S299348 11.5317 84.9123 1.498e-17 1.344e-17 7.795e-18 0.0 -91.5 0.0
S299349 11.5267 84.7976 1.5569999999999998e-22 3.7439999999999995e-22 1.653e-21 0.001 -90.84 0.0
S299350 11.4906 84.9467 2.114e-17 1.79e-17 9.442e-18 0.0 -91.43 0.0
S299351 11.5996 84.8826 1.2150000000000002e-20 2.0200000000000003e-20 4.1010000000000006e-20 0.0 -91.27 0.0
S299352 11.5424 84.8395 4.603e-19 5.528e-19 5.716e-19 0.0 -90.86 0.0
S299353 11.6172 84.8562 4.9669999999999996e-23 1.4339999999999998e-22 9.577999999999999e-22 0.0 -91.21 0.0
S299354 11.5247 84.8969 6.945e-23 1.8529999999999997e-22 9.987999999999998e-22 0.0 -91.48 0.0
S299355 11.5081 84.8085 2.501e-22 6.516e-22 3.335e-21 0.0 -90.81 0.0
S299356 11.5983 84.826 1.1200000000000002e-20 1.804e-20 3.4050000000000005e-20 0.0 -91.03 0.0
S299357 11.5677 84.8993 1.306e-21 2.6960000000000002e-21 8.451e-21 0.0 -91.45 0.0
S299358 11.5439 84.8622 1.576e-21 3.193e-21 1.011e-20 0.0 -91.04 0.0
S299359 11.5713 84.7788 1.834e-18 1.931e-18 1.568e-18 0.0 -90.88 0.0
S299360 11.5353 84.8708 1.341e-16 1.35e-16 9.606e-17 0.0 -91.28 0.0
S299361 11.5204 84.8597 7.401999999999999e-22 1.57e-21 5.331e-21 0.0 -90.98 0.0
S299362 11.5056 84.8942 3.606e-21 2.394e-21 7.775999999999999e-22 0.0 -91.34 0.0
S299363 11.5741 84.8328 1.84e-19 2.373e-19 3.034e-19 0.0 -91.05 0.0
S299364 11.5652 84.819 4.294e-22 9.44e-22 3.464e-21 0.0 -90.89 0.0
S299365 11.4895 84.6848 3.752e-19 4.35e-19 4.402e-19 0.0 -90.8 0.0
S299366 11.5313 84.8647 3.8119999999999996e-22 8.831999999999999e-22 3.736e-21 0.0 -91.01 0.0
S299367 11.5362 84.8821 6.079999999999999e-23 1.734e-22 1.101e-21 0.0 -91.41 0.0
S299368 11.5106 84.9823 1.016e-20 1.722e-20 3.596e-20 0.0 -91.49 0.0
S299369 11.5487 84.8681 4.3e-23 1.1749999999999998e-22 7.096e-22 0.0 -91.22 0.0
S299370 11.5332 84.868 1.044e-21 2.089e-21 6.268e-21 0.0 -91.07 0.0
S299371 11.5342 84.8696 9.280000000000001e-20 1.306e-19 1.909e-19 0.0 -91.18 0.0
S299372 11.5146 84.9597 1.049e-19 1.596e-19 2.704e-19 0.0 -91.56 0.0
S299373 11.5367 84.8713 4.85e-17 3.972e-17 1.932e-17 0.0 -91.24 0.0
S299374 11.5414 84.8648 4.803e-18 4.705e-18 3.269e-18 0.0 -91.1 0.0
S299375 11.5314 84.8719 6.374e-21 1.1400000000000001e-20 2.695e-20 0.0 -91.26 0.0
S299376 11.5249 84.8662 6.877e-17 5.882e-17 3.149e-17 0.0 -91.09 0.0
S299377 11.5162 84.9135 1.396e-21 2.807e-21 8.904000000000001e-21 0.0 -91.47 0.0
S299378 11.532 84.8726 1.4490000000000001e-21 2.849e-21 8.105e-21 0.001 -91.26 0.0
S299379 11.5422 84.8672 6.712e-19 8.207e-19 9.075e-19 0.0 -91.12 0.0
S299380 11.4512 84.7966 1.248e-22 2.97e-22 1.271e-21 0.0 -90.91 0.0
S299381 11.5687 84.9084 6.563000000000001e-25 2.776e-24 3.98e-23 0.0 -91.43 0.0
S299382 11.5292 84.8871 6.062e-21 1.1120000000000001e-20 2.7840000000000005e-20 0.0 -91.41 0.0
S299383 11.5335 84.8724 2.904e-23 7.674999999999999e-23 4.237999999999999e-22 0.0 -91.27 0.0
S299384 11.6261 84.9152 4.016e-23 1.232e-22 9.198e-22 0.0 -91.37 0.0
S299385 11.5448 84.859 1.332e-16 1.346e-16 1.023e-16 0.0 -91.0 1.0
S299386 11.5634 84.8739 3.4960000000000004e-20 5.2530000000000007e-20 8.633e-20 0.0 -91.26 0.0
S299387 11.4643 84.8067 6.86e-22 1.596e-21 6.61e-21 0.0 -90.88 0.0
S299388 11.5521 84.8741 3.551e-16 3.125e-16 1.709e-16 0.001 -91.2 0.0
S299389 11.5559 84.8311 1.193e-19 1.596e-19 2.203e-19 0.0 -90.89 0.0
S299390 11.4613 84.9279 3.6329999999999995e-22 9e-22 4.194e-21 0.0 -91.34 0.0
S299391 11.5386 84.887 1.8619999999999998e-22 5.082999999999999e-22 2.808e-21 0.0 -91.46 0.0
S299392 11.5254 84.8773 4.5730000000000004e-20 6.937e-20 1.182e-19 0.0 -91.31 0.0
S299393 11.5317 84.8754 2.509e-21 4.95e-21 1.481e-20 0.0 -91.31 0.0
S299394 11.5284 84.8022 3.908e-24 1.336e-23 1.259e-22 0.0 -90.85 0.0
S299395 11.5327 84.864 7.38e-22 1.682e-21 6.867e-21 0.0 -91.04 0.0
S299396 11.4257 84.7618 8.664e-23 2.136e-22 1.004e-21 0.0 -90.92 0.0
S299397 11.4879 84.8822 5.766e-23 1.473e-22 7.781e-22 0.0 -91.25 0.0
S299398 11.5939 84.945 1.2130000000000001e-26 7.586000000000001e-26 2.513e-24 0.0 -91.48 0.0
S299399 11.5706 84.8637 6.346e-18 6.408e-18 4.819e-18 0.0 -91.2 0.0
S299400 11.5002 84.8647 1.228e-19 1.639e-19 2.061e-19 0.0 -91.14 0.0
S299401 11.5458 84.8679 3.123e-23 7.861e-23 3.9109999999999997e-22 0.0 -91.16 0.0
S299402 11.5247 84.8434 2.64e-23 6.608999999999999e-23 3.2839999999999995e-22 0.0 -90.88 0.0
S299403 11.4571 84.9305 2.475e-17 2.122e-17 1.102e-17 0.0 -91.29 1.0
S299404 11.546 84.8972 1.8129999999999998e-22 3.8869999999999996e-22 1.408e-21 0.0 -91.52 0.0
S299405 11.5316 84.8791 1.2349999999999999e-22 3.2159999999999995e-22 1.7270000000000002e-21 0.0 -91.35 0.0
S299406 11.5765 84.9041 1.03e-22 2.6759999999999996e-22 1.387e-21 0.0 -91.43 0.0
S299407 11.5292 84.8348 1.512e-21 1.099e-21 4.1259999999999997e-22 0.0 -90.8 0.0
S299408 11.5022 84.8839 1.858e-18 1.975e-18 1.645e-18 0.0 -91.26 0.0
S299409 11.5352 84.8725 4.926e-19 5.784e-19 5.755e-19 0.0 -91.34 0.0
S299410 11.5263 84.8834 9.843000000000001e-20 1.39e-19 2.101e-19 0.0 -91.36 0.0
S299411 11.5804 84.8552 3.03e-18 3.059e-18 2.329e-18 0.0 -91.11 0.0
S299412 11.5444 84.8505 1.6109999999999998e-23 5.076e-23 3.928e-22 0.0 -90.92 0.0
S299413 11.497 84.8888 3.533e-18 3.447e-18 2.441e-18 0.0 -91.32 0.0
S299414 11.5405 84.9063 5.314e-18 5.314e-18 3.983e-18 0.0 -91.5 0.0
S299415 11.5075 84.8534 1.321e-24 4.7389999999999996e-24 4.813e-23 0.0 -90.97 0.0
S299416 11.5188 84.8346 1.431e-23 4.05e-23 2.6179999999999997e-22 0.0 -90.87 0.0
S299417 11.5076 84.794 2.249e-18 2.412e-18 1.961e-18 0.0 -90.8 0.0
S299418 11.5131 84.8307 4.494e-23 1.4279999999999999e-22 1.141e-21 0.0 -90.89 0.0
S299419 11.619 84.9072 1.545e-21 3.156e-21 1.0360000000000001e-20 0.0 -91.33 0.0
S299420 11.5425 84.866 1.008e-16 1.18e-16 1.176e-16 0.0 -91.11 0.0
S299421 11.5015 84.9136 9.904e-23 2.6239999999999996e-22 1.377e-21 0.0 -91.39 0.0
S299422 11.5403 84.8714 3.214e-23 8.759e-23 5.004e-22 0.0 -91.26 0.0
S299423 11.5504 84.8787 3.0539999999999996e-22 6.539999999999999e-22 2.398e-21 0.0 -91.3 0.0
S299424 11.5381 84.8639 4.1189999999999997e-22 8.975e-22 3.376e-21 0.0 -91.01 0.0
S299425 11.4766 84.897 1.86e-22 4.72e-22 2.306e-21 0.0 -91.27 0.0
S299426 11.4326 84.6926 1.0480000000000001e-20 1.7760000000000002e-20 3.665e-20 0.0 -90.8 0.0
S299427 11.5323 84.8712 7.657999999999999e-22 1.748e-21 7.186e-21 0.0 -91.36 0.0
S299428 11.5751 84.789 3.147e-16 2.532e-16 1.183e-16 0.001 -90.86 0.0
S299429 11.5241 84.8619 1.302e-21 2.821e-21 9.690000000000001e-21 0.0 -91.05 0.0
S299430 11.5353 84.8668 1.131e-19 1.579e-19 2.243e-19 0.0 -91.01 0.0
S299431 11.5589 84.8594 4.536e-19 5.561e-19 6.141e-19 0.0 -91.12 0.0
S299432 11.5359 84.8737 1.152e-21 2.5470000000000002e-21 9.177000000000001e-21 0.0 -91.37 0.0
S299433 11.586 84.8717 2.97e-19 3.706e-19 4.046e-19 0.0 -91.18 0.0
S299434 11.5619 84.8741 2.807e-21 5.698e-21 1.788e-20 0.0 -91.24 0.0
S299435 11.6061 84.9001 1.104e-18 1.228e-18 1.1e-18 0.0 -91.33 0.0
S299436 11.4426 84.8224 7.074999999999999e-22 1.426e-21 4.384e-21 0.0 -91.0 0.0
S299437 11.5128 84.8723 3.038e-21 2.028e-21 6.5739999999999995e-22 0.0 -91.21 0.0
S299438 11.5774 84.902 2.102e-21 1.461e-21 5.23e-22 0.0 -91.35 0.0
S299439 11.7238 84.7783 6.521999999999999e-22 1.383e-21 4.652e-21 0.0 -91.08 0.0
S299440 11.4734 84.8863 4.093e-18 3.9e-18 2.561e-18 0.0 -91.25 0.0
S299441 11.4514 84.9545 3.8070000000000004e-20 6.181000000000001e-20 1.195e-19 0.0 -91.37 0.0
S299442 11.544 84.8821 1.237e-20 2.1450000000000002e-20 4.74e-20 0.0 -91.42 0.0
S299443 11.5423 84.8688 6.255e-21 1.0520000000000001e-20 2.2130000000000003e-20 0.0 -91.17 0.0
S299444 11.5296 84.8439 3.513e-19 4.559e-19 5.484e-19 0.0 -90.87 0.0
S299445 11.5181 84.85 4.7730000000000004e-21 8.943e-21 2.3970000000000002e-20 0.0 -90.91 0.0
S299446 11.5148 84.8893 3.678e-20 5.4190000000000007e-20 8.634000000000001e-20 0.0 -91.34 0.0
S299447 11.4854 84.9377 2.407e-24 8.303e-24 7.644e-23 0.0 -91.4 0.0
S299448 11.525 84.8648 3.825e-24 1.29e-23 1.21e-22 0.0 -91.07 0.0
S299449 11.5416 84.8628 6.344e-18 6.055e-18 4.052e-18 0.0 -91.07 0.0
S299450 11.5338 84.8747 1.84e-24 6.882e-24 7.711999999999999e-23 0.0 -91.34 0.0
S299451 11.5093 84.8786 1.25e-22 3.274e-22 1.7030000000000002e-21 0.0 -91.23 0.0
S299452 11.5771 84.8736 2.123e-21 1.49e-21 5.187999999999999e-22 0.0 -91.27 0.0
S299453 11.5565 84.885 3.114e-23 1.0339999999999998e-22 9.094e-22 0.0 -91.34 0.0
S299454 11.4688 84.9354 9.038e-17 8.302e-17 5.19e-17 0.0 -91.38 0.0
S299455 11.5194 84.8501 8.941e-17 7.584e-17 3.919e-17 0.0 -90.91 0.0
S299456 11.5461 84.8815 1.67e-16 1.638e-16 1.149e-16 0.0 -91.41 0.0
S299457 11.5417 84.9119 4.527e-24 1.418e-23 1.096e-22 0.0 -91.52 0.0
S299458 11.5447 84.8822 1.596e-16 1.454e-16 8.618e-17 0.0 -91.41 0.0
S299459 11.5378 84.8876 1.244e-19 1.736e-19 2.448e-19 0.0 -91.51 0.0
S299460 11.5326 84.8677 2.661e-18 2.897e-18 2.474e-18 0.0 -91.05 0.0
S299461 11.4997 84.9301 1.518e-21 3.109e-21 1.0120000000000001e-20 0.0 -91.46 0.0
S299462 11.5852 84.9297 6.932e-13 5.889e-13 3.071e-13 0.0 -91.46 1.0
S299463 11.5902 84.9275 3.701e-23 1.0309999999999999e-22 6.458e-22 0.0 -91.44 0.0
S299464 11.4875 84.8422 2.735e-16 7.171e-16 3.841e-15 0.0 -90.96 0.0
S299465 11.5274 84.8882 1.983e-17 2.593e-17 3.237e-17 0.0 -91.43 0.0
S299466 11.4822 84.9143 8.263e-17 1.097e-16 1.405e-16 0.0 -91.38 0.0
S299467 11.4606 84.9181 8.537999999999999e-22 1.952e-21 7.711e-21 0.0 -91.34 0.0
S299468 11.5148 84.8812 6.661e-17 5.368e-17 2.544e-17 0.0 -91.31 0.0
S299469 11.537 84.913 4.589e-20 7.097000000000001e-20 1.281e-19 0.0 -91.55 0.0
S299470 11.5573 84.8864 2.1170000000000002e-20 3.326e-20 6.005000000000001e-20 0.0 -91.36 0.0
S299471 11.6143 84.9444 2.093e-21 1.478e-21 5.389e-22 0.0 -91.45 0.0
S299472 11.4889 84.8286 1.043e-19 1.44e-19 1.994e-19 0.0 -90.99 0.0
S299473 11.5291 84.8816 8.054e-18 1.076e-17 1.378e-17 0.0 -91.34 0.0
S299474 11.5579 84.8526 7.021e-20 9.900000000000001e-20 1.42e-19 0.0 -91.02 0.0
S299475 11.56 84.8596 2.2140000000000002e-21 1.548e-21 5.439999999999999e-22 0.0 -91.14 0.0
S299476 11.5741 84.8627 4.026e-23 1.056e-22 5.584e-22 0.0 -91.17 0.0
S299477 11.5519 84.8652 4.081e-21 7.502000000000001e-21 1.9230000000000003e-20 0.0 -91.16 0.0
S299478 11.5094 84.8479 1.6029999999999998e-23 4.627e-23 2.9369999999999997e-22 0.0 -90.95 0.0
S299479 11.5309 84.862 4.822e-23 1.4019999999999999e-22 9.244999999999998e-22 0.0 -90.99 0.0
S299480 11.5298 84.8817 8.288e-23 2.421e-22 1.5470000000000001e-21 0.0 -91.39 0.0
S299481 11.4868 84.837 1.829e-25 8.614e-25 1.536e-23 0.0 -90.92 0.0
S299482 11.5302 84.8744 8.182e-24 2.608e-23 2.0179999999999998e-22 0.0 -91.32 0.0
S299483 11.4417 84.88 4.099e-21 7.962e-21 2.294e-20 0.0 -91.14 0.0
S299484 11.5329 84.865 3.4629999999999996e-22 8.242999999999999e-22 3.5610000000000004e-21 0.0 -90.99 0.0
S299485 11.5131 84.9173 3.1419999999999995e-22 6.606e-22 2.2260000000000002e-21 0.0 -91.51 0.0
S299486 11.5371 84.8665 1.952e-19 2.447e-19 2.73e-19 0.0 -90.98 0.0
S299487 11.5105 84.9164 5.788e-22 1.152e-21 3.428e-21 0.0 -91.51 0.0
S299488 11.569 84.8585 1.1309999999999999e-22 2.3729999999999997e-22 7.853e-22 0.0 -91.14 0.0
S299489 11.3818 84.9739 6.028e-21 9.886e-21 1.9750000000000003e-20 0.0 -91.3 0.0
S299490 11.5208 84.8841 1.619e-20 2.4240000000000002e-20 4.0620000000000004e-20 0.0 -91.31 0.0
S299491 11.549 84.8559 1.287e-24 4.598e-24 4.565e-23 0.0 -91.03 0.0
S299492 11.5401 84.8687 8.724e-22 1.808e-21 5.683e-21 0.0 -91.17 0.0
S299493 11.4504 84.7895 2.0429999999999998e-23 5.718e-23 3.4329999999999996e-22 0.0 -90.86 0.0
S299494 11.567 84.7992 4.1190000000000004e-21 7.841e-21 2.1310000000000002e-20 0.0 -90.85 0.0
S299495 11.4216 84.8525 8.679999999999998e-22 1.784e-21 5.826e-21 0.0 -91.1 0.0
S299496 11.531 84.8732 1.318e-22 3.5499999999999995e-22 1.986e-21 0.0 -91.36 0.0
S299497 11.5428 84.9501 8.501e-24 2.5889999999999998e-23 1.9429999999999998e-22 0.0 -91.55 0.0
S299498 11.5555 84.8917 4.976e-24 1.635e-23 1.358e-22 0.0 -91.39 0.0
S299499 11.5849 84.8963 6.066000000000001e-20 8.896000000000001e-20 1.394e-19 0.0 -91.35 0.0
S299500 11.5266 84.8888 1.231e-23 3.386e-23 1.9359999999999998e-22 0.0 -91.43 0.0
S299501 11.4554 84.8618 7.358e-23 1.8999999999999999e-22 9.597e-22 0.0 -91.11 0.0
S299502 11.5372 84.8631 2.759e-24 1.0629999999999999e-23 1.2409999999999998e-22 0.0 -91.01 0.0
S299503 11.541 84.87 1.953e-20 3.1080000000000005e-20 5.983e-20 0.0 -91.27 0.0
S299504 11.4937 84.8712 4.972e-19 5.987e-19 6.309e-19 0.0 -91.13 0.0
S299505 11.778 84.9114 7.863e-24 2.528e-23 2.1079999999999999e-22 0.0 -91.23 0.0
S299506 11.5337 84.8666 2.4920000000000003e-20 4.002e-20 7.625e-20 0.0 -91.07 0.0
S299507 11.5348 84.851 2.349e-19 3.245e-19 4.478e-19 0.0 -90.9 0.0
S299508 11.5417 84.8678 1.263e-16 1.15e-16 7.086e-17 0.0 -91.17 0.0
S299509 11.5679 84.7874 8.277999999999999e-23 2.13e-22 1.1280000000000001e-21 0.0 -90.89 0.0
S299510 11.5344 84.8689 1.8930000000000002e-21 3.718e-21 1.061e-20 0.0 -91.09 0.0
S299511 11.5386 84.8686 5.475e-20 7.926000000000001e-20 1.234e-19 0.0 -91.16 0.0
S299512 11.5331 84.8446 4.96e-21 8.632e-21 1.918e-20 0.0 -90.89 0.0
S299513 11.5269 84.8599 3.912e-22 8.728e-22 3.349e-21 0.0 -90.98 0.0
S299514 11.5552 84.8048 1.813e-19 2.505e-19 3.528e-19 0.0 -90.86 0.0
S299515 11.5677 84.806 3.5150000000000005e-20 5.232000000000001e-20 8.456000000000001e-20 0.0 -90.95 0.0
S299516 11.5332 84.8688 5.993e-20 8.734e-20 1.357e-19 0.0 -91.0 0.0
S299517 11.4229 84.9891 2.05e-21 1.427e-21 4.981999999999999e-22 0.0 -91.45 0.0
S299518 11.505 84.8787 7.684999999999999e-22 1.596e-21 5.293e-21 0.0 -91.22 0.0
S299519 11.5039 84.8632 6.339e-19 7.241e-19 7.074e-19 0.0 -91.04 0.0
S299520 11.5726 84.8443 2.065e-19 2.631e-19 3.135e-19 0.0 -91.02 0.0
S299521 11.5332 84.8648 2.4089999999999998e-23 7.252999999999999e-23 5e-22 0.0 -91.0 0.0
S299522 11.5195 84.8307 1.6399999999999999e-22 3.9299999999999995e-22 1.757e-21 0.0 -90.84 0.0
S299523 11.5406 84.8637 1.407e-20 2.2470000000000003e-20 4.1310000000000004e-20 0.0 -91.08 0.0
S299524 11.5419 84.8666 7.31e-18 7.096e-18 4.808e-18 0.0 -91.1 0.0
S299525 11.5459 84.8972 1.4759999999999998e-22 3.9479999999999997e-22 2.144e-21 0.0 -91.53 0.0
S299526 11.5377 84.8692 1.033e-17 1.303e-17 1.471e-17 0.0 -91.18 0.0
S299527 11.5383 84.8641 2.0230000000000003e-20 3.257e-20 6.173e-20 0.0 -91.05 0.0
S299528 11.4812 84.8611 5.249999999999999e-22 1.054e-21 3.324e-21 0.0 -91.01 0.0
S299529 11.5259 84.8706 4.7560000000000007e-20 7.273000000000001e-20 1.248e-19 0.0 -91.16 0.0
S299530 11.5484 84.8748 3.437e-20 5.500000000000001e-20 1.054e-19 0.0 -91.33 0.0
S299531 11.5358 84.8483 6.145e-18 5.925e-18 3.996e-18 0.0 -90.94 0.0
S299532 11.5304 84.9843 2.772e-19 3.425e-19 3.955e-19 0.0 -91.5 0.0
S299533 11.5684 84.8585 5.137e-17 8.143e-17 1.491e-16 0.0 -91.06 0.0
S299534 11.5849 84.9483 5.977999999999999e-22 1.178e-21 3.48e-21 0.0 -91.48 0.0
S299535 11.4643 84.8282 1.352e-19 1.901e-19 2.788e-19 0.0 -90.91 0.0
S299536 11.5196 84.8811 7.34e-19 8.322e-19 8.087e-19 0.0 -91.26 0.0
S299537 11.5408 84.9877 6.272e-18 6.873e-18 5.888e-18 0.0 -91.58 0.0
S299538 11.5319 84.8874 1.144e-19 1.543e-19 2.065e-19 0.0 -91.39 0.0
S299539 11.6207 84.8846 3.669e-21 7.022e-21 1.957e-20 0.0 -91.31 0.0
S299540 11.5929 84.8838 7.606e-18 7.187e-18 4.505e-18 0.0 -91.3 0.0
S299541 11.5354 84.8804 8.798999999999999e-23 2.577e-22 1.8100000000000002e-21 0.001 -91.36 0.0
S299542 11.5292 84.9065 1.0179999999999999e-22 2.8759999999999996e-22 1.737e-21 0.0 -91.5 0.0
S299543 11.5486 84.8654 2.707e-19 3.503e-19 4.239e-19 0.0 -91.15 0.0
S299544 11.542 84.8684 4.6089999999999996e-24 1.656e-23 1.734e-22 0.0 -91.2 0.0
S299545 11.4868 84.7848 5.2e-22 1.193e-21 4.638e-21 0.0 -90.84 0.0
S299546 11.5356 84.852 7.661000000000001e-20 1.071e-19 1.583e-19 0.0 -90.86 0.0
S299547 11.5326 84.8675 2.5320000000000002e-20 4.12e-20 8.217e-20 0.0 -91.12 0.0
S299548 11.5189 84.8424 2.6839999999999997e-22 5.889999999999999e-22 2.075e-21 0.0 -90.86 0.0
S299549 11.564 84.9323 3.1879999999999998e-24 1.047e-23 9.141e-23 0.0 -91.52 0.0
S299550 11.6127 84.8671 1.904e-22 4.376e-22 1.832e-21 0.0 -91.16 0.0
S299551 11.5364 84.8584 4.9540000000000004e-26 2.6570000000000003e-25 6.474e-24 0.0 -90.94 0.0
S299552 11.57 84.8163 2.6e-17 2.32e-17 1.358e-17 0.0 -90.96 0.0
S299553 11.5371 84.8395 2.732e-17 3.778e-17 5.169e-17 0.0 -90.85 0.0
S299554 11.5062 84.881 1.674e-21 3.269e-21 9.450000000000001e-21 0.0 -91.22 0.0
S299555 11.5883 84.859 4.3220000000000006e-20 6.78e-20 1.272e-19 0.0 -91.17 0.0
S299556 11.5129 84.8035 2.161e-22 5.672e-22 2.989e-21 0.0 -90.84 0.0
S299557 11.5609 84.886 2.031e-19 2.593e-19 2.979e-19 0.0 -91.39 0.0
S299558 11.5356 84.867 4.096e-18 4.112e-18 3.013e-18 0.0 -91.04 0.0
S299559 11.5262 84.8973 4.7659999999999997e-23 1.37e-22 8.724e-22 0.0 -91.49 0.0
S299560 11.6273 84.9042 3.413e-19 4.407e-19 5.353e-19 0.0 -91.3 0.0
S299561 11.5122 84.79 1.083e-18 1.267e-18 1.217e-18 0.0 -90.79 0.0
S299562 11.5637 84.8782 2.1989999999999998e-23 6.979e-23 5.764999999999999e-22 0.0 -91.26 0.0
S299563 11.5367 84.8674 1.317e-22 3.044e-22 1.302e-21 0.0 -91.03 0.0
S299564 11.5098 84.8806 3.318e-24 1.0979999999999999e-23 9.207e-23 0.0 -91.3 0.0
S299565 11.5574 84.8809 3.201e-18 3.307e-18 2.49e-18 0.0 -91.37 0.0
S299566 11.5022 84.8818 7.908e-21 1.45e-20 3.705e-20 0.0 -91.2 0.0
S299567 11.573 84.9017 1.856e-17 1.623e-17 9.053e-18 0.0 -91.4 0.0
S299568 11.5976 84.8411 1.181e-19 1.618e-19 2.274e-19 0.0 -91.05 0.0
S299569 11.4945 84.8811 2.2019999999999997e-22 5.278999999999999e-22 2.421e-21 0.0 -91.19 0.0
S299570 11.5662 84.8934 4.423e-22 1.0060000000000001e-21 4.083e-21 0.0 -91.37 0.0
S299571 11.5383 84.8686 8.639e-24 2.925e-23 2.686e-22 0.0 -91.17 0.0
S299572 11.5143 84.845 3.649e-16 3.452e-16 2.29e-16 0.0 -90.93 0.0
S299573 11.5388 84.8502 1.0030000000000001e-21 2.204e-21 7.677e-21 0.0 -90.9 0.0
S299574 11.5417 84.8617 1.006e-20 1.5470000000000003e-20 2.7840000000000005e-20 0.0 -91.03 0.0
S299575 11.5233 84.8439 9.949e-21 1.715e-20 3.9360000000000005e-20 0.0 -90.83 0.0
S299576 11.5679 84.9006 1.7589999999999998e-23 5.196e-23 3.5059999999999995e-22 0.0 -91.46 0.0
S299577 11.484 84.9381 1.476e-20 2.5410000000000003e-20 5.525e-20 0.0 -91.44 0.0
S299578 11.5196 84.8719 3.504e-20 5.864e-20 1.213e-19 0.0 -91.15 0.0
S299579 11.53 84.8564 2.966e-23 8.208e-23 4.800999999999999e-22 0.0 -90.96 0.0
S299580 11.5382 84.8805 2.666e-18 3.73e-18 5.242e-18 0.0 -91.37 0.0
S299581 11.5262 84.9008 2.509e-21 5.2370000000000004e-21 1.698e-20 0.0 -91.48 0.0
S299582 11.5295 84.8649 2.1279999999999997e-22 5.4299999999999995e-22 2.619e-21 0.001 -91.06 0.0
S299583 11.5038 84.8521 5.688e-23 1.4049999999999998e-22 6.413e-22 0.0 -91.02 0.0
S299584 11.5265 84.8827 1.503e-22 3.6879999999999997e-22 1.777e-21 0.0 -91.44 0.0
S299585 11.5582 84.8342 3.776e-13 2.585e-13 8.758e-14 0.0 -90.95 0.0
S299586 11.5394 84.8829 2.2310000000000002e-20 3.58e-20 6.784000000000001e-20 0.0 -91.42 0.0
S299587 11.448 84.8136 1.222e-21 2.557e-21 8.26e-21 0.0 -91.0 0.0
S299588 11.5316 84.8761 8.360000000000001e-20 1.18e-19 1.672e-19 0.0 -91.39 0.0
S299589 11.5224 84.8802 3.747e-20 5.500000000000001e-20 9.075e-20 0.0 -91.33 0.0
S299590 11.5427 84.8515 1.759e-24 6.263e-24 6.526e-23 0.0 -90.93 0.0
S299591 11.5486 84.8644 5.984e-23 1.6659999999999999e-22 9.834e-22 0.0 -91.07 0.0
S299592 11.5729 84.796 1.553e-24 5.817e-24 6.598e-23 0.0 -90.89 0.0
S299593 11.5371 84.8601 3.2130000000000004e-20 5.2560000000000004e-20 1.04e-19 0.0 -91.01 0.0
S299594 11.5505 84.8359 5.755e-21 1.0410000000000001e-20 2.6990000000000003e-20 0.0 -90.92 0.0
S299595 11.4481 84.8503 2.194e-18 2.315e-18 1.903e-18 0.0 -91.03 0.0
S299596 11.5542 84.8668 6.292e-19 7.268e-19 6.879e-19 0.0 -91.19 0.0
S299597 11.4995 84.8599 2.0259999999999999e-22 4.767e-22 2.1310000000000002e-21 0.0 -91.08 0.0
S299598 11.5136 84.8709 7.904e-19 9.168e-19 8.969e-19 0.0 -91.17 0.0
S299599 11.4447 84.7762 2.55e-18 2.688e-18 2.119e-18 0.0 -90.89 0.0
S299600 11.4959 84.8342 3.093e-17 2.76e-17 1.581e-17 0.0 -90.86 0.0
S299601 11.5529 84.8554 2.0759999999999997e-22 4.822e-22 2.066e-21 0.001 -91.06 0.0
S299602 11.5453 84.855 2.189e-24 8.295e-24 9.378999999999999e-23 0.0 -90.99 0.0
S299603 11.5231 84.8552 1.113e-18 1.318e-18 1.309e-18 0.001 -90.93 0.0
S299604 11.5238 84.8905 1.604e-22 3.6039999999999996e-22 1.36e-21 0.0 -91.43 0.0
S299605 11.5535 84.8705 6.058e-24 2.129e-23 2.0869999999999997e-22 0.0 -91.22 0.0
S299606 11.5103 84.8154 5.374e-13 3.819e-13 1.403e-13 0.0 -90.86 0.0
S299607 11.4545 84.9621 1.186e-21 2.367e-21 7.165e-21 0.0 -91.39 0.0
S299608 11.5705 84.7774 7.903e-20 1.112e-19 1.548e-19 0.0 -90.85 0.0
S299609 11.5793 84.9856 3.717e-13 2.552e-13 8.604e-14 0.0 -91.48 0.0
S299610 11.5282 84.8972 9.539e-23 2.6909999999999996e-22 1.637e-21 0.0 -91.46 0.0
S299611 11.5239 84.9412 1.307e-18 1.427e-18 1.221e-18 0.0 -91.48 0.0
S299612 11.5363 84.8692 1.0889999999999999e-23 3.379e-23 2.525e-22 0.0 -91.15 0.0
S299613 11.5326 84.8608 7.13e-23 1.7689999999999998e-22 8.497e-22 0.0 -90.97 0.0
S299614 11.5282 84.8667 2.275e-18 2.459e-18 2.031e-18 0.0 -91.04 0.0
S299615 11.6588 84.7867 1.756e-23 4.7789999999999997e-23 2.7219999999999997e-22 0.0 -91.09 0.0
S299616 11.5312 84.8635 8.187e-19 9.655e-19 9.796e-19 0.0 -90.99 0.0
S299617 11.584 84.8854 1.204e-17 1.12e-17 6.662e-18 0.0 -91.3 0.0
S299618 11.5698 84.876 5.947e-19 6.807e-19 6.543e-19 0.0 -91.21 0.0
S299619 11.5539 84.8607 2.143e-23 6.902e-23 5.680999999999999e-22 0.0 -91.1 0.0
S299620 11.5266 84.8723 7.955e-18 7.634e-18 5.292e-18 0.0 -91.27 0.0
S299621 11.5415 84.8855 1.631e-18 1.825e-18 1.686e-18 0.0 -91.44 0.0
S299622 11.5302 84.8984 6.692e-20 9.286000000000001e-20 1.34e-19 0.0 -91.46 0.0
S299623 11.5695 84.8981 6.344999999999999e-22 1.383e-21 5.15e-21 0.0 -91.47 0.0
S299624 11.5517 84.8281 3.935e-22 9.333999999999998e-22 3.949e-21 0.0 -90.85 0.0
S299625 11.5295 84.8764 3.519e-18 3.804e-18 3.287e-18 0.0 -91.32 0.0
S299626 11.5619 84.869 1.763e-17 1.517e-17 8.431e-18 0.0 -91.2 0.0
S299627 11.5187 84.8609 3.684e-20 5.578e-20 9.477e-20 0.0 -90.95 0.0
S299628 11.5357 84.9043 1.108e-21 2.2680000000000002e-21 7.592e-21 0.0 -91.47 0.0
S299629 11.5631 84.8428 9.097e-21 1.5720000000000002e-20 3.61e-20 0.0 -90.88 0.0
S299630 11.5487 84.8874 5.838e-23 1.463e-22 7.031999999999999e-22 0.0 -91.39 0.0
S299631 11.5389 84.8833 2.331e-19 2.941e-19 3.451e-19 0.0 -91.43 0.0
S299632 11.5303 84.8552 1.987e-24 7.835e-24 9.669e-23 0.0 -90.91 0.0
S299633 11.5236 84.8722 3.1459999999999997e-22 7.756999999999999e-22 3.494e-21 0.0 -91.2 0.0
S299634 11.5657 84.8741 8.141e-21 1.3500000000000001e-20 2.713e-20 0.0 -91.34 0.0
S299635 11.5547 84.8453 5.676e-18 5.567e-18 3.901e-18 0.0 -91.01 0.0
S299636 11.5579 84.836 5.511e-19 6.561e-19 6.71e-19 0.0 -90.95 0.0
S299637 11.5105 84.8462 7.633e-19 8.813e-19 8.331e-19 0.0 -90.94 0.0
S299638 11.5626 84.8936 2.545e-16 1.882e-16 7.4e-17 0.0 -91.44 0.0
S299639 11.5253 84.8746 3.102e-21 6.011e-21 1.667e-20 0.0 -91.3 0.0
S299640 11.5467 84.8779 2.162e-18 2.352e-18 1.981e-18 0.0 -91.34 0.0
S299641 11.5467 84.8705 1.6289999999999998e-23 4.9839999999999997e-23 3.6e-22 0.0 -91.37 0.0
S299642 11.5336 84.8764 1.7899999999999997e-22 4.121e-22 1.674e-21 0.0 -91.33 0.0
S299643 11.5488 84.885 1.1889999999999999e-23 3.37e-23 2.0839999999999998e-22 0.0 -91.51 0.0
S299644 11.5238 84.9142 8.711e-19 9.469e-19 8.199e-19 0.0 -91.49 0.0
S299645 11.5444 84.8803 8.73e-23 2.426e-22 1.413e-21 0.0 -91.49 0.0
S299646 11.5306 84.8645 4.742e-17 3.851e-17 1.81e-17 0.0 -90.99 0.0
S299647 11.5238 84.8779 2.06e-22 4.618e-22 1.7150000000000002e-21 0.0 -91.29 0.0
S299648 11.5316 84.8693 1.1310000000000001e-21 2.484e-21 9.391000000000001e-21 0.0 -91.19 0.0
S299649 11.5596 84.8578 2.932e-19 3.77e-19 4.462e-19 0.0 -91.08 0.0
S299650 11.5378 84.8814 8.437999999999999e-24 2.818e-23 2.496e-22 0.0 -91.47 0.0
S299651 11.5369 84.8614 9.065000000000001e-25 3.547e-24 4.362e-23 0.0 -90.97 0.0
S299652 11.5228 84.8465 1.236e-21 2.4760000000000002e-21 7.367e-21 0.0 -90.84 0.0
S299653 11.5459 84.9135 1.1100000000000001e-21 2.19e-21 6.692e-21 0.0 -91.51 0.0
S299654 11.5302 84.8697 4.3100000000000004e-20 7.031e-20 1.349e-19 0.0 -91.15 0.0
S299655 11.5538 84.8568 2.932e-22 6.298e-22 2.211e-21 0.0 -90.99 0.0
S299656 11.501 84.893 9.416e-13 6.784e-13 2.56e-13 0.0 -91.34 0.0
S299657 11.5128 84.8541 5.126e-17 4.641e-17 2.727e-17 0.0 -90.95 0.0
S299658 11.5337 84.8941 2.903e-18 3.141e-18 2.574e-18 0.0 -91.5 0.0
S299659 11.5511 84.8782 6.907e-17 1.186e-16 2.565e-16 0.0 -91.3 0.0
S299660 11.5287 84.8683 7.631e-17 8.501e-17 7.815e-17 0.0 -91.08 0.0
S299661 11.5388 84.8828 1.0779999999999998e-22 2.8019999999999996e-22 1.487e-21 0.0 -91.41 0.0
S299662 11.5361 84.8754 4.861e-19 5.874e-19 6.28e-19 0.0 -91.29 0.0
S299663 11.5317 84.8864 6.095e-18 6.144e-18 4.437e-18 0.0 -91.39 0.0
S299664 11.513 84.837 1.359e-12 1.147e-12 5.851e-13 0.0 -90.88 1.0
S299665 11.5472 84.8947 8.521e-13 5.996e-13 2.19e-13 0.0 -91.51 0.0
S299666 11.5389 84.8567 8.977e-19 1.069e-18 1.095e-18 0.0 -90.99 0.0
S299667 11.5147 84.8158 3.502e-18 3.534e-18 2.589e-18 0.0 -90.84 0.0
S299668 11.5659 84.8824 9.950999999999999e-23 2.77e-22 1.619e-21 0.0 -91.44 0.0
S299669 11.5532 84.8664 6.042e-21 9.932e-21 2.015e-20 0.0 -91.13 0.0
S299670 11.573 84.8969 1.529e-23 4.513e-23 3.154e-22 0.0 -91.43 0.0
S299671 11.5303 84.8857 3.394e-22 7.764e-22 3.167e-21 0.0 -91.39 0.0
S299672 11.5364 84.8251 3.891e-20 6.123e-20 1.174e-19 0.0 -90.85 0.0
S299673 11.537 84.8722 5.404e-22 1.215e-21 4.588e-21 0.0 -91.26 0.0
S299674 11.5261 84.8636 2.3619999999999999e-23 7.193e-23 5.391e-22 0.0 -90.92 0.0
S299675 11.5371 84.8516 1.548e-23 4.2159999999999995e-23 2.4329999999999998e-22 0.0 -90.92 0.0
S299676 11.5459 84.8665 2.736e-26 1.629e-25 4.6899999999999996e-24 0.0 -90.84 0.0
S299677 11.5446 84.8604 3.004e-19 3.918e-19 4.691e-19 0.0 -90.92 0.0
S299678 11.5248 84.8817 2.336e-19 2.899e-19 3.325e-19 0.0 -91.33 0.0
S299679 11.5303 84.8757 1.671e-12 1.322e-12 6.283e-13 0.0 -91.23 1.0
S299680 11.5434 84.875 6.968e-19 7.684e-19 6.673e-19 0.0 -91.33 0.0
S299681 11.5565 84.857 1.9580000000000002e-20 3.0180000000000005e-20 5.3730000000000005e-20 0.0 -90.93 0.0
S299682 11.5041 84.8848 2.179e-18 2.258e-18 1.746e-18 0.0 -91.24 0.0
S299683 11.5343 84.8459 1.385e-22 3.364e-22 1.573e-21 0.0 -90.88 0.0
S299684 11.5394 84.884 3.893e-23 1.1559999999999998e-22 8.003e-22 0.0 -91.44 0.0
S299685 11.5496 84.891 3.47e-16 2.633e-16 1.079e-16 0.0 -91.44 0.0
S299686 11.5164 84.8837 6.981e-17 1.01e-16 1.511e-16 0.0 -91.42 0.0
S299687 11.5206 84.8604 8.664e-17 7.004e-17 3.286e-17 0.0 -90.99 0.0
S299688 11.5293 84.8433 7.46e-21 1.275e-20 2.87e-20 0.0 -90.87 0.0
S299689 11.5281 84.9021 9.072e-19 1.027e-18 9.487e-19 0.0 -91.49 0.0
S299690 11.5581 84.8608 1.46e-20 2.3920000000000003e-20 4.9220000000000007e-20 0.0 -91.05 1.0
S299691 11.5411 84.8473 1.218e-21 2.444e-21 7.438e-21 0.0 -90.87 0.0
S299692 11.5093 84.8727 7.125e-18 6.882e-18 4.468e-18 0.0 -91.17 0.0
S299693 11.5479 84.8578 2.774e-21 5.276e-21 1.435e-20 0.0 -91.03 0.0
S299694 11.5543 84.8583 2.154e-16 1.914e-16 1.117e-16 0.0 -90.99 0.0
S299695 11.5456 84.8725 2.845e-19 3.787e-19 4.782e-19 0.0 -91.25 0.0
S299696 11.5396 84.8768 1.385e-16 1.103e-16 5.166e-17 0.0 -91.33 0.0
S299697 11.5269 84.8666 4.366e-18 4.577e-18 3.625e-18 0.0 -90.97 0.0
S299698 11.5165 84.8744 8.719e-25 3.502e-24 4.514e-23 0.0 -91.19 0.0
S299699 11.5135 84.8732 2.264e-18 2.577e-18 2.371e-18 0.0 -91.2 0.0
S299700 11.5165 84.8597 5.147e-17 9.177e-17 2.154e-16 0.0 -91.03 0.0
S299701 11.5266 84.8493 1.525e-16 1.159e-16 4.922e-17 0.0 -90.83 0.0
S299702 11.545 84.8341 1.346e-16 1.03e-16 4.51e-17 0.0 -90.86 1.0
S299703 11.5466 84.8228 2.79e-17 2.458e-17 1.385e-17 0.0 -90.89 0.0
S299704 11.5593 84.8894 2.02e-21 4.1190000000000004e-21 1.3470000000000001e-20 0.0 -91.4 0.0
S299705 11.5573 84.8477 2.321e-19 2.864e-19 3.193e-19 0.001 -91.01 0.0
S299706 11.5245 84.8778 2.151e-21 1.486e-21 5.2519999999999995e-22 0.0 -91.29 0.0
S299707 11.5062 84.8715 1.0240000000000001e-21 2.082e-21 6.69e-21 0.0 -91.13 0.0
S299708 11.5306 84.8392 9.691000000000001e-20 1.286e-19 1.634e-19 0.0 -90.84 0.0
S299709 11.5337 84.8867 1.365e-16 1.672e-16 1.774e-16 0.0 -91.44 0.0
S299710 11.5423 84.8821 1.295e-17 1.155e-17 6.652e-18 0.0 -91.43 0.0
S299711 11.5027 84.879 3.732e-19 4.468e-19 4.689e-19 0.0 -91.22 0.0
S299712 11.5505 84.9018 3.142e-18 3.205e-18 2.398e-18 0.001 -91.54 0.0
S299713 11.5313 84.8182 1.68e-20 2.6610000000000003e-20 5.0290000000000004e-20 0.0 -90.79 0.0
S299714 11.5316 84.8938 4.698e-17 7.633e-17 1.45e-16 0.0 -91.47 0.0
S299715 11.4844 84.851 2.593e-16 2.005e-16 8.405e-17 0.0 -91.01 1.0
S299716 11.5231 84.8378 2.357e-24 8.39e-24 8.610999999999999e-23 0.0 -90.84 0.0
S299717 11.5415 84.8436 2.7720000000000003e-20 4.368e-20 7.704e-20 0.0 -90.88 0.0
S299718 11.5271 84.8536 7.709e-20 1.096e-19 1.646e-19 0.0 -90.95 0.0
S299719 11.5273 84.8789 1.983e-18 1.951e-18 1.331e-18 0.0 -91.3 0.0
S299720 11.5244 84.8572 1.46e-18 1.585e-18 1.362e-18 0.0 -90.9 0.0
S299721 11.5273 84.8576 1.849e-21 1.323e-21 4.785e-22 0.0 -90.95 0.0
S299722 11.5186 84.902 2.655e-21 4.879e-21 1.225e-20 0.0 -91.46 0.0
S299723 11.5126 84.8757 3.091e-21 6.156e-21 1.8380000000000002e-20 0.0 -91.2 0.0
S299724 11.5503 84.8544 8.177e-17 6.582e-17 3.041e-17 0.0 -91.04 0.0
S299725 11.545 84.8692 2.118e-16 2.253e-16 1.846e-16 0.0 -91.47 0.0
S299726 11.5433 84.8769 7.675e-19 8.936e-19 9.079e-19 0.0 -91.48 0.0
S299727 11.5451 84.8683 6.854e-21 1.223e-20 2.9840000000000005e-20 0.0 -91.16 0.0
S299728 11.5087 84.8657 8.537e-23 2.0049999999999997e-22 8.544e-22 0.0 -91.1 0.0
S299729 11.543 84.8564 2.757e-19 3.379e-19 3.655e-19 0.0 -90.82 0.0
S299730 11.5644 84.8666 5.809e-19 6.918e-19 7.293e-19 0.0 -91.25 0.0
S299731 11.5454 84.864 1.2049999999999999e-22 3.075e-22 1.519e-21 0.0 -91.12 1.0
S299732 11.5249 84.8623 2.308e-21 1.596e-21 5.628e-22 0.0 -91.02 0.0
S299733 11.5584 84.8378 6.159e-17 5.068e-17 2.471e-17 0.0 -90.92 0.0
S299734 11.5683 84.8649 2.313e-21 4.7610000000000004e-21 1.5240000000000002e-20 0.001 -91.2 0.0
S299735 11.5622 84.903 6.949e-17 5.57e-17 2.591e-17 0.0 -91.49 0.0
S299736 11.5353 84.8721 1.11e-24 4.969e-24 8.22e-23 0.0 -91.24 0.0
S299737 11.5166 84.8646 1.276e-16 1.121e-16 6.443e-17 0.0 -91.13 0.0
S299738 11.5378 84.8773 2.4890000000000003e-20 4.168e-20 8.568000000000001e-20 0.0 -91.35 0.0
S299739 11.5515 84.8862 7.469e-21 1.3390000000000002e-20 3.098e-20 0.0 -91.49 1.0
S299740 11.5404 84.8639 6.619000000000001e-25 2.912e-24 4.5279999999999995e-23 0.0 -90.98 0.0
S299741 11.5416 84.8972 3.134e-17 2.645e-17 1.403e-17 0.0 -91.41 0.0
S299742 11.5194 84.8797 5.363e-16 3.934e-16 1.564e-16 0.0 -91.48 0.0
S299743 11.5318 84.8527 3.816e-18 4.055e-18 3.281e-18 0.0 -90.88 0.0
S299744 11.5334 84.8884 3.869e-14 5.958e-14 1.033e-13 0.0 -91.46 0.0
S299745 11.5191 84.8787 4.953e-16 3.909e-16 1.738e-16 0.0 -91.31 1.0
S299746 11.5309 84.8834 1.659e-21 3.307e-21 1.0150000000000001e-20 0.0 -91.34 0.0
S299747 11.5427 84.8856 4.024e-17 3.541e-17 1.965e-17 0.0 -91.48 0.0
S299748 11.5369 84.8656 3.215e-24 1.188e-23 1.311e-22 0.0 -91.04 0.0
S299749 11.5597 84.9063 6.249e-13 4.384e-13 1.586e-13 0.0 -91.47 0.0
S299750 11.5221 84.8988 6.985e-23 1.756e-22 8.438999999999999e-22 0.0 -91.46 0.0
S299751 11.544 84.8841 8.934000000000001e-20 1.277e-19 2.008e-19 0.0 -91.46 0.0
S299752 11.5648 84.8681 7.695e-20 1.103e-19 1.685e-19 0.0 -91.17 0.0
S299753 11.5248 84.8483 3.026e-21 5.324e-21 1.2690000000000001e-20 0.0 -90.85 0.0
S299754 11.5267 84.8694 1.237e-18 1.415e-18 1.3e-18 0.0 -91.11 0.0
S299755 11.5443 84.895 5.837e-17 7.821e-17 9.813e-17 0.0 -91.51 0.0
S299756 11.5597 84.8703 2.5250000000000002e-20 4.2970000000000004e-20 9.005e-20 0.0 -91.19 0.0
S299757 11.5571 84.8751 1.059e-16 8.8e-17 4.413e-17 0.0 -91.29 0.0
S299758 11.5544 84.8549 2.432e-21 4.815e-21 1.383e-20 0.0 -90.94 0.0
S299759 11.532 84.8441 1.2009999999999998e-22 2.983e-22 1.399e-21 0.0 -90.87 0.0
S299760 11.502 84.8758 8.988e-25 3.805e-24 5.516e-23 0.0 -91.2 0.0
S299761 11.5181 84.8507 7.304e-23 2.154e-22 1.507e-21 0.0 -90.98 0.0
S299762 11.5648 84.8689 3.403e-20 5.2400000000000006e-20 9.223000000000001e-20 0.0 -91.18 0.0
S299763 11.5583 84.8602 1.2799999999999999e-23 3.881e-23 2.741e-22 0.0 -91.09 0.0
S299764 11.5671 84.8527 4.681e-18 4.983e-18 4.116e-18 0.0 -91.02 0.0
S299765 11.5044 84.907 1.202e-19 1.698e-19 2.572e-19 0.0 -91.44 0.0
S299766 11.5411 84.8665 2.028e-21 3.855e-21 1.0380000000000001e-20 0.0 -91.06 0.0
S299767 11.4978 84.8637 1.9569999999999998e-23 5.419e-23 3.191e-22 0.0 -91.09 0.0
S299768 11.5171 84.8778 3.3169999999999998e-22 8.1199999999999995e-22 3.9e-21 0.0 -91.37 0.0
S299769 11.533 84.8936 4.836e-13 4.624e-13 3.185e-13 0.0 -91.48 1.0
S299770 11.5379 84.8561 2.0420000000000002e-21 1.438e-21 5.212e-22 0.0 -90.93 0.0
S299771 11.5321 84.8568 8.653000000000001e-20 1.31e-19 2.166e-19 0.0 -90.93 0.0
S299772 11.5158 84.8952 1.9629999999999999e-22 4.77e-22 2.228e-21 0.0 -91.46 0.0
S299773 11.5249 84.8577 1.086e-16 1.13e-16 8.92e-17 0.0 -90.96 0.0
S299774 11.5636 84.8928 4.863e-16 3.907e-16 1.798e-16 0.0 -91.46 0.0
S299775 11.5438 84.8843 7.946e-18 7.974e-18 5.67e-18 0.0 -91.46 0.0
S299776 11.5321 84.847 9.194e-21 1.6410000000000002e-20 3.891e-20 0.0 -90.91 0.0
S299777 11.5565 84.8545 9.996e-19 1.15e-18 1.117e-18 0.0 -90.91 0.0
S299778 11.5163 84.8577 2.362e-21 1.647e-21 5.776e-22 0.0 -91.08 0.0
S299779 11.5614 84.8842 5.365e-13 3.757e-13 1.361e-13 0.0 -91.32 0.0
S299780 11.5372 84.8823 2.5289999999999997e-22 6.528999999999999e-22 3.352e-21 0.0 -91.4 0.0
S299781 11.5273 84.8758 2.435e-24 9.82e-24 1.2899999999999998e-22 0.0 -91.48 0.0
S299782 11.5326 84.8375 3.292e-16 2.462e-16 9.926e-17 0.0 -90.88 0.0
S299783 11.538 84.8847 1.612e-20 2.7700000000000005e-20 6.018e-20 0.0 -91.46 0.0
S299784 11.5395 84.8712 2.623e-17 2.242e-17 1.194e-17 0.0 -91.34 0.0
S299785 11.5267 84.863 2.098e-19 2.639e-19 3.049e-19 0.0 -90.96 0.0
S299786 11.5508 84.8809 3.844e-17 3.312e-17 1.781e-17 0.0 -91.43 0.0
S299787 11.5334 84.8794 7.015000000000001e-21 1.2780000000000001e-20 3.1720000000000003e-20 0.0 -91.38 0.0
S299788 11.5451 84.8859 9.25e-19 1.021e-18 8.711e-19 0.0 -91.39 0.0
S299789 11.5238 84.8516 2.6899999999999996e-22 6.847999999999999e-22 3.478e-21 0.0 -90.89 0.0
S299790 11.5211 84.8781 3.192e-17 2.689e-17 1.353e-17 0.0 -91.33 0.0
S299791 11.5362 84.8836 2.318e-21 1.595e-21 5.665999999999999e-22 0.0 -91.47 0.0
S299792 11.5133 84.8765 6.243e-18 6.297e-18 4.676e-18 0.0 -91.23 0.0
S299793 11.5178 84.8535 9.268e-18 8.429e-18 5.042e-18 0.0 -90.9 0.0
S299794 11.5427 84.8942 1.363e-18 1.475e-18 1.244e-18 0.001 -91.5 0.0
S299795 11.579 84.8572 7.339999999999999e-22 1.579e-21 5.589e-21 0.0 -91.12 0.0
S299796 11.5297 84.8817 2.848e-17 2.489e-17 1.393e-17 0.0 -91.41 0.0
S299797 11.5482 84.8828 2.929e-23 8.263e-23 5.040999999999999e-22 0.0 -91.4 0.0
S299798 11.5282 84.8757 5.649e-18 5.549e-18 3.865e-18 0.0 -91.29 0.0
S299799 11.544 84.8633 4.003e-16 3.028e-16 1.258e-16 0.0 -91.11 1.0
S299800 11.5457 84.8635 2.602e-17 2.53e-17 1.657e-17 0.001 -91.11 0.0
S299801 11.5471 84.8646 1.351e-19 2.039e-19 3.567e-19 0.0 -91.16 0.0
S299802 11.5481 84.8646 9.067e-13 7.923e-13 4.291e-13 0.0 -91.14 1.0
S299803 11.5216 84.873 2.965e-16 2.348e-16 1.047e-16 0.0 -91.24 1.0
S299804 11.5508 84.8676 3.324e-15 2.286e-15 8e-16 0.0 -91.19 0.0
S299805 11.5195 84.87 1.153e-15 8.009e-16 2.902e-16 0.0 -91.17 0.0
S299806 11.5191 84.868 6.466e-18 6.316e-18 4.379e-18 0.0 -91.14 0.0
S299807 11.5529 84.8726 1.951e-17 1.752e-17 9.973e-18 0.0 -91.22 0.0
S299808 11.5544 84.8746 3.184e-16 2.506e-16 1.134e-16 0.0 -91.28 1.0
S299809 11.5542 84.8763 1.043e-15 7.364e-16 2.66e-16 0.0 -91.32 0.0
S299810 11.5159 84.8603 8.074e-17 6.391e-17 2.87e-17 0.0 -91.01 0.0
S299811 11.5157 84.8576 1.156e-12 8.467e-13 3.215e-13 0.0 -91.01 0.0
S299812 11.5541 84.8851 3.115e-16 2.536e-16 1.26e-16 0.0 -91.41 0.0
S299813 11.5157 84.854 2.698e-15 1.981e-15 7.745e-16 0.0 -91.0 0.0
S299814 11.5173 84.851 2.356e-15 1.622e-15 5.732e-16 0.0 -90.91 0.0
S299815 11.5528 84.8913 2.724e-16 2.083e-16 8.787e-17 0.0 -91.45 1.0
S299816 11.5191 84.8455 8.195e-16 5.976e-16 2.379e-16 0.0 -90.88 0.0
S299817 11.5208 84.843 9.232e-17 7.558e-17 3.654e-17 0.0 -90.85 0.0
S299818 11.5226 84.8393 8.331e-16 5.87e-16 2.126e-16 0.0 -90.83 0.0
S299819 11.5466 84.901 1.186e-15 8.468e-16 3.116e-16 0.0 -91.49 0.0
S299820 11.5437 84.9023 1.932e-16 2.109e-16 1.774e-16 0.0 -91.53 0.0
S299821 11.5284 84.835 5.796e-17 5.082e-17 2.783e-17 0.0 -90.84 0.0
S299822 11.5395 84.9064 2.845e-16 2.152e-16 8.785e-17 0.0 -91.46 1.0
S299823 11.5373 84.9092 1.582e-15 1.128e-15 4.089e-16 0.0 -91.51 0.0
S299824 11.5361 84.8298 4.956e-15 3.451e-15 1.19e-15 0.0 -90.81 0.0
S299825 11.5394 84.8296 1.04e-16 8.333e-17 3.942e-17 0.0 -90.8 0.0
S299826 11.5281 84.911 1.499e-15 1.129e-15 4.507e-16 0.0 -91.46 0.0
S299827 11.5462 84.8291 1.42e-15 1.015e-15 3.804e-16 0.0 -90.88 0.0
S299828 11.5217 84.9071 1.081e-15 8.006e-16 3.146e-16 0.0 -91.48 0.0
S299829 11.5183 84.9093 3.777e-16 2.766e-16 1.095e-16 0.0 -91.46 0.0
S299830 11.5554 84.8289 3.174e-17 2.782e-17 1.56e-17 0.0 -90.91 0.0
S299831 11.559 84.8336 7.901e-16 5.686e-16 2.143e-16 0.0 -90.89 0.0
S299832 11.5625 84.8334 1.686e-15 1.206e-15 4.526e-16 0.001 -90.95 0.0
S299833 11.5663 84.8352 1.771e-17 1.642e-17 9.991e-18 0.0 -90.96 0.0
S299834 11.5005 84.8992 1.492e-15 1.043e-15 3.609e-16 0.0 -91.36 0.0
S299835 11.5727 84.8439 6.722e-16 4.81e-16 1.799e-16 0.0 -91.01 0.0
S299836 11.4938 84.8921 2.463e-16 1.826e-16 7.531e-17 0.0 -91.3 0.0
S299837 11.5804 84.8512 5.332e-17 6.249e-17 6.032e-17 0.0 -91.09 0.0
S299838 11.5801 84.8553 1.366e-15 9.886e-16 3.748e-16 0.0 -91.15 0.0
S299839 11.5825 84.8603 1.774e-18 2.076e-18 1.985e-18 0.0 -91.15 0.0
S299840 11.492 84.8755 1.332e-15 9.593e-16 3.705e-16 0.0 -91.16 0.0
S299841 11.5864 84.8687 5.118e-16 3.632e-16 1.291e-16 0.0 -91.2 0.0
S299842 11.5859 84.8735 7.225e-18 7.144e-18 5.021e-18 0.0 -91.21 0.0
S299843 11.4817 84.8599 5.415e-17 4.705e-17 2.5e-17 0.0 -91.04 0.0
S299844 11.5842 84.8843 8.623e-15 6.045e-15 2.176e-15 0.0 -91.32 0.0
S299845 11.5874 84.8906 1.301e-16 1.033e-16 4.714e-17 0.0 -91.32 0.0
S299846 11.4821 84.8438 7.099e-15 4.761e-15 1.541e-15 0.0 -91.03 0.0
S299847 11.5838 84.9021 1.428e-15 1.035e-15 3.871e-16 0.0 -91.38 0.0
S299848 11.5838 84.9053 4.719e-16 3.479e-16 1.398e-16 0.0 -91.42 0.0
S299849 11.5799 84.9092 2.917e-17 3.086e-17 2.531e-17 0.0 -91.44 0.0
S299850 11.5766 84.9155 9.647e-13 6.933e-13 2.647e-13 0.0 -91.46 0.0
S299851 11.4954 84.82 6.254e-18 6.016e-18 4.003e-18 0.0 -90.88 0.0
S299852 11.4976 84.8168 3.658e-15 2.468e-15 8.445e-16 0.0 -90.9 0.0
S299853 11.5687 84.9345 1.73e-15 1.205e-15 4.24e-16 0.0 -91.51 0.0
S299854 11.5043 84.8022 6.283e-17 5.308e-17 2.806e-17 0.0 -90.79 0.0
S299855 11.5579 84.9377 1.573e-15 1.096e-15 3.837e-16 0.0 -91.53 0.0
S299856 11.5538 84.9407 2.608e-15 1.76e-15 5.881e-16 0.0 -91.54 0.0
S299857 11.5496 84.9445 7.521e-19 8.799e-19 8.433e-19 0.0 -91.53 0.0
S299858 11.5435 84.9414 1.546e-17 1.417e-17 8.264e-18 0.0 -91.52 0.0
S299859 11.5384 84.9424 1.798e-13 1.209e-13 3.885e-14 0.0 -91.6 0.0
S299860 11.538 84.7945 1.138e-15 8.379e-16 3.413e-16 0.0 -90.81 0.0
S299861 11.5261 84.946 4.174e-17 3.663e-17 2.131e-17 0.0 -91.5 0.0
S299862 11.5511 84.7931 2.391e-16 1.752e-16 7.137e-17 0.0 -90.85 0.0
S299863 11.5553 84.797 2.099e-21 1.484e-21 5.313e-22 0.0 -90.83 0.0
S299864 11.5602 84.7951 4.957e-17 4.282e-17 2.337e-17 0.0 -90.85 0.0
S299865 11.5665 84.7971 7.594e-13 5.325e-13 1.908e-13 0.0 -90.89 0.0
S299866 11.576 84.8046 5.536e-18 5.643e-18 4.094e-18 0.0 -90.91 0.0
S299867 11.4903 84.9326 1.706e-16 1.33e-16 5.992e-17 0.0 -91.4 1.0
S299868 11.4827 84.9327 1.566e-14 1.05e-14 3.54e-15 0.0 -91.47 0.0
S299869 11.5891 84.8121 1.025e-15 7.507e-16 2.902e-16 0.0 -90.96 0.0
S299870 11.4752 84.922 6.041e-13 5.392e-13 3.132e-13 0.0 -91.37 1.0
S299871 11.5988 84.8266 4.263e-16 3.195e-16 1.32e-16 0.0 -91.07 1.0
S299872 11.4602 84.9046 5.431e-17 9.68e-17 2.211e-16 0.0 -91.26 0.0
S299873 11.4646 84.899 4.48e-16 3.161e-16 1.167e-16 0.0 -91.23 0.0
S299874 11.6151 84.8463 3.205e-15 2.297e-15 8.335e-16 0.0 -91.11 0.0
S299875 11.4598 84.884 1.947e-15 1.399e-15 5.112e-16 0.0 -91.2 0.0
S299876 11.6159 84.8618 8.507e-18 1.047e-17 1.175e-17 0.0 -91.2 0.0
S299877 11.6178 84.8697 1.642e-17 1.426e-17 7.8e-18 0.0 -91.19 1.0
S299878 11.4526 84.8613 1.172e-16 8.816e-17 3.647e-17 0.0 -91.11 0.0
S299879 11.4551 84.8527 2.163e-16 1.649e-16 6.786e-17 0.0 -91.05 1.0
S299880 11.616 84.8946 5.437e-17 8.544e-17 1.529e-16 0.0 -91.35 0.0
S299881 11.6252 84.9073 7.364e-17 6.212e-17 3.16e-17 0.0 -91.32 0.0
S299882 11.4491 84.8281 3.913e-17 3.324e-17 1.695e-17 0.0 -90.97 0.0
S299883 11.4596 84.8174 1.346e-15 9.294e-16 3.206e-16 0.0 -91.01 0.0
S299884 11.6112 84.9308 7.723e-19 9.357e-19 9.618e-19 0.0 -91.44 0.0
S299885 11.4661 84.7997 2.481e-13 1.803e-13 6.972e-14 0.0 -90.93 0.0
S299886 11.6055 84.9444 4.4e-16 3.246e-16 1.272e-16 0.0 -91.46 0.0
S299887 11.599 84.9457 4.178e-16 3.052e-16 1.183e-16 0.0 -91.48 0.0
S299888 11.5899 84.9563 3.331e-13 2.286e-13 7.74e-14 0.0 -91.51 0.0
S299889 11.5811 84.9657 6.053e-16 4.509e-16 1.852e-16 0.0 -91.55 0.0
S299890 11.5787 84.9728 8.724e-16 6.222e-16 2.366e-16 0.0 -91.52 0.0
S299891 11.5011 84.7648 2.923e-15 2.03e-15 7.139e-16 0.0 -90.84 0.0
S299892 11.5069 84.7632 3.67e-15 2.557e-15 9.07e-16 0.0 -90.82 0.0
S299893 11.5537 84.9827 3.638e-15 2.507e-15 8.716e-16 0.0 -91.55 0.0
S299894 11.5234 84.7601 2.29e-19 2.984e-19 3.617e-19 0.0 -90.8 1.0
S299895 11.5376 84.9776 5.616e-16 4.152e-16 1.651e-16 0.0 -91.53 0.0
S299896 11.5291 84.9809 2.527e-16 2.046e-16 9.617e-17 0.0 -91.6 0.0
S299897 11.5504 84.7593 1.624e-17 1.576e-17 1.064e-17 0.0 -90.77 0.0
S299898 11.5588 84.7551 4.422e-15 2.922e-15 9.369e-16 0.0 -90.84 0.0
S299899 11.505 84.9793 1.905e-18 2.325e-18 2.568e-18 0.0 -91.51 0.0
S299900 11.4961 84.9833 9.794e-16 6.792e-16 2.405e-16 0.0 -91.51 0.0
S299901 11.4854 84.9656 2.247e-16 1.724e-16 7.264e-17 0.0 -91.53 1.0
S299902 11.478 84.9658 4.1310000000000004e-21 7.82e-21 2.0410000000000002e-20 0.0 -91.46 0.0
S299903 11.4673 84.9678 1.563e-16 1.208e-16 5.129e-17 0.001 -91.41 1.0
S299904 11.6111 84.7842 7.261e-13 5.057e-13 1.841e-13 0.0 -90.99 0.0
S299905 11.4509 84.9497 9.747e-17 7.976e-17 3.824e-17 0.0 -91.4 0.0
S299906 11.6296 84.7966 1.213e-15 8.861e-16 3.415e-16 0.0 -91.02 0.0
S299907 11.6244 84.8052 2.77e-16 2.1e-16 8.841e-17 0.0 -90.99 1.0
S299908 11.4363 84.923 1.514e-16 1.229e-16 5.698e-17 0.0 -91.27 0.0
S299909 11.43 84.9106 2.728e-18 2.978e-18 2.517e-18 0.0 -91.22 0.0
S299910 11.6494 84.8361 3.586e-15 2.488e-15 8.576e-16 0.0 -91.11 0.0
S299911 11.6425 84.8479 2.497e-17 4.158e-17 8.809e-17 0.0 -91.15 0.0
S299912 11.4229 84.8783 9.729e-14 6.483e-14 2.064e-14 0.0 -91.21 0.0
S299913 11.4279 84.867 1.315e-17 1.206e-17 7.443e-18 0.0 -91.15 0.0
S299914 11.4272 84.8552 1.546e-16 1.216e-16 5.431e-17 0.001 -91.1 1.0
S299915 11.6527 84.8969 1.272e-16 1.333e-16 1.071e-16 0.0 -91.22 0.0
S299916 11.4112 84.8316 5.529e-20 8.081e-20 1.221e-19 0.0 -91.0 0.0
S299917 11.6495 84.9204 1.708e-16 1.353e-16 6.175e-17 0.0 -91.39 1.0
S299918 11.6493 84.9366 3.603e-17 3.193e-17 1.845e-17 0.0 -91.43 0.0
S299919 11.643 84.9454 3.901e-17 3.351e-17 1.825e-17 0.0 -91.4 0.0
S299920 11.4365 84.781 7.255e-16 5.079e-16 1.81e-16 0.0 -90.89 0.0
S299921 11.6383 84.9634 6.124e-16 4.573e-16 1.899e-16 0.0 -91.42 0.0
S299922 11.4467 84.7648 9.458e-16 6.694e-16 2.418e-16 0.0 -90.86 0.0
S299923 11.616 84.9855 2.988e-17 3.908e-17 5.022e-17 0.0 -91.52 0.0
S299924 11.4629 84.7488 1.804e-16 1.43e-16 6.452e-17 0.0 -90.81 1.0
S299925 11.4667 84.7347 5.796e-16 4.241e-16 1.703e-16 0.0 -90.85 0.0
S299926 11.5904 85.0099 4.913e-16 3.646e-16 1.414e-16 0.0 -91.56 0.0
S299927 11.585 85.0199 7.961e-17 6.45e-17 3.028e-17 0.0 -91.55 0.0
S299928 11.4977 84.7236 7.279e-17 5.995e-17 2.902e-17 0.0 -90.84 0.0
S299929 11.5602 85.0272 5.979e-17 5.019e-17 2.583e-17 0.0 -91.57 0.0
S299930 11.5209 84.7255 9.4e-17 8.326e-17 4.697e-17 0.0 -90.79 0.0
S299931 11.5331 84.7217 3.478e-16 2.63e-16 1.068e-16 0.0 -90.77 0.0
S299932 11.5266 84.8755 5.364e-16 3.958e-16 1.554e-16 0.0 -91.25 0.0
S299933 11.5252 84.8743 2.476e-17 2.148e-17 1.179e-17 0.0 -91.24 0.0
S299934 11.5236 84.8731 5.802e-16 4.298e-16 1.729e-16 0.0 -91.21 0.0
S299935 11.5479 84.8658 2.089e-13 1.416e-13 4.754e-14 0.0 -91.14 0.0
S299936 11.5228 84.8718 9.679e-19 1.043e-18 9.067e-19 0.0 -91.16 0.0
S299937 11.5481 84.8676 4.058e-19 5.433e-19 6.997e-19 0.0 -91.17 0.0
S299938 11.5233 84.8704 3.354e-17 2.862e-17 1.506e-17 0.0 -91.16 0.0
S299939 11.5489 84.8697 1.459e-16 1.115e-16 4.752e-17 0.0 -91.18 0.0
S299940 11.5497 84.8711 1.669e-16 1.319e-16 5.776e-17 0.0 -91.25 1.0
S299941 11.5196 84.8672 1.817e-21 1.276e-21 4.705e-22 0.0 -91.08 0.0
S299942 11.549 84.8735 1e-17 9.252e-18 5.704e-18 0.0 -91.26 0.0
S299943 11.5183 84.864 4.719e-18 4.639e-18 3.286e-18 0.0 -91.08 0.0
S299944 11.5183 84.863 7.216e-13 5.032e-13 1.824e-13 0.0 -91.02 0.0
S299945 11.5179 84.8601 1.519e-17 1.413e-17 9.081e-18 0.0 -91.01 0.0
S299946 11.5157 84.8591 1.091e-16 1.005e-16 6.077e-17 0.0 -91.03 0.0
S299947 11.5174 84.8577 4.773e-18 4.771e-18 3.531e-18 0.0 -91.0 0.0
S299948 11.5509 84.8828 1.4929999999999997e-22 3.6439999999999998e-22 1.652e-21 0.0 -91.38 0.0
S299949 11.5556 84.8854 4.68e-13 3.225e-13 1.127e-13 0.0 -91.39 0.0
S299950 11.5207 84.8504 6.22e-18 6.173e-18 4.358e-18 0.0 -90.88 0.0
S299951 11.548 84.8883 2.667e-20 4.0690000000000004e-20 6.835000000000001e-20 0.0 -91.41 0.0
S299952 11.521 84.8489 1.166e-17 1.112e-17 7.446e-18 0.0 -90.94 0.0
S299953 11.5522 84.8935 5.085e-18 5.348e-18 4.15e-18 0.0 -91.47 0.0
S299954 11.5217 84.8427 3e-21 5.524e-21 1.429e-20 0.0 -90.89 0.0
S299955 11.5203 84.8462 1.879e-16 1.388e-16 5.363e-17 0.0 -90.88 0.0
S299956 11.546 84.8989 1.5499999999999998e-22 3.7819999999999996e-22 1.754e-21 0.0 -91.54 0.0
S299957 11.5248 84.8435 9.669e-21 1.7270000000000002e-20 4.278e-20 0.0 -90.88 0.0
S299958 11.5243 84.838 1.9849999999999999e-22 4.392e-22 1.65e-21 0.0 -90.85 0.0
S299959 11.5429 84.9003 3.331e-17 2.816e-17 1.484e-17 0.0 -91.5 0.0
S299960 11.5422 84.9004 1.042e-19 1.415e-19 1.894e-19 0.0 -91.51 0.0
S299961 11.538 84.9035 5.754e-17 4.617e-17 2.121e-17 0.0 -91.49 0.0
S299962 11.5373 84.905 5.36e-17 4.495e-17 2.295e-17 0.0 -91.48 0.0
S299963 11.5349 84.9009 3.253e-17 2.833e-17 1.555e-17 0.0 -91.55 0.0
S299964 11.5362 84.8331 2.199e-16 1.791e-16 8.373e-17 0.0 -90.85 0.0
S299965 11.5317 84.9101 6.926e-20 9.863e-20 1.409e-19 0.0 -91.49 1.0
S299966 11.5414 84.8293 3.343e-17 4.165e-17 4.85e-17 0.0 -90.88 0.0
S299967 11.543 84.8341 2.443e-17 2.993e-17 3.318e-17 0.0 -90.88 0.0
S299968 11.521 84.9072 7.96e-18 7.67e-18 5.262e-18 0.0 -91.47 0.0
S299969 11.5237 84.91 1.75e-15 1.221e-15 4.403e-16 0.0 -91.44 0.0
S299970 11.5212 84.9059 1.962e-19 2.6e-19 3.34e-19 0.0 -91.5 0.0
S299971 11.52 84.9088 9.65e-18 9.097e-18 5.691e-18 0.0 -91.48 0.0
S299972 11.516 84.9125 1.492e-18 1.69e-18 1.563e-18 0.0 -91.45 0.0
S299973 11.5122 84.9053 2.6590000000000002e-20 4.2630000000000003e-20 7.92e-20 0.0 -91.44 0.0
S299974 11.5136 84.9014 1.137e-19 1.621e-19 2.389e-19 0.0 -91.39 0.0
S299975 11.5089 84.9022 4.552e-17 3.774e-17 1.938e-17 0.0 -91.37 0.0
S299976 11.5683 84.8327 1.85e-17 1.707e-17 1.034e-17 0.0 -90.96 0.0
S299977 11.5669 84.8448 5.085e-20 7.726e-20 1.299e-19 0.0 -91.04 0.0
S299978 11.5621 84.8407 1.478e-16 1.574e-16 1.303e-16 0.0 -90.98 0.0
S299979 11.5671 84.8485 9.582e-18 8.99e-18 5.66e-18 0.0 -91.04 0.0
S299980 11.4958 84.8933 5.927e-17 6.537e-17 5.613e-17 0.0 -91.32 0.0
S299981 11.4964 84.8899 1.9590000000000002e-20 3.161e-20 6.071000000000001e-20 0.0 -91.26 0.0
S299982 11.4909 84.886 3.517e-18 3.91e-18 3.427e-18 0.0 -91.19 0.0
S299983 11.5793 84.8569 4.511e-17 4.025e-17 2.281e-17 0.0 -91.09 0.0
S299984 11.4925 84.8791 3.689e-25 1.621e-24 2.614e-23 0.0 -91.22 0.0
S299985 11.4898 84.8753 5.762e-17 4.762e-17 2.334e-17 0.0 -91.2 0.0
S299986 11.575 84.8666 1.566e-22 4.0729999999999996e-22 2.1550000000000002e-21 0.0 -91.2 0.0
S299987 11.5785 84.8706 1.663e-15 1.172e-15 4.172e-16 0.0 -91.23 0.0
S299988 11.5877 84.8739 1.67e-20 2.7430000000000004e-20 5.540000000000001e-20 0.0 -91.26 0.0
S299989 11.4793 84.8605 1.043e-12 7.516e-13 2.928e-13 0.0 -91.1 0.0
S299990 11.5812 84.8837 3.758e-17 3.332e-17 1.88e-17 0.0 -91.3 0.0
S299991 11.487 84.8535 3.907e-16 2.898e-16 1.166e-16 0.0 -91.04 0.0
S299992 11.579 84.8882 3.208e-17 2.839e-17 1.541e-17 0.0 -91.33 0.0
S299993 11.4841 84.8461 4.201e-16 3.057e-16 1.192e-16 0.0 -91.01 0.0
S299994 11.4847 84.8402 3.572e-13 2.436e-13 8.43e-14 0.0 -90.91 0.0
S299995 11.4844 84.8383 2.34e-18 2.44e-18 1.84e-18 0.0 -91.0 0.0
S299996 11.4878 84.8313 1.019e-21 2.223e-21 8.07e-21 0.0 -90.95 0.0
S299997 11.4932 84.8293 2.378e-21 1.647e-21 5.856999999999999e-22 0.0 -90.87 0.0
S299998 11.4898 84.8304 2.92e-18 3.28e-18 2.964e-18 0.0 -90.95 0.0
S299999 11.5685 84.9172 1.3280000000000001e-20 2.181e-20 4.328e-20 0.0 -91.48 0.0
S300000 11.5755 84.9187 7.732e-18 7.321e-18 4.701e-18 0.0 -91.41 0.0
S300001 11.5691 84.922 2.986e-17 2.569e-17 1.383e-17 0.0 -91.45 0.0
S300002 11.5 84.815 1.434e-24 4.975e-24 4.978e-23 0.0 -90.86 0.0
S300003 11.57 84.9277 5.549e-19 6.334e-19 6.146e-19 0.0 -91.49 0.0
S300004 11.5068 84.7972 6.782e-17 5.591e-17 2.764e-17 0.0 -90.82 0.0
S300005 11.5078 84.8065 2.517e-19 3.283e-19 4.122e-19 0.0 -90.82 0.0
S300006 11.5574 84.9451 6.824e-17 5.423e-17 2.542e-17 0.0 -91.54 0.0
S300007 11.5474 84.9354 3.1149999999999997e-23 9.886e-23 7.877999999999999e-22 0.0 -91.56 0.0
S300008 11.5465 84.9391 5.206e-19 6.351e-19 6.731e-19 0.0 -91.53 0.0
S300009 11.5242 84.7999 2.119e-17 3.432e-17 6.683e-17 0.0 -90.8 0.0
S300010 11.5308 84.7976 1.671e-19 2.397e-19 3.628e-19 0.0 -90.79 0.0
S300011 11.5344 84.8043 1.638e-17 1.593e-17 1.097e-17 0.0 -90.8 0.0
S300012 11.5318 84.9419 2.257e-16 1.818e-16 8.499e-17 0.0 -91.59 0.0
S300013 11.5278 84.9352 1.324e-17 1.644e-17 1.829e-17 0.0 -91.53 0.0
S300014 11.5493 84.7986 4.059e-17 3.287e-17 1.554e-17 0.0 -90.79 0.0
S300015 11.5512 84.7995 1.423e-12 1.164e-12 5.516e-13 0.0 -90.8 1.0
S300016 11.5142 84.9381 2.97e-17 2.616e-17 1.403e-17 0.0 -91.51 0.0
S300017 11.5102 84.9392 3.706e-16 2.915e-16 1.333e-16 0.0 -91.49 1.0
S300018 11.5655 84.7938 2.055e-17 1.844e-17 1.027e-17 0.0 -90.87 0.0
S300019 11.5675 84.8018 8.058e-17 6.491e-17 3.06e-17 0.0 -90.85 0.0
S300020 11.5704 84.8027 2.094e-16 2.212e-16 1.756e-16 0.0 -90.89 0.0
S300021 11.5813 84.8156 4.767e-17 4.051e-17 2.097e-17 0.0 -90.94 0.0
S300022 11.4877 84.9378 2.315e-23 6.428e-23 3.8559999999999995e-22 0.0 -91.39 0.0
S300023 11.5915 84.8062 1.06e-18 1.257e-18 1.264e-18 0.0 -91.0 0.0
S300024 11.4851 84.9245 2.158e-19 2.992e-19 4.119e-19 0.0 -91.35 0.0
S300025 11.4808 84.9264 6.985e-13 6.422e-13 3.865e-13 0.0 -91.35 1.0
S300026 11.5894 84.8186 7.391e-18 6.879e-18 4.208e-18 0.0 -90.97 0.0
S300027 11.5978 84.8243 2.652e-16 2.036e-16 8.8e-17 0.0 -91.03 1.0
S300028 11.5972 84.8326 7.412e-18 7.253e-18 5.105e-18 0.0 -91.1 0.0
S300029 11.6065 84.8339 3.9429999999999995e-23 1.1409999999999998e-22 7.684999999999999e-22 0.0 -91.02 0.0
S300030 11.6139 84.8401 2.267e-18 2.18e-18 1.487e-18 0.0 -91.07 0.0
S300031 11.6154 84.8429 4.0390000000000006e-20 6.235e-20 1.101e-19 0.0 -91.07 0.0
S300032 11.4573 84.8872 1.347e-17 1.258e-17 7.911e-18 0.0 -91.18 0.0
S300033 11.457 84.8778 8.083e-19 9.436e-19 9.378e-19 0.0 -91.14 0.0
S300034 11.4588 84.8727 1.328e-16 1.092e-16 5.459e-17 0.0 -91.15 0.0
S300035 11.6174 84.8717 6.905e-17 8.453e-17 9.387e-17 0.0 -91.21 0.0
S300036 11.6093 84.8784 1.345e-12 1.014e-12 4.182e-13 0.0 -91.25 1.0
S300037 11.4594 84.8553 9.504e-19 1.052e-18 9.589e-19 0.0 -91.04 0.0
S300038 11.4619 84.8461 6.339e-17 5.19e-17 2.586e-17 0.0 -91.08 0.0
S300039 11.4623 84.8388 5.548e-16 4.018e-16 1.548e-16 0.0 -91.0 0.0
S300040 11.6155 84.9036 4.717e-17 4.697e-17 3.359e-17 0.0 -91.4 0.0
S300041 11.6144 84.9106 1.333e-17 2.036e-17 3.472e-17 0.0 -91.38 0.0
S300042 11.6104 84.9132 2.512e-17 2.341e-17 1.415e-17 0.001 -91.39 0.0
S300043 11.4578 84.812 2.23e-17 1.985e-17 1.107e-17 0.0 -90.93 0.0
S300044 11.6175 84.9295 6.802e-20 9.534000000000001e-20 1.344e-19 0.001 -91.39 0.0
S300045 11.6144 84.9392 1.028e-20 1.6020000000000003e-20 2.822e-20 0.0 -91.48 0.0
S300046 11.5965 84.9427 6.717e-18 6.389e-18 4.135e-18 0.0 -91.49 0.0
S300047 11.5988 84.9365 5.597e-22 1.286e-21 5.151e-21 0.0 -91.44 0.0
S300048 11.4683 84.7857 4.573e-18 4.711e-18 3.489e-18 0.0 -90.83 0.0
S300049 11.4815 84.7932 4.085e-19 5.041e-19 5.662e-19 0.0 -90.85 0.0
S300050 11.5843 84.9586 1.366e-17 1.658e-17 1.829e-17 0.0 -91.58 0.0
S300051 11.4897 84.784 1.117e-21 2.302e-21 7.477e-21 0.0 -90.87 0.0
S300052 11.4958 84.7809 2.534e-16 2.581e-16 1.955e-16 0.001 -90.86 0.0
S300053 11.498 84.7846 8.953e-16 6.577e-16 2.595e-16 0.0 -90.81 0.0
S300054 11.507 84.7689 8.855e-21 1.5990000000000002e-20 3.8690000000000004e-20 0.0 -90.76 0.0
S300055 11.5118 84.7705 2.474e-18 2.549e-18 2.044e-18 0.0 -90.77 0.0
S300056 11.5575 84.9867 5.009e-18 5.086e-18 3.775e-18 0.0 -91.55 0.0
S300057 11.5227 84.7646 1.824e-17 1.618e-17 9.05e-18 0.0 -90.76 0.0
S300058 11.5268 84.7449 8.196e-18 7.751e-18 4.938e-18 0.0 -90.78 0.0
S300059 11.5343 84.7655 1.198e-25 5.915000000000001e-25 1.2109999999999999e-23 0.0 -90.75 0.0
S300060 11.5315 84.9837 4.7039999999999996e-23 1.31e-22 7.756999999999999e-22 0.0 -91.55 0.0
S300061 11.5229 84.9969 1.167e-15 8.177e-16 2.913e-16 0.0 -91.55 0.0
S300062 11.5144 84.9884 2.386e-16 1.78e-16 7.061e-17 0.0 -91.53 0.0
S300063 11.5118 84.9912 2.165e-21 1.512e-21 5.427999999999999e-22 0.0 -91.5 0.0
S300064 11.5681 84.7702 2.28e-17 3.837e-17 8.173e-17 0.0 -90.9 0.0
S300065 11.5686 84.7681 8.683e-17 6.986e-17 3.314e-17 0.0 -90.85 0.0
S300066 11.4907 84.9843 1.612e-16 1.312e-16 6.201e-17 0.0 -91.46 0.0
S300067 11.5802 84.773 3.31e-17 3.073e-17 1.943e-17 0.0 -90.85 0.0
S300068 11.4766 84.9658 9.669e-18 9.146e-18 5.917e-18 0.0 -91.48 0.0
S300069 11.6004 84.779 7.291e-17 5.79e-17 2.631e-17 0.0 -90.96 0.0
S300070 11.4679 84.9596 7.0199999999999995e-22 1.561e-21 5.814e-21 0.0 -91.49 0.0
S300071 11.6053 84.7849 2.924e-17 2.619e-17 1.489e-17 0.0 -90.99 0.0
S300072 11.4647 84.9477 1.028e-21 2.195e-21 7.726e-21 0.0 -91.39 0.0
S300073 11.6131 84.7958 1.614e-18 1.72e-18 1.467e-18 0.0 -90.98 0.0
S300074 11.6121 84.8039 8.856e-17 2.013e-16 8.276e-16 0.0 -91.02 0.0
S300075 11.4423 84.9239 3.653e-17 4.333e-17 4.405e-17 0.0 -91.26 0.0
S300076 11.4363 84.9154 1.264e-17 1.164e-17 7.108e-18 0.0 -91.29 1.0
S300077 11.4495 84.9133 3.052e-16 2.752e-16 1.618e-16 0.0 -91.3 0.0
S300078 11.645 84.8311 1.562e-16 1.212e-16 5.37e-17 0.0 -91.15 1.0
S300079 11.4013 84.8992 2.8489999999999998e-22 6.919e-22 3.163e-21 0.0 -91.2 0.0
S300080 11.4267 84.8927 4.135e-22 9.267e-22 3.626e-21 0.0 -91.19 0.0
S300081 11.6382 84.855 6.660999999999999e-23 1.778e-22 1.0210000000000001e-21 0.0 -91.15 0.0
S300082 11.6421 84.8659 2.943e-18 3.214e-18 2.767e-18 0.0 -91.23 0.0
S300083 11.4222 84.8658 1.068e-16 8.303e-17 3.667e-17 0.0 -91.15 0.0
S300084 11.6551 84.8818 1.642e-17 1.552e-17 9.943e-18 0.0 -91.23 0.0
S300085 11.6679 84.888 6.9e-17 5.536e-17 2.533e-17 0.0 -91.24 0.0
S300086 11.4228 84.8359 1.134e-16 9.237e-17 4.257e-17 0.001 -91.01 0.0
S300087 11.4179 84.8297 1.021e-16 1.155e-16 1.09e-16 0.0 -91.01 0.0
S300088 11.4253 84.8258 6.496e-17 5.526e-17 2.833e-17 0.0 -90.98 0.0
S300089 11.6336 84.9231 3.037e-19 3.762e-19 4.282e-19 0.0 -91.43 0.0
S300090 11.4313 84.8038 5.484e-17 4.468e-17 2.194e-17 0.0 -90.95 0.0
S300091 11.6335 84.9357 3.784e-17 3.465e-17 2.201e-17 0.0 -91.42 0.0
S300092 11.6317 84.9518 9.603e-18 9.156e-18 5.82e-18 0.0 -91.39 0.0
S300093 11.634 84.9552 1.826e-15 1.305e-15 4.818e-16 0.0 -91.39 0.0
S300094 11.4425 84.7794 1.494e-20 2.508e-20 5.2280000000000005e-20 0.0 -90.88 0.0
S300095 11.6221 84.9744 4.155e-20 6.049e-20 9.852000000000001e-20 0.0 -91.53 0.0
S300096 11.6143 84.9701 1.836e-17 1.687e-17 1.024e-17 0.0 -91.5 0.0
S300097 11.6101 84.986 1.555e-21 3.31e-21 1.154e-20 0.0 -91.58 0.0
S300098 11.5967 84.9805 3.018e-19 3.85e-19 4.435e-19 0.0 -91.5 0.0
S300099 11.6013 85.0233 5.068e-19 5.811e-19 5.386e-19 0.0 -91.49 0.0
S300100 11.5879 85.0097 5.698e-17 4.701e-17 2.376e-17 0.0 -91.58 0.0
S300101 11.5806 85.0079 2.411e-16 1.865e-16 7.699e-17 0.0 -91.58 1.0
S300102 11.4991 84.7376 2.544e-16 1.906e-16 7.616e-17 0.0 -90.78 0.0
S300103 11.5009 84.7261 3.15e-19 3.903e-19 4.374e-19 0.0 -90.81 0.0
S300104 11.5083 84.7417 2.675e-21 1.811e-21 6.007999999999999e-22 0.0 -90.83 0.0
S300105 11.5546 85.0027 6.198e-19 7.735e-19 8.624e-19 0.0 -91.55 0.0
S300106 11.5468 85.0218 3.31e-16 2.464e-16 9.994e-17 0.0 -91.56 0.0
S300107 11.5369 85.0235 3.247e-18 3.456e-18 2.71e-18 0.0 -91.54 0.0
S300108 11.541 84.7076 5.915e-20 8.592000000000001e-20 1.297e-19 0.0 -90.79 0.0
S300109 11.5192 85.0256 1.665e-16 1.368e-16 6.82e-17 0.0 -91.54 0.0
S300110 11.5054 85.0356 3.313e-21 6.255e-21 1.643e-20 0.0 -91.51 0.0
