Name Equatorial Polar BlueF GreenF RedF Parallax RadialVelocity Variable?
S455835 129.3942 157.3912 8.525e-19 1.018e-18 1.051e-18 0.0 -66.6 0.0
S455836 129.2833 157.4126 2.987e-20 4.735e-20 8.980000000000001e-20 0.0 -66.72 0.0
S455837 129.3799 157.388 3.697e-18 3.878e-18 3.085e-18 0.0 -66.59 0.0
S455838 129.364 157.3806 1.908e-23 6.338e-23 5.6229999999999995e-22 0.0 -66.57 0.0
S455839 129.4778 157.4546 1.5990000000000002e-20 2.976e-20 7.756e-20 0.001 -67.42 1.0
S455840 129.322 157.4501 9.49e-21 1.5930000000000002e-20 3.3010000000000005e-20 0.0 -66.97 0.0
S455841 129.3526 157.3934 1.588e-19 2.323e-19 3.495e-19 0.0 -66.57 0.0
S455842 129.3895 157.3768 8.090999999999999e-23 2.22e-22 1.252e-21 0.0 -66.64 0.0
S455843 129.4304 157.4329 2.03e-19 3.041e-19 4.97e-19 0.0 -67.09 0.0
S455844 129.5205 157.4105 9.417e-21 1.726e-20 4.3290000000000006e-20 0.0 -67.13 0.0
S455845 129.364 157.3178 3.016e-18 3.324e-18 2.974e-18 0.0 -66.64 0.0
S455846 129.6891 157.4313 1.358e-21 2.907e-21 9.954e-21 0.0 -67.34 0.0
S455847 129.5375 157.4014 8.943000000000001e-26 4.902e-25 1.2789999999999999e-23 0.0 -67.06 0.0
S455848 129.2852 157.3782 1.669e-19 2.393e-19 3.624e-19 0.0 -66.58 0.0
S455849 129.5001 157.329 1.202e-19 1.77e-19 2.907e-19 0.0 -66.79 0.0
S455850 129.0627 157.3267 2.454e-12 1.915e-12 8.291e-13 0.0 -66.6 1.0
S455851 129.3855 157.4334 1.5899999999999999e-24 7.052e-24 1.1009999999999999e-22 0.001 -66.95 0.0
S455852 129.4541 157.4641 4.689e-21 9.309e-21 2.8120000000000004e-20 0.0 -67.33 0.0
S455853 129.4112 157.4249 2.064e-23 6.096999999999999e-23 4.1809999999999994e-22 0.0 -66.9 0.0
S455854 129.4342 157.431 7.889999999999999e-22 1.969e-21 9.409e-21 0.0 -67.11 0.0
S455855 129.4147 157.4209 3.974e-20 6.736e-20 1.513e-19 0.0 -66.77 0.0
S455856 129.4039 157.4682 8.65e-21 1.636e-20 4.6150000000000003e-20 0.0 -67.22 0.0
S455857 129.4765 157.4087 2.147e-21 4.736e-21 1.735e-20 0.0 -66.99 0.0
S455858 129.3163 157.359 1.714e-21 3.864e-21 1.462e-20 0.0 -66.58 0.0
S455859 129.4522 157.4201 1.017e-22 2.6029999999999997e-22 1.366e-21 0.0 -66.54 0.0
S455860 129.4978 157.4682 7.550999999999999e-22 1.724e-21 7.164e-21 0.0 -67.46 0.0
S455861 129.4768 157.4179 1.113e-18 1.29e-18 1.259e-18 0.0 -67.34 0.0
S455862 129.4254 157.4267 9.648e-22 2.224e-21 8.852e-21 0.0 -66.94 0.0
S455863 129.5739 157.4358 3.311e-21 6.999e-21 2.294e-20 0.0 -67.29 0.0
S455864 129.4671 157.4126 3.371e-18 3.723e-18 3.293e-18 0.0 -66.9 0.0
S455865 129.4803 157.4458 3.9449999999999995e-22 9.92e-22 4.711e-21 0.001 -67.34 0.0
S455866 129.556 157.4192 2.46e-18 2.85e-18 2.765e-18 0.0 -67.27 0.0
S455867 129.4084 157.4756 2.465e-23 7.471e-23 5.391e-22 0.001 -67.17 0.0
S455868 129.4495 157.4223 9.124999999999998e-22 1.906e-21 6.559e-21 0.0 -67.0 0.0
S455869 129.479 157.4315 2.425e-17 2.351e-17 1.594e-17 0.0 -67.36 0.0
S455870 129.4752 157.4321 1.833e-20 3.154e-20 7.032000000000001e-20 0.0 -67.36 0.0
S455871 129.3899 157.4594 4.042e-21 7.973e-21 2.305e-20 0.0 -67.13 0.0
S455872 129.5093 157.3509 3.006e-17 2.841e-17 1.782e-17 0.0 -66.9 0.0
S455873 129.4411 157.4174 2.506e-16 3.001e-16 3.202e-16 0.0 -66.7 0.0
S455874 129.4695 157.411 8.882e-22 1.912e-21 7.088e-21 0.0 -66.96 0.0
S455875 129.4427 157.4161 1.2349999999999999e-22 3.104e-22 1.514e-21 0.0 -66.7 0.0
S455876 129.439 157.4158 6.934e-22 1.687e-21 7.709e-21 0.0 -66.67 0.0
S455877 129.5338 157.4338 3.391e-21 7.01e-21 2.3300000000000003e-20 0.0 -67.41 0.0
S455878 129.4816 157.4042 6.8119999999999995e-22 1.515e-21 5.7250000000000005e-21 0.0 -66.92 0.0
S455879 129.4709 157.4263 2.868e-17 2.466e-17 1.371e-17 0.0 -67.27 0.0
S455880 129.3019 157.3228 2.082e-17 2.549e-17 2.785e-17 0.0 -66.55 0.0
S455881 129.45 157.4068 1.047e-16 8.711e-17 4.495e-17 0.0 -66.78 0.0
S455882 129.5261 157.4491 1.3250000000000002e-25 6.936000000000001e-25 1.583e-23 0.0 -67.42 1.0
S455883 129.4634 157.4139 7.499e-20 1.097e-19 1.728e-19 0.0 -66.95 0.0
S455884 129.3426 157.2451 8.406999999999999e-22 1.867e-21 7.098000000000001e-21 0.0 -66.66 0.0
S455885 129.206 157.3645 6.7580000000000004e-21 1.3150000000000002e-20 3.719e-20 0.0 -66.63 0.0
S455886 129.4892 157.3938 5.5e-19 6.906e-19 7.877e-19 0.0 -66.89 0.0
S455887 129.5076 157.4089 3.457e-19 4.456e-19 5.402e-19 0.0 -67.11 0.0
S455888 129.4618 157.424 2.968e-18 3.308e-18 2.996e-18 0.0 -67.38 0.0
S455889 129.4279 157.535 7.015e-24 2.33e-23 2.1649999999999997e-22 0.0 -67.29 0.0
S455890 129.5204 157.4328 5.398e-21 9.463000000000001e-21 2.198e-20 0.0 -67.37 0.0
S455891 129.3576 157.3008 2.891e-18 3.234e-18 2.86e-18 0.0 -66.64 0.0
S455892 129.4008 157.4262 2.041e-18 2.174e-18 1.728e-18 0.0 -66.9 0.0
S455893 129.4707 157.3931 5.33e-17 4.695e-17 2.487e-17 0.0 -66.83 0.0
S455894 129.5505 157.4373 7.151e-18 7.34e-18 5.632e-18 0.0 -67.4 0.0
S455895 129.4447 157.4288 1.869e-21 3.986e-21 1.408e-20 0.0 -67.21 0.0
S455896 129.4602 157.4192 1.358e-21 2.658e-21 7.977e-21 0.0 -67.1 0.0
S455897 129.4903 157.3962 1.301e-21 2.848e-21 1.0720000000000001e-20 0.0 -66.9 0.0
S455898 129.4743 157.4083 7.249e-24 2.691e-23 3.0559999999999997e-22 0.0 -66.97 1.0
S455899 129.4191 157.3988 2.033e-23 6.079e-23 4.2349999999999996e-22 0.0 -66.65 0.0
S455900 129.6019 157.4626 1.422e-17 1.468e-17 1.155e-17 0.0 -67.49 0.0
S455901 129.433 157.4588 4.213e-18 4.911e-18 4.974e-18 0.0 -67.21 0.0
S455902 129.2204 157.2826 7.051e-19 8.564e-19 9.176e-19 0.0 -66.57 0.0
S455903 129.4081 157.4319 8.766e-21 1.649e-20 4.63e-20 0.0 -66.99 0.0
S455904 129.4656 157.4459 1.2330000000000001e-20 2.1900000000000002e-20 5.1220000000000007e-20 0.0 -67.33 0.0
S455905 129.4523 157.4335 6.877999999999999e-22 1.6630000000000001e-21 7.386e-21 0.0 -67.31 0.0
S455906 129.6112 157.4459 2.563e-24 1.026e-23 1.3939999999999998e-22 0.0 -67.42 0.0
S455907 129.5627 157.4706 2.812e-21 5.838e-21 1.9100000000000002e-20 0.0 -67.48 0.0
S455908 129.4632 157.4519 6.081e-19 7.252e-19 7.649e-19 0.0 -67.33 0.0
S455909 129.4662 157.4163 2.454e-21 5.144e-21 1.6710000000000003e-20 0.0 -67.04 0.0
S455910 129.441 157.4342 1.173e-18 1.334e-18 1.229e-18 0.0 -67.22 0.0
S455911 129.5027 157.4915 1.897e-17 1.803e-17 1.161e-17 0.0 -67.4 0.0
S455912 129.3436 157.3213 2.015e-21 4.424e-21 1.605e-20 0.0 -66.6 0.0
S455913 129.4626 157.4182 2.989e-17 2.72e-17 1.623e-17 0.0 -67.23 0.0
S455914 129.4903 157.4201 3.671e-21 7.312000000000001e-21 2.1140000000000002e-20 0.0 -67.19 0.0
S455915 129.4396 157.4144 5.366e-24 1.864e-23 1.7349999999999998e-22 0.0 -66.75 0.0
S455916 129.4944 157.3959 4.665e-22 1.083e-21 4.449e-21 0.0 -66.92 0.0
S455917 129.5451 157.4067 7.395e-22 1.898e-21 9.6e-21 0.0 -67.21 0.0
S455918 129.4785 157.4271 2.515e-21 5.146e-21 1.656e-20 0.0 -67.37 0.0
S455919 129.4575 157.4204 3.035e-20 5.2710000000000003e-20 1.193e-19 0.0 -67.07 0.0
S455920 129.5551 157.4037 1.641e-22 4.532999999999999e-22 2.738e-21 0.0 -67.16 0.0
S455921 129.4427 157.4079 1.883e-16 2.202e-16 2.261e-16 0.0 -66.73 0.0
S455922 129.4525 157.4214 3.0880000000000002e-21 6.262e-21 1.9380000000000002e-20 0.0 -67.23 0.0
S455923 129.514 157.421 4.105e-21 7.608e-21 1.987e-20 0.0 -67.2 0.0
S455924 129.4861 157.4469 8.393999999999999e-23 2.278e-22 1.31e-21 0.0 -67.39 0.0
S455925 129.4114 157.4151 4.441e-21 3.066e-21 1.084e-21 0.0 -66.78 0.0
S455926 129.4811 157.4615 2.1559999999999996e-22 5.838e-22 3.398e-21 0.0 -67.36 0.0
S455927 129.5482 157.4272 1.981e-20 3.43e-20 7.448000000000001e-20 0.0 -67.34 0.0
S455928 129.4743 157.4227 7.223e-21 1.3340000000000002e-20 3.555e-20 0.0 -67.37 0.0
S455929 129.4541 157.4611 2.72e-20 4.8540000000000006e-20 1.161e-19 0.0 -67.31 0.0
S455930 129.4543 157.4101 3.5209999999999995e-22 8.763e-22 4.325e-21 0.0 -66.84 0.0
S455931 129.4713 157.3916 6.751e-23 1.826e-22 1.05e-21 0.0 -66.82 0.0
S455932 129.1612 157.3967 1.389e-19 2e-19 3.07e-19 0.0 -66.7 0.0
S455933 129.2988 157.3744 5.438e-21 1.056e-20 2.884e-20 0.0 -66.61 0.0
S455934 129.5248 157.459 2.952e-18 3.179e-18 2.825e-18 0.0 -67.47 0.0
S455935 129.3792 157.4026 6.95e-21 4.567e-21 1.448e-21 0.0 -66.64 0.0
S455936 129.3207 157.405 2.842e-22 7.992999999999999e-22 4.854e-21 0.0 -66.67 0.0
S455937 129.3805 157.4748 2.913e-12 2.114e-12 8.382e-13 0.0 -67.13 0.0
S455938 129.4549 157.4193 4.714e-20 7.415000000000001e-20 1.357e-19 0.0 -66.81 0.0
S455939 129.473 157.4155 2.796e-27 2.3530000000000002e-26 1.441e-24 0.0 -67.07 0.0
S455940 129.4196 157.4173 2.177e-21 4.487e-21 1.4960000000000002e-20 0.0 -66.75 0.0
S455941 129.5729 157.5073 6.893e-24 2.338e-23 2.1569999999999997e-22 0.0 -67.48 0.0
S455942 129.4561 157.4223 6.823e-19 8.262e-19 8.761e-19 0.0 -67.39 0.0
S455943 129.3528 157.264 9.572e-25 3.921e-24 5.2759999999999996e-23 0.0 -66.64 0.0
S455944 129.4347 157.4165 1.294e-19 1.878e-19 2.985e-19 0.0 -66.73 0.0
S455945 129.4299 157.4214 1.262e-22 2.867e-22 1.159e-21 0.0 -66.88 0.0
S455946 129.4139 157.3956 4.38e-22 1.12e-21 5.977e-21 0.0 -66.6 0.0
S455947 129.2807 157.4314 3.4909999999999995e-22 8.738e-22 4.267e-21 0.0 -66.85 0.0
S455948 129.5045 157.4169 3.7700000000000006e-20 6.069e-20 1.188e-19 0.0 -67.18 0.0
S455949 129.5622 157.4063 2.5199999999999996e-22 6.543999999999999e-22 3.522e-21 0.0 -67.14 0.0
S455950 129.4149 157.463 1.509e-18 1.814e-18 1.912e-18 0.0 -67.18 0.0
S455951 129.4741 157.4263 6.506e-18 7.107e-18 6.269e-18 0.0 -67.36 0.0
S455952 129.4298 157.465 2.347e-22 6.057e-22 3.075e-21 0.0 -67.25 0.0
S455953 129.4165 157.4258 4.22e-18 4.604e-18 3.926e-18 0.0 -66.83 0.0
S455954 129.5316 157.4349 2.542e-19 3.654e-19 5.499e-19 0.0 -67.46 0.0
S455955 129.0267 157.2929 3.094e-18 3.478e-18 3.204e-18 0.0 -66.62 0.0
S455956 129.465 157.4309 2.0000000000000002e-21 3.927e-21 1.147e-20 0.0 -67.32 0.0
S455957 129.0605 157.4602 9.424999999999999e-23 2.212e-22 9.157999999999998e-22 0.0 -66.88 0.0
S455958 129.4578 157.4258 4.1749999999999995e-22 9.951e-22 4.399e-21 0.0 -67.36 0.0
S455959 129.4461 157.4196 2.2340000000000003e-20 3.657e-20 7.627e-20 0.0 -66.63 0.0
S455960 129.4045 157.4801 1.7409999999999998e-23 5.631999999999999e-23 4.725e-22 0.0 -67.22 0.0
S455961 129.454 157.4489 1.043e-22 2.8e-22 1.569e-21 0.0 -67.25 0.0
S455962 129.4506 157.4137 1.211e-19 1.761e-19 2.751e-19 0.0 -66.7 0.0
S455963 129.4633 157.4363 4.367e-18 4.523e-18 3.632e-18 0.0 -67.28 0.0
S455964 129.4926 157.4242 2.57e-22 5.872999999999999e-22 2.39e-21 0.0 -67.34 0.0
S455965 129.4317 157.4224 1.152e-18 1.382e-18 1.428e-18 0.0 -66.8 0.0
S455966 129.5433 157.4642 2.218e-22 5.1029999999999995e-22 2.079e-21 0.0 -67.46 0.0
S455967 129.3735 157.4143 5.304e-19 6.844e-19 8.127e-19 0.0 -66.74 0.0
S455968 129.4906 157.4418 9.273999999999998e-22 1.997e-21 7.116e-21 0.0 -67.42 0.0
S455969 129.8923 157.4809 7.620999999999999e-22 1.582e-21 5.274e-21 0.0 -67.46 0.0
S455970 129.4153 157.4185 7.508e-23 2.182e-22 1.4580000000000001e-21 0.0 -66.72 0.0
S455971 129.4637 157.4177 1.047e-19 1.584e-19 2.628e-19 0.0 -67.13 0.0
S455972 129.4563 157.4193 3.527e-20 5.743000000000001e-20 1.128e-19 0.0 -66.86 0.0
S455973 129.4431 157.419 1.162e-22 2.9889999999999997e-22 1.557e-21 0.0 -66.7 0.0
S455974 129.474 157.439 4.1720000000000004e-20 6.525e-20 1.213e-19 0.0 -67.37 0.0
S455975 129.2515 157.443 3.109e-17 2.968e-17 1.909e-17 0.0 -66.89 0.0
S455976 129.6227 157.4756 1.154e-20 2.0760000000000002e-20 5.113e-20 0.0 -67.46 0.0
S455977 129.6736 157.3884 8.921999999999999e-22 2.065e-21 8.348e-21 0.0 -67.14 0.0
S455978 129.2811 157.3729 1.104e-20 2.0470000000000003e-20 5.429e-20 0.0 -66.6 0.0
S455979 129.5857 157.4158 2.461e-12 2.07e-12 1.053e-12 0.0 -67.23 1.0
S455980 129.5385 157.4013 1.697e-17 1.597e-17 1.015e-17 0.001 -67.11 0.0
S455981 129.6838 157.3987 1.705e-24 7.236e-24 1.0499999999999999e-22 0.0 -67.19 1.0
S455982 129.5205 157.3792 9.053e-19 1.087e-18 1.158e-18 0.0 -66.96 0.0
S455983 129.586 157.4015 1.586e-16 1.936e-16 2.159e-16 0.0 -67.13 0.0
S455984 129.1511 157.4261 9.95e-24 3.226e-23 2.585e-22 0.0 -66.79 0.0
S455985 129.4068 157.3948 8.505e-23 2.5569999999999996e-22 1.755e-21 0.0 -66.57 0.0
S455986 129.3143 157.5079 9.029e-22 2.1250000000000002e-21 8.679000000000001e-21 0.0 -67.14 0.0
S455987 129.4785 157.4127 3.4209999999999998e-22 8.738e-22 4.489e-21 0.0 -67.06 0.0
S455988 129.6973 157.4345 2.408e-19 3.138e-19 3.997e-19 0.0 -67.36 0.0
S455989 129.4929 157.401 2.0850000000000003e-20 3.5930000000000004e-20 7.99e-20 0.0 -66.97 0.0
S455990 129.3855 157.4341 9.819000000000001e-21 1.8410000000000002e-20 4.9870000000000004e-20 0.0 -66.94 0.0
S455991 129.7098 157.3573 2.049e-19 2.856e-19 4.025e-19 0.0 -67.05 0.0
S455992 129.5241 157.4324 4.7570000000000006e-20 7.855000000000001e-20 1.599e-19 0.0 -67.35 0.0
S455993 129.5562 157.4393 1.3180000000000001e-21 2.902e-21 1.0840000000000001e-20 0.0 -67.43 0.0
S455994 129.3108 157.4073 2.173e-24 8.372999999999999e-24 9.849e-23 0.0 -66.73 0.0
S455995 129.4793 157.3727 3.995e-19 5.224e-19 6.413e-19 0.0 -66.84 0.0
S455996 128.8046 157.2174 2.201e-21 4.909e-21 1.9090000000000003e-20 0.0 -66.57 0.0
S455997 129.4309 157.4131 8.319000000000001e-20 1.338e-19 2.519e-19 0.0 -66.74 0.0
S455998 129.4428 157.4088 8.902e-17 7.415e-17 3.644e-17 0.0 -66.81 0.0
S455999 129.4265 157.3709 2.055e-23 6.222e-23 4.335e-22 0.0 -66.68 0.0
S456000 129.3866 157.4382 7.865000000000001e-20 1.205e-19 2.146e-19 0.0 -67.0 0.0
S456001 129.3141 157.4176 2.412e-21 5.064e-21 1.659e-20 0.001 -66.8 0.0
S456002 129.4718 157.4208 4.0260000000000005e-20 6.574000000000001e-20 1.309e-19 0.0 -67.28 0.0
S456003 129.4483 157.4321 3.3220000000000002e-25 1.636e-24 3.306e-23 0.0 -67.16 0.0
S456004 129.5941 157.4802 2.101e-22 5.417e-22 2.816e-21 0.0 -67.49 0.0
S456005 129.6863 157.5067 6.695e-21 1.2410000000000002e-20 3.2810000000000005e-20 0.0 -67.47 0.0
S456006 129.4464 157.4512 3.371e-18 3.619e-18 3.01e-18 0.0 -67.31 0.0
S456007 129.4052 157.3926 6.106e-24 2.246e-23 2.367e-22 0.0 -66.61 0.0
S456008 129.3985 157.4838 6.215e-16 4.661e-16 1.922e-16 0.0 -67.2 1.0
S456009 129.1362 157.2628 2.406e-21 5.132e-21 1.805e-20 0.0 -66.59 0.0
S456010 129.4444 157.3808 3.022e-24 1.114e-23 1.2459999999999999e-22 0.0 -66.71 0.0
S456011 129.456 157.4937 5.1679999999999995e-23 1.3489999999999998e-22 7.381e-22 0.0 -67.34 0.0
S456012 129.204 157.2448 5.572e-18 6.105e-18 5.242e-18 0.0 -66.6 0.0
S456013 129.4415 157.4134 2.0949999999999998e-23 6.116e-23 4.1689999999999996e-22 0.0 -66.66 0.0
S456014 129.5722 157.4793 2.052e-12 1.688e-12 8.222e-13 0.0 -67.48 1.0
S456015 129.4618 157.4482 8.414e-19 1.034e-18 1.127e-18 0.0 -67.34 0.0
S456016 129.4892 157.4352 5.498999999999999e-22 1.393e-21 6.994e-21 0.0 -67.41 0.0
S456017 129.4479 157.4155 5.4120000000000007e-20 8.711000000000001e-20 1.666e-19 0.0 -66.68 0.0
S456018 129.4218 157.4373 1.346e-21 3.164e-21 1.3550000000000001e-20 0.0 -67.12 0.0
S456019 129.5033 157.4239 2.03e-19 2.804e-19 3.792e-19 0.0 -67.31 0.0
S456020 129.4899 157.428 2.016e-23 6.296e-23 4.829999999999999e-22 0.0 -67.34 0.0
S456021 129.5202 157.4217 1.1170000000000001e-20 2.0070000000000002e-20 4.7850000000000006e-20 0.0 -67.23 0.0
S456022 129.3893 157.3673 5.990999999999999e-22 1.39e-21 5.905e-21 0.0 -66.61 0.0
S456023 129.45 157.4201 3.067e-23 9.022e-23 6.466999999999999e-22 0.0 -66.73 0.0
S456024 129.3064 157.4251 1.611e-22 4.719e-22 3.216e-21 0.0 -66.81 0.0
S456025 129.448 157.4246 3.531e-19 4.637e-19 5.912e-19 0.0 -67.18 0.0
S456026 129.4291 157.4223 1.967e-22 4.710999999999999e-22 2.0420000000000002e-21 0.0 -66.9 0.0
S456027 129.4604 157.4245 5.447e-22 1.186e-21 4.351e-21 0.0 -67.2 0.0
S456028 129.5017 157.3604 2.646e-18 2.946e-18 2.59e-18 0.0 -66.85 0.0
S456029 129.4469 157.357 4.403e-21 8.369000000000001e-21 2.2850000000000003e-20 0.0 -66.73 0.0
S456030 129.4942 157.4388 1.939e-21 4.003e-21 1.359e-20 0.0 -67.44 0.0
S456031 129.5125 157.4152 4.356e-21 3.026e-21 1.08e-21 0.0 -67.2 0.0
S456032 129.3038 157.4514 1.8230000000000003e-20 3.044e-20 6.484e-20 0.0 -66.96 0.0
S456033 129.43 157.4045 3.452e-20 6.001000000000001e-20 1.345e-19 0.0 -66.72 0.0
S456034 129.3866 157.429 1.224e-19 1.821e-19 2.973e-19 0.0 -66.88 0.0
S456035 129.216 157.3275 1.864e-19 2.506e-19 3.392e-19 0.0 -66.54 0.0
S456036 129.4766 157.4559 1.027e-19 1.441e-19 2.053e-19 0.0 -67.36 0.0
S456037 129.4523 157.4214 5.734999999999999e-22 1.317e-21 5.2960000000000004e-21 0.0 -66.97 0.0
S456038 129.4707 157.4167 1.8e-22 4.614e-22 2.398e-21 0.0 -67.26 0.0
S456039 129.484 157.2938 2.076e-17 1.895e-17 1.139e-17 0.0 -66.79 1.0
S456040 129.3278 157.3619 6.419000000000001e-20 1.034e-19 2.019e-19 0.0 -66.58 0.0
S456041 129.4937 157.3781 3.6e-22 8.325999999999999e-22 3.4180000000000004e-21 0.0 -66.87 0.0
S456042 129.3435 157.3701 3.4060000000000004e-20 5.543e-20 1.109e-19 0.0 -66.59 0.0
S456043 129.5095 157.438 2.835e-12 2.143e-12 8.847e-13 0.0 -67.4 0.0
S456044 129.3601 157.3957 2.175e-17 2.112e-17 1.405e-17 0.0 -66.57 0.0
S456045 129.4423 157.4211 4.425e-19 5.888e-19 7.664e-19 0.0 -66.77 0.0
S456046 129.4807 157.3872 2.967e-19 4.107e-19 5.541e-19 0.0 -66.88 0.0
S456047 129.2481 157.2405 6.591e-21 1.0960000000000002e-20 2.3540000000000003e-20 0.0 -66.61 0.0
S456048 129.544 157.4353 5.981e-23 1.7239999999999998e-22 1.1130000000000001e-21 0.0 -67.37 0.0
S456049 129.3882 157.4286 4.411e-19 5.909e-19 7.917e-19 0.0 -66.85 0.0
S456050 129.4161 157.4205 9.087e-21 1.58e-20 3.5e-20 0.0 -66.82 0.0
S456051 129.5368 157.5367 8.172e-21 1.639e-20 4.7640000000000006e-20 0.0 -67.43 0.0
S456052 129.4904 157.4496 1.945e-12 1.399e-12 5.268e-13 0.0 -67.45 0.0
S456053 129.4645 157.4191 1.8440000000000002e-20 3.0890000000000004e-20 6.696e-20 0.0 -67.12 0.0
S456054 129.4577 157.4078 3.732e-20 6.214e-20 1.319e-19 0.0 -66.79 0.0
S456055 129.5532 157.3789 8.648e-22 1.845e-21 6.333e-21 0.001 -67.0 0.0
S456056 129.4384 157.4175 7.089e-20 1.138e-19 2.198e-19 0.0 -66.74 0.0
S456057 129.4339 157.4265 1.175e-23 4.817e-23 6.461999999999999e-22 0.0 -67.0 0.0
S456058 129.6874 157.4691 2.166e-22 5.73e-22 3.126e-21 0.0 -67.48 0.0
S456059 129.4506 157.4185 2.998e-17 4.122e-17 5.621e-17 0.0 -66.92 0.0
S456060 129.4669 157.398 1.5560000000000001e-21 3.083e-21 9.439000000000001e-21 0.0 -66.86 0.0
S456061 129.4213 157.4722 1.136e-21 2.127e-21 5.6290000000000004e-21 0.0 -67.24 0.0
S456062 129.4464 157.4171 4.168e-21 2.94e-21 1.047e-21 0.0 -66.76 0.0
S456063 129.4498 157.4426 3.409e-19 4.786e-19 6.982e-19 0.0 -67.22 0.0
S456064 129.5129 157.4301 2.289e-17 2.167e-17 1.39e-17 0.0 -67.37 0.0
S456065 129.576 157.4109 5.203e-19 6.314e-19 6.772e-19 0.0 -67.25 0.0
S456066 129.4817 157.3919 7.280000000000001e-20 1.149e-19 2.099e-19 0.0 -66.89 0.0
S456067 129.5534 157.3876 4.232e-23 1.14e-22 6.301999999999999e-22 0.0 -67.02 0.0
S456068 129.2396 157.377 1.2269999999999998e-22 2.8319999999999996e-22 1.1310000000000001e-21 0.0 -66.66 0.0
S456069 129.767 157.3355 5.044e-20 8.256e-20 1.618e-19 0.0 -67.06 0.0
S456070 129.1018 157.3269 5.087000000000001e-20 8.261e-20 1.642e-19 0.0 -66.6 0.0
S456071 129.4225 157.4138 1.812e-17 1.713e-17 1.098e-17 0.0 -66.7 0.0
S456072 129.4341 157.3385 9.753e-20 1.527e-19 2.732e-19 0.0 -66.72 0.0
S456073 129.5231 157.3995 2.806e-22 6.072e-22 2.103e-21 0.0 -67.07 0.0
S456074 129.4067 157.415 2.422e-18 2.584e-18 2.074e-18 0.0 -66.69 0.0
S456075 129.4965 157.4452 1.896e-21 3.767e-21 1.1260000000000001e-20 0.0 -67.45 0.0
S456076 129.7336 157.5548 2.8470000000000004e-20 4.7e-20 9.975000000000001e-20 0.0 -67.48 0.0
S456077 129.4611 157.5007 7.715e-21 1.383e-20 3.347e-20 0.0 -67.3 0.0
S456078 129.4292 157.4277 4.926e-21 1.0290000000000001e-20 3.5150000000000005e-20 0.0 -67.02 0.0
S456079 129.5088 157.4223 5.69e-17 5.124e-17 3.04e-17 0.0 -67.3 0.0
S456080 129.3083 157.4361 4.74e-19 6.222e-19 8.195e-19 0.0 -66.9 0.0
S456081 129.3736 157.4057 5.036e-14 3.34e-14 1.051e-14 0.0 -66.64 0.0
S456082 129.4099 157.4009 4.599e-21 9.792e-21 3.4050000000000005e-20 0.0 -66.63 0.0
S456083 129.6254 157.4511 4.016e-21 8.256e-21 2.626e-20 0.0 -67.4 0.0
S456084 129.4425 157.4116 1.002e-20 1.842e-20 4.52e-20 0.0 -66.68 0.0
S456085 129.4449 157.41 6.931e-21 4.65e-21 1.489e-21 0.0 -66.76 0.0
S456086 129.2794 157.399 3.966e-19 5.258e-19 6.9e-19 0.0 -66.71 0.0
S456087 129.5705 157.4394 2.37e-17 2.211e-17 1.41e-17 0.0 -67.4 0.0
S456088 129.4191 157.3913 8.331e-24 2.5909999999999998e-23 1.964e-22 0.0 -66.63 0.0
S456089 129.4149 157.39 2.495e-21 5.24e-21 1.7790000000000002e-20 0.0 -66.62 0.0
S456090 129.4139 157.4242 3.494e-17 3.334e-17 2.096e-17 0.0 -66.88 0.0
S456091 129.4039 157.431 5.299e-23 1.6139999999999999e-22 1.156e-21 0.0 -66.96 0.0
S456092 129.3223 157.4078 9.260999999999999e-23 2.205e-22 9.341999999999999e-22 0.0 -66.65 0.0
S456093 129.4189 157.4384 1.937e-16 1.602e-16 7.517e-17 0.0 -67.12 0.0
S456094 129.4272 157.4247 1.965e-18 2.307e-18 2.325e-18 0.0 -66.88 0.0
S456095 129.3845 157.4357 7.622999999999999e-22 1.756e-21 7.216000000000001e-21 0.0 -66.93 0.0
S456096 129.5938 157.4599 3.235e-16 3.025e-16 1.874e-16 0.0 -67.48 0.0
S456097 129.3662 157.4153 5.132e-19 6.185e-19 6.464e-19 0.0 -66.72 0.0
S456098 129.4928 157.4325 3.934e-19 5.066e-19 5.862e-19 0.0 -67.35 0.0
S456099 129.4464 157.4233 9.794e-17 1.382e-16 2.033e-16 0.0 -66.92 0.0
S456100 129.5292 157.4097 4.722e-23 1.399e-22 9.954e-22 0.0 -67.2 0.0
S456101 129.5537 157.4463 9.275e-21 1.722e-20 4.5650000000000005e-20 0.0 -67.45 0.0
S456102 128.9054 157.4599 4.56e-21 8.652e-21 2.4210000000000002e-20 0.0 -66.87 0.0
S456103 129.5287 157.4165 3.905e-16 4.107e-16 3.254e-16 0.0 -67.2 0.0
S456104 129.5166 157.4416 6.150000000000001e-20 9.736000000000001e-20 1.78e-19 0.0 -67.48 0.0
S456105 129.4391 157.4152 1.111e-18 1.413e-18 1.621e-18 0.001 -66.73 0.0
S456106 129.4736 157.4266 3.5299999999999996e-22 9.275999999999998e-22 4.835e-21 0.001 -67.36 0.0
S456107 129.4651 157.4216 4.812e-23 1.522e-22 1.187e-21 0.0 -67.37 0.0
S456108 129.0851 157.3461 1.462e-16 1.153e-16 5.027e-17 0.0 -66.62 0.0
S456109 129.4458 157.3955 4.3629999999999997e-23 1.27e-22 8.654999999999999e-22 0.0 -66.79 0.0
S456110 129.3235 157.3881 4.73e-18 4.658e-18 3.346e-18 0.0 -66.63 0.0
S456111 129.4801 157.4139 1.9369999999999999e-22 4.779e-22 2.254e-21 0.0 -67.19 0.0
S456112 129.6597 157.4311 3.4039999999999996e-22 7.917999999999999e-22 3.482e-21 0.0 -67.34 0.0
S456113 129.4454 157.4852 3.149e-21 6.313e-21 1.888e-20 0.0 -67.28 0.0
S456114 129.5692 157.4285 6.182e-20 9.59e-20 1.659e-19 0.0 -67.34 0.0
S456115 129.4945 157.438 4.3649999999999996e-24 1.6679999999999998e-23 1.9499999999999998e-22 0.0 -67.4 0.0
S456116 129.4201 157.3776 2.111e-20 3.6040000000000006e-20 7.905000000000001e-20 0.0 -66.66 0.0
S456117 129.8406 157.5867 5.929e-21 3.946e-21 1.304e-21 0.0 -67.43 0.0
S456118 129.4585 157.4239 9.982999999999999e-23 2.331e-22 9.725999999999999e-22 0.0 -67.25 0.0
S456119 129.3555 157.5793 6.147e-25 3.093e-24 6.44e-23 0.0 -67.23 0.0
S456120 129.4195 157.4583 6.248000000000001e-20 9.637000000000001e-20 1.645e-19 0.0 -67.17 0.0
S456121 129.3638 157.431 1.254e-21 2.75e-21 1.0120000000000001e-20 0.0 -66.86 0.0
S456122 129.457 157.4197 1.432e-21 3.3e-21 1.351e-20 0.0 -66.87 0.0
S456123 129.3408 157.2897 3.173e-18 3.545e-18 3.231e-18 0.0 -66.7 0.0
S456124 129.5359 157.4162 4.814e-18 4.998e-18 4.093e-18 0.0 -67.22 0.0
S456125 129.4168 157.4284 3.6639999999999996e-22 9.132999999999999e-22 4.548e-21 0.0 -66.96 0.0
S456126 129.3723 157.3611 6.453e-20 1.007e-19 1.84e-19 0.0 -66.59 0.0
S456127 129.4555 157.4016 3.39e-19 4.594e-19 6.203e-19 0.0 -66.78 0.0
S456128 128.9784 157.3073 1.0030000000000001e-20 1.826e-20 4.5840000000000006e-20 0.0 -66.58 0.0
S456129 129.6337 157.4548 5.625e-22 1.344e-21 5.9020000000000004e-21 0.0 -67.45 0.0
S456130 129.4538 157.4093 1.025e-18 1.177e-18 1.101e-18 0.0 -66.85 0.0
S456131 129.3445 157.4071 2.977e-23 8.826e-23 6.081999999999999e-22 0.0 -66.64 0.0
S456132 129.4724 157.421 6.512e-24 2.161e-23 1.8909999999999998e-22 0.0 -67.18 0.0
S456133 129.4799 157.4181 1.435e-20 2.6160000000000004e-20 6.700000000000001e-20 0.0 -67.16 0.0
S456134 129.8614 157.3615 2.89e-19 3.858e-19 5.129e-19 0.0 -67.17 0.0
S456135 129.447 157.4015 7.482e-19 9.531e-19 1.101e-18 0.0 -66.75 0.0
S456136 129.4408 157.4069 4.86e-21 9.942e-21 3.1930000000000003e-20 0.001 -66.76 0.0
S456137 129.449 157.42 1.1639999999999998e-22 3.14e-22 1.795e-21 0.0 -66.86 0.0
S456138 129.1897 157.4938 2.687e-22 6.674999999999999e-22 3.109e-21 0.0 -67.01 0.0
S456139 129.4996 157.4378 9.581e-24 3.33e-23 3.3009999999999997e-22 0.0 -67.4 1.0
S456140 129.2466 157.4809 2.434e-18 2.764e-18 2.578e-18 0.0 -66.99 0.0
S456141 129.408 157.409 1.519e-23 4.465e-23 3.013e-22 0.0 -66.7 0.0
S456142 129.3583 157.4676 2.171e-19 3.056e-19 4.424e-19 0.0 -67.02 0.0
S456143 129.4578 157.4204 1.4820000000000002e-20 2.6100000000000003e-20 6.160000000000001e-20 0.0 -67.11 0.0
S456144 129.4808 157.4152 2.876e-20 4.8670000000000006e-20 1.012e-19 0.0 -67.23 0.0
S456145 129.49 157.3987 2.056e-21 4.327e-21 1.4440000000000002e-20 0.0 -66.98 0.0
S456146 129.4894 157.4307 7.879000000000001e-25 3.4509999999999996e-24 5.2759999999999996e-23 0.0 -67.37 0.0
S456147 129.3052 157.4812 5.034e-21 3.4300000000000004e-21 1.194e-21 0.0 -67.06 0.0
S456148 129.4576 157.4842 1.993e-18 2.401e-18 2.458e-18 0.0 -67.27 0.0
S456149 129.5062 157.4349 3.129e-23 9.49e-23 6.958999999999999e-22 0.0 -67.39 0.0
S456150 129.3969 157.3837 2.946e-22 6.610999999999999e-22 2.626e-21 0.0 -66.64 0.0
S456151 129.4574 157.458 6.89e-17 1.012e-16 1.621e-16 0.0 -67.31 0.0
S456152 128.9407 157.3512 1.315e-17 1.253e-17 8.301e-18 0.0 -66.65 0.0
S456153 129.4344 157.3936 5.082e-18 5.219e-18 4.04e-18 0.0 -66.67 0.0
S456154 129.3103 157.3945 3.162e-21 6.1050000000000004e-21 1.697e-20 0.0 -66.6 0.0
S456155 129.531 157.3547 1.819e-21 3.777e-21 1.273e-20 0.0 -66.9 0.0
S456156 129.4372 157.4225 3.814e-17 4.67e-17 5.074e-17 0.0 -66.93 0.0
S456157 129.6494 157.5323 4.562e-22 1.133e-21 5.497e-21 0.0 -67.49 0.0
S456158 129.4772 157.4153 1.3790000000000002e-20 2.6270000000000003e-20 7.289000000000001e-20 0.0 -67.09 0.0
S456159 129.4646 157.4265 2.0919999999999998e-22 4.485e-22 1.665e-21 0.0 -67.36 0.0
S456160 129.2719 157.2917 1.0090000000000001e-21 2.194e-21 8.356e-21 0.0 -66.56 0.0
S456161 129.2715 157.3762 1.546e-21 3.5250000000000004e-21 1.367e-20 0.0 -66.61 0.0
S456162 129.6269 157.5036 4.076e-22 1.026e-21 5.012e-21 0.0 -67.51 0.0
S456163 129.4252 157.4107 8.736e-19 1.114e-18 1.356e-18 0.0 -66.66 0.0
S456164 129.5472 157.4474 7.237e-19 8.92e-19 9.754e-19 0.0 -67.46 0.0
S456165 129.3895 157.4372 1.68e-21 3.696e-21 1.374e-20 0.0 -66.98 0.0
S456166 129.3981 157.4319 2.6180000000000002e-20 4.23e-20 8.109e-20 0.0 -66.93 0.0
S456167 129.5242 157.4026 2.041e-23 7.058e-23 6.679e-22 0.0 -67.05 0.0
S456168 129.467 157.4028 3.282e-22 7.794e-22 3.496e-21 0.0 -66.88 0.0
S456169 129.5538 157.4518 5.654e-22 1.137e-21 3.3940000000000004e-21 0.0 -67.44 0.0
S456170 129.4091 157.4151 2.3859999999999996e-22 6.408999999999999e-22 3.638e-21 0.0 -66.74 0.0
S456171 129.3296 157.3711 4.962e-22 1.325e-21 7.113e-21 0.0 -66.53 0.0
S456172 129.5157 157.4193 4.58e-19 6.351e-19 8.755e-19 0.0 -67.31 0.0
S456173 129.4062 157.3227 3.829e-18 4.161e-18 3.46e-18 0.0 -66.66 0.0
S456174 129.4075 157.3178 3.7889999999999995e-22 9.100999999999999e-22 4.044e-21 0.0 -66.69 0.0
S456175 129.3809 157.5923 2.679e-22 6.463999999999999e-22 2.9690000000000002e-21 0.001 -67.24 0.0
S456176 129.583 157.4577 1.644e-22 4.621e-22 2.908e-21 0.0 -67.48 0.0
S456177 129.474 157.3214 2.924e-22 6.726e-22 2.615e-21 0.0 -66.78 0.0
S456178 129.3231 157.4484 8.084999999999999e-23 2.198e-22 1.239e-21 0.0 -66.93 0.0
S456179 129.4715 157.4096 7.462000000000001e-20 1.124e-19 1.903e-19 0.0 -66.98 0.0
S456180 129.4524 157.4217 2.72e-20 4.561e-20 9.707000000000001e-20 0.0 -67.07 0.0
S456181 129.3976 157.4406 8.955999999999999e-22 2.003e-21 7.508e-21 0.0 -67.02 0.0
S456182 129.896 157.5793 1.583e-16 1.711e-16 1.458e-16 0.0 -67.5 0.0
S456183 129.4147 157.3796 5.238e-19 6.905e-19 8.835e-19 0.0 -66.63 0.0
S456184 129.4833 157.4321 1.073e-19 1.478e-19 2.089e-19 0.0 -67.35 0.0
S456185 129.4838 157.4159 5.002e-23 1.2529999999999998e-22 6.135999999999999e-22 0.0 -67.13 0.0
S456186 129.4101 157.4354 1.008e-17 1.06e-17 8.362e-18 0.0 -67.02 0.0
S456187 129.491 157.4107 2.064e-18 2.31e-18 2.052e-18 0.0 -67.07 0.0
S456188 129.4766 157.4172 6.274999999999999e-22 1.436e-21 5.873e-21 0.0 -67.12 0.0
S456189 129.5216 157.437 3.2849999999999996e-22 8.277999999999999e-22 3.96e-21 0.0 -67.4 0.0
S456190 129.3387 157.401 1.701e-23 5.533e-23 4.681e-22 0.0 -66.65 0.0
S456191 128.832 157.2446 1.7099999999999998e-23 5.124e-23 3.578e-22 0.0 -66.61 0.0
S456192 129.4327 157.387 3.379e-23 9.207e-23 5.382999999999999e-22 0.0 -66.69 0.0
S456193 129.4367 157.4322 7.176e-21 1.408e-20 4.0410000000000004e-20 0.0 -67.13 0.0
S456194 129.6299 157.3779 5.894e-21 1.1710000000000001e-20 3.6040000000000006e-20 0.0 -67.1 0.0
S456195 129.6692 157.456 1.8650000000000002e-20 3.235e-20 7.531e-20 0.0 -67.44 0.0
S456196 129.4506 157.4245 9.331000000000001e-20 1.413e-19 2.407e-19 0.0 -67.28 1.0
S456197 129.4134 157.4142 1.642e-17 1.536e-17 1.016e-17 0.0 -66.75 0.0
S456198 129.3725 157.4571 7.612e-19 9.58e-19 1.133e-18 0.001 -67.08 0.0
S456199 129.598 157.4947 1.129e-17 1.061e-17 6.7e-18 0.0 -67.48 0.0
S456200 129.3292 157.3571 3.086e-18 3.357e-18 2.981e-18 0.0 -66.54 0.0
S456201 129.4115 157.3947 2.184e-22 5.265999999999999e-22 2.4340000000000002e-21 0.0 -66.68 0.0
S456202 129.4419 157.4226 1.055e-21 2.517e-21 1.0880000000000001e-20 0.0 -66.97 0.0
S456203 129.4812 157.4412 6.658e-21 1.4e-20 4.7490000000000007e-20 0.0 -67.35 0.0
S456204 129.3554 157.3226 5.491e-23 1.5709999999999997e-22 9.761999999999999e-22 0.0 -66.61 0.0
S456205 129.4576 157.4238 2.252e-19 3.232e-19 4.716e-19 0.0 -67.38 0.0
S456206 129.2837 157.3459 3.324e-23 9.484e-23 6.260999999999999e-22 0.0 -66.57 0.0
S456207 129.4803 157.4193 1.496e-22 3.713e-22 1.737e-21 0.0 -67.19 0.0
S456208 129.4775 157.4213 2.916e-22 7.279999999999999e-22 3.488e-21 0.0 -67.16 0.0
S456209 129.6701 157.4053 1.883e-21 3.794e-21 1.2140000000000001e-20 0.0 -67.22 0.0
S456210 129.4396 157.4231 3.09e-23 1.0049999999999999e-22 8.481999999999999e-22 0.0 -66.84 0.0
S456211 129.4109 157.4272 6.833999999999999e-22 1.451e-21 5.095e-21 0.0 -66.93 0.0
S456212 129.5346 157.2217 8.629e-21 1.5990000000000002e-20 4.128e-20 0.0 -66.79 0.0
S456213 129.4778 157.4621 1.155e-18 1.403e-18 1.497e-18 0.0 -67.41 0.0
S456214 129.4158 157.4361 1.924e-18 2.182e-18 2.065e-18 0.0 -67.02 0.0
S456215 129.5859 157.4351 6.95e-13 4.709e-13 1.547e-13 0.0 -67.37 0.0
S456216 129.4312 157.4059 3.408e-17 3.097e-17 1.894e-17 0.0 -66.66 0.0
S456217 129.6322 157.4874 2.065e-21 3.999e-21 1.1450000000000001e-20 0.0 -67.48 0.0
S456218 129.3899 157.413 1.5949999999999999e-22 4.401999999999999e-22 2.622e-21 0.0 -66.69 0.0
S456219 129.4388 157.4362 1.3199999999999998e-22 3.214e-22 1.46e-21 0.0 -67.2 0.0
S456220 129.4749 157.4229 3.238e-21 5.971e-21 1.5160000000000003e-20 0.0 -67.35 0.0
S456221 129.2691 157.3809 8.189e-20 1.28e-19 2.273e-19 0.0 -66.65 0.0
S456222 129.4662 157.4202 1.843e-21 4.102e-21 1.5480000000000002e-20 0.0 -67.4 0.0
S456223 129.4658 157.4189 1.132e-16 1.522e-16 2.052e-16 0.0 -67.38 0.0
S456224 129.4677 157.424 1.304e-23 4.131e-23 3.3299999999999996e-22 0.0 -67.39 0.0
S456225 129.7575 157.4331 8.350999999999999e-23 2.2969999999999996e-22 1.376e-21 0.0 -67.27 0.0
S456226 129.4675 157.4219 5.924e-24 2.038e-23 1.9729999999999998e-22 0.0 -67.29 0.0
S456227 129.4917 157.4097 1.345e-19 1.934e-19 2.895e-19 0.0 -67.04 0.0
S456228 129.4057 157.3278 3.902e-16 4.049e-16 3.135e-16 0.0 -66.7 0.0
S456229 129.4528 157.4179 2.627e-17 2.431e-17 1.469e-17 0.0 -66.97 0.0
S456230 129.3978 157.4433 1.222e-17 1.295e-17 1.039e-17 0.0 -67.04 0.0
S456231 129.5183 157.4334 4.182e-16 3.235e-16 1.425e-16 0.0 -67.44 1.0
S456232 129.491 157.4068 5.461e-16 4.794e-16 2.744e-16 0.0 -67.02 0.0
S456233 129.4824 157.4173 1.967e-17 1.823e-17 1.095e-17 0.0 -67.12 0.0
S456234 129.3927 157.4062 2.5889999999999998e-22 6.461e-22 3.01e-21 0.0 -66.7 0.0
S456235 129.454 157.4186 4.543e-18 5.174e-18 4.976e-18 0.0 -66.99 0.0
S456236 129.466 157.457 3.232e-21 6.839e-21 2.3860000000000002e-20 0.001 -67.3 0.0
S456237 129.4579 157.4586 1.818e-16 1.477e-16 6.939e-17 0.0 -67.31 0.0
S456238 129.5176 157.4522 2.462e-21 4.831e-21 1.397e-20 0.0 -67.43 0.0
S456239 129.4861 157.4124 1.692e-16 1.551e-16 9.544e-17 0.0 -67.11 0.0
S456240 129.4647 157.4245 1.431e-25 7.6050000000000005e-25 1.763e-23 0.0 -67.17 0.0
S456241 129.444 157.4236 2.603e-19 3.782e-19 5.947e-19 0.0 -66.98 0.0
S456242 129.4675 157.4332 1.459e-21 3.324e-21 1.2960000000000002e-20 0.0 -67.28 0.0
S456243 129.4637 157.4472 3.453e-16 3.283e-16 2.184e-16 0.0 -67.4 0.0
S456244 129.4285 157.4663 5.073e-16 3.806e-16 1.579e-16 0.0 -67.33 1.0
S456245 129.4957 157.4354 7.824e-19 9.9e-19 1.132e-18 0.0 -67.41 0.0
S456246 129.4737 157.4132 3.164e-17 2.581e-17 1.214e-17 0.0 -67.03 0.0
S456247 129.4209 157.414 1.417e-16 1.39e-16 9.846e-17 0.0 -66.82 0.0
S456248 129.4363 157.4053 2.9099999999999996e-23 8.208999999999999e-23 4.927e-22 0.0 -66.66 0.0
S456249 129.3971 157.4154 9.576e-17 1.113e-16 1.064e-16 0.0 -66.82 0.0
S456250 129.4211 157.4129 6.207e-20 9.559e-20 1.727e-19 0.0 -66.74 0.0
S456251 129.4199 157.4281 3.79e-17 3.353e-17 1.87e-17 0.0 -66.95 0.0
S456252 129.3651 157.4273 5.58e-19 7.218e-19 8.656e-19 0.0 -66.79 0.0
S456253 129.4157 157.4257 4.754e-23 1.4759999999999998e-22 1.12e-21 0.0 -66.89 0.0
S456254 129.4868 157.4067 2.918e-12 2.158e-12 8.785e-13 0.0 -67.0 0.0
S456255 129.5876 157.3906 1.438e-16 1.186e-16 5.803e-17 0.0 -67.13 0.0
S456256 129.3892 157.4263 5.941e-19 7.92e-19 1.058e-18 0.0 -66.61 0.0
S456257 129.4778 157.3992 3.828e-19 5.187e-19 7.114e-19 0.0 -66.61 0.0
S456258 129.4029 157.4241 1.476e-18 1.75e-18 1.756e-18 0.0 -66.87 0.0
S456259 129.4394 157.407 4.246e-22 1.0210000000000001e-21 4.601e-21 0.0 -66.75 0.0
S456260 129.4957 157.4121 5.056999999999999e-22 1.126e-21 4.251e-21 0.0 -67.1 0.0
S456261 129.4221 157.427 1.4459999999999998e-22 4.053e-22 2.394e-21 0.0 -66.68 0.0
S456262 129.4259 157.4622 5.717e-21 1.194e-20 3.8810000000000005e-20 0.001 -67.24 0.0
S456263 129.5223 157.4158 1.5790000000000002e-20 2.939e-20 7.505000000000001e-20 0.0 -67.28 0.0
S456264 129.4629 157.4613 8.611000000000001e-20 1.291e-19 2.183e-19 0.0 -67.45 0.0
S456265 129.4731 157.4348 2.398e-19 3.278e-19 4.436e-19 0.0 -67.39 0.0
S456266 129.4718 157.468 8.711999999999998e-22 1.962e-21 7.552e-21 0.0 -67.43 0.0
S456267 129.4367 157.4326 2.524e-16 2.958e-16 2.955e-16 0.0 -67.13 0.0
S456268 129.3398 157.3998 4.112e-21 2.901e-21 1.022e-21 0.0 -66.61 0.0
S456269 129.4449 157.4565 1.869e-21 4.3e-21 1.6960000000000002e-20 0.0 -67.44 0.0
S456270 129.5262 157.4327 6.596e-19 7.743e-19 7.809e-19 0.0 -67.35 0.0
S456271 129.4558 157.4144 1.695e-16 2.125e-16 2.406e-16 0.0 -66.92 0.0
S456272 129.3497 157.4084 1.441e-12 1.039e-12 3.942e-13 0.0 -66.72 0.0
S456273 129.503 157.421 1.0940000000000001e-25 6.144e-25 1.638e-23 0.0 -67.18 0.0
S456274 129.442 157.4056 6.58e-17 5.565e-17 2.88e-17 0.0 -66.72 0.0
S456275 129.4933 157.4138 9.002000000000001e-20 1.343e-19 2.156e-19 0.0 -67.18 0.0
S456276 129.5226 157.434 2.92e-17 2.623e-17 1.471e-17 0.0 -67.43 0.0
S456277 129.4406 157.3977 5.968e-21 4.04e-21 1.3360000000000001e-21 0.0 -66.67 0.0
S456278 129.4574 157.3804 1.541e-17 1.577e-17 1.191e-17 0.0 -66.67 0.0
S456279 129.4371 157.4175 1.142e-17 1.167e-17 8.725e-18 0.0 -66.84 0.0
S456280 129.3963 157.4027 8.047e-17 7.034e-17 3.83e-17 0.0 -66.66 0.0
S456281 129.4243 157.4097 1.1740000000000001e-20 2.2230000000000003e-20 6.061000000000001e-20 0.001 -66.72 0.0
S456282 129.4478 157.4148 3.348e-20 5.553e-20 1.138e-19 0.0 -66.91 0.0
S456283 129.5153 157.395 9.202e-16 6.983e-16 2.94e-16 0.0 -66.99 1.0
S456284 129.4277 157.4434 7.087e-20 1.115e-19 2.114e-19 0.0 -67.11 0.0
S456285 129.4426 157.4536 1.337e-16 1.123e-16 5.576e-17 0.0 -67.29 0.0
S456286 129.4544 157.4026 5.2090000000000003e-20 8.493e-20 1.702e-19 0.0 -66.69 0.0
S456287 129.4467 157.4436 3.052e-19 3.907e-19 4.618e-19 0.0 -67.31 0.0
S456288 129.5463 157.3981 1.292e-17 1.267e-17 8.59e-18 0.0 -67.22 0.0
S456289 129.4594 157.4267 3.96e-17 3.41e-17 1.804e-17 0.0 -67.36 0.0
S456290 129.4495 157.4182 5.557e-18 5.674e-18 4.334e-18 0.0 -66.99 0.0
S456291 129.4366 157.4488 3.0810000000000004e-20 5.175e-20 1.107e-19 0.0 -67.45 0.0
S456292 129.4465 157.4671 3.35e-17 2.996e-17 1.713e-17 0.0 -67.37 0.0
S456293 129.5071 157.4497 6.643e-17 5.852e-17 3.255e-17 0.0 -67.48 0.0
S456294 129.4619 157.441 1.21e-17 1.196e-17 8.571e-18 0.0 -67.35 0.0
S456295 129.463 157.4443 1.3049999999999998e-22 3.3979999999999997e-22 1.747e-21 0.0 -67.36 0.0
S456296 129.4148 157.4274 4.973e-13 3.348e-13 1.104e-13 0.0 -66.69 0.0
S456297 129.3932 157.4086 1.1670000000000001e-20 2.1270000000000003e-20 5.2130000000000006e-20 0.0 -66.62 0.0
S456298 129.4259 157.4398 6.859999999999999e-23 1.7289999999999999e-22 8.568999999999999e-22 0.0 -67.08 0.0
S456299 129.5295 157.4177 1.962e-12 1.838e-12 1.178e-12 0.0 -67.37 1.0
S456300 129.4914 157.4306 7.573e-16 5.621e-16 2.177e-16 0.0 -67.2 0.0
S456301 129.4688 157.4614 6.122999999999999e-22 1.531e-21 7.654e-21 0.0 -67.41 0.0
S456302 129.4768 157.4194 2.617e-16 2.041e-16 9.126e-17 0.0 -67.17 1.0
S456303 129.4608 157.3917 2.559e-17 2.309e-17 1.389e-17 0.0 -66.76 0.0
S456304 129.5295 157.3932 5.665e-18 5.755e-18 4.48e-18 0.0 -67.0 0.0
S456305 129.3485 157.423 7.763e-20 1.202e-19 2.148e-19 0.0 -66.7 0.0
S456306 129.5599 157.4454 8.194e-18 8.779e-18 6.957e-18 0.0 -67.47 0.0
S456307 129.414 157.4355 5.813999999999999e-22 1.46e-21 7.239e-21 0.0 -67.03 0.0
S456308 129.4271 157.4155 7.953e-17 7.23e-17 4.372e-17 0.0 -66.82 0.0
S456309 129.4741 157.4011 6.182e-17 5.596e-17 3.293e-17 0.0 -66.63 0.0
S456310 129.3885 157.4022 5.247e-24 2.0169999999999998e-23 2.405e-22 0.0 -66.61 0.0
S456311 129.3582 157.448 4.49e-18 4.899e-18 4.296e-18 0.001 -66.72 0.0
S456312 129.4615 157.4495 7.416e-24 2.522e-23 2.3419999999999996e-22 0.0 -67.29 0.0
S456313 129.4576 157.4312 3.968e-20 6.367e-20 1.209e-19 0.0 -67.18 0.0
S456314 129.4164 157.4267 7.513e-17 6.463e-17 3.368e-17 0.0 -66.73 0.0
S456315 129.4907 157.4164 1.614e-17 1.563e-17 1.08e-17 0.0 -67.41 0.0
S456316 129.4471 157.3845 4.5050000000000004e-26 2.8370000000000002e-25 9.414e-24 0.0 -66.63 0.0
S456317 129.3946 157.4064 1.455e-12 1.007e-12 3.465e-13 0.0 -66.64 0.0
S456318 129.5064 157.4383 5.5690000000000004e-21 3.772e-21 1.296e-21 0.0 -67.4 0.0
S456319 129.3924 157.4074 1.325e-18 1.637e-18 1.805e-18 0.0 -66.63 0.0
S456320 129.4562 157.3941 4.898e-17 4.477e-17 2.77e-17 0.0 -66.61 0.0
S456321 129.414 157.4633 1.712e-19 2.436e-19 3.644e-19 0.0 -67.25 0.0
S456322 129.4219 157.4026 1.957e-17 1.818e-17 1.12e-17 0.0 -66.73 0.0
S456323 129.3659 157.4254 6.105e-20 9.933000000000001e-20 2.004e-19 0.0 -66.61 0.0
S456324 129.4338 157.3962 6.879e-23 1.7529999999999997e-22 8.703e-22 0.0 -66.6 0.0
S456325 129.5643 157.4488 5.689e-17 8.17e-17 1.21e-16 0.0 -67.48 0.0
S456326 129.3912 157.382 2.87e-18 3.079e-18 2.704e-18 0.0 -66.64 0.0
S456327 129.4968 157.4287 4.932e-21 3.402e-21 1.188e-21 0.0 -67.36 0.0
S456328 129.5083 157.4426 2.9100000000000002e-21 6.325e-21 2.2450000000000002e-20 0.0 -67.34 0.0
S456329 129.3459 157.4238 2.0680000000000003e-20 3.5240000000000003e-20 7.377e-20 0.0 -66.84 0.0
S456330 129.5835 157.4035 3.067e-15 2.111e-15 7.477e-16 0.001 -67.18 0.0
S456331 129.5358 157.4419 2.253e-20 4.008e-20 9.598000000000001e-20 0.001 -67.45 0.0
S456332 129.4341 157.4363 5.582e-19 7.203e-19 8.744e-19 0.0 -67.13 0.0
S456333 129.4029 157.4641 6.569e-16 5.074e-16 2.167e-16 0.0 -67.2 1.0
S456334 129.4253 157.4135 1.4470000000000002e-20 2.5100000000000003e-20 5.763e-20 0.0 -66.75 0.0
S456335 129.5254 157.4167 2.2469999999999997e-22 6.088e-22 3.551e-21 0.0 -67.43 0.0
S456336 129.4538 157.42 7.702e-19 9.377e-19 1.023e-18 0.0 -66.7 0.0
S456337 129.4511 157.4479 1.01e-18 1.19e-18 1.168e-18 0.0 -67.26 0.0
S456338 129.4031 157.4385 3.2940000000000005e-20 5.662e-20 1.267e-19 0.0 -67.02 0.0
S456339 129.4327 157.3949 4.891e-17 4.879e-17 3.604e-17 0.0 -66.81 0.0
S456340 129.4524 157.457 1.1239999999999999e-23 3.683e-23 3.072e-22 0.0 -67.41 0.0
S456341 129.3847 157.4132 1.679e-19 2.344e-19 3.398e-19 0.0 -66.7 0.0
S456342 129.4538 157.4243 4.885e-21 3.399e-21 1.158e-21 0.0 -67.06 0.0
S456343 129.4571 157.4133 1.4419999999999998e-22 4.0879999999999997e-22 2.548e-21 0.001 -66.95 0.0
S456344 129.5408 157.4036 3.864e-16 3.082e-16 1.418e-16 0.0 -67.18 0.0
S456345 129.3753 157.4396 2.753e-19 3.786e-19 5.265e-19 0.0 -66.98 0.0
S456346 129.401 157.4084 8.685e-18 8.398e-18 5.9e-18 0.0 -66.81 0.0
S456347 129.4567 157.3887 1.316e-12 9.235e-13 3.35e-13 0.0 -66.59 0.0
S456348 129.5316 157.4148 2.316e-17 2.185e-17 1.363e-17 0.0 -67.36 0.0
S456349 129.3957 157.4315 2.312e-12 1.716e-12 6.737e-13 0.0 -66.82 0.0
S456350 129.4107 157.4395 4.023e-18 4.187e-18 3.39e-18 0.0 -67.03 0.0
S456351 129.3972 157.4318 1.161e-20 2.1540000000000003e-20 5.69e-20 0.0 -66.93 0.0
S456352 129.44 157.4431 3.553e-18 3.972e-18 3.621e-18 0.0 -67.24 0.0
S456353 129.5007 157.4102 7.121e-19 9.287e-19 1.12e-18 0.0 -67.21 0.0
S456354 129.5737 157.4281 4.929e-21 3.402e-21 1.21e-21 0.0 -67.42 0.0
S456355 129.4256 157.4064 9.943e-19 1.164e-18 1.158e-18 0.0 -66.71 0.0
S456356 129.5076 157.3936 4.834e-24 1.69e-23 1.593e-22 0.0 -66.91 0.0
S456357 129.3734 157.4466 3.77e-18 3.918e-18 3.056e-18 0.0 -67.01 0.0
S456358 129.3603 157.4244 3.162e-16 2.514e-16 1.094e-16 0.0 -66.78 0.0
S456359 129.3303 157.4425 5.917e-21 3.996e-21 1.3360000000000001e-21 0.0 -66.85 0.0
S456360 129.5508 157.4086 5.523e-22 1.174e-21 4.016e-21 0.0 -67.31 0.0
S456361 129.5066 157.4489 3.498e-19 4.673e-19 5.913e-19 0.0 -67.42 0.0
S456362 129.3972 157.4144 7.153e-18 7.766e-18 6.653e-18 0.0 -66.63 0.0
S456363 129.4095 157.4394 2.583e-19 3.568e-19 5.105e-19 0.0 -67.07 0.0
S456364 129.4809 157.431 8.214000000000001e-25 3.301e-24 4.5639999999999996e-23 0.0 -67.28 0.0
S456365 129.3932 157.4131 4.288e-21 3.008e-21 1.068e-21 0.0 -66.69 0.0
S456366 129.3971 157.4134 1.818e-21 3.661e-21 1.1050000000000001e-20 0.0 -66.72 0.0
S456367 129.504 157.4501 2.298e-21 4.114e-21 9.951e-21 0.0 -67.4 0.0
S456368 129.4466 157.4344 3.706e-16 3.442e-16 2.131e-16 0.0 -67.15 0.0
S456369 129.4041 157.4247 5.913e-20 8.826000000000001e-20 1.479e-19 0.0 -66.78 0.0
S456370 129.5547 157.4253 2.297e-17 2.189e-17 1.477e-17 0.0 -67.27 0.0
S456371 129.4274 157.3979 9.216999999999998e-22 2.18e-21 9.286000000000001e-21 0.0 -66.61 0.0
S456372 129.4057 157.4859 3.976e-20 6.419000000000001e-20 1.204e-19 0.0 -67.29 0.0
S456373 129.4297 157.3935 3.552e-17 3.15e-17 1.744e-17 0.0 -66.61 0.0
S456374 129.4075 157.4085 6.754e-21 1.33e-20 3.8180000000000006e-20 0.0 -66.65 0.0
S456375 129.4309 157.4517 5.018e-21 3.485e-21 1.178e-21 0.0 -67.23 0.0
S456376 129.4379 157.449 7.387e-17 6.479e-17 3.644e-17 0.0 -67.19 0.0
S456377 129.4359 157.4096 2.0839999999999998e-22 5.392e-22 2.8620000000000002e-21 0.0 -66.73 0.0
S456378 129.4231 157.4383 1.0289999999999999e-22 2.799e-22 1.557e-21 0.0 -67.06 0.0
S456379 129.4295 157.3814 9.173e-17 8.066e-17 4.541e-17 0.0 -66.6 0.0
S456380 129.3976 157.3878 1.32e-18 1.558e-18 1.635e-18 0.0 -66.62 0.0
S456381 129.4474 157.4412 1.333e-17 1.316e-17 9.298e-18 0.0 -67.4 0.0
S456382 129.3363 157.4326 4.902e-18 5.302e-18 4.418e-18 0.0 -66.79 0.0
S456383 129.4285 157.4338 5.2490000000000004e-20 7.901e-20 1.354e-19 0.0 -67.07 0.0
S456384 129.3964 157.4307 2.795e-16 2.309e-16 1.149e-16 0.001 -66.79 0.0
S456385 129.3453 157.4048 2.09e-17 1.918e-17 1.184e-17 0.0 -66.61 0.0
S456386 129.4542 157.4209 2.354e-16 1.859e-16 8.6e-17 0.0 -69.5 0.0
S456387 129.4325 157.4014 9.78e-16 7.569e-16 3.158e-16 0.0 -66.7 1.0
S456388 129.4798 157.4423 1.001e-15 7.551e-16 3.192e-16 0.0 -67.37 1.0
S456389 129.4192 157.396 4.792e-17 4.27e-17 2.465e-17 0.0 -66.65 0.0
S456390 129.4916 157.4489 7.481e-13 5.293e-13 1.921e-13 0.0 -67.42 0.0
S456391 129.4982 157.4501 2.66e-12 2.162e-12 1.024e-12 0.0 -67.47 1.0
S456392 129.4024 157.3874 3.486e-17 3.16e-17 1.909e-17 0.0 -66.6 0.0
S456393 129.513 157.4585 2.68e-15 1.924e-15 7.196e-16 0.0 -67.48 0.0
S456394 129.3833 157.3835 3.351e-16 2.71e-16 1.302e-16 0.0 -66.59 0.0
S456395 129.5325 157.4639 1.383e-17 1.288e-17 8.331e-18 0.0 -67.46 0.0
S456396 129.375 157.3783 4.712e-16 3.611e-16 1.581e-16 0.0 -66.61 1.0
S456397 129.3759 157.3791 1.658e-17 1.569e-17 1.007e-17 0.0 -66.57 0.0
S456398 129.5443 157.466 2.356e-15 1.686e-15 6.348e-16 0.0 -67.48 0.0
S456399 129.3441 157.3723 4.515e-17 4.119e-17 2.461e-17 0.0 -66.66 0.0
S456400 129.5689 157.4692 1.733e-15 1.237e-15 4.667e-16 0.0 -67.49 0.0
S456401 129.5688 157.4705 9.26e-13 9.91e-13 8.479e-13 0.0 -67.52 0.0
S456402 129.3236 157.3661 2.602e-13 1.773e-13 5.897e-14 0.001 -66.59 0.0
S456403 129.5941 157.4748 1.109e-15 8.457e-16 3.574e-16 0.0 -67.48 0.0
S456404 129.602 157.4766 3.707e-15 2.611e-15 9.346e-16 0.001 -67.52 0.0
S456405 129.2754 157.3594 1.304e-18 1.531e-18 1.488e-18 0.0 -66.54 0.0
S456406 129.6245 157.4784 6.258e-16 4.839e-16 2.057e-16 0.0 -67.49 1.0
S456407 129.2741 157.361 5.026e-17 7.703e-17 1.403e-16 0.0 -66.57 0.0
S456408 129.2706 157.3597 7.532e-16 5.554e-16 2.165e-16 0.0 -66.58 0.0
S456409 129.6592 157.4818 1.07e-16 8.621e-17 3.974e-17 0.001 -67.5 0.0
S456410 129.6621 157.4821 1.061e-12 7.827e-13 3.04e-13 0.0 -67.5 0.0
S456411 129.255 157.361 8.659e-16 6.639e-16 2.845e-16 0.0 -66.57 0.0
S456412 129.6827 157.4791 1.711e-16 1.432e-16 6.997e-17 0.0 -67.48 0.0
S456413 129.6919 157.4801 3.7e-16 2.928e-16 1.317e-16 0.0 -67.47 1.0
S456414 129.2124 157.3668 7.207e-15 4.971e-15 1.719e-15 0.0 -66.57 0.0
S456415 129.2021 157.36 4.27e-15 2.938e-15 1.037e-15 0.0 -66.58 0.0
S456416 129.7149 157.4776 1.625e-15 1.225e-15 5.211e-16 0.0 -67.46 0.0
S456417 129.7449 157.4779 5.529e-16 4.127e-16 1.709e-16 0.0 -67.46 0.0
S456418 129.1699 157.3665 4.773e-17 4.825e-17 3.541e-17 0.0 -66.6 0.0
S456419 129.7435 157.4748 4.606e-17 5.635e-17 6.155e-17 0.0 -67.42 0.0
S456420 129.1788 157.3706 2.586e-15 1.836e-15 6.961e-16 0.0 -66.66 0.0
S456421 129.74 157.4707 2.612e-12 2.333e-12 1.386e-12 0.0 -67.44 1.0
S456422 129.1349 157.3733 3.738e-17 3.343e-17 1.94e-17 0.0 -66.64 0.0
S456423 129.1398 157.3767 2.062e-15 1.545e-15 6.323e-16 0.0 -66.64 0.0
S456424 129.1168 157.3786 2e-16 1.628e-16 7.99e-17 0.0 -66.66 0.0
S456425 129.7956 157.4598 1.27e-12 1.017e-12 4.623e-13 0.0 -67.38 1.0
S456426 129.8208 157.4561 3.355e-16 3.729e-16 3.262e-16 0.0 -67.32 1.0
S456427 129.1108 157.3879 4.113e-15 2.814e-15 9.612e-16 0.0 -66.67 0.0
S456428 129.8037 157.4526 5.637e-18 6.046e-18 4.979e-18 0.0 -67.36 0.0
S456429 129.83 157.4457 2.822e-15 1.954e-15 6.768e-16 0.0 -67.35 0.0
S456430 129.8196 157.4407 1.14e-15 8.533e-16 3.488e-16 0.0 -67.33 0.0
S456431 129.1016 157.4008 2.122e-15 1.527e-15 5.55e-16 0.0 -66.69 0.0
S456432 129.083 157.4073 1.494e-15 1.111e-15 4.571e-16 0.0 -66.75 0.0
S456433 129.0604 157.4122 1.077e-15 8.074e-16 3.286e-16 0.0 -66.73 0.0
S456434 129.073 157.4173 4.779e-16 3.593e-16 1.456e-16 0.0 -66.77 0.0
S456435 129.0662 157.422 7.358e-16 5.645e-16 2.425e-16 0.0 -66.79 1.0
S456436 129.0771 157.4251 6.722e-17 5.754e-17 3.071e-17 0.0 -66.75 0.0
S456437 129.8578 157.4106 1.145e-14 8.065e-15 2.992e-15 0.0 -67.23 0.0
S456438 129.8384 157.4034 6.816e-15 4.675e-15 1.598e-15 0.0 -67.28 0.0
S456439 129.8229 157.3966 1.482e-18 1.714e-18 1.642e-18 0.0 -67.23 0.0
S456440 129.8649 157.3972 5.658e-17 4.868e-17 2.553e-17 0.0 -67.22 0.0
S456441 129.0618 157.4543 7.114e-17 5.863e-17 2.802e-17 0.0 -66.83 0.0
S456442 129.0642 157.4579 9.681e-16 6.952e-16 2.603e-16 0.0 -66.9 0.0
S456443 129.0873 157.4682 9.608e-16 7.227e-16 2.918e-16 0.0 -66.91 0.0
S456444 129.0416 157.4728 1.123e-16 9.046e-17 4.196e-17 0.0 -66.92 0.0
S456445 129.0672 157.4756 2.093e-15 1.512e-15 5.636e-16 0.0 -66.92 0.0
S456446 129.821 157.354 5.442e-15 3.891e-15 1.467e-15 0.0 -67.12 0.0
S456447 129.8629 157.3533 2.422e-17 2.383e-17 1.716e-17 0.0 -67.13 0.0
S456448 129.8163 157.3441 1.066e-16 1.106e-16 8.784e-17 0.0 -67.11 0.0
S456449 129.1387 157.5093 4.965e-17 4.046e-17 1.984e-17 0.0 -66.98 0.0
S456450 129.0926 157.5057 9.727e-18 9.448e-18 6.722e-18 0.0 -66.99 0.0
S456451 129.786 157.323 2.072e-16 1.661e-16 7.823e-17 0.001 -67.05 0.0
S456452 129.7957 157.3198 6.162e-16 5.913e-16 3.966e-16 0.0 -67.07 0.0
S456453 129.1362 157.5395 5.813e-18 6.298e-18 5.174e-18 0.0 -67.05 0.0
S456454 129.1342 157.5374 6.42e-15 4.548e-15 1.602e-15 0.0 -67.06 0.0
S456455 129.1339 157.5435 6.626e-16 5.001e-16 2.029e-16 0.0 -67.01 1.0
S456456 129.155 157.5537 3.632e-16 2.905e-16 1.323e-16 0.0 -67.05 1.0
S456457 129.7468 157.2728 2.803e-16 3.254e-16 3.088e-16 0.0 -66.97 0.0
S456458 129.7334 157.2762 7.674e-19 9.345e-19 1.004e-18 0.0 -66.99 0.0
S456459 129.7263 157.2746 2.85e-16 2.174e-16 9.344e-17 0.0 -66.94 1.0
S456460 129.7249 157.2596 1.497e-14 1.006e-14 3.423e-15 0.0 -66.92 0.0
S456461 129.7198 157.251 1.041e-16 2.122e-16 6.844e-16 0.0 -66.92 0.0
S456462 129.6973 157.2433 9.764e-18 9.86e-18 7.43e-18 0.0 -66.9 0.0
S456463 129.637 157.2298 1.638e-16 3.018e-16 7.835e-16 0.0 -66.86 0.0
S456464 129.2038 157.5982 1.194e-15 8.648e-16 3.442e-16 0.0 -67.17 0.0
S456465 129.4161 157.3983 1.216e-16 1.026e-16 5.067e-17 0.0 -66.62 0.0
S456466 129.4221 157.3984 2.957e-16 2.311e-16 1.006e-16 0.0 -66.66 1.0
S456467 129.4357 157.397 7.428e-17 6.158e-17 3.163e-17 0.0 -66.66 0.0
S456468 129.4177 157.3995 4.922e-16 4.02e-16 1.883e-16 0.0 -66.67 0.0
S456469 129.5012 157.4431 3.55e-16 2.85e-16 1.31e-16 0.0 -67.45 0.0
S456470 129.4057 157.3986 2.718e-20 4.6670000000000006e-20 9.998000000000001e-20 0.0 -66.61 0.0
S456471 129.5072 157.4448 1.228e-18 1.44e-18 1.405e-18 0.0 -67.48 0.0
S456472 129.4 157.391 1.595e-20 2.843e-20 6.536000000000001e-20 0.0 -66.56 0.0
S456473 129.3957 157.3905 1.462e-20 2.5970000000000002e-20 6.2e-20 0.0 -66.59 0.0
S456474 129.5141 157.4524 1.972e-16 1.664e-16 8.8e-17 0.0 -67.48 0.0
S456475 129.3924 157.3948 3.028e-19 4.321e-19 6.36e-19 0.0 -66.62 0.0
S456476 129.392 157.3946 2.1699999999999996e-22 5.612e-22 2.7730000000000002e-21 0.0 -66.59 0.0
S456477 129.3676 157.3858 3.293e-19 4.535e-19 6.378e-19 0.0 -66.58 0.0
S456478 129.5325 157.4488 1.126e-17 1.121e-17 8.12e-18 0.0 -67.48 0.0
S456479 129.5374 157.4521 5.755e-21 1.163e-20 3.477e-20 0.0 -67.51 0.0
S456480 129.5338 157.4597 3.611e-18 3.95e-18 3.356e-18 0.0 -67.44 0.0
S456481 129.3629 157.3902 6.717e-19 8.874e-19 1.128e-18 0.0 -66.58 0.0
S456482 129.3614 157.3863 4.446e-17 3.882e-17 2.145e-17 0.0 -66.57 0.0
S456483 129.3487 157.3818 6.801e-16 5.207e-16 2.128e-16 0.0 -66.58 1.0
S456484 129.351 157.3756 2.87e-17 2.613e-17 1.595e-17 0.0 -66.56 0.0
S456485 129.3371 157.3825 5.48e-18 5.617e-18 4.235e-18 0.0 -66.59 0.0
S456486 129.5603 157.4566 1.259e-18 1.492e-18 1.516e-18 0.0 -67.52 0.0
S456487 129.3381 157.3817 1.973e-17 1.82e-17 1.134e-17 0.0 -66.56 0.0
S456488 129.587 157.4636 1.706e-15 1.234e-15 4.613e-16 0.0 -67.47 0.0
S456489 129.3393 157.376 1.607e-15 1.181e-15 4.728e-16 0.0 -66.6 0.0
S456490 129.5712 157.4579 3.413e-17 3.009e-17 1.625e-17 0.0 -67.46 0.0
S456491 129.3115 157.3802 9.494e-17 1.41e-16 2.295e-16 0.0 -66.56 0.0
S456492 129.301 157.373 1.552e-15 1.098e-15 4.045e-16 0.0 -66.56 0.0
S456493 129.3072 157.372 3.286e-16 2.537e-16 1.1e-16 0.0 -66.54 1.0
S456494 129.5815 157.4603 7.996000000000001e-20 1.259e-19 2.279e-19 0.0 -67.48 0.0
S456495 129.6034 157.4742 4.28e-17 3.687e-17 2.034e-17 0.0 -67.51 0.0
S456496 129.2973 157.3751 1.556e-22 4.606e-22 3.202e-21 0.0 -66.61 0.0
S456497 129.6033 157.4648 3.404e-16 2.504e-16 1.03e-16 0.0 -67.47 0.0
S456498 129.6079 157.4731 2.353e-18 2.652e-18 2.457e-18 0.0 -67.47 0.0
S456499 129.3073 157.3816 7.912e-18 8.243e-18 6.435e-18 0.0 -66.62 0.0
S456500 129.2815 157.3731 1.231e-17 1.194e-17 8.025e-18 0.0 -66.57 0.0
S456501 129.2801 157.3655 8.051e-23 1.919e-22 8.740999999999998e-22 0.0 -66.57 0.0
S456502 129.6323 157.4698 3.963e-21 2.74e-21 9.806e-22 0.0 -67.47 0.0
S456503 129.6483 157.462 1.97e-12 1.429e-12 5.499e-13 0.0 -67.46 0.0
S456504 129.6351 157.475 5.694e-17 7.347e-17 8.736e-17 0.0 -67.47 0.0
S456505 129.657 157.4632 1.049e-17 1.058e-17 7.644e-18 0.0 -67.47 0.0
S456506 129.2457 157.3694 2.261e-18 2.512e-18 2.306e-18 0.0 -66.58 0.0
S456507 129.2471 157.3712 1.168e-15 8.553e-16 3.388e-16 0.0 -66.6 0.0
S456508 129.6567 157.4643 1.481e-21 3.427e-21 1.3990000000000002e-20 0.0 -67.44 0.0
S456509 129.678 157.4701 7.552e-16 6.956e-16 4.272e-16 0.0 -67.48 0.0
S456510 129.2522 157.3722 7.166e-19 7.826e-19 6.922e-19 0.0 -66.59 0.0
S456511 129.2489 157.3803 2.149e-18 2.442e-18 2.311e-18 0.0 -66.61 0.0
S456512 129.6255 157.4619 8.235e-18 8.3e-18 6.148e-18 0.001 -67.44 0.0
S456513 129.684 157.4678 4.273e-21 3.015e-21 1.088e-21 0.0 -67.47 0.0
S456514 129.232 157.3679 1.271e-16 1.032e-16 4.967e-17 0.0 -66.63 0.0
S456515 129.2333 157.3757 6.908e-16 5.46e-16 2.478e-16 0.0 -66.6 1.0
S456516 129.709 157.4674 2.877e-16 2.516e-16 1.44e-16 0.0 -67.44 0.0
S456517 129.6824 157.4684 4.107e-18 4.117e-18 3.008e-18 0.001 -67.45 0.0
S456518 129.2144 157.3866 5.368e-18 5.784e-18 5.125e-18 0.0 -66.67 0.0
S456519 129.7223 157.4631 6.556e-19 8.347e-19 9.836e-19 0.0 -67.43 0.0
S456520 129.166 157.3727 1.176e-16 9.153e-17 4.057e-17 0.0 -66.58 0.0
S456521 129.1775 157.3776 7.256e-13 5.857e-13 2.718e-13 0.0 -66.65 0.0
S456522 129.1634 157.3797 9.283e-21 1.79e-20 4.9050000000000003e-20 0.0 -66.65 0.0
S456523 129.1864 157.3834 2.366e-16 1.9e-16 8.944e-17 0.001 -66.68 0.0
S456524 129.1794 157.3835 9.215e-19 1.068e-18 1.084e-18 0.0 -66.64 0.0
S456525 129.7265 157.4594 2.25e-17 2.154e-17 1.422e-17 0.0 -67.41 0.0
S456526 129.7114 157.4568 2.232e-18 2.516e-18 2.412e-18 0.0 -67.37 0.0
S456527 129.2023 157.3857 1.861e-16 1.887e-16 1.425e-16 0.0 -66.68 0.0
S456528 129.2035 157.389 1.471e-18 1.704e-18 1.652e-18 0.0 -66.62 0.0
S456529 129.7674 157.4509 4.086e-18 4.225e-18 3.386e-18 0.0 -67.39 0.0
S456530 129.7064 157.4503 5.375e-21 1.1290000000000001e-20 3.671e-20 0.0 -67.4 0.0
S456531 129.789 157.4472 1.413e-19 2.129e-19 3.617e-19 0.0 -67.35 0.0
S456532 129.1263 157.3952 1.513e-16 1.222e-16 5.769e-17 0.0 -66.68 0.0
S456533 129.1458 157.3919 2.392e-16 1.88e-16 8.366e-17 0.0 -66.7 0.0
S456534 129.1751 157.3913 9.59e-19 1.254e-18 1.541e-18 0.0 -66.7 0.0
S456535 129.742 157.4494 4.624e-20 7.135000000000001e-20 1.261e-19 0.0 -67.36 0.0
S456536 129.1495 157.3978 1.85e-15 1.345e-15 5.072e-16 0.0 -66.69 0.0
S456537 129.1372 157.4 9.251999999999999e-23 2.6769999999999997e-22 1.726e-21 0.0 -66.68 0.0
S456538 129.1426 157.4031 2.985e-21 6.27e-21 2.1060000000000003e-20 0.0 -66.72 0.0
S456539 129.1411 157.3995 6.217e-21 1.1200000000000002e-20 2.8270000000000003e-20 0.0 -66.69 0.0
S456540 129.1734 157.4065 3.999e-17 3.465e-17 1.875e-17 0.0 -66.74 0.0
S456541 129.1632 157.4068 6.302e-21 4.3090000000000004e-21 1.406e-21 0.0 -66.74 0.0
S456542 129.1104 157.4073 7.517e-17 6.22e-17 3.033e-17 0.0 -66.71 0.0
S456543 129.7196 157.4268 1.664e-12 1.306e-12 5.851e-13 0.0 -67.31 1.0
S456544 129.7604 157.4274 6.425e-17 5.682e-17 3.303e-17 0.0 -67.36 0.0
S456545 129.7971 157.4263 2.425e-17 2.298e-17 1.455e-17 0.0 -67.3 0.0
S456546 129.1315 157.4133 7.859e-17 6.849e-17 3.633e-17 0.0 -66.75 0.0
S456547 129.1435 157.4193 8.73e-16 6.253e-16 2.327e-16 0.0 -66.78 0.0
S456548 129.1008 157.4164 3.364e-17 3.037e-17 1.785e-17 0.0 -66.76 0.0
S456549 129.0829 157.4173 2.094e-15 1.487e-15 5.285e-16 0.0 -66.73 0.0
S456550 129.1194 157.4216 1.104e-24 4.554e-24 6.351e-23 0.0 -66.78 0.0
S456551 129.7963 157.4172 1.336e-19 1.834e-19 2.643e-19 0.0 -67.27 0.0
S456552 129.1561 157.4267 1.545e-16 1.327e-16 7.249e-17 0.0 -66.86 0.0
S456553 129.1277 157.4295 2.089e-19 2.946e-19 4.236e-19 0.0 -66.8 0.0
S456554 129.777 157.4087 1.017e-17 1.027e-17 7.448e-18 0.0 -67.24 0.0
S456555 129.1153 157.4324 5.308e-17 5.027e-17 3.17e-17 0.0 -66.77 0.0
S456556 129.7689 157.4031 1.195e-19 1.726e-19 2.674e-19 0.0 -67.21 0.0
S456557 129.0807 157.4311 3.018e-16 2.248e-16 8.958e-17 0.0 -66.8 0.0
S456558 129.7938 157.3973 1.469e-15 1.043e-15 3.812e-16 0.0 -67.24 0.0
S456559 129.1381 157.4416 3.196e-16 3.424e-16 2.799e-16 0.001 -66.83 0.0
S456560 129.8237 157.3932 1.264e-17 1.284e-17 9.333e-18 0.0 -67.22 0.0
S456561 129.7874 157.3932 1.91e-17 1.79e-17 1.142e-17 0.0 -67.19 0.0
S456562 129.82 157.3925 3.625e-26 2.241e-25 6.96e-24 0.0 -67.18 0.0
S456563 129.8106 157.3819 1.244e-18 1.551e-18 1.752e-18 0.0 -67.15 0.0
S456564 129.8344 157.3874 6.83e-17 8.783e-17 1.057e-16 0.0 -67.16 0.0
S456565 129.7849 157.3812 5.715000000000001e-20 9.646e-20 2.047e-19 0.0 -67.2 0.0
S456566 129.1206 157.4627 5.878e-19 7.369e-19 8.391e-19 0.0 -66.9 0.0
S456567 129.0853 157.4602 6.053e-18 6.599e-18 5.593e-18 0.0 -66.9 0.0
S456568 129.8337 157.3711 1.344e-24 5.245e-24 6.37e-23 0.0 -67.18 0.0
S456569 129.8133 157.3682 3.97e-17 3.655e-17 2.224e-17 0.0 -67.16 0.0
S456570 129.8043 157.3635 1.075e-12 7.493e-13 2.65e-13 0.0 -67.15 0.0
S456571 129.8089 157.3655 1.149e-12 1.173e-12 9.088e-13 0.0 -67.16 1.0
S456572 129.0607 157.4812 1.822e-16 1.464e-16 6.749e-17 0.0 -66.91 0.0
S456573 129.7667 157.3648 7.756999999999999e-22 1.767e-21 7.011e-21 0.0 -67.14 0.0
S456574 129.8172 157.3558 4.405e-16 3.283e-16 1.291e-16 0.0 -67.14 0.0
S456575 129.8092 157.3575 9.78e-17 8.037e-17 3.971e-17 0.0 -67.14 0.0
S456576 129.7963 157.3352 2.663e-16 3.2e-16 3.366e-16 0.0 -67.1 0.0
S456577 129.1315 157.4947 8.471e-18 9.182e-18 7.927e-18 0.0 -66.94 0.0
S456578 129.7632 157.3345 6.028e-19 7.756e-19 9.31e-19 0.0 -67.05 0.0
S456579 129.126 157.5059 2.588e-24 8.981e-24 8.985999999999999e-23 0.0 -66.98 0.0
S456580 129.7331 157.328 1.004e-17 1.36e-17 1.817e-17 0.0 -67.02 0.0
S456581 129.1185 157.5193 1.188e-21 2.809e-21 1.2080000000000002e-20 0.0 -66.99 0.0
S456582 129.0981 157.4962 2.183e-16 1.77e-16 8.24e-17 0.0 -66.94 1.0
S456583 129.7688 157.3321 1.348e-16 1.101e-16 5.426e-17 0.0 -67.05 0.0
S456584 129.7597 157.3263 4.965e-16 5.072e-16 3.859e-16 0.0 -67.05 0.0
S456585 129.7373 157.3234 4.23e-16 3.643e-16 1.953e-16 0.0 -67.0 0.0
S456586 129.1566 157.5135 2.5629999999999998e-23 8.78e-23 8.111999999999999e-22 0.0 -67.01 0.0
S456587 129.7126 157.3088 2.947e-16 2.238e-16 9.307e-17 0.0 -67.0 1.0
S456588 129.7843 157.3049 6.102e-17 5.164e-17 2.683e-17 0.0 -67.04 0.0
S456589 129.1427 157.5169 1.045e-17 1.051e-17 7.721e-18 0.0 -67.01 0.0
S456590 129.1501 157.5239 3.288e-16 2.675e-16 1.292e-16 0.0 -67.08 0.0
S456591 129.2261 157.5321 1.086e-16 9.079e-17 4.748e-17 0.0 -67.08 0.0
S456592 129.715 157.2868 7.917e-16 6.286e-16 2.875e-16 0.0 -66.99 1.0
S456593 129.7099 157.289 1.346e-18 1.587e-18 1.58e-18 0.0 -66.98 0.0
S456594 129.6979 157.2906 7.982e-16 6.018e-16 2.429e-16 0.0 -66.99 0.0
S456595 129.1576 157.5216 6.964e-17 6.037e-17 3.293e-17 0.0 -66.92 0.0
S456596 129.6912 157.2782 3.99e-16 4.381e-16 3.825e-16 0.0 -66.94 0.0
S456597 129.2372 157.5808 3.141e-17 3.011e-17 2.018e-17 0.0 -67.15 0.0
S456598 129.7629 157.3094 1.568e-16 1.823e-16 1.771e-16 0.0 -67.01 0.0
S456599 129.1908 157.5558 1.005e-16 8.549e-17 4.536e-17 0.0 -67.06 0.0
S456600 129.6816 157.2688 1.182e-17 1.206e-17 8.894e-18 0.0 -66.9 0.0
S456601 129.1845 157.5619 2.148e-21 4.348e-21 1.32e-20 0.0 -67.09 0.0
S456602 129.6917 157.2831 3.724e-17 3.35e-17 1.944e-17 0.0 -66.96 0.0
S456603 129.2685 157.5964 3.685e-24 1.5069999999999998e-23 2.0509999999999998e-22 0.0 -67.2 0.0
S456604 129.221 157.5905 7.928000000000001e-20 1.279e-19 2.518e-19 0.0 -67.11 0.0
S456605 129.2234 157.5946 1.19e-16 9.874e-17 4.865e-17 0.0 -67.14 0.0
S456606 129.2436 157.5963 3.224e-16 2.724e-16 1.35e-16 0.0 -67.13 0.0
S456607 129.2948 157.5698 1.547e-16 1.23e-16 5.667e-17 0.0 -67.16 1.0
S456608 129.3228 157.6126 1.276e-16 1.07e-16 5.533e-17 0.0 -67.23 0.0
S456609 129.2983 157.5962 1.054e-19 1.6e-19 2.718e-19 0.0 -67.2 0.0
S456610 129.5834 157.241 1.472e-21 3.377e-21 1.3240000000000001e-20 0.0 -66.88 0.0
S456611 129.2717 157.6204 2.95e-17 2.63e-17 1.541e-17 0.0 -67.19 0.0
S456612 129.312 157.6355 1.477e-19 2.06e-19 2.908e-19 0.0 -67.21 0.0
S456613 129.6356 157.2384 2.231e-15 1.602e-15 5.89e-16 0.0 -66.83 0.0
S456614 129.577 157.183 1.839e-16 1.999e-16 1.696e-16 0.0 -66.82 0.0
S456615 129.633 157.249 7.061e-18 7.043e-18 5.223e-18 0.0 -66.87 0.0
S456616 129.3107 157.5977 1.402e-16 1.155e-16 5.642e-17 0.0 -67.21 0.0
S456617 129.6168 157.2289 1.352e-19 2.107e-19 3.661e-19 0.0 -66.9 0.0
S456618 129.5179 157.1822 4.708e-16 3.52e-16 1.418e-16 0.0 -66.77 0.0
S456619 129.3342 157.6389 4.791e-16 3.848e-16 1.81e-16 0.0 -67.21 0.0
S456620 129.345 157.6063 1.157e-16 9.468e-17 4.798e-17 0.0 -67.23 0.0
S456621 129.5022 157.1801 9.66e-18 9.519e-18 6.754e-18 0.0 -66.81 0.0
