Name Equatorial Polar BlueF GreenF RedF Parallax RadialVelocity Variable?
S450255 143.4201 156.5117 1.0159999999999999e-22 2.7369999999999997e-22 1.54e-21 0.0 -66.56 0.0
S450256 143.4885 156.5098 1.046e-21 2.406e-21 9.882e-21 0.0 -66.48 0.0
S450257 143.4334 156.519 7.159e-19 8.719e-19 9.671e-19 0.0 -66.64 0.0
S450258 143.5718 156.5457 8.114e-18 8.34e-18 6.371e-18 0.0 -66.42 0.0
S450259 143.6119 156.4589 2.3439999999999998e-23 7.387e-23 5.814999999999999e-22 0.0 -65.8 0.0
S450260 143.4946 156.5013 1.071e-17 1.055e-17 7.375e-18 0.0 -66.2 0.0
S450261 143.5573 156.4902 5.476e-18 5.74e-18 4.387e-18 0.0 -66.02 0.0
S450262 143.3896 156.5644 6.398e-21 4.326e-21 1.376e-21 0.0 -66.92 0.0
S450263 143.5193 156.5083 2.4819999999999998e-23 8.197999999999999e-23 7.204999999999999e-22 0.0 -66.33 0.0
S450264 143.5321 156.4692 1.795e-16 1.408e-16 6.432e-17 0.0 -65.93 0.0
S450265 143.4379 156.5329 2.7550000000000002e-21 5.255e-21 1.473e-20 0.0 -66.85 0.0
S450266 143.5031 156.5443 8.02e-21 1.497e-20 3.967e-20 0.0 -66.56 0.0
S450267 143.4975 156.5024 2.217e-21 5.019e-21 1.9480000000000002e-20 0.0 -65.95 0.0
S450268 143.3888 156.5554 4.423e-21 9.243e-21 3.2000000000000003e-20 0.0 -66.93 0.0
S450269 143.4884 156.5023 1.483e-16 1.383e-16 8.51e-17 0.0 -66.93 0.0
S450270 143.5723 156.467 2.515e-17 2.31e-17 1.45e-17 0.0 -65.81 0.0
S450271 143.4497 156.4165 7.587e-20 1.138e-19 1.846e-19 0.0 -66.14 0.0
S450272 143.4276 156.5181 5.3200000000000004e-21 3.688e-21 1.274e-21 0.0 -66.63 0.0
S450273 143.5171 156.4978 2.795e-21 6.136e-21 2.2780000000000003e-20 0.001 -66.19 0.0
S450274 143.4914 156.5064 1.2650000000000002e-20 2.3100000000000003e-20 5.805e-20 0.0 -66.49 0.0
S450275 143.4565 156.4782 9.785999999999999e-22 2.265e-21 9.646e-21 0.0 -66.26 0.0
S450276 143.4737 156.5321 1.7749999999999998e-23 5.2859999999999997e-23 3.6579999999999997e-22 0.0 -66.73 0.0
S450277 143.3634 156.6069 3.452e-21 6.63e-21 1.9400000000000003e-20 0.0 -66.95 0.0
S450278 143.4718 156.4924 4.2010000000000003e-20 6.829000000000001e-20 1.345e-19 0.0 -66.3 0.0
S450279 143.4142 156.6035 2.726e-21 5.2730000000000005e-21 1.4510000000000002e-20 0.0 -66.77 0.0
S450280 143.5118 156.5033 5.660999999999999e-23 1.5189999999999997e-22 8.142999999999999e-22 0.0 -66.27 0.0
S450281 143.4575 156.52 4.357999999999999e-22 1.094e-21 5.458e-21 0.0 -66.76 0.0
S450282 143.4326 156.5324 3.794e-19 5.127e-19 6.935e-19 0.0 -66.88 0.0
S450283 143.3715 156.4987 3.036e-22 6.359999999999999e-22 2.139e-21 0.0 -66.45 0.0
S450284 143.5134 156.5067 7.893e-19 9.411e-19 9.645e-19 0.0 -66.07 0.0
S450285 143.8645 156.3283 4.614e-23 1.3869999999999999e-22 9.866e-22 0.0 -65.71 0.0
S450286 143.2784 156.6153 1.371e-16 1.372e-16 9.877e-17 0.0 -66.97 0.0
S450287 143.5103 156.4864 2.312e-19 3.147e-19 4.357e-19 0.001 -65.89 0.0
S450288 143.3968 156.525 1.842e-21 4.087e-21 1.4990000000000002e-20 0.0 -66.72 0.0
S450289 143.4266 156.511 1.612e-19 2.258e-19 3.328e-19 0.0 -66.51 0.0
S450290 143.4821 156.5007 5.167e-22 1.312e-21 6.42e-21 0.0 -66.41 0.0
S450291 143.4803 156.5208 9.571999999999998e-22 2.2680000000000002e-21 1.0080000000000002e-20 0.0 -66.76 0.0
S450292 143.6072 156.5385 5.149e-24 1.984e-23 2.2829999999999997e-22 0.0 -66.38 0.0
S450293 143.4802 156.5273 5.321999999999999e-22 1.2290000000000001e-21 5.103e-21 0.0 -66.82 0.0
S450294 143.5459 156.4854 6.374e-19 7.7e-19 8.474e-19 0.0 -65.99 0.0
S450295 143.5052 156.5023 4.62e-22 1.138e-21 5.309e-21 0.0 -66.16 0.0
S450296 143.5528 156.5012 3.37e-12 2.832e-12 1.439e-12 0.0 -66.2 1.0
S450297 143.6716 156.4462 3.266e-19 4.324e-19 5.513e-19 0.0 -65.9 0.0
S450298 143.4894 156.5335 2.715e-21 5.2600000000000004e-21 1.4930000000000002e-20 0.0 -66.58 0.0
S450299 143.493 156.4988 1.964e-22 5.05e-22 2.496e-21 0.0 -66.11 0.0
S450300 143.5684 156.4563 5.638e-17 5.059e-17 2.883e-17 0.0 -65.77 0.0
S450301 143.5377 156.5014 7.419000000000001e-21 1.4030000000000002e-20 3.7300000000000004e-20 0.0 -66.16 0.0
S450302 143.531 156.4738 5.56e-21 3.797e-21 1.3270000000000001e-21 0.0 -65.88 0.0
S450303 143.3514 156.5879 3.983e-18 4.472e-18 3.971e-18 0.0 -66.99 0.0
S450304 143.4772 156.4981 2.2860000000000002e-20 4.0530000000000006e-20 9.425000000000001e-20 0.0 -66.34 0.0
S450305 143.4773 156.5106 3.8250000000000006e-20 6.126e-20 1.165e-19 0.0 -66.76 0.0
S450306 143.5078 156.5037 5.343e-21 3.678e-21 1.27e-21 0.0 -66.3 0.0
S450307 143.4446 156.5085 2.217e-21 4.881e-21 1.7680000000000003e-20 0.0 -66.62 0.0
S450308 143.4194 156.5122 1.054e-21 2.173e-21 6.972e-21 0.0 -66.59 0.0
S450309 143.5118 156.5133 1.8869999999999998e-23 5.981999999999999e-23 4.778e-22 0.0 -66.74 0.0
S450310 143.5634 156.5531 2.314e-19 3.175e-19 4.333e-19 0.0 -66.44 0.0
S450311 143.4907 156.5052 5.018e-17 4.415e-17 2.443e-17 0.0 -66.89 0.0
S450312 143.4545 156.5268 1.275e-18 1.51e-18 1.482e-18 0.0 -66.78 0.0
S450313 143.5368 156.4799 5.065e-21 1.044e-20 3.4250000000000006e-20 0.0 -65.94 0.0
S450314 143.4981 156.5139 1.186e-23 3.568e-23 2.562e-22 0.0 -66.78 0.0
S450315 143.5917 156.4503 1.926e-19 2.675e-19 3.832e-19 0.0 -65.81 0.0
S450316 143.4928 156.4856 1.5389999999999998e-22 3.7429999999999994e-22 1.662e-21 0.0 -66.13 0.0
S450317 143.4653 156.504 8.168e-17 6.905e-17 3.594e-17 0.0 -66.64 0.0
S450318 143.4981 156.5029 9.673e-22 1.951e-21 6.007e-21 0.0 -66.17 0.0
S450319 143.5617 156.471 1.487e-21 2.997e-21 9.382e-21 0.0 -65.83 0.0
S450320 143.4969 156.5032 2.6390000000000002e-20 4.3420000000000007e-20 8.760000000000001e-20 0.0 -65.16 0.0
S450321 143.5216 156.4801 6.307999999999999e-23 1.938e-22 1.481e-21 0.0 -66.05 0.0
S450322 143.5739 156.4653 1.2259999999999998e-22 3.1749999999999997e-22 1.615e-21 0.0 -65.8 0.0
S450323 143.4859 156.4908 1.136e-19 1.681e-19 2.744e-19 0.0 -66.19 0.0
S450324 143.3049 156.6101 4.368e-21 3.144e-21 1.175e-21 0.0 -66.94 0.0
S450325 143.4569 156.5345 2.184e-12 1.548e-12 5.72e-13 0.0 -66.8 0.0
S450326 143.4439 156.5902 6.693e-21 1.3850000000000002e-20 4.5310000000000004e-20 0.0 -66.78 0.0
S450327 143.4866 156.5455 5.160999999999999e-22 1.233e-21 5.524e-21 0.0 -66.65 0.0
S450328 143.4912 156.5055 5.969999999999999e-23 1.7679999999999998e-22 1.207e-21 0.0 -66.95 0.0
S450329 143.4473 156.5536 1.855e-18 2.134e-18 2.03e-18 0.0 -66.81 0.0
S450330 143.583 156.4811 4.124e-18 4.467e-18 3.753e-18 0.0 -65.94 0.0
S450331 143.2511 156.6172 2.5e-21 5.027e-21 1.577e-20 0.0 -66.96 0.0
S450332 143.4286 156.5389 6.912e-19 8.571e-19 9.379e-19 0.0 -66.87 0.0
S450333 143.5366 156.5233 2.9970000000000005e-20 4.9100000000000005e-20 9.849e-20 0.0 -66.42 0.0
S450334 143.4603 156.526 1.0740000000000001e-20 2.019e-20 5.441e-20 0.0 -66.81 0.0
S450335 143.3867 156.5891 2.545e-22 6.066999999999999e-22 2.62e-21 0.001 -66.92 0.0
S450336 143.5015 156.5163 7.494e-23 2.205e-22 1.476e-21 0.0 -66.48 0.0
S450337 143.4693 156.5057 1.337e-19 2.018e-19 3.252e-19 0.0 -66.64 0.0
S450338 143.5096 156.5104 6.938e-17 5.663e-17 2.744e-17 0.0 -66.43 0.0
S450339 143.1264 156.705 1.8300000000000003e-20 3.1700000000000005e-20 7.100000000000001e-20 0.0 -67.03 0.0
S450340 143.5238 156.4876 7.292e-23 2.0389999999999997e-22 1.221e-21 0.0 -65.87 0.0
S450341 143.6201 156.449 2.428e-18 2.765e-18 2.645e-18 0.0 -65.9 0.0
S450342 143.339 156.5674 5.504999999999999e-23 1.485e-22 8.261999999999999e-22 0.0 -66.94 0.0
S450343 143.5021 156.543 5.0460000000000004e-21 3.514e-21 1.2080000000000001e-21 0.0 -66.6 0.0
S450344 143.5168 156.5391 2.758e-18 3.101e-18 2.942e-18 0.0 -66.49 0.0
S450345 143.2479 156.557 4.498e-23 1.1929999999999998e-22 6.717999999999999e-22 0.0 -66.72 0.0
S450346 143.5814 156.4495 3.1949999999999996e-22 8.091e-22 3.914e-21 0.0 -65.74 0.0
S450347 143.5516 156.4511 5.693e-18 6.05e-18 5.118e-18 0.0 -65.79 0.0
S450348 143.6372 156.4585 4.994999999999999e-22 1.106e-21 4.193e-21 0.0 -66.01 0.0
S450349 143.6093 156.4385 1.784e-20 3.285e-20 8.441e-20 0.0 -65.77 0.0
S450350 143.5088 156.4363 4.56e-21 9.251e-21 3.043e-20 0.0 -66.0 0.0
S450351 143.4714 156.5104 5.308000000000001e-20 8.393000000000001e-20 1.555e-19 0.0 -66.71 0.0
S450352 143.5287 156.4909 1.221e-22 3.065e-22 1.531e-21 0.0 -65.94 0.0
S450353 143.744 156.3791 2.546e-23 7.882e-23 5.958999999999999e-22 0.0 -65.73 0.0
S450354 143.481 156.5102 8.034e-21 1.3990000000000002e-20 3.196e-20 0.0 -66.71 0.0
S450355 143.4951 156.5028 7.798999999999999e-22 1.863e-21 8.044e-21 0.0 -66.24 0.0
S450356 143.3952 156.5606 2.895e-21 5.616e-21 1.607e-20 0.0 -66.96 0.0
S450357 143.5033 156.5066 1.73e-22 4.633e-22 2.555e-21 0.0 -66.36 0.0
S450358 143.502 156.4951 2.3e-19 3.018e-19 3.835e-19 0.0 -66.01 0.0
S450359 143.4799 156.506 1.234e-21 2.807e-21 1.1140000000000001e-20 0.0 -66.57 0.0
S450360 143.1086 156.6658 1.237e-21 2.942e-21 1.2880000000000001e-20 0.001 -66.86 0.0
S450361 143.4909 156.4883 4.942e-16 4.447e-16 2.534e-16 0.0 -65.98 0.0
S450362 143.2151 156.6565 1.599e-24 6.761e-24 9.511e-23 0.0 -67.01 0.0
S450363 143.4297 156.5319 1.85e-12 1.4e-12 5.635e-13 0.0 -66.85 0.0
S450364 143.4949 156.5073 8.3e-18 8.47e-18 6.614e-18 0.0 -66.89 0.0
S450365 143.5154 156.4975 8.603e-13 5.77e-13 1.92e-13 0.0 -65.97 0.0
S450366 143.4771 156.529 2.931e-23 9.516e-23 7.933999999999999e-22 0.001 -66.76 0.0
S450367 143.7004 156.4614 1.611e-21 3.194e-21 9.803e-21 0.0 -66.02 0.0
S450368 143.3177 156.6108 3.997e-19 5.114e-19 6.235e-19 0.001 -66.98 0.0
S450369 143.6977 156.4901 9.422999999999998e-22 2.039e-21 7.342e-21 0.0 -66.14 0.0
S450370 143.5027 156.4947 6.720999999999999e-23 2.122e-22 1.69e-21 0.0 -65.99 0.0
S450371 143.525 156.4636 2.4529999999999999e-23 7.736e-23 6.138999999999999e-22 0.0 -65.89 0.0
S450372 143.4829 156.4997 1.022e-21 2.254e-21 8.695e-21 0.0 -66.31 0.0
S450373 143.5821 156.4555 1.827e-19 2.594e-19 3.894e-19 0.0 -65.74 0.0
S450374 143.4187 156.5417 5.143999999999999e-22 1.218e-21 5.337e-21 0.0 -66.91 0.0
S450375 143.5107 156.5079 2.2619999999999998e-22 5.348e-22 2.298e-21 0.0 -66.55 0.0
S450376 143.3488 156.6043 1.659e-22 4.098e-22 1.948e-21 0.0 -67.0 0.0
S450377 143.5832 156.4162 8.788e-21 1.666e-20 4.5580000000000005e-20 0.0 -65.79 0.0
S450378 143.4658 156.4841 1.615e-12 1.162e-12 4.39e-13 0.0 -66.27 0.0
S450379 143.7437 156.3897 2.391e-21 4.9520000000000004e-21 1.6410000000000002e-20 0.0 -65.75 0.0
S450380 143.5597 156.4604 3.8219999999999997e-22 9.876999999999999e-22 5.188e-21 0.0 -65.77 0.0
S450381 143.4626 156.5112 4.753e-16 4.632e-16 3.234e-16 0.0 -66.78 0.0
S450382 143.4861 156.502 7.495e-17 6.082e-17 2.896e-17 0.0 -66.84 0.0
S450383 143.5189 156.5092 2.3409999999999996e-22 6.423999999999999e-22 3.707e-21 0.0 -66.32 0.0
S450384 143.4721 156.4699 1.643e-18 1.971e-18 1.996e-18 0.0 -66.09 0.0
S450385 143.406 156.4793 1.143e-21 2.478e-21 8.766e-21 0.0 -66.33 0.0
S450386 143.2581 156.5387 6.105e-16 5.234e-16 2.769e-16 0.0 -66.61 0.0
S450387 143.5106 156.5086 1.3559999999999998e-22 3.483e-22 1.782e-21 0.0 -66.57 0.0
S450388 143.6418 156.4309 3.251e-18 3.62e-18 3.278e-18 0.0 -65.78 0.0
S450389 143.42 156.6351 4.891e-16 4.851e-16 3.418e-16 0.0 -66.74 0.0
S450390 143.4893 156.5275 1.415e-20 2.498e-20 5.936e-20 0.0 -66.65 0.0
S450391 143.5606 156.5003 1.3400000000000001e-20 2.301e-20 5.2470000000000006e-20 0.0 -66.19 0.0
S450392 143.5007 156.4981 4.8400000000000006e-20 7.531e-20 1.328e-19 0.0 -65.93 0.0
S450393 143.4851 156.5089 4.381e-22 1.026e-21 4.429e-21 0.0 -66.81 0.0
S450394 143.4413 156.4999 3.562e-21 2.597e-21 9.774e-22 0.0 -66.46 0.0
S450395 143.5003 156.5037 4.531e-22 1.17e-21 6.1e-21 0.0 -66.26 0.0
S450396 143.1899 156.6938 3.128e-19 4.394e-19 6.214e-19 0.0 -67.03 0.0
S450397 143.4705 156.5068 3.446e-21 7.359e-21 2.6340000000000003e-20 0.0 -66.64 0.0
S450398 143.5043 156.5071 9.2e-24 2.954e-23 2.472e-22 0.0 -66.41 0.0
S450399 143.4269 156.535 1.508e-21 3.3e-21 1.1720000000000001e-20 0.0 -66.85 0.0
S450400 143.5239 156.4983 2.63e-19 3.466e-19 4.305e-19 0.0 -66.2 0.0
S450401 143.5692 156.4686 7.279999999999999e-22 1.578e-21 5.684e-21 0.0 -65.89 0.0
S450402 143.4807 156.5136 1.3379999999999998e-23 4.297e-23 3.5499999999999995e-22 0.0 -66.62 0.0
S450403 143.4575 156.5042 5.757e-23 1.652e-22 1.1e-21 0.0 -66.46 0.0
S450404 143.4801 156.5082 9.505e-24 3.1699999999999996e-23 2.836e-22 0.0 -66.62 0.0
S450405 143.1512 156.5398 9.166e-13 6.433e-13 2.282e-13 0.0 -66.54 0.0
S450406 143.3323 156.6194 1.091e-19 1.674e-19 2.922e-19 0.0 -66.98 0.0
S450407 143.5217 156.4974 2.717e-19 3.742e-19 5.218e-19 0.0 -65.99 0.0
S450408 143.5088 156.499 3.761e-16 4.149e-16 3.681e-16 0.0 -66.05 0.0
S450409 143.6068 156.4451 8.47e-18 8.877e-18 6.959e-18 0.0 -65.76 1.0
S450410 143.5052 156.5347 2.521e-21 4.585e-21 1.1340000000000002e-20 0.0 -66.64 0.0
S450411 143.7941 156.3638 3.665e-20 6.409e-20 1.435e-19 0.0 -65.72 0.0
S450412 143.4857 156.5022 1.822e-20 2.953e-20 5.751e-20 0.001 -66.44 0.0
S450413 143.5131 156.492 4.662e-19 5.802e-19 6.652e-19 0.0 -65.94 0.0
S450414 143.3086 156.6253 3.635e-19 4.858e-19 6.325e-19 0.0 -66.97 0.0
S450415 143.5197 156.5029 3.09e-23 8.883e-23 5.659e-22 0.0 -66.22 0.0
S450416 143.5057 156.495 1.886e-22 4.972e-22 2.721e-21 0.0 -65.95 0.0
S450417 143.5394 156.4953 1.221e-22 3.281e-22 1.9110000000000002e-21 0.0 -66.08 0.0
S450418 143.5501 156.4838 2.499e-21 4.949e-21 1.419e-20 0.0 -65.99 0.0
S450419 143.451 156.5297 1.607e-22 4.363e-22 2.513e-21 0.0 -66.85 0.0
S450420 143.51 156.5056 9.327000000000001e-26 5.091e-25 1.274e-23 0.0 -66.33 0.0
S450421 143.4858 156.5578 1.437e-19 2.108e-19 3.414e-19 0.0 -66.58 0.0
S450422 143.4879 156.509 9.5e-24 3.49e-23 3.7359999999999995e-22 0.0 -66.77 0.0
S450423 143.5897 156.4521 8.457e-24 2.659e-23 2.0819999999999999e-22 0.0 -65.73 0.0
S450424 143.345 156.6579 2.263e-21 4.53e-21 1.435e-20 0.0 -66.88 0.0
S450425 143.4964 156.5073 3.169e-25 1.692e-24 3.842e-23 0.0 -66.87 0.0
S450426 143.4923 156.4896 1.666e-23 4.91e-23 3.2609999999999995e-22 0.0 -66.22 0.0
S450427 143.6535 156.4589 5.015e-21 3.462e-21 1.236e-21 0.0 -65.93 0.0
S450428 143.5017 156.5327 2.315e-19 3.169e-19 4.203e-19 0.0 -66.58 0.0
S450429 143.7168 156.4204 3.015e-17 2.812e-17 1.795e-17 0.0 -65.87 0.0
S450430 143.5301 156.5126 1.503e-23 4.817e-23 3.8869999999999996e-22 0.0 -66.33 0.0
S450431 143.5524 156.4448 3.268e-23 9.242999999999999e-23 5.842999999999999e-22 0.0 -65.76 0.0
S450432 143.5034 156.4764 6.6510000000000004e-21 4.422e-21 1.469e-21 0.0 -66.02 0.0
S450433 143.4963 156.5023 1.988e-18 2.485e-18 2.868e-18 0.0 -65.92 0.0
S450434 143.5082 156.4978 1.963e-23 5.879e-23 4.238999999999999e-22 0.0 -65.95 0.0
S450435 143.67 156.4005 4.948e-21 3.475e-21 1.2320000000000001e-21 0.0 -65.71 0.0
S450436 143.5093 156.487 4.536999999999999e-22 1.1250000000000001e-21 5.5700000000000004e-21 0.0 -66.08 0.0
S450437 143.5306 156.4262 1.2239999999999999e-23 3.9399999999999996e-23 3.1959999999999996e-22 0.0 -66.0 0.0
S450438 143.6133 156.423 1.034e-21 2.403e-21 9.825e-21 0.0 -65.76 0.0
S450439 143.3863 156.5307 2.65e-19 3.451e-19 4.379e-19 0.0 -66.67 0.0
S450440 143.3273 156.5849 1.397e-20 2.5560000000000002e-20 6.751000000000001e-20 0.0 -66.97 0.0
S450441 143.529 156.5064 1.2590000000000001e-20 2.3140000000000002e-20 5.954000000000001e-20 0.0 -66.28 0.0
S450442 143.422 156.5679 3.2709999999999997e-22 7.931999999999999e-22 3.503e-21 0.0 -66.93 0.0
S450443 143.484 156.5174 3.402e-24 1.2719999999999999e-23 1.444e-22 0.0 -66.78 0.0
S450444 143.489 156.5111 1.467e-21 3.292e-21 1.2100000000000001e-20 0.0 -66.78 0.0
S450445 143.2671 156.6061 1.082e-19 1.679e-19 3.028e-19 0.0 -66.9 0.0
S450446 143.4517 156.5669 1.628e-21 3.462e-21 1.192e-20 0.0 -66.77 0.0
S450447 143.5916 156.4673 2.152e-21 4.402e-21 1.3790000000000002e-20 0.0 -65.84 0.0
S450448 143.4481 156.6054 1.8499999999999998e-23 5.608999999999999e-23 4.032e-22 0.0 -66.71 0.0
S450449 143.3966 156.5788 1.251e-18 1.505e-18 1.621e-18 0.0 -66.91 0.0
S450450 143.4544 156.5311 7.205e-19 9.147e-19 1.107e-18 0.0 -66.8 0.0
S450451 143.4815 156.4859 5.620999999999999e-22 1.245e-21 4.733e-21 0.0 -66.05 0.0
S450452 143.5881 156.4606 1.17e-22 3.312e-22 2.049e-21 0.0 -65.76 0.0
S450453 143.4667 156.5252 5.75e-16 6.095e-16 5.077e-16 0.0 -66.76 0.0
S450454 143.4965 156.4936 5.005e-21 3.519e-21 1.23e-21 0.0 -66.05 0.0
S450455 143.4846 156.503 1.9959999999999998e-22 4.579999999999999e-22 1.824e-21 0.001 -66.81 0.0
S450456 143.5419 156.4983 2.13e-23 6.611e-23 5.077e-22 0.0 -66.09 0.0
S450457 143.4677 156.5215 4.5770000000000006e-20 7.780000000000001e-20 1.703e-19 0.0 -66.75 0.0
S450458 143.2628 156.583 4.023e-22 9.475e-22 4.004e-21 0.0 -66.81 0.0
S450459 143.4954 156.506 8.024e-17 8.034e-17 5.863e-17 0.0 -66.39 0.0
S450460 143.4165 156.6129 4.54e-19 5.993e-19 7.539e-19 0.0 -66.81 0.0
S450461 143.4153 156.5182 5.297e-21 3.69e-21 1.268e-21 0.0 -66.71 0.0
S450462 143.4714 156.4925 3.92e-21 8.092e-21 2.6390000000000002e-20 0.0 -66.3 0.0
S450463 143.5507 156.5031 3.041e-19 4.07e-19 5.263e-19 0.0 -66.25 0.0
S450464 143.7319 156.4088 4.45e-20 7.297e-20 1.435e-19 0.0 -65.81 0.0
S450465 143.3123 156.5202 1.7030000000000002e-21 3.538e-21 1.1450000000000001e-20 0.0 -66.55 0.0
S450466 143.5159 156.4944 2.229e-21 4.823e-21 1.7070000000000002e-20 0.0 -65.93 0.0
S450467 143.485 156.5205 2.486e-22 5.582e-22 2.1490000000000002e-21 0.0 -66.59 0.0
S450468 143.5157 156.5016 5.057e-16 4.809e-16 3.066e-16 0.0 -66.26 0.0
S450469 143.4964 156.5132 9.27e-22 2.085e-21 8.091e-21 0.0 -66.6 0.0
S450470 143.4981 156.5058 8.594e-21 1.605e-20 4.2630000000000003e-20 0.0 -66.39 0.0
S450471 143.4989 156.494 2.552e-21 5.5100000000000004e-21 1.9020000000000003e-20 0.0 -66.0 0.0
S450472 143.492 156.4962 1.338e-17 1.263e-17 8.212e-18 0.0 -66.04 0.0
S450473 143.5131 156.4874 4.2859999999999995e-22 1.01e-21 4.212e-21 0.0 -66.0 0.0
S450474 143.7501 156.5028 1.596e-19 2.302e-19 3.573e-19 0.0 -66.22 0.0
S450475 143.498 156.5032 7.140000000000001e-20 1.085e-19 1.839e-19 0.0 -66.23 0.0
S450476 143.4512 156.5406 1.162e-22 3.371e-22 2.166e-21 0.0 -66.87 0.0
S450477 143.4903 156.5006 2.0389999999999997e-22 5.218999999999999e-22 2.56e-21 0.0 -65.89 0.0
S450478 143.4488 156.597 8.890999999999998e-22 2.033e-21 7.789e-21 0.0 -66.73 0.0
S450479 143.4242 156.5064 1.299e-18 1.494e-18 1.471e-18 0.0 -66.65 0.0
S450480 143.466 156.5499 1.057e-21 2.466e-21 1.0480000000000001e-20 0.0 -66.87 0.0
S450481 143.6441 156.4427 2.422e-22 6.795999999999999e-22 4.089e-21 0.0 -65.77 0.0
S450482 143.5501 156.4901 2.747e-18 3.204e-18 3.302e-18 0.0 -66.04 0.0
S450483 143.8185 156.3525 1.8839999999999998e-23 6.125e-23 5.225e-22 0.0 -65.68 0.0
S450484 143.4502 156.4805 2.3610000000000003e-20 4.299e-20 1.04e-19 0.0 -66.24 0.0
S450485 143.6083 156.4505 7.908e-19 9.937e-19 1.14e-18 0.0 -65.73 0.0
S450486 143.5161 156.4973 4.604e-21 3.3140000000000002e-21 1.191e-21 0.0 -65.92 0.0
S450487 143.4763 156.5089 1.791e-19 2.56e-19 3.88e-19 0.0 -66.75 0.0
S450488 143.2359 156.6806 1.357e-19 1.94e-19 2.947e-19 0.0 -66.99 0.0
S450489 143.4738 156.517 1.9590000000000002e-20 3.3350000000000006e-20 7.452e-20 0.0 -66.73 0.0
S450490 143.5312 156.4969 1.0549999999999999e-23 3.564e-23 3.221e-22 0.0 -66.03 0.0
S450491 143.4123 156.5059 5.785e-19 7.579e-19 9.513e-19 0.0 -66.53 0.0
S450492 143.5052 156.5077 1.3030000000000002e-20 2.336e-20 5.578e-20 0.0 -66.44 0.0
S450493 143.1126 156.5975 1.573e-23 4.92e-23 3.8419999999999996e-22 0.001 -66.7 0.0
S450494 143.4773 156.5136 6.496e-16 6.106e-16 3.792e-16 0.0 -66.72 0.0
S450495 143.4375 156.4666 6.912e-19 8.497e-19 9.576e-19 0.001 -66.26 0.0
S450496 143.4465 156.5285 5.17e-22 1.105e-21 3.805e-21 0.0 -66.75 0.0
S450497 143.4944 156.5141 1.819e-18 2.125e-18 2.022e-18 0.0 -66.77 0.0
S450498 143.4355 156.5647 2.497e-18 2.664e-18 2.266e-18 0.0 -66.89 0.0
S450499 143.6843 156.4465 4.645e-22 1.2410000000000001e-21 6.755e-21 0.0 -65.94 0.0
S450500 143.4829 156.5028 9.569e-18 9.164e-18 6.187e-18 0.0 -66.43 0.0
S450501 143.538 156.4588 4.3020000000000005e-20 7.217000000000001e-20 1.536e-19 0.0 -65.89 0.0
S450502 143.5486 156.4972 2.298e-17 2.108e-17 1.258e-17 0.0 -65.93 0.0
S450503 143.3256 156.5186 1.2189999999999998e-22 3.0109999999999997e-22 1.4490000000000001e-21 0.0 -66.55 0.0
S450504 143.1604 156.71 7.037e-17 6.034e-17 3.24e-17 0.0 -67.04 0.0
S450505 143.4491 156.5758 5.176e-19 6.507e-19 7.527e-19 0.0 -66.72 0.0
S450506 143.5294 156.5094 2.7039999999999998e-27 2.288e-26 1.44e-24 0.0 -66.31 0.0
S450507 143.4178 156.5232 1.927e-12 1.404e-12 5.502e-13 0.0 -66.72 0.0
S450508 143.5662 156.6624 1.689e-21 3.79e-21 1.408e-20 0.0 -66.54 0.0
S450509 143.4897 156.5047 1.3530000000000002e-20 2.5580000000000003e-20 6.873000000000001e-20 0.0 -66.44 0.0
S450510 143.5315 156.5282 1.151e-21 2.71e-21 1.1170000000000001e-20 0.0 -66.47 0.0
S450511 143.467 156.5275 2.176e-19 2.921e-19 3.854e-19 0.0 -66.71 0.0
S450512 143.3354 156.5995 1.915e-22 5.328e-22 3.265e-21 0.0 -67.0 0.0
S450513 143.4953 156.5052 6.275e-19 7.642e-19 8.203e-19 0.0 -67.01 0.0
S450514 143.4588 156.4766 1.272e-16 1.25e-16 8.774e-17 0.0 -66.25 0.0
S450515 143.5315 156.4765 1.8809999999999999e-22 5.095e-22 2.958e-21 0.0 -65.87 0.0
S450516 143.5512 156.4942 9.434999999999999e-22 2.06e-21 7.52e-21 0.0 -65.94 0.0
S450517 143.4849 156.4596 2.984e-22 7.205999999999999e-22 3.327e-21 0.0 -66.16 0.0
S450518 143.5958 156.4212 2.392e-21 5.041e-21 1.742e-20 0.0 -65.79 0.0
S450519 143.4688 156.5201 3.6019999999999995e-22 8.911e-22 4.382e-21 0.0 -66.69 0.0
S450520 143.2461 156.6223 2.981e-23 1.061e-22 1.082e-21 0.0 -66.96 0.0
S450521 143.558 156.3848 1.8069999999999999e-22 5.015e-22 2.9690000000000002e-21 0.0 -65.92 0.0
S450522 143.4774 156.5204 4.812e-17 4.235e-17 2.349e-17 0.0 -66.69 0.0
S450523 143.4664 156.4917 6.294e-22 1.444e-21 5.88e-21 0.0 -66.3 0.0
S450524 143.4771 156.5205 7.883e-19 9.878e-19 1.09e-18 0.0 -66.78 0.0
S450525 143.5911 156.4223 1.3420000000000001e-21 2.923e-21 1.042e-20 0.0 -65.77 0.0
S450526 143.5173 156.4815 9.062e-22 2.0000000000000002e-21 7.216000000000001e-21 0.0 -66.01 0.0
S450527 143.5022 156.5035 3.104e-19 4.094e-19 5.233e-19 0.0 -65.88 0.0
S450528 143.5073 156.4934 1.4100000000000002e-20 2.467e-20 5.805e-20 0.0 -65.89 1.0
S450529 143.5003 156.4994 4.992e-22 1.172e-21 5.005e-21 0.0 -66.21 0.0
S450530 143.481 156.577 5.647e-18 6.345e-18 5.736e-18 0.0 -66.65 0.0
S450531 143.5239 156.4882 2.995e-18 3.193e-18 2.716e-18 0.0 -65.99 0.0
S450532 143.4822 156.4995 1.393e-17 1.385e-17 9.747e-18 0.0 -66.28 0.0
S450533 143.5448 156.5019 5.732e-19 7.093e-19 8.275e-19 0.0 -66.19 0.0
S450534 143.4098 156.5589 1.387e-17 1.411e-17 1.013e-17 0.0 -66.97 0.0
S450535 143.6223 156.4801 8.095e-20 1.175e-19 1.834e-19 0.0 -66.07 0.0
S450536 143.5806 156.4678 4.452e-22 1.028e-21 4.206e-21 0.0 -65.82 0.0
S450537 143.4886 156.4579 6.183e-17 5.237e-17 2.703e-17 0.0 -66.02 0.0
S450538 143.5334 156.4795 9.629999999999998e-22 2.279e-21 9.677000000000001e-21 0.0 -65.86 0.0
S450539 143.4587 156.5064 5.215e-18 5.242e-18 3.854e-18 0.0 -66.78 0.0
S450540 143.4852 156.5064 2.1469999999999998e-23 6.732e-23 5.176999999999999e-22 0.0 -66.72 0.0
S450541 143.4798 156.4982 8.188e-21 1.577e-20 4.437e-20 0.0 -66.3 0.0
S450542 143.5144 156.4781 1.473e-20 2.905e-20 8.368000000000001e-20 0.0 -65.93 0.0
S450543 143.257 156.6355 7.565e-21 4.949e-21 1.56e-21 0.0 -66.99 0.0
S450544 143.6038 156.4499 4.69e-23 1.302e-22 8.028999999999999e-22 0.0 -65.71 0.0
S450545 143.494 156.4899 2.154e-21 4.447e-21 1.4990000000000002e-20 0.0 -66.11 0.0
S450546 143.5737 156.4798 9.221e-23 2.77e-22 2.051e-21 0.0 -65.91 0.0
S450547 143.4886 156.508 8.063000000000001e-20 1.304e-19 2.503e-19 0.0 -66.53 0.0
S450548 143.5302 156.4935 1.993e-22 5.213e-22 2.7910000000000002e-21 0.0 -66.13 0.0
S450549 143.5855 156.5028 3.465e-20 5.769000000000001e-20 1.232e-19 0.0 -66.24 0.0
S450550 143.4692 156.5271 6.586e-19 8.453e-19 1.041e-18 0.0 -66.8 0.0
S450551 143.4539 156.536 1.569e-19 2.172e-19 2.957e-19 0.0 -66.86 0.0
S450552 143.4981 156.5006 9.315999999999999e-22 2.273e-21 1.0860000000000001e-20 0.0 -66.25 0.0
S450553 143.5941 156.4619 1.714e-18 2.026e-18 2.043e-18 0.0 -65.76 0.0
S450554 143.5806 156.4498 1.923e-19 2.634e-19 3.633e-19 0.0 -65.72 0.0
S450555 143.4788 156.5034 4.6530000000000006e-20 7.572000000000001e-20 1.536e-19 0.0 -66.42 0.0
S450556 143.3863 156.6113 5.855e-18 6.066e-18 4.667e-18 0.0 -66.88 0.0
S450557 143.5194 156.4859 2.655e-18 2.899e-18 2.612e-18 0.0 -65.94 0.0
S450558 143.4696 156.5064 1.3450000000000001e-21 3.059e-21 1.2120000000000001e-20 0.0 -66.77 0.0
S450559 143.5368 156.5325 9.625e-19 1.199e-18 1.34e-18 0.0 -66.78 0.0
S450560 143.5332 156.4808 6.8e-23 1.815e-22 9.774e-22 0.0 -65.88 0.0
S450561 143.4954 156.5244 2.723e-21 5.813e-21 1.9830000000000002e-20 0.001 -66.79 0.0
S450562 143.4509 156.4837 5.557e-21 3.89e-21 1.3300000000000001e-21 0.001 -65.91 0.0
S450563 143.3723 156.5191 7.808e-19 9.451e-19 1.041e-18 0.0 -66.94 0.0
S450564 143.4018 156.5003 4.697e-17 4.092e-17 2.254e-17 0.0 -66.54 0.0
S450565 143.5319 156.5087 1.1770000000000002e-20 2.115e-20 5.0340000000000005e-20 0.0 -66.12 0.0
S450566 143.4791 156.5093 1.637e-19 2.312e-19 3.492e-19 0.0 -66.43 0.0
S450567 143.5367 156.4743 3.334e-19 4.812e-19 7.516e-19 0.0 -65.85 0.0
S450568 143.384 156.5433 3.931e-13 2.631e-13 8.487e-14 0.0 -66.95 0.0
S450569 143.5295 156.4719 3.737e-16 3.721e-16 2.685e-16 0.0 -65.86 0.0
S450570 143.5204 156.5201 3.446e-17 3.28e-17 2.155e-17 0.0 -66.79 0.0
S450571 143.3507 156.497 1.909e-12 1.437e-12 5.844e-13 0.0 -66.73 0.0
S450572 143.461 156.4228 2.981e-18 3.244e-18 2.772e-18 0.0 -65.74 0.0
S450573 143.4969 156.4917 2.154e-13 1.427e-13 4.619e-14 0.0 -66.2 0.0
S450574 143.4997 156.515 1.159e-18 1.411e-18 1.513e-18 0.0 -66.48 0.0
S450575 143.4366 156.5311 2.9079999999999997e-22 7.729999999999999e-22 4.301e-21 0.0 -66.84 0.0
S450576 143.5627 156.4866 5.142e-19 6.401e-19 7.242e-19 0.0 -65.88 0.0
S450577 143.5081 156.506 3.753e-18 4.024e-18 3.482e-18 0.0 -66.31 0.0
S450578 143.4974 156.4729 2.277e-17 2.23e-17 1.534e-17 0.0 -66.0 0.0
S450579 143.5784 156.5181 1.444e-21 3.188e-21 1.168e-20 0.0 -66.13 0.0
S450580 143.5492 156.533 3.986e-16 4.064e-16 3.116e-16 0.0 -66.65 0.0
S450581 143.4928 156.5178 1.88e-18 2.184e-18 2.169e-18 0.0 -66.71 0.0
S450582 143.3984 156.5089 1.0759999999999999e-23 3.761e-23 3.637e-22 0.0 -66.57 0.0
S450583 143.4635 156.4915 3.3649999999999995e-22 7.664999999999999e-22 3.065e-21 0.0 -66.31 0.0
S450584 143.4975 156.5164 1.491e-19 2.096e-19 3.068e-19 0.0 -66.76 0.0
S450585 143.4321 156.4766 3.49e-18 3.773e-18 3.165e-18 0.0 -66.12 0.0
S450586 143.4193 156.5208 5.555e-17 8.32e-17 1.39e-16 0.0 -66.77 0.0
S450587 143.5276 156.5141 2.292e-22 5.574999999999999e-22 2.525e-21 0.0 -66.41 0.0
S450588 143.48 156.4933 2.445e-17 2.285e-17 1.4e-17 0.0 -66.26 0.0
S450589 143.3512 156.4883 1.831e-17 1.753e-17 1.185e-17 0.0 -66.64 0.0
S450590 143.4698 156.4988 5.448e-17 4.943e-17 2.867e-17 0.0 -66.69 0.0
S450591 143.5479 156.5275 1.506e-21 3.416e-21 1.342e-20 0.001 -66.71 0.0
S450592 143.5343 156.4813 3.218e-19 4.391e-19 6.081e-19 0.001 -65.91 0.0
S450593 143.4516 156.5332 9.112e-17 8.805e-17 5.96e-17 0.0 -66.8 0.0
S450594 143.5017 156.4821 1.768e-17 1.754e-17 1.227e-17 0.0 -66.03 0.0
S450595 143.3901 156.4993 9.223e-17 7.897e-17 4.283e-17 0.0 -66.66 0.0
S450596 143.4898 156.4556 5.601e-21 3.847e-21 1.316e-21 0.0 -65.81 0.0
S450597 143.4251 156.4806 2.234e-21 1.737e-21 7.6739999999999995e-22 0.0 -66.29 0.0
S450598 143.4237 156.4741 1.387e-17 1.356e-17 9.508e-18 0.0 -66.18 0.0
S450599 143.3881 156.4764 6.4250000000000004e-21 1.249e-20 3.5520000000000003e-20 0.0 -66.66 0.0
S450600 143.4688 156.4739 2.016e-16 1.673e-16 8.552e-17 0.0 -66.08 0.0
S450601 143.4739 156.5321 2.095e-12 1.861e-12 1.023e-12 0.0 -66.83 1.0
S450602 143.5186 156.4675 2.181e-12 1.559e-12 5.912e-13 0.0 -65.94 0.0
S450603 143.5457 156.5075 1.484e-16 1.213e-16 5.588e-17 0.0 -66.07 0.0
S450604 143.4712 156.4632 3.14e-22 7.7929999999999995e-22 3.662e-21 0.0 -65.84 0.0
S450605 143.4489 156.489 7.612e-18 7.566e-18 5.598e-18 0.0 -66.33 0.0
S450606 143.4965 156.5005 9.786e-18 9.791e-18 7.127e-18 0.001 -66.24 0.0
S450607 143.5077 156.4407 4.609e-16 3.909e-16 1.969e-16 0.0 -65.74 0.0
S450608 143.4928 156.5159 3.011e-19 4.004e-19 5.207e-19 0.0 -66.49 0.0
S450609 143.3925 156.549 6.703000000000001e-28 6.914e-27 6.153e-25 0.0 -66.93 0.0
S450610 143.5764 156.5189 2.862e-20 4.962e-20 1.158e-19 0.0 -66.18 0.0
S450611 143.5917 156.4898 1.253e-12 8.849e-13 3.082e-13 0.001 -66.07 0.0
S450612 143.4493 156.492 5.5e-19 6.794e-19 7.571e-19 0.0 -66.34 0.0
S450613 143.4231 156.4987 1.001e-16 1.285e-16 1.593e-16 0.0 -66.82 0.0
S450614 143.6097 156.4612 2.7269999999999996e-22 7.488999999999999e-22 4.545e-21 0.0 -65.72 0.0
S450615 143.4779 156.5466 1.783e-16 1.458e-16 7.017e-17 0.0 -66.71 0.0
S450616 143.4056 156.4466 6.189e-17 5.627e-17 3.496e-17 0.0 -65.87 0.0
S450617 143.4564 156.5424 5.393e-17 4.898e-17 2.925e-17 0.0 -66.88 0.0
S450618 143.3919 156.5339 2.902e-19 4.039e-19 5.851e-19 0.0 -66.88 0.0
S450619 143.4929 156.4772 1.044e-15 7.546e-16 2.893e-16 0.0 -65.94 0.0
S450620 143.5014 156.5144 2.969e-20 5.528000000000001e-20 1.451e-19 0.0 -66.51 0.0
S450621 143.4917 156.5467 5.217e-19 6.52e-19 7.363e-19 0.0 -66.79 0.0
S450622 143.4319 156.484 2.068e-17 1.934e-17 1.218e-17 0.0 -66.26 0.0
S450623 143.6116 156.4939 3.637e-20 5.966e-20 1.165e-19 0.0 -65.94 0.0
S450624 143.5264 156.4841 2.2079999999999996e-22 5.894e-22 3.247e-21 0.0 -65.95 0.0
S450625 143.5527 156.4631 7.284e-18 1.339e-17 3.336e-17 0.0 -65.82 0.0
S450626 143.5515 156.5028 2.731e-18 3.188e-18 3.179e-18 0.0 -65.9 0.0
S450627 143.5062 156.5308 5.209e-21 3.593e-21 1.245e-21 0.0 -66.74 0.0
S450628 143.4179 156.5225 4.576e-18 4.853e-18 3.88e-18 0.0 -66.61 0.0
S450629 143.4611 156.5051 5.4e-23 1.3869999999999999e-22 7.1689999999999995e-22 0.0 -66.63 0.0
S450630 143.5901 156.536 1.789e-18 2.05e-18 1.971e-18 0.001 -66.45 0.0
S450631 143.6212 156.4881 2.9779999999999996e-23 8.473e-23 5.572999999999999e-22 0.0 -65.78 0.0
S450632 143.5226 156.474 4.9539999999999996e-23 1.4309999999999998e-22 9.598e-22 0.0 -66.0 0.0
S450633 143.5242 156.4836 1.592e-18 1.882e-18 1.995e-18 0.0 -65.96 0.0
S450634 143.3447 156.5354 3.359e-20 5.3790000000000005e-20 1.038e-19 0.0 -66.97 0.0
S450635 143.4719 156.5251 1.513e-19 2.19e-19 3.346e-19 0.001 -66.76 0.0
S450636 143.5654 156.5462 8.957e-21 1.594e-20 3.739e-20 0.0 -66.71 0.0
S450637 143.5415 156.536 1.088e-19 1.647e-19 2.783e-19 0.0 -66.49 0.0
S450638 143.4982 156.5112 1.175e-16 9.908e-17 5.022e-17 0.0 -66.67 0.0
S450639 143.5014 156.5274 4.449e-19 5.883e-19 7.493e-19 0.0 -66.72 0.0
S450640 143.4672 156.4934 1.518e-19 2.13e-19 3.176e-19 0.0 -66.3 0.0
S450641 143.4347 156.5574 7.721e-24 2.922e-23 3.4789999999999997e-22 0.0 -66.91 0.0
S450642 143.5286 156.4854 1.722e-17 2.555e-17 4.05e-17 0.0 -66.02 0.0
S450643 143.5671 156.5128 2.176e-18 2.582e-18 2.607e-18 0.0 -66.21 0.0
S450644 143.4464 156.5052 1.384e-19 1.978e-19 3.1e-19 0.0 -66.64 0.0
S450645 143.5445 156.4862 6.308e-18 6.709e-18 5.432e-18 0.0 -65.99 0.0
S450646 143.5778 156.4947 5.859e-17 7.842e-17 1.024e-16 0.0 -66.08 0.0
S450647 143.475 156.514 2.866e-22 7.473999999999999e-22 3.908e-21 0.0 -66.58 0.0
S450648 143.6341 156.4945 7.211e-20 1.152e-19 2.147e-19 0.0 -65.75 0.0
S450649 143.5612 156.5404 1.402e-17 1.382e-17 1.004e-17 0.0 -66.69 0.0
S450650 143.5011 156.4646 3.61e-19 4.745e-19 5.981e-19 0.0 -65.89 0.0
S450651 143.5805 156.4797 5.023e-17 4.706e-17 3.04e-17 0.0 -65.82 0.0
S450652 143.5605 156.5211 2.782e-21 6.123e-21 2.1890000000000003e-20 0.0 -66.35 0.0
S450653 143.4 156.4702 3.801e-16 3.513e-16 2.141e-16 0.0 -66.23 0.0
S450654 143.4909 156.4836 4.357999999999999e-22 1.084e-21 5.139e-21 0.0 -66.05 0.0
S450655 143.5716 156.5098 2.143e-16 1.693e-16 7.783e-17 0.0 -65.9 0.0
S450656 143.5358 156.476 1.173e-18 1.436e-18 1.549e-18 0.0 -65.91 0.0
S450657 143.4507 156.5299 1.109e-21 2.57e-21 1.0720000000000001e-20 0.0 -66.78 0.0
S450658 143.4275 156.5295 5.273e-16 3.979e-16 1.625e-16 0.0 -66.77 0.0
S450659 143.46 156.5033 1.507e-21 3.407e-21 1.3530000000000002e-20 0.0 -66.52 0.0
S450660 143.3912 156.5231 2.226e-18 2.513e-18 2.333e-18 0.0 -66.91 0.0
S450661 143.4344 156.5286 1.949e-19 2.703e-19 3.808e-19 0.0 -66.74 0.0
S450662 143.5112 156.4529 6.243999999999999e-22 1.377e-21 5.01e-21 0.0 -65.83 0.0
S450663 143.5388 156.5099 1.1600000000000001e-20 2.1040000000000002e-20 5.3e-20 0.0 -66.27 0.0
S450664 143.4718 156.4989 9.7e-14 6.388e-14 2.036e-14 0.0 -66.37 0.0
S450665 143.4781 156.4755 4.842e-17 4.366e-17 2.652e-17 0.0 -65.93 0.0
S450666 143.5472 156.5027 1.1200000000000002e-20 1.932e-20 4.3240000000000004e-20 0.0 -66.09 0.0
S450667 143.5216 156.4484 3.495e-18 4.049e-18 4.052e-18 0.0 -65.8 0.0
S450668 143.5523 156.5093 1.453e-20 2.6820000000000003e-20 6.854000000000001e-20 0.0 -66.18 0.0
S450669 143.5389 156.5019 1.9290000000000002e-21 4.256e-21 1.5200000000000002e-20 0.0 -66.15 0.0
S450670 143.3776 156.5184 1.739e-17 1.685e-17 1.129e-17 0.0 -66.8 0.0
S450671 143.4596 156.543 4.275e-19 5.555e-19 6.862e-19 0.0 -66.76 0.0
S450672 143.4421 156.4906 1.563e-20 2.858e-20 7.248e-20 0.0 -66.41 0.0
S450673 143.4919 156.515 1.698e-19 2.492e-19 3.923e-19 0.001 -66.72 0.0
S450674 143.5695 156.4762 5.971e-21 4.166e-21 1.423e-21 0.0 -65.82 0.0
S450675 143.4748 156.4559 4.854e-18 5.199e-18 4.288e-18 0.0 -65.94 0.0
S450676 143.54 156.4868 2.099e-18 2.43e-18 2.379e-18 0.0 -66.01 0.0
S450677 143.4697 156.5027 5.565e-18 5.984e-18 5.009e-18 0.0 -66.54 0.0
S450678 143.4791 156.4711 1.423e-17 1.993e-17 2.812e-17 0.0 -65.86 0.0
S450679 143.5191 156.4542 1.469e-18 1.742e-18 1.822e-18 0.0 -65.77 0.0
S450680 143.3582 156.511 2.531e-16 2.244e-16 1.286e-16 0.0 -66.92 0.0
S450681 143.4094 156.451 8.603e-21 1.636e-20 4.5370000000000005e-20 0.0 -65.85 0.0
S450682 143.5477 156.5112 2.553e-16 2.848e-16 2.635e-16 0.0 -66.06 0.0
S450683 143.5307 156.469 1.485e-21 3.184e-21 1.135e-20 0.0 -65.9 0.0
S450684 143.5654 156.4493 2.081e-19 2.898e-19 4.155e-19 0.0 -65.74 0.0
S450685 143.4934 156.5271 1.504e-21 3.316e-21 1.1930000000000001e-20 0.0 -66.72 0.0
S450686 143.4341 156.498 1.2719999999999999e-22 3.327e-22 1.768e-21 0.0 -66.43 0.0
S450687 143.5779 156.5174 1.757e-21 3.981e-21 1.538e-20 0.0 -66.22 1.0
S450688 143.5696 156.5177 8.054000000000001e-20 1.193e-19 2e-19 0.0 -66.19 0.0
S450689 143.477 156.4661 5.986e-18 6.111e-18 4.435e-18 0.0 -65.97 0.0
S450690 143.5312 156.5366 1.737e-17 1.706e-17 1.23e-17 0.0 -66.74 1.0
S450691 143.5032 156.4778 7.026999999999999e-22 1.533e-21 5.849e-21 0.0 -65.99 0.0
S450692 143.4664 156.4563 5.037e-21 3.555e-21 1.28e-21 0.0 -65.83 0.0
S450693 143.5181 156.5168 2.925e-16 2.434e-16 1.23e-16 0.0 -66.43 0.0
S450694 143.5674 156.4677 9.677e-18 1.023e-17 8.019e-18 0.0 -65.82 0.0
S450695 143.4489 156.4512 8.406e-18 9.027e-18 7.551e-18 0.0 -65.83 0.0
S450696 143.5829 156.5062 8.34e-21 1.6920000000000003e-20 5.218000000000001e-20 0.0 -65.97 0.0
S450697 143.5669 156.4828 4.096e-17 3.662e-17 2.131e-17 0.0 -65.95 0.0
S450698 143.4598 156.5392 6.802e-17 6.805e-17 4.947e-17 0.0 -66.85 0.0
S450699 143.5266 156.5454 1.871e-17 2.491e-17 3.358e-17 0.0 -66.92 0.0
S450700 143.5129 156.5443 7.063e-16 5.289e-16 2.096e-16 0.0 -66.89 0.0
S450701 143.4341 156.5298 5.113e-18 5.622e-18 4.752e-18 0.0 -66.84 0.0
S450702 143.5126 156.5351 2.924e-20 4.9790000000000005e-20 1.042e-19 0.0 -66.86 0.0
S450703 143.5348 156.5378 4.83e-18 5.069e-18 4.112e-18 0.0 -66.79 0.0
S450704 143.3945 156.4792 3.578e-18 4.012e-18 3.665e-18 0.0 -66.46 0.0
S450705 143.5142 156.487 5.473e-16 4.254e-16 1.83e-16 0.0 -66.05 1.0
S450706 143.5046 156.4976 4.836e-19 6.284e-19 7.647e-19 0.001 -66.13 0.0
S450707 143.5011 156.4491 5.005e-18 5.32e-18 4.475e-18 0.0 -65.8 0.0
S450708 143.5133 156.496 8.291999999999999e-22 1.7270000000000002e-21 5.799e-21 0.0 -66.19 0.0
S450709 143.4965 156.5286 1.0589999999999999e-23 3.5469999999999996e-23 3.0839999999999996e-22 0.0 -66.57 0.0
S450710 143.5143 156.5102 3.358e-21 6.599e-21 1.849e-20 0.0 -66.37 0.0
S450711 143.562 156.4672 7.613999999999999e-22 1.731e-21 6.852e-21 0.0 -65.8 0.0
S450712 143.5467 156.4695 2.305e-18 2.76e-18 2.788e-18 0.001 -65.86 0.0
S450713 143.5684 156.4781 7.078e-23 1.934e-22 1.152e-21 0.0 -65.87 0.0
S450714 143.4363 156.5348 1.175e-16 1.512e-16 1.817e-16 0.0 -66.84 0.0
S450715 143.4634 156.5133 7.240999999999999e-22 1.568e-21 5.693e-21 0.0 -66.64 0.0
S450716 143.5826 156.4702 2.036e-16 1.642e-16 7.788e-17 0.0 -65.84 0.0
S450717 143.5522 156.4959 1.5279999999999998e-22 4.528e-22 3.1530000000000002e-21 0.0 -66.0 0.0
S450718 143.4283 156.5533 5.782e-21 4.01e-21 1.382e-21 0.001 -66.94 0.0
S450719 143.5917 156.485 8.082e-16 6e-16 2.358e-16 0.0 -65.9 0.0
S450720 143.5315 156.4849 1.957e-12 1.594e-12 7.638e-13 0.0 -65.93 1.0
S450721 143.4063 156.5558 7.472e-21 4.948e-21 1.602e-21 0.001 -66.9 0.0
S450722 143.5941 156.4759 3.4339999999999996e-22 8.449999999999999e-22 4.034e-21 0.0 -65.85 0.0
S450723 143.5955 156.4571 1.9049999999999997e-22 4.917e-22 2.545e-21 0.0 -65.73 0.0
S450724 143.5415 156.4792 3.8129999999999996e-22 9.47e-22 4.437e-21 0.0 -65.84 0.0
S450725 143.4133 156.5333 6.442e-21 1.192e-20 3.133e-20 0.0 -66.84 0.0
S450726 143.5927 156.4721 1.2080000000000002e-20 2.2030000000000002e-20 5.585e-20 0.0 -65.78 0.0
S450727 143.5759 156.4723 1.832e-17 1.791e-17 1.195e-17 0.0 -65.83 0.0
S450728 143.5699 156.4748 1.84e-19 2.664e-19 4.018e-19 0.0 -65.78 0.0
S450729 143.4295 156.5428 2.729e-17 2.574e-17 1.735e-17 0.0 -66.87 0.0
S450730 143.5732 156.4691 1.0720000000000001e-20 1.836e-20 4.084e-20 0.0 -65.81 0.0
S450731 143.5452 156.4814 4.85e-16 3.523e-16 1.34e-16 0.0 -65.86 0.0
S450732 143.4354 156.5222 2.851e-18 3.356e-18 3.449e-18 0.0 -66.84 0.0
S450733 143.4166 156.5467 2.1169999999999997e-22 5.378999999999999e-22 2.646e-21 0.0 -66.93 0.0
S450734 143.4033 156.5412 1.386e-18 1.61e-18 1.577e-18 0.0 -66.9 0.0
S450735 143.4229 156.5471 5.251e-23 1.6309999999999998e-22 1.175e-21 0.0 -66.91 0.0
S450736 143.4355 156.5454 1.86e-16 1.878e-16 1.386e-16 0.0 -66.87 0.0
S450737 143.5635 156.469 4.354e-21 3.119e-21 1.145e-21 0.0 -65.85 0.0
S450738 143.5879 156.4604 9.1e-19 1.093e-18 1.165e-18 0.0 -65.81 0.0
S450739 143.4059 156.5532 1.126e-16 1.776e-16 3.301e-16 0.0 -66.95 0.0
S450740 143.5685 156.4696 3.9889999999999995e-22 1.095e-21 6.531e-21 0.0 -65.83 0.0
S450741 143.5982 156.4576 6.886e-21 1.261e-20 3.355e-20 0.0 -65.8 0.0
S450742 143.5905 156.4713 6.775000000000001e-20 1.188e-19 2.739e-19 0.0 -65.79 0.0
S450743 143.5754 156.4572 4.588e-19 5.5e-19 6.008e-19 0.0 -65.79 0.0
S450744 143.4347 156.5393 7.62e-16 5.812e-16 2.416e-16 0.0 -66.84 1.0
S450745 143.4171 156.5326 5.191e-21 3.56e-21 1.234e-21 0.0 -66.8 0.0
S450746 143.4057 156.541 2.527e-16 2.691e-16 2.107e-16 0.0 -66.89 0.0
S450747 143.5681 156.4868 6.567e-17 5.743e-17 3.182e-17 0.0 -65.89 0.0
S450748 143.5365 156.4608 2.306e-17 2.078e-17 1.232e-17 0.0 -65.8 0.0
S450749 143.4008 156.5539 1.462e-16 1.231e-16 6.407e-17 0.0 -66.91 0.0
S450750 143.5979 156.4649 4.544e-18 4.956e-18 4.237e-18 0.0 -65.85 0.0
S450751 143.5974 156.488 7.016e-13 8.691e-13 9.354e-13 0.0 -65.91 0.0
S450752 143.5682 156.4535 1.901e-17 1.77e-17 1.079e-17 0.0 -65.76 0.0
S450753 143.4039 156.5541 6.407e-18 6.364e-18 4.656e-18 0.0 -66.94 0.0
S450754 143.3928 156.5531 9.336e-16 8.186e-16 4.707e-16 0.0 -66.9 0.0
S450755 143.3752 156.5352 7.236e-18 7.373e-18 5.724e-18 0.0 -66.83 0.0
S450756 143.5977 156.4525 5.631999999999999e-22 1.397e-21 6.483e-21 0.0 -65.79 0.0
S450757 143.5602 156.4576 4.478e-21 8.65e-21 2.5210000000000002e-20 0.0 -65.76 0.0
S450758 143.3902 156.5485 1.281e-16 1.069e-16 5.489e-17 0.0 -66.92 0.0
S450759 143.5671 156.479 8.689e-17 9.648e-17 8.95e-17 0.001 -65.92 0.0
S450760 143.4013 156.5525 1.002e-17 9.841e-18 6.983e-18 0.0 -66.92 0.0
S450761 143.4144 156.5486 2.382e-17 2.283e-17 1.537e-17 0.0 -66.91 0.0
S450762 143.6009 156.4555 9.006e-17 7.918e-17 4.528e-17 0.0 -65.76 0.0
S450763 143.4037 156.5669 5.456e-19 7.049e-19 8.351e-19 0.001 -66.93 0.0
S450764 143.4186 156.5331 7.268e-19 9.304e-19 1.099e-18 0.0 -66.87 0.0
S450765 143.379 156.5482 9.746e-16 7.241e-16 3.037e-16 0.0 -66.92 1.0
S450766 143.3629 156.5736 2.841e-17 3.238e-17 3.172e-17 0.0 -66.94 0.0
S450767 143.6337 156.4322 2.4159999999999996e-22 6.763999999999999e-22 4.237e-21 0.0 -65.77 0.0
S450768 143.5721 156.466 5.099e-17 4.594e-17 2.719e-17 0.0 -65.83 0.0
S450769 143.4187 156.5327 3.192e-18 3.576e-18 3.332e-18 0.0 -66.82 0.0
S450770 143.5772 156.4452 4.097e-18 4.722e-18 4.503e-18 0.0 -65.73 0.0
S450771 143.6511 156.4474 4.8539999999999997e-23 1.403e-22 9.059e-22 0.0 -65.75 0.0
S450772 143.5813 156.451 3.1790000000000003e-20 5.375e-20 1.165e-19 0.0 -65.78 0.0
S450773 143.6113 156.4417 1.436e-21 3.212e-21 1.2390000000000002e-20 0.0 -65.75 0.0
S450774 143.3992 156.5558 4.49e-21 3.185e-21 1.112e-21 0.0 -66.93 0.0
S450775 143.5699 156.4591 1.752e-22 4.406e-22 2.124e-21 0.0 -65.76 0.0
S450776 143.3751 156.5419 3.424e-23 1.08e-22 8.370999999999999e-22 0.0 -66.86 0.0
S450777 143.584 156.4586 6.637e-21 4.465e-21 1.495e-21 0.0 -65.85 0.0
S450778 143.4012 156.5428 4.89e-18 5.334e-18 4.728e-18 0.0 -66.94 0.0
S450779 143.3297 156.5651 1.6650000000000002e-20 2.913e-20 6.499000000000001e-20 0.0 -66.96 0.0
S450780 143.6056 156.4578 1.27e-22 3.4459999999999995e-22 1.988e-21 0.0 -65.75 0.0
S450781 143.3781 156.554 1.068e-18 1.274e-18 1.302e-18 0.0 -66.94 0.0
S450782 143.6176 156.4443 1.72e-18 2.053e-18 2.127e-18 0.0 -65.76 0.0
S450783 143.3918 156.5613 7.966e-18 8.225e-18 6.219e-18 0.0 -66.97 0.0
S450784 143.3559 156.5774 2.091e-19 2.875e-19 4.046e-19 0.0 -66.96 0.0
S450785 143.3797 156.55 1.845e-21 3.849e-21 1.2860000000000001e-20 0.0 -66.87 0.0
S450786 143.6278 156.4451 4.822e-19 6.513e-19 8.581e-19 0.0 -65.77 0.0
S450787 143.3986 156.5568 3.299e-18 3.753e-18 3.562e-18 0.0 -66.96 0.0
S450788 143.3837 156.5637 1.176e-21 2.592e-21 9.24e-21 0.0 -66.92 0.0
S450789 143.6176 156.4464 3.356e-18 3.662e-18 3.187e-18 0.0 -65.74 0.0
S450790 143.3395 156.5558 2.759e-17 2.496e-17 1.462e-17 0.0 -66.93 0.0
S450791 143.6182 156.4431 5.182e-17 4.39e-17 2.311e-17 0.0 -65.78 0.0
S450792 143.6237 156.444 2.162e-21 4.5590000000000004e-21 1.529e-20 0.0 -65.79 0.0
S450793 143.6302 156.445 1.677e-20 2.893e-20 6.46e-20 0.0 -65.74 1.0
S450794 143.5687 156.4658 1.634e-16 1.896e-16 1.848e-16 0.0 -65.82 0.0
S450795 143.3164 156.5741 1.353e-23 4.299e-23 3.422e-22 0.0 -66.95 0.0
S450796 143.6238 156.4404 1.974e-21 4.0950000000000004e-21 1.3140000000000001e-20 0.0 -65.78 0.0
S450797 143.3843 156.5595 1.31e-16 1.323e-16 9.864e-17 0.0 -66.91 0.0
S450798 143.3706 156.5596 1.063e-20 1.967e-20 5.0130000000000005e-20 0.0 -66.92 0.0
S450799 143.3125 156.5908 5.032e-24 1.763e-23 1.7309999999999998e-22 0.0 -66.95 0.0
S450800 143.396 156.5457 4.388999999999999e-22 9.965999999999999e-22 3.999e-21 0.0 -66.92 0.0
S450801 143.3858 156.5627 1.121e-21 2.597e-21 1.1050000000000001e-20 0.0 -66.92 0.0
S450802 143.6785 156.4261 5.514999999999999e-22 1.361e-21 6.457e-21 0.0 -65.74 0.0
S450803 143.3617 156.5655 3.624e-21 7.179e-21 2.1210000000000002e-20 0.0 -66.88 0.0
S450804 143.6233 156.4478 1.6750000000000002e-20 3.118e-20 8.057000000000001e-20 0.0 -65.84 0.0
S450805 143.644 156.4451 1.765e-18 2.045e-18 2.051e-18 0.0 -65.75 0.0
S450806 143.6549 156.4471 3.695e-18 4.2e-18 3.943e-18 0.0 -65.83 0.0
S450807 143.3211 156.5901 1.263e-20 2.1540000000000003e-20 4.7570000000000006e-20 0.0 -66.93 0.0
S450808 143.3356 156.5888 1.2379999999999998e-22 3.296e-22 1.818e-21 0.0 -66.94 0.0
S450809 143.3507 156.5718 8.334999999999999e-22 1.782e-21 6.336e-21 0.0 -66.91 0.0
S450810 143.6081 156.4339 1.209e-12 8.382e-13 2.937e-13 0.0 -65.74 0.0
S450811 143.6194 156.4367 9.681999999999999e-23 2.8099999999999996e-22 1.9230000000000002e-21 0.0 -65.76 0.0
S450812 143.3885 156.56 5.109e-18 5.652e-18 4.974e-18 0.0 -66.89 0.0
S450813 143.2812 156.5969 8.841e-17 7.638e-17 4.237e-17 0.0 -66.94 0.0
S450814 143.6842 156.4333 1.094e-12 7.847e-13 2.9e-13 0.0 -65.79 0.0
S450815 143.6471 156.4206 6.67e-21 4.453e-21 1.481e-21 0.0 -65.75 0.0
S450816 143.3754 156.5777 3.522e-18 3.871e-18 3.369e-18 0.0 -66.96 0.0
S450817 143.3337 156.5763 5.03e-22 1.144e-21 4.705e-21 0.0 -66.92 0.0
S450818 143.3651 156.5557 1.219e-12 8.3e-13 2.867e-13 0.0 -66.94 0.0
S450819 143.6929 156.4313 1.788e-19 2.527e-19 3.829e-19 0.0 -65.77 0.0
S450820 143.3739 156.5628 7.527000000000001e-25 3.201e-24 4.8829999999999997e-23 0.0 -66.91 0.0
S450821 143.6589 156.433 2.405e-24 9.172e-24 1.0749999999999999e-22 0.0 -65.78 0.0
S450822 143.6647 156.4319 1.192e-16 1.835e-16 3.244e-16 0.0 -65.81 0.0
S450823 143.6806 156.4094 9.854e-17 8.4e-17 4.47e-17 0.0 -65.74 0.0
S450824 143.3232 156.59 8.842e-24 2.906e-23 2.5879999999999997e-22 0.0 -66.94 0.0
S450825 143.3009 156.5861 5.367e-19 6.755e-19 7.643e-19 0.0 -66.96 0.0
S450826 143.3288 156.569 4.046e-22 1.043e-21 5.209e-21 0.0 -66.89 0.0
S450827 143.6614 156.4276 2.795e-16 3.073e-16 2.628e-16 0.0 -65.76 0.0
S450828 143.3252 156.5864 1.141e-16 1.238e-16 1.069e-16 0.0 -66.93 0.0
S450829 143.3369 156.5719 1.0030000000000001e-21 2.318e-21 9.49e-21 0.0 -66.92 0.0
S450830 143.6558 156.4363 9.564e-18 9.399e-18 6.541e-18 0.0 -65.85 0.0
S450831 143.6641 156.4281 5.182e-19 6.819e-19 8.837e-19 0.0 -65.78 0.0
S450832 143.3317 156.5715 4.504999999999999e-22 1.126e-21 5.409e-21 0.0 -66.93 0.0
S450833 143.6788 156.4182 1.124e-21 2.483e-21 8.935e-21 0.0 -65.77 0.0
S450834 143.3742 156.5801 2.136e-16 1.782e-16 8.98e-17 0.0 -66.95 0.0
S450835 143.3265 156.5799 1.495e-20 2.767e-20 7.022e-20 0.0 -66.92 0.0
S450836 143.3198 156.5943 1.436e-16 1.2e-16 6.108e-17 0.0 -66.95 0.0
S450837 143.3186 156.6118 8.003e-17 1.289e-16 2.483e-16 0.0 -66.97 0.0
S450838 143.6905 156.4171 9.828e-17 8.42e-17 4.417e-17 0.0 -65.75 0.0
S450839 143.3216 156.583 2.064e-17 2.07e-17 1.454e-17 0.0 -66.92 0.0
S450840 143.3317 156.5846 8.792e-18 8.728e-18 6.091e-18 0.0 -66.9 0.0
S450841 143.2562 156.6119 7.83e-18 1.163e-17 1.874e-17 0.0 -66.93 0.0
S450842 143.6609 156.4284 1.322e-17 1.327e-17 9.508e-18 0.0 -65.77 0.0
S450843 143.6582 156.4308 6.54e-21 4.392e-21 1.488e-21 0.0 -65.76 0.0
S450844 143.7274 156.4136 1.2e-16 1.01e-16 5.065e-17 0.0 -65.75 0.0
S450845 143.2922 156.6016 2.0109999999999999e-23 5.928e-23 4.0359999999999997e-22 0.0 -66.95 0.0
S450846 143.6611 156.4125 4.242e-21 3.032e-21 1.083e-21 0.0 -65.78 0.0
S450847 143.2467 156.6154 5.491000000000001e-20 8.532e-20 1.565e-19 0.0 -66.94 0.0
S450848 143.7069 156.4261 7.499e-16 6.085e-16 2.888e-16 0.0 -65.81 0.0
S450849 143.7021 156.4147 1.005e-18 1.278e-18 1.507e-18 0.0 -65.78 0.0
S450850 143.3128 156.6045 6.043e-18 6.864e-18 6.65e-18 0.0 -66.95 0.0
S450851 143.2856 156.6054 1.037e-20 2.0510000000000003e-20 5.998000000000001e-20 0.0 -66.96 0.0
S450852 143.2963 156.5943 3.066e-21 6.172e-21 1.984e-20 0.0 -66.95 0.0
S450853 143.2392 156.6089 9.284e-17 1.202e-16 1.46e-16 0.0 -66.95 0.0
S450854 143.2965 156.5915 2.662e-17 2.452e-17 1.519e-17 0.0 -66.92 0.0
S450855 143.6615 156.3947 5.95e-16 4.771e-16 2.162e-16 0.0 -65.73 1.0
S450856 143.3068 156.5921 2.812e-18 3.248e-18 3.145e-18 0.0 -66.94 0.0
S450857 143.253 156.5998 4.665e-19 6.56e-19 9.146e-19 0.0 -66.92 0.0
S450858 143.2793 156.5902 5.73e-21 1.099e-20 3.092e-20 0.0 -66.89 0.0
S450859 143.7105 156.4083 1.042e-17 1.068e-17 7.944e-18 0.0 -65.75 0.0
S450860 143.6871 156.3967 1.711e-21 3.135e-21 7.945e-21 0.0 -65.77 0.0
S450861 143.2494 156.6083 2.563e-22 6.189e-22 2.778e-21 0.0 -66.93 0.0
S450862 143.2897 156.6138 6.224e-18 6.46e-18 4.867e-18 0.0 -66.93 0.0
S450863 143.2648 156.6168 2.54e-16 2.081e-16 1.025e-16 0.0 -66.95 0.0
S450864 143.2616 156.6141 1.731e-15 1.332e-15 5.681e-16 0.0 -66.93 0.0
S450865 143.263 156.611 3.923e-16 3.12e-16 1.406e-16 0.0 -66.95 1.0
S450866 143.2654 156.6145 1.396e-15 1.054e-15 4.464e-16 0.0 -66.95 1.0
S450867 143.7322 156.395 4.741e-15 3.477e-15 1.321e-15 0.0 -65.74 0.0
S450868 143.2686 156.6077 2.522e-15 1.781e-15 6.33e-16 0.0 -66.94 0.0
S450869 143.2591 156.6114 2.629e-16 2.957e-16 2.785e-16 0.0 -66.93 0.0
S450870 143.2691 156.604 4.37e-15 3.06e-15 1.081e-15 0.0 -66.92 0.0
S450871 143.2792 156.6008 2.992e-18 3.128e-18 2.515e-18 0.0 -66.94 0.0
S450872 143.2603 156.6076 4.854e-15 3.411e-15 1.192e-15 0.0 -66.92 0.0
S450873 143.2776 156.5981 8.752e-15 6.005e-15 2.053e-15 0.0 -66.9 0.0
S450874 143.2635 156.6045 2.672e-17 2.501e-17 1.508e-17 0.0 -66.9 0.0
S450875 143.7329 156.4055 2.331e-16 1.878e-16 8.624e-17 0.0 -65.79 0.0
S450876 143.7065 156.4163 6.246e-17 5.231e-17 2.65e-17 0.0 -65.81 0.0
S450877 143.2514 156.6033 5.399e-17 4.723e-17 2.54e-17 0.0 -66.89 0.0
S450878 143.7225 156.41 9.508e-13 6.531e-13 2.237e-13 0.0 -65.83 0.0
S450879 143.2578 156.5945 2.145e-15 1.514e-15 5.573e-16 0.0 -66.9 0.0
S450880 143.7197 156.4165 3.131e-16 2.398e-16 1.037e-16 0.0 -65.81 0.0
S450881 143.2549 156.5926 3.525e-16 3.447e-16 2.299e-16 0.0 -66.87 0.0
S450882 143.2403 156.6027 1.308e-15 9.936e-16 4.084e-16 0.0 -66.87 0.0
S450883 143.2631 156.5815 2.062e-13 3.263e-13 5.909e-13 0.0 -66.82 0.0
S450884 143.7244 156.4208 1.187e-16 1.037e-16 5.49e-17 0.0 -65.86 0.0
S450885 143.2624 156.5864 6.982e-15 4.881e-15 1.75e-15 0.0 -66.83 0.0
S450886 143.2611 156.5813 2.01e-17 1.921e-17 1.217e-17 0.0 -66.81 0.0
S450887 143.2426 156.5856 3.5e-16 2.638e-16 1.124e-16 0.0 -66.81 1.0
S450888 143.2647 156.574 2.345e-17 3.366e-17 5.004e-17 0.0 -66.77 0.0
S450889 143.2701 156.5721 2.209e-16 1.726e-16 7.714e-17 0.0 -66.78 0.0
S450890 143.2723 156.5708 8.947e-17 7.663e-17 3.926e-17 0.0 -66.77 0.0
S450891 143.2723 156.5715 1.472e-15 1.063e-15 4.091e-16 0.0 -66.75 0.0
S450892 143.2733 156.5603 2.087e-12 1.501e-12 5.811e-13 0.0 -66.72 0.0
S450893 143.2753 156.5648 2.323e-16 1.817e-16 7.903e-17 0.0 -66.72 0.0
S450894 143.2758 156.5604 4.703e-17 4.34e-17 2.638e-17 0.0 -66.71 0.0
S450895 143.7104 156.4478 3.547e-18 4.647e-18 5.842e-18 0.0 -65.98 0.0
S450896 143.7158 156.4498 7.095e-16 5.439e-16 2.322e-16 0.0 -66.01 1.0
S450897 143.2784 156.5496 1.36e-16 1.158e-16 5.976e-17 0.0 -66.68 0.0
S450898 143.7071 156.4593 7.685e-19 9.662e-19 1.137e-18 0.0 -66.04 0.0
S450899 143.7124 156.4532 6.897e-15 4.871e-15 1.727e-15 0.0 -66.01 0.0
S450900 143.2985 156.538 1.646e-15 1.232e-15 5.159e-16 0.001 -66.63 1.0
S450901 143.2864 156.5363 3.507e-16 2.79e-16 1.337e-16 0.0 -66.59 0.0
S450902 143.2996 156.5339 6.579e-15 4.683e-15 1.688e-15 0.0 -66.61 0.0
S450903 143.6846 156.4835 2.326e-16 1.886e-16 8.748e-17 0.0 -66.14 0.0
S450904 143.6811 156.4898 4.42e-18 4.713e-18 3.995e-18 0.0 -66.16 0.0
S450905 143.3123 156.5272 8.295e-17 7.187e-17 3.915e-17 0.0 -66.59 0.0
S450906 143.6615 156.4923 3.492e-16 2.768e-16 1.298e-16 0.0 -66.18 0.0
S450907 143.3161 156.5131 2.448e-17 2.383e-17 1.6e-17 0.0 -66.5 0.0
S450908 143.3222 156.5096 1.812e-15 1.287e-15 4.861e-16 0.0 -66.47 0.0
S450909 143.3444 156.4983 1.308e-17 1.324e-17 9.551e-18 0.0 -66.46 0.0
S450910 143.6391 156.5181 2.112e-15 1.559e-15 6.102e-16 0.0 -66.28 0.0
S450911 143.6447 156.5143 3.78e-16 3.871e-16 2.906e-16 0.0 -66.29 0.0
S450912 143.3663 156.4846 1.471e-12 1.006e-12 3.496e-13 0.0 -66.39 0.0
S450913 143.6374 156.5231 3.449e-17 3.194e-17 1.969e-17 0.0 -66.3 0.0
S450914 143.3725 156.477 1.578e-14 1.061e-14 3.556e-15 0.0 -66.34 0.0
S450915 143.6075 156.537 1.748e-16 1.495e-16 7.844e-17 0.0 -66.34 0.0
S450916 143.6021 156.542 4.583e-16 3.756e-16 1.755e-16 0.0 -66.37 0.0
S450917 143.3954 156.4598 3.054e-16 2.539e-16 1.241e-16 0.0 -66.29 0.0
S450918 143.587 156.5523 2.462e-16 1.975e-16 9.252e-17 0.0 -66.39 0.0
S450919 143.5721 156.5601 8.136e-16 6.452e-16 2.859e-16 0.0 -66.45 1.0
S450920 143.4208 156.4404 8.777e-16 6.543e-16 2.668e-16 0.0 -66.22 0.0
S450921 143.437 156.4334 3.161e-15 2.277e-15 8.415e-16 0.0 -66.19 0.0
S450922 143.4408 156.4288 3.081e-16 3.469e-16 3.159e-16 0.0 -66.19 0.0
S450923 143.5466 156.5873 2.732e-17 2.459e-17 1.431e-17 0.0 -66.54 0.0
S450924 143.5216 156.5883 2.949e-16 2.992e-16 2.222e-16 0.0 -66.56 0.0
S450925 143.5208 156.589 1.277e-22 3.9159999999999996e-22 2.918e-21 0.0 -66.57 0.0
S450926 143.4912 156.4067 2.921e-12 2.175e-12 8.705e-13 0.0 -66.08 0.0
S450927 143.4927 156.6108 7.807e-15 5.266e-15 1.782e-15 0.0 -66.63 0.0
S450928 143.4788 156.6141 2.618e-15 1.831e-15 6.283e-16 0.0 -66.64 0.0
S450929 143.5214 156.3888 2.699e-16 2.147e-16 9.885e-17 0.0 -66.0 0.0
S450930 143.5358 156.3792 5.568e-17 4.863e-17 2.579e-17 0.0 -65.98 0.0
S450931 143.4407 156.6393 1.427e-21 3.119e-21 1.1700000000000002e-20 0.0 -66.72 0.0
S450932 143.4277 156.6415 5.665e-15 3.881e-15 1.288e-15 0.0 -66.76 0.0
S450933 143.5738 156.3621 2.781e-17 3.68e-17 4.649e-17 0.0 -65.94 0.0
S450934 143.5856 156.3611 1.128e-14 7.829e-15 2.678e-15 0.0 -65.9 0.0
S450935 143.394 156.6481 2.088e-16 1.824e-16 9.886e-17 0.0 -66.79 0.0
S450936 143.3611 156.6697 7.109e-17 6.045e-17 3.144e-17 0.0 -66.85 0.0
S450937 143.3677 156.6679 8.631e-16 6.379e-16 2.586e-16 0.0 -66.83 0.0
S450938 143.3342 156.673 2.81e-16 2.278e-16 1.044e-16 0.0 -66.87 0.0
S450939 143.2694 156.5875 1.574e-22 4.321e-22 2.517e-21 0.0 -66.9 0.0
S450940 143.2948 156.5919 2.257e-15 1.594e-15 5.701e-16 0.0 -66.91 0.0
S450941 143.2758 156.5912 1.92e-16 1.608e-16 7.916e-17 0.0 -66.89 0.0
S450942 143.7099 156.4087 9.869e-13 8.428e-13 4.485e-13 0.0 -65.81 1.0
S450943 143.2692 156.5982 2.862e-16 3.053e-16 2.593e-16 0.0 -66.89 0.0
S450944 143.3095 156.5752 9.811e-16 7.36e-16 2.939e-16 0.0 -66.86 0.0
S450945 143.7401 156.4052 5.478e-18 5.814e-18 4.667e-18 0.0 -65.8 0.0
S450946 143.7165 156.42 1.246e-21 2.938e-21 1.2700000000000002e-20 0.001 -65.84 0.0
S450947 143.7381 156.4118 1.482e-16 1.238e-16 6.213e-17 0.0 -65.82 0.0
S450948 143.252 156.5975 3.0909999999999996e-22 7.920999999999999e-22 3.927e-21 0.0 -66.89 0.0
S450949 143.714 156.4161 1.2480000000000001e-20 2.4040000000000002e-20 6.487000000000001e-20 0.0 -65.83 0.0
S450950 143.6816 156.4395 2.008e-19 2.785e-19 4.026e-19 0.0 -65.91 0.0
S450951 143.7022 156.4298 5.395e-18 5.722e-18 4.719e-18 0.0 -65.89 0.0
S450952 143.7102 156.4419 7.273e-21 1.436e-20 4.2900000000000004e-20 0.0 -65.91 0.0
S450953 143.2715 156.5667 1.063e-16 1.745e-16 3.456e-16 0.0 -66.76 0.0
S450954 143.2661 156.5813 6.239e-16 4.627e-16 1.826e-16 0.0 -66.83 0.0
S450955 143.3181 156.5636 2.15e-20 3.891e-20 9.664000000000001e-20 0.0 -66.77 0.0
S450956 143.2827 156.5637 9.227e-18 9.757e-18 7.923e-18 0.0 -66.75 0.0
S450957 143.2398 156.5775 5.389e-16 4.751e-16 2.768e-16 0.0 -66.81 0.0
S450958 143.3248 156.5473 3.778e-19 4.838e-19 5.699e-19 0.0 -66.69 0.0
S450959 143.279 156.56 2.4520000000000002e-21 4.876e-21 1.418e-20 0.0 -66.7 0.0
S450960 143.265 156.5681 1.792e-17 1.723e-17 1.136e-17 0.0 -66.74 0.0
S450961 143.2463 156.5756 2.244e-18 2.537e-18 2.431e-18 0.0 -66.77 0.0
S450962 143.2727 156.5626 9.096e-15 1.836e-14 5.658e-14 0.001 -66.72 0.0
S450963 143.2775 156.5629 2.649e-16 3.355e-16 3.864e-16 0.0 -66.74 0.0
S450964 143.7225 156.4451 8.690000000000001e-21 1.535e-20 3.6260000000000005e-20 0.0 -65.99 0.0
S450965 143.7311 156.4352 1.562e-18 1.915e-18 2.046e-18 0.0 -65.94 0.0
S450966 143.2726 156.5493 8.38e-20 1.268e-19 2.112e-19 0.0 -66.68 0.0
S450967 143.6942 156.4607 5.793e-16 4.666e-16 2.158e-16 0.0 -66.03 0.0
S450968 143.6815 156.4759 2.584e-17 2.457e-17 1.602e-17 0.0 -66.12 0.0
S450969 143.6992 156.4735 1.071e-19 1.553e-19 2.347e-19 0.0 -66.09 0.0
S450970 143.332 156.5303 1.259e-24 5.463e-24 8.861e-23 0.0 -66.59 0.0
S450971 143.6753 156.4856 6.892e-18 7.063e-18 5.331e-18 0.0 -66.14 0.0
S450972 143.68 156.4837 7.369e-21 4.787e-21 1.508e-21 0.0 -66.15 0.0
S450973 143.3396 156.516 9.294999999999999e-23 2.666e-22 1.796e-21 0.0 -66.54 0.0
S450974 143.3264 156.5179 3.751e-18 4.099e-18 3.589e-18 0.0 -66.54 0.0
S450975 143.316 156.5204 6.865e-17 1.016e-16 1.593e-16 0.0 -66.53 0.0
S450976 143.3129 156.52 1.771e-16 1.389e-16 5.91e-17 0.0 -66.55 0.0
S450977 143.6605 156.4963 2.373e-16 2.765e-16 2.718e-16 0.001 -66.18 0.0
S450978 143.3526 156.5001 1.323e-17 1.314e-17 9.395e-18 0.0 -66.44 0.0
S450979 143.3401 156.5012 2.607e-16 2.824e-16 2.455e-16 0.0 -66.46 0.0
S450980 143.6118 156.5424 2.145e-16 1.632e-16 6.896e-17 0.0 -66.36 0.0
S450981 143.3717 156.4852 5.793e-16 4.932e-16 2.621e-16 0.0 -66.39 0.0
S450982 143.3716 156.4813 5.366e-18 5.86e-18 5.136e-18 0.0 -66.38 0.0
S450983 143.3769 156.4791 1.189e-19 1.729e-19 2.662e-19 0.0 -66.36 0.0
S450984 143.3958 156.4558 3.317e-19 4.707e-19 6.961e-19 0.0 -66.28 0.0
S450985 143.6015 156.5416 8.217e-17 6.851e-17 3.49e-17 0.0 -66.37 0.0
S450986 143.5925 156.5341 2.041e-24 7.979e-24 9.754999999999999e-23 0.0 -66.37 0.0
S450987 143.3971 156.4641 1.397e-16 1.169e-16 5.735e-17 0.0 -66.32 0.0
S450988 143.4057 156.4578 1.052e-17 1.083e-17 8.234e-18 0.0 -66.28 0.0
S450989 143.4331 156.4441 3.673e-21 2.701e-21 1.027e-21 0.0 -66.21 0.0
S450990 143.4254 156.4358 1e-15 7.577e-16 3.266e-16 0.0 -66.23 1.0
S450991 143.437 156.4339 6.132e-19 7.772e-19 9.245e-19 0.0 -66.22 0.0
S450992 143.5508 156.5708 5.601e-16 4.262e-16 1.833e-16 0.0 -66.5 1.0
S450993 143.4523 156.433 5.301e-17 4.756e-17 2.765e-17 0.0 -66.15 0.0
S450994 143.5269 156.5943 4.951e-17 4.404e-17 2.54e-17 0.0 -66.56 0.0
S450995 143.4781 156.4144 7.126e-13 4.893e-13 1.626e-13 0.0 -66.1 0.0
S450996 143.5014 156.5843 5.245e-19 6.748e-19 8.34e-19 0.0 -66.58 0.0
S450997 143.4913 156.614 2.554e-17 2.338e-17 1.404e-17 0.0 -66.6 0.0
S450998 143.5049 156.4007 1.391e-19 2.065e-19 3.482e-19 0.0 -66.05 0.0
S450999 143.4695 156.6097 1.107e-16 1.374e-16 1.541e-16 0.0 -66.66 0.0
S451000 143.5244 156.3875 4.367e-16 3.509e-16 1.647e-16 0.0 -66.0 0.0
S451001 143.5498 156.3726 1.387e-15 9.916e-16 3.806e-16 0.0 -65.97 0.0
S451002 143.5491 156.3701 4.023e-20 6.253000000000001e-20 1.095e-19 0.0 -65.95 0.0
S451003 143.5557 156.3647 1.239e-15 1.021e-15 5.003e-16 0.0 -65.94 0.0
S451004 143.5836 156.3623 2.044e-17 2.006e-17 1.403e-17 0.0 -65.92 0.0
S451005 143.5965 156.3604 9.667e-17 7.922e-17 3.913e-17 0.0 -65.89 0.0
S451006 143.3945 156.6478 7.523e-16 5.922e-16 2.579e-16 0.0 -66.77 1.0
S451007 143.3871 156.6527 1.437e-15 1.075e-15 4.351e-16 0.0 -66.83 0.0
S451008 143.3617 156.6516 2.296e-15 1.682e-15 6.507e-16 0.0 -66.85 0.0
S451009 143.3607 156.6753 5.063e-18 5.273e-18 4.14e-18 0.0 -66.82 0.0
S451010 143.3694 156.6665 3.26e-17 3.786e-17 3.786e-17 0.0 -66.85 0.0
S451011 143.3342 156.6648 9.576000000000001e-20 1.513e-19 2.731e-19 0.0 -66.89 0.0
S451012 143.682 156.3389 9.129999999999999e-22 2.169e-21 9.832000000000001e-21 0.0 -65.74 0.0
S451013 143.3013 156.6692 2.066e-18 2.44e-18 2.496e-18 0.0 -66.94 0.0
S451014 143.7276 156.2988 7.382e-16 5.657e-16 2.419e-16 0.0 -65.76 1.0
