Name Equatorial Polar BlueF GreenF RedF Parallax RadialVelocity Variable?
S136021 144.1724 57.4055 1.503e-22 4.0569999999999996e-22 2.284e-21 0.0 -60.78 0.0
S136022 144.062 57.2777 2.953e-20 5.1600000000000004e-20 1.194e-19 0.0 -61.38 0.0
S136023 144.1394 57.3481 2.404e-25 1.215e-24 2.601e-23 0.0 -61.33 0.0
S136024 144.1144 57.3897 5.2329999999999995e-23 1.4939999999999998e-22 9.619e-22 0.0 -61.23 0.0
S136025 144.1525 57.3901 3.191e-18 3.479e-18 3.093e-18 0.0 -60.94 0.0
S136026 144.1385 57.4219 1.669e-23 5.001e-23 3.5389999999999997e-22 0.0 -60.65 0.0
S136027 144.1345 57.3773 8.415e-19 1.077e-18 1.312e-18 0.0 -61.44 0.0
S136028 144.1538 57.3954 4.484e-21 3.271e-21 1.221e-21 0.0 -60.89 0.0
S136029 144.1151 57.3782 2.129e-18 2.606e-18 2.844e-18 0.0 -61.18 0.0
S136030 144.1568 57.4287 1.938e-21 4.293e-21 1.5750000000000002e-20 0.0 -60.59 0.0
S136031 144.1862 57.5242 3.7309999999999996e-22 9.848999999999999e-22 5.432e-21 0.0 -60.61 0.0
S136032 144.1398 57.3849 4.741999999999999e-22 1.108e-21 4.449e-21 0.0 -61.19 0.0
S136033 144.1371 57.3939 6.811e-21 1.301e-20 3.4730000000000006e-20 0.0 -60.78 0.0
S136034 144.1362 57.3868 4.575e-21 8.875e-21 2.502e-20 0.0 -61.48 0.0
S136035 144.1446 57.4001 1.736e-18 1.892e-18 1.706e-18 0.0 -60.83 0.0
S136036 144.083 57.2842 3.2909999999999995e-22 7.742999999999999e-22 3.243e-21 0.0 -61.38 0.0
S136037 144.1452 57.4164 3.123e-18 3.508e-18 3.317e-18 0.0 -60.57 0.0
S136038 144.1431 57.3509 5.509e-16 5.59e-16 4.277e-16 0.0 -61.16 0.0
S136039 144.108 57.3201 2.064e-23 6.115e-23 4.362e-22 0.0 -61.41 0.0
S136040 144.1384 57.3964 7.732e-20 1.24e-19 2.391e-19 0.0 -60.75 0.0
S136041 144.1427 57.3921 1.415e-21 3.2250000000000002e-21 1.3000000000000001e-20 0.001 -60.87 0.0
S136042 144.1374 57.3604 7.87e-17 8.049e-17 6.299e-17 0.0 -61.3 0.0
S136043 144.1728 57.3203 1.052e-21 2.225e-21 7.845e-21 0.0 -61.12 0.0
S136044 144.1508 57.4504 4.695e-21 3.352e-21 1.253e-21 0.0 -60.6 0.0
S136045 144.1688 57.4052 6.22e-22 1.453e-21 6.067e-21 0.0 -60.82 0.0
S136046 144.1113 57.3561 1.261e-19 1.824e-19 2.751e-19 0.0 -61.39 0.0
S136047 144.1371 57.3865 1.502e-21 3.3790000000000002e-21 1.28e-20 0.0 -61.3 0.0
S136048 144.1118 57.3664 5.818e-21 1.061e-20 2.6080000000000002e-20 0.0 -61.44 0.0
S136049 144.0581 57.3934 3.841e-23 1.106e-22 7.390999999999999e-22 0.0 -61.04 0.0
S136050 144.1076 57.4876 4.436e-22 1.141e-21 5.9140000000000004e-21 0.0 -60.83 0.0
S136051 144.134 57.4042 1.382e-21 3.077e-21 1.1700000000000002e-20 0.0 -60.72 0.0
S136052 144.1116 57.3508 3.3429999999999995e-22 8.586e-22 4.448e-21 0.0 -61.48 0.0
S136053 144.1588 57.4212 7.168000000000001e-20 1.103e-19 1.938e-19 0.001 -60.57 0.0
S136054 144.1363 57.3423 2.8999999999999997e-22 7.363e-22 3.613e-21 0.0 -61.39 0.0
S136055 144.1017 57.3698 2.0710000000000003e-20 3.38e-20 6.902e-20 0.0 -61.19 0.0
S136056 144.1385 57.3861 3.395e-18 3.725e-18 3.188e-18 0.0 -61.44 0.0
S136057 144.1387 57.4018 1.354e-18 1.576e-18 1.611e-18 0.0 -60.77 0.0
S136058 144.1377 57.3419 4.37e-19 5.785e-19 7.26e-19 0.0 -61.28 0.0
S136059 144.1847 57.5465 6.816e-19 8.374e-19 9.093e-19 0.0 -60.65 0.0
S136060 144.1557 57.436 3.377e-23 1.214e-22 1.268e-21 0.0 -60.52 0.0
S136061 144.16 57.4262 2.7799999999999996e-22 6.496999999999999e-22 2.668e-21 0.0 -60.52 0.0
S136062 144.1508 57.4049 3.481e-19 4.705e-19 6.22e-19 0.001 -60.65 0.0
S136063 144.1375 57.3932 5.179e-19 6.597e-19 7.796e-19 0.0 -60.5 0.0
S136064 143.8779 57.0225 4.284e-19 6.072e-19 9.081e-19 0.0 -61.22 0.0
S136065 144.1279 57.386 1.9240000000000002e-20 3.7380000000000004e-20 1.095e-19 0.0 -61.33 0.0
S136066 144.1618 57.4289 3.6259999999999996e-22 8.919999999999998e-22 4.019e-21 0.0 -60.56 0.0
S136067 144.1218 57.3704 1.7210000000000002e-21 3.759e-21 1.3430000000000001e-20 0.0 -61.42 0.0
S136068 144.1091 57.3377 2.6309999999999996e-22 6.790999999999999e-22 3.487e-21 0.0 -61.44 0.0
S136069 144.1232 57.3909 5.293e-20 8.367000000000001e-20 1.56e-19 0.0 -61.32 0.0
S136070 144.009 57.2617 9.769e-19 1.127e-18 1.132e-18 0.0 -61.27 0.0
S136071 144.1589 57.4383 3.3869999999999995e-22 9.089e-22 5.333e-21 0.0 -60.53 0.0
S136072 144.1233 57.4262 2.864e-18 3.109e-18 2.728e-18 0.0 -60.83 0.0
S136073 144.1322 57.3961 6.633e-13 7.491e-13 7e-13 0.0 -60.9 0.0
S136074 144.1448 57.3396 1.066e-19 1.587e-19 2.674e-19 0.0 -61.24 0.0
S136075 144.1365 57.4023 3.136e-21 6.707e-21 2.2850000000000003e-20 0.0 -60.79 0.0
S136076 144.1287 57.4362 4.254999999999999e-22 1.056e-21 5.263e-21 0.0 -60.62 0.0
S136077 144.1302 57.3931 7.173e-18 7.476e-18 5.845e-18 0.0 -61.47 0.0
S136078 143.9168 57.086 4.796e-20 7.857e-20 1.637e-19 0.0 -61.25 0.0
S136079 144.1516 57.4084 4.948e-21 9.133e-21 2.2480000000000002e-20 0.0 -60.61 0.0
S136080 144.1274 57.364 7.831e-25 3.602e-24 6.423e-23 0.0 -61.43 0.0
S136081 144.0791 57.334 2.852e-21 5.655e-21 1.77e-20 0.0 -61.31 0.0
S136082 144.123 57.4555 2.6840000000000002e-21 4.966e-21 1.2340000000000002e-20 0.0 -60.77 0.0
S136083 144.1242 57.3815 3.2869999999999997e-22 8.18e-22 4.032e-21 0.0 -61.47 0.0
S136084 144.1595 57.4171 9.383e-22 2.157e-21 8.519e-21 0.0 -60.56 0.0
S136085 144.1414 57.3885 1.022e-21 2.38e-21 1.0390000000000002e-20 0.0 -61.08 0.0
S136086 144.136 57.4007 3.892e-17 3.591e-17 2.114e-17 0.0 -60.67 0.0
S136087 144.1713 57.4348 5.917e-17 7.762e-17 9.83e-17 0.0 -60.62 0.0
S136088 144.1092 57.357 1.664e-17 1.62e-17 1.096e-17 0.0 -61.22 0.0
S136089 144.1067 57.3619 1.3410000000000002e-20 2.5230000000000003e-20 6.587e-20 0.0 -61.42 0.0
S136090 144.1212 57.4021 2.121e-19 3.075e-19 4.796e-19 0.0 -60.9 0.0
S136091 144.1774 57.404 3.09e-21 6.715e-21 2.4890000000000003e-20 0.001 -60.86 1.0
S136092 144.1256 57.3897 1.138e-16 1.409e-16 1.537e-16 0.0 -61.18 0.0
S136093 144.1293 57.3942 2.664e-18 3.049e-18 2.839e-18 0.0 -60.9 0.0
S136094 144.1448 57.4112 6.999999999999999e-22 1.684e-21 7.597e-21 0.0 -60.58 0.0
S136095 144.1488 57.4361 1.562e-23 5.174e-23 4.551999999999999e-22 0.0 -60.53 0.0
S136096 144.1404 57.3799 1.841e-22 4.938999999999999e-22 2.623e-21 0.0 -61.34 0.0
S136097 144.1395 57.3362 1.0150000000000001e-21 2.313e-21 9.028e-21 0.0 -61.22 0.0
S136098 144.1075 57.3937 3.704e-21 7.628e-21 2.471e-20 0.0 -61.04 0.0
S136099 144.1353 57.3976 6.768e-21 1.28e-20 3.293e-20 0.0 -60.64 0.0
S136100 144.1323 57.3542 8.446e-20 1.289e-19 2.218e-19 0.0 -61.3 0.0
S136101 144.1399 57.3907 4.0460000000000006e-20 6.842e-20 1.43e-19 0.0 -60.94 0.0
S136102 144.1091 57.3976 1.411e-19 2.006e-19 2.922e-19 0.0 -61.01 0.0
S136103 144.1026 57.3344 2.21e-21 4.566e-21 1.473e-20 0.0 -61.41 0.0
S136104 144.0188 57.1377 1.104e-17 1.085e-17 7.816e-18 0.0 -61.32 0.0
S136105 144.1315 57.4149 9.731e-21 1.808e-20 4.7380000000000004e-20 0.0 -60.72 0.0
S136106 144.1911 57.4831 2.1480000000000002e-20 3.7240000000000004e-20 8.596e-20 0.0 -60.59 0.0
S136107 144.1252 57.339 4.685999999999999e-22 1.247e-21 6.972e-21 0.0 -61.44 0.0
S136108 144.1472 57.4055 4.492e-13 2.955e-13 9.628e-14 0.0 -60.71 0.0
S136109 144.1381 57.4013 1.488e-20 2.727e-20 6.937e-20 0.0 -60.58 0.0
S136110 144.1524 57.42 3.728e-14 2.411e-14 7.645e-15 0.0 -60.55 0.0
S136111 144.1197 57.3667 8.611e-24 2.756e-23 2.2589999999999996e-22 0.0 -61.42 0.0
S136112 144.1417 57.3949 2.4249999999999997e-22 5.556e-22 2.202e-21 0.0 -60.52 0.0
S136113 144.1912 57.4253 7.855e-18 8.449e-18 7.003e-18 0.0 -60.86 0.0
S136114 144.182 57.3123 7.472e-24 2.708e-23 2.894e-22 0.0 -61.12 0.0
S136115 144.1337 57.2077 1.323e-19 2.107e-19 4.02e-19 0.0 -61.2 0.0
S136116 144.1323 57.3716 2.106e-21 4.331e-21 1.443e-20 0.0 -61.33 0.0
S136117 144.1399 57.317 1.936e-17 1.846e-17 1.213e-17 0.0 -61.25 0.0
S136118 144.0837 57.3231 7.629e-21 1.431e-20 3.866e-20 0.0 -61.37 0.0
S136119 144.1286 57.4089 6.247e-20 9.340000000000001e-20 1.548e-19 0.0 -60.74 0.0
S136120 144.1422 57.3898 2.391e-20 3.9870000000000003e-20 8.134000000000001e-20 0.0 -60.75 0.0
S136121 144.1335 57.3919 3.3519999999999996e-22 8.078e-22 3.692e-21 0.0 -61.35 0.0
S136122 144.1501 57.3933 1.6620000000000002e-20 3.063e-20 7.976e-20 0.0 -60.74 0.0
S136123 144.104 57.3927 7.191999999999999e-22 1.783e-21 8.812e-21 0.0 -61.07 0.0
S136124 144.1538 57.4182 3.6390000000000006e-20 6.467e-20 1.615e-19 0.0 -60.57 0.0
S136125 144.1363 57.3311 6.539e-19 8.195e-19 9.367e-19 0.0 -61.28 0.0
S136126 144.1557 57.4589 2.028e-16 3.204e-16 5.957e-16 0.0 -60.66 0.0
S136127 144.1203 57.3671 4.908e-18 5.408e-18 4.738e-18 0.0 -61.21 0.0
S136128 144.0347 57.218 1.445e-20 2.7030000000000003e-20 7.238000000000001e-20 0.0 -61.32 0.0
S136129 144.1652 57.4271 4.682e-19 6.072e-19 7.538e-19 0.0 -60.62 0.0
S136130 144.1685 57.3971 2.033e-18 2.317e-18 2.193e-18 0.001 -60.85 0.0
S136131 144.0918 57.2643 3.15e-21 6.528e-21 2.219e-20 0.0 -61.37 0.0
S136132 144.1583 57.4423 1.49e-20 2.4660000000000002e-20 5.0390000000000007e-20 0.0 -60.57 0.0
S136133 144.1242 57.3147 1.033e-19 1.569e-19 2.68e-19 0.0 -61.35 0.0
S136134 144.1522 57.4011 2.829e-20 5.1030000000000005e-20 1.207e-19 0.001 -60.55 0.0
S136135 144.1374 57.4387 7.391e-20 1.124e-19 1.928e-19 0.0 -60.66 0.0
S136136 144.1483 57.3673 3.01e-23 9.130999999999999e-23 6.734999999999999e-22 0.0 -61.18 0.0
S136137 144.1167 57.3625 7.759000000000001e-20 1.169e-19 2e-19 0.0 -61.41 0.0
S136138 144.1125 57.4458 4.227e-17 3.766e-17 2.151e-17 0.0 -60.84 0.0
S136139 144.1221 57.4036 3.0639999999999997e-22 7.224999999999999e-22 3.107e-21 0.0 -60.84 0.0
S136140 144.0914 57.4998 3.572e-17 3.236e-17 1.905e-17 0.0 -60.84 0.0
S136141 144.1073 57.3542 1.295e-19 1.852e-19 2.835e-19 0.0 -61.39 0.0
S136142 144.1456 57.4245 3.505e-18 3.836e-18 3.299e-18 0.0 -60.57 0.0
S136143 144.254 57.2916 1.0289999999999999e-22 2.9859999999999995e-22 1.959e-21 0.0 -61.04 0.0
S136144 144.15 57.3739 3.017e-17 3.811e-17 4.437e-17 0.0 -61.17 0.0
S136145 144.1411 57.4001 1.33e-16 1.769e-16 2.278e-16 0.0 -60.54 0.0
S136146 144.057 57.2976 3.5960000000000004e-21 6.447e-21 1.6200000000000002e-20 0.0 -61.34 0.0
S136147 144.1581 57.5257 2.588e-17 2.339e-17 1.407e-17 0.0 -60.7 0.0
S136148 144.1621 57.4186 6.206e-21 4.222e-21 1.463e-21 0.0 -60.63 0.0
S136149 144.1407 57.3813 2.5439999999999997e-22 6.818999999999999e-22 3.82e-21 0.0 -61.28 0.0
S136150 144.1394 57.3855 2.658e-21 2.057e-21 8.926999999999999e-22 0.0 -61.07 0.0
S136151 144.0782 57.2924 1.115e-16 1.366e-16 1.5e-16 0.0 -61.39 0.0
S136152 144.2169 57.2895 6.144e-21 1.2700000000000002e-20 4.0200000000000004e-20 0.0 -61.07 0.0
S136153 144.1192 57.3751 1.2330000000000001e-20 2.2060000000000003e-20 5.23e-20 0.0 -61.37 0.0
S136154 144.1374 57.4877 3.318e-18 3.729e-18 3.442e-18 0.0 -60.67 0.0
S136155 144.1085 57.2863 5.053e-21 3.542e-21 1.27e-21 0.0 -61.35 0.0
S136156 143.9796 57.3445 1.136e-21 2.653e-21 1.1200000000000002e-20 0.0 -61.07 0.0
S136157 144.127 57.4456 4.014e-19 5.044e-19 5.895e-19 0.0 -60.73 0.0
S136158 144.1353 57.3845 6.713e-20 1.053e-19 1.874e-19 0.0 -61.3 0.0
S136159 144.1158 57.3836 2.189e-22 5.941e-22 3.3200000000000002e-21 0.0 -61.22 0.0
S136160 144.1453 57.4248 6.548e-22 1.488e-21 5.655e-21 0.0 -60.56 0.0
S136161 144.1129 57.3567 3.162e-22 8.198999999999999e-22 4.318e-21 0.0 -61.45 0.0
S136162 144.0811 57.3257 1.092e-21 2.593e-21 1.0670000000000001e-20 0.0 -61.38 0.0
S136163 144.1381 57.3605 4.273e-24 1.471e-23 1.369e-22 0.0 -61.35 0.0
S136164 144.1163 57.3627 1.56e-20 2.7580000000000003e-20 6.362e-20 0.0 -61.42 0.0
S136165 144.1346 57.4017 1.56e-18 1.837e-18 1.869e-18 0.0 -60.9 0.0
S136166 144.1615 57.347 3.191e-22 7.844999999999999e-22 3.623e-21 0.0 -61.1 0.0
S136167 144.1238 57.3707 1.0249999999999999e-22 3.1219999999999996e-22 2.162e-21 0.0 -61.37 0.0
S136168 144.1319 57.394 5.436e-21 1.0120000000000001e-20 2.6790000000000003e-20 0.0 -60.9 0.0
S136169 144.1254 57.3483 8.881e-24 3.112e-23 2.971e-22 0.0 -61.37 0.0
S136170 144.0526 57.3697 2.297e-18 2.661e-18 2.536e-18 0.0 -61.07 0.0
S136171 144.0865 57.3639 1.242e-20 2.3450000000000002e-20 6.336e-20 0.0 -61.15 0.0
S136172 144.1379 57.3859 5.188e-18 5.414e-18 4.133e-18 0.0 -61.24 0.0
S136173 144.1312 57.3922 1.597e-17 1.43e-17 8.532e-18 0.0 -61.57 0.0
S136174 144.1168 57.2484 2.739e-19 3.806e-19 5.446e-19 0.0 -61.29 0.0
S136175 144.1492 57.386 2.434e-23 7.177e-23 4.849999999999999e-22 0.0 -61.01 0.0
S136176 144.1216 57.3829 1.893e-12 1.344e-12 4.921e-13 0.0 -61.39 0.0
S136177 144.1147 57.3543 8.069999999999999e-22 1.735e-21 6.28e-21 0.0 -61.42 0.0
S136178 144.1644 57.3866 2.346e-22 5.655e-22 2.545e-21 0.0 -60.96 0.0
S136179 144.1345 57.3904 6.975e-25 3.148e-24 5.111e-23 0.0 -61.64 0.0
S136180 144.1341 57.3937 8.034e-20 1.245e-19 2.227e-19 0.0 -60.59 0.0
S136181 144.1388 57.3295 1.289e-21 2.771e-21 9.531e-21 0.0 -61.24 0.0
S136182 144.1273 57.3948 6.585999999999999e-22 1.408e-21 4.878e-21 0.0 -60.97 0.0
S136183 144.0522 57.315 3.156e-17 2.943e-17 1.811e-17 0.0 -61.3 0.0
S136184 144.1294 57.3894 8.008000000000001e-20 1.23e-19 2.191e-19 0.0 -61.49 0.0
S136185 144.131 57.3656 4.772999999999999e-22 1.067e-21 4.19e-21 0.001 -61.37 0.0
S136186 144.1184 57.3088 1.629e-21 3.466e-21 1.211e-20 0.0 -61.38 0.0
S136187 144.1573 57.2179 3.306e-18 3.828e-18 3.681e-18 0.0 -61.18 0.0
S136188 144.1451 57.3993 9.102999999999999e-22 2.1550000000000002e-21 8.946e-21 0.0 -60.7 0.0
S136189 144.1763 57.414 1.102e-18 1.324e-18 1.422e-18 0.0 -60.73 0.0
S136190 144.0732 57.3072 2.949e-24 1.095e-23 1.236e-22 0.0 -61.35 0.0
S136191 144.1392 57.3883 4.661e-22 8.873e-22 2.4760000000000002e-21 0.0 -61.22 0.0
S136192 144.1636 57.4301 5.2e-19 6.632e-19 8.092e-19 0.0 -60.54 0.0
S136193 144.1474 57.4206 4.508e-18 6.333e-18 9.317e-18 0.0 -60.56 0.0
S136194 144.1338 57.3969 1.781e-19 2.671e-19 4.283e-19 0.0 -60.87 0.0
S136195 144.1267 57.4158 2.361e-23 7.04e-23 4.740999999999999e-22 0.0 -60.73 0.0
S136196 144.1199 57.3199 9.214e-19 1.087e-18 1.148e-18 0.001 -61.34 0.0
S136197 144.1046 57.3555 1.914e-23 5.422e-23 3.296e-22 0.0 -61.31 0.0
S136198 144.123 57.3185 2.1079999999999998e-23 7.237e-23 6.679e-22 0.0 -61.38 0.0
S136199 144.1853 57.4439 2.729e-23 7.544999999999999e-23 4.546e-22 0.0 -60.65 0.0
S136200 144.1274 57.4065 1.247e-19 1.911e-19 3.181e-19 0.0 -60.85 0.0
S136201 144.1382 57.3861 2.821e-20 4.707e-20 9.721e-20 0.0 -61.06 0.0
S136202 144.1006 57.3915 5.646000000000001e-25 2.627e-24 4.453e-23 0.0 -61.06 0.0
S136203 144.1531 57.4075 4.366e-21 8.028e-21 1.964e-20 0.0 -60.56 0.0
S136204 144.2299 57.5547 3.89e-22 9.353e-22 4.334e-21 0.0 -60.64 0.0
S136205 144.0994 57.3353 3.647e-19 4.906e-19 6.289e-19 0.0 -61.42 0.0
S136206 144.1361 57.3906 4.5e-19 6.007e-19 7.718e-19 0.0 -61.09 0.0
S136207 144.1123 57.3558 4.980999999999999e-22 1.28e-21 6.46e-21 0.0 -61.46 0.0
S136208 144.1227 57.4169 1.23e-19 1.807e-19 2.833e-19 0.0 -60.82 0.0
S136209 144.1064 57.449 3.814e-13 2.616e-13 9.018e-14 0.0 -60.83 0.0
S136210 144.2305 57.4233 2.953e-25 1.437e-24 2.9069999999999997e-23 0.0 -60.86 0.0
S136211 144.1614 57.4059 2.184e-22 5.673e-22 2.861e-21 0.0 -60.78 0.0
S136212 144.1265 57.3959 4.339e-21 8.893000000000001e-21 2.7780000000000004e-20 0.0 -60.88 0.0
S136213 144.1161 57.479 1.34e-18 1.564e-18 1.612e-18 0.0 -60.81 0.0
S136214 144.13 57.3596 1.799e-21 3.961e-21 1.484e-20 0.0 -61.34 0.0
S136215 144.1615 57.4399 5.729e-21 4.0480000000000004e-21 1.4e-21 0.0 -60.58 0.0
S136216 144.1245 57.4029 2.899e-17 2.655e-17 1.625e-17 0.0 -60.86 0.0
S136217 144.1929 57.5007 4.166e-18 4.356e-18 3.464e-18 0.0 -60.6 0.0
S136218 144.1215 57.3806 4.115e-17 6.569e-17 1.256e-16 0.0 -61.26 0.0
S136219 144.1296 57.4132 6.604e-19 8.298e-19 9.49e-19 0.0 -60.82 0.0
S136220 144.2078 57.3892 2.3270000000000002e-21 4.61e-21 1.432e-20 0.0 -60.93 0.0
S136221 144.1296 57.4585 2.801e-12 2.217e-12 9.623e-13 0.0 -60.65 1.0
S136222 144.1156 57.4289 4.694e-22 1.2350000000000001e-21 6.502e-21 0.0 -60.84 0.0
S136223 144.161 57.3183 1.814e-19 2.517e-19 3.665e-19 0.0 -61.14 0.0
S136224 144.156 57.3642 1.462e-16 1.903e-16 2.347e-16 0.0 -61.07 0.0
S136225 144.1585 57.438 2.858e-19 3.63e-19 4.387e-19 0.0 -60.57 0.0
S136226 144.2016 57.4198 4.926e-22 1.253e-21 6.323e-21 0.0 -60.84 0.0
S136227 144.1597 57.3473 1.529e-23 4.526e-23 3.111e-22 0.0 -61.16 0.0
S136228 144.1689 57.5493 1.634e-21 3.299e-21 1.002e-20 0.0 -60.66 0.0
S136229 144.1884 57.4046 5.403e-19 7.164e-19 8.941e-19 0.0 -60.89 0.0
S136230 144.1462 57.3979 5.309e-27 4.1580000000000005e-26 2.2719999999999998e-24 0.0 -60.7 0.0
S136231 144.1808 57.3708 2.2449999999999999e-23 6.434999999999999e-23 4.246e-22 0.0 -61.0 0.0
S136232 144.1378 57.3834 3.949e-21 2.815e-21 1.03e-21 0.0 -61.22 0.0
S136233 144.1337 57.3916 7.422e-19 9.129e-19 1.064e-18 0.0 -61.03 0.0
S136234 144.1347 57.3398 2.088e-19 3.018e-19 4.565e-19 0.0 -61.29 0.0
S136235 144.1907 57.2874 3.1440000000000004e-20 5.23e-20 1.086e-19 0.001 -61.11 0.0
S136236 144.121 57.3416 1.857e-12 1.347e-12 4.951e-13 0.0 -61.43 0.0
S136237 144.1688 57.5024 1.911e-20 3.1790000000000003e-20 6.648000000000001e-20 0.0 -60.61 0.0
S136238 144.1356 57.3835 1.4689999999999999e-22 3.416e-22 1.451e-21 0.0 -61.43 0.0
S136239 144.1131 57.3802 3.968e-23 1.2449999999999998e-22 9.335999999999998e-22 0.0 -61.22 0.0
S136240 144.1788 57.5337 3.3899999999999997e-22 8.399999999999999e-22 3.997e-21 0.0 -60.63 0.0
S136241 144.0657 57.3288 2.008e-23 6.651999999999999e-23 5.631999999999999e-22 0.0 -61.26 0.0
S136242 144.1729 57.4236 7.34e-24 2.626e-23 2.726e-22 0.0 -60.65 0.0
S136243 144.1609 57.3803 6.879e-21 1.3460000000000002e-20 3.9420000000000006e-20 0.0 -61.0 0.0
S136244 144.1533 57.3935 2.017e-19 2.865e-19 4.262e-19 0.0 -60.9 0.0
S136245 144.1199 57.4545 3.1570000000000004e-20 5.492e-20 1.232e-19 0.0 -60.78 0.0
S136246 144.1453 57.3838 1.898e-23 5.623e-23 3.7299999999999996e-22 0.0 -61.06 0.0
S136247 144.1384 57.3627 9.586999999999999e-23 2.783e-22 1.847e-21 0.0 -61.32 0.0
S136248 144.1117 57.3047 1.1270000000000002e-20 2.077e-20 5.4120000000000007e-20 0.0 -61.42 0.0
S136249 144.1734 57.4035 5.567e-20 9.533000000000001e-20 2.029e-19 0.0 -60.85 0.0
S136250 144.1611 57.4534 3.531e-17 3.174e-17 1.891e-17 0.0 -60.54 0.0
S136251 144.095 57.4202 3.069e-17 2.95e-17 1.966e-17 0.0 -60.95 0.0
S136252 144.0414 57.3696 4.0799999999999996e-23 1.1449999999999998e-22 6.959999999999999e-22 0.0 -61.09 0.0
S136253 144.1978 57.6243 6.006e-24 2.4999999999999998e-23 3.6049999999999996e-22 0.0 -60.7 0.0
S136254 144.1405 57.4028 1.035e-18 1.333e-18 1.588e-18 0.0 -60.58 1.0
S136255 144.1253 57.3798 1.606e-21 3.352e-21 1.1600000000000001e-20 0.0 -61.29 0.0
S136256 144.1655 57.3355 1.064e-21 2.4160000000000002e-21 9.552e-21 0.0 -61.11 0.0
S136257 144.1428 57.3984 5.987e-23 1.7509999999999999e-22 1.159e-21 0.0 -60.67 0.0
S136258 144.0814 57.3009 2.55e-20 4.478e-20 1.027e-19 0.0 -61.4 0.0
S136259 144.1224 57.3356 2.2990000000000003e-20 3.9150000000000006e-20 8.782000000000001e-20 0.0 -61.34 0.0
S136260 144.1535 57.4136 1.588e-18 1.94e-18 2.086e-18 0.0 -60.63 0.0
S136261 144.2129 57.3525 6.985e-21 4.707e-21 1.576e-21 0.0 -61.01 0.0
S136262 144.1453 57.418 4.939e-23 1.4949999999999999e-22 1.037e-21 0.0 -60.57 0.0
S136263 144.1046 57.4121 5.395999999999999e-22 1.218e-21 4.8680000000000004e-21 0.0 -60.96 0.0
S136264 144.2123 57.5561 7.274e-24 2.723e-23 3.1079999999999997e-22 0.0 -60.65 0.0
S136265 144.2004 57.4994 2.3970000000000002e-20 4.417e-20 1.105e-19 0.0 -60.61 0.0
S136266 144.0113 57.3129 2.8200000000000003e-20 4.706e-20 1.004e-19 0.0 -61.16 0.0
S136267 144.1209 57.4016 2.787e-17 2.631e-17 1.698e-17 0.0 -60.85 0.0
S136268 144.1203 57.5316 1.255e-16 1.622e-16 1.941e-16 0.0 -60.8 0.0
S136269 144.1727 57.4467 3.0549999999999996e-22 8.771999999999998e-22 5.577e-21 0.0 -60.54 0.0
S136270 144.0618 57.3065 7.144999999999999e-22 1.643e-21 6.5320000000000004e-21 0.0 -61.38 0.0
S136271 144.1743 57.4809 1.501e-18 1.787e-18 1.866e-18 0.0 -60.6 0.0
S136272 144.1341 57.3914 3.435e-16 2.738e-16 1.29e-16 0.0 -61.07 0.0
S136273 144.1406 57.3874 1.725e-23 5.05e-23 3.3369999999999996e-22 0.0 -61.44 0.0
S136274 144.1473 57.3823 1.056e-21 2.201e-21 7.484e-21 0.0 -61.08 0.0
S136275 144.1394 57.4065 3.301e-21 2.456e-21 9.947e-22 0.0 -60.75 0.0
S136276 144.1497 57.4048 1.201e-17 1.28e-17 1.008e-17 0.0 -60.52 0.0
S136277 144.067 57.3645 4.227e-23 1.291e-22 9.371999999999999e-22 0.0 -61.13 0.0
S136278 144.1606 57.4128 6.343e-19 7.892e-19 9.227e-19 0.0 -60.7 0.0
S136279 144.1386 57.384 1.0389999999999999e-22 2.769e-22 1.507e-21 0.0 -61.44 0.0
S136280 144.1489 57.4987 2.372e-18 2.767e-18 2.69e-18 0.0 -60.66 0.0
S136281 144.1474 57.3808 4.522999999999999e-22 1.0240000000000001e-21 4.183e-21 0.0 -61.13 0.0
S136282 144.1303 57.3794 4.11e-19 5.516e-19 7.324e-19 0.0 -61.31 0.0
S136283 144.1064 57.3798 8.498e-22 1.907e-21 7.556e-21 0.0 -61.18 0.0
S136284 144.1662 57.41 6.954e-24 2.4949999999999998e-23 2.606e-22 0.0 -60.79 0.0
S136285 144.0821 57.3409 1.729e-20 3.313e-20 9.388000000000001e-20 0.0 -61.33 0.0
S136286 143.9188 57.0458 3.021e-18 3.364e-18 3.022e-18 0.0 -61.26 0.0
S136287 144.1419 57.3887 2.4299999999999998e-23 7.341e-23 5.188999999999999e-22 0.0 -61.36 0.0
S136288 144.1504 57.4046 2.256e-19 3.186e-19 4.798e-19 0.0 -60.78 0.0
S136289 144.1616 57.3319 1.075e-23 3.5889999999999996e-23 3.1979999999999997e-22 0.0 -61.12 0.0
S136290 144.1275 57.3666 5.144e-19 6.759e-19 8.91e-19 0.0 -61.4 0.0
S136291 144.1194 57.3834 1.438e-20 2.6390000000000002e-20 6.983000000000001e-20 0.0 -61.15 0.0
S136292 144.1072 57.4316 6.827e-19 8.682e-19 1.057e-18 0.0 -60.86 0.0
S136293 144.1163 57.3745 6.369e-18 7.303e-18 6.709e-18 0.0 -61.25 0.0
S136294 144.0966 57.3709 2.6780000000000002e-21 5.805e-21 2.0060000000000003e-20 0.0 -61.24 0.0
S136295 144.2208 57.4926 4.694e-19 5.781e-19 6.676e-19 0.0 -60.7 0.0
S136296 144.1374 57.4022 1.53e-12 1.048e-12 3.628e-13 0.0 -60.67 0.0
S136297 144.0771 57.3519 3.116e-19 4.06e-19 5.154e-19 0.0 -61.17 0.0
S136298 144.1548 57.394 1.291e-22 3.0979999999999995e-22 1.347e-21 0.0 -60.84 0.0
S136299 144.1821 57.5081 2.335e-12 1.688e-12 6.315e-13 0.0 -60.61 0.0
S136300 144.1356 57.398 2.213e-22 5.662999999999999e-22 2.888e-21 0.0 -60.55 0.0
S136301 144.1345 57.4095 2.001e-22 4.7909999999999995e-22 2.109e-21 0.0 -60.6 0.0
S136302 144.1285 57.3995 4.8970000000000004e-20 7.948e-20 1.615e-19 0.0 -60.88 0.0
S136303 144.1764 57.4296 2.26e-20 3.961e-20 9.37e-20 0.0 -60.72 0.0
S136304 144.1503 57.3924 3.362e-20 5.720000000000001e-20 1.217e-19 0.0 -60.54 0.0
S136305 144.1292 57.4004 6.119e-22 1.488e-21 6.8e-21 0.0 -60.91 0.0
S136306 144.147 57.4174 8.961e-18 9.42e-18 7.727e-18 0.0 -60.57 0.0
S136307 144.0443 57.3598 5.092e-19 6.467e-19 7.664e-19 0.0 -61.12 0.0
S136308 144.1254 57.3882 1.5030000000000002e-20 2.664e-20 6.254e-20 0.0 -61.08 0.0
S136309 144.1945 57.3967 6.788999999999999e-22 1.707e-21 8.310000000000001e-21 0.0 -60.91 0.0
S136310 144.0903 57.5412 1.8049999999999997e-22 5.037e-22 3.002e-21 0.0 -60.84 0.0
S136311 144.1602 57.3503 1.46e-20 2.6550000000000003e-20 6.809e-20 0.0 -61.09 0.0
S136312 144.1307 57.3766 1.305e-18 1.554e-18 1.649e-18 0.0 -61.22 0.0
S136313 144.1303 57.3944 4.958e-17 9.772e-17 2.975e-16 0.0 -60.56 0.0
S136314 144.0294 57.2847 4.6620000000000005e-20 7.312e-20 1.327e-19 0.0 -61.24 0.0
S136315 144.1931 57.4864 2.494e-22 5.560999999999999e-22 2.116e-21 0.0 -60.59 0.0
S136316 144.1493 57.5039 4.814e-17 4.664e-17 3.168e-17 0.0 -60.69 0.0
S136317 144.1597 57.4136 2.652e-21 5.511e-21 1.856e-20 0.0 -60.63 0.0
S136318 144.1284 57.3928 6.756e-17 5.825e-17 3.174e-17 0.0 -61.02 0.0
S136319 144.1852 57.3654 1.651e-16 1.895e-16 1.755e-16 0.0 -61.02 0.0
S136320 144.1225 57.4001 5.65e-21 3.88e-21 1.355e-21 0.0 -60.91 0.0
S136321 144.2688 57.462 1.587e-20 3.03e-20 8.712000000000001e-20 0.0 -60.84 0.0
S136322 144.0912 57.3763 1.491e-21 3.323e-21 1.2660000000000001e-20 0.0 -61.16 0.0
S136323 144.1348 57.3934 8.154e-18 8.387e-18 6.328e-18 0.0 -60.94 0.0
S136324 144.1065 57.3843 1.966e-18 2.206e-18 1.978e-18 0.0 -61.11 0.0
S136325 144.1356 57.3089 1.257e-17 1.201e-17 7.799e-18 0.0 -61.27 0.0
S136326 144.1104 57.3011 4.698e-21 3.333e-21 1.188e-21 0.0 -61.39 0.0
S136327 144.2555 57.2545 9.51e-28 9.277e-27 7.759e-25 0.0 -61.05 0.0
S136328 144.1254 57.3987 2.478e-12 1.97e-12 8.86e-13 0.0 -60.83 1.0
S136329 144.1454 57.4075 1.328e-24 5.509e-24 7.916e-23 0.001 -60.55 0.0
S136330 144.1316 57.3916 1.024e-16 8.895e-17 4.912e-17 0.0 -61.18 0.0
S136331 144.1303 57.399 1.083e-24 4.706e-24 7.333e-23 0.0 -60.67 0.0
S136332 144.1431 57.4344 3.7909999999999997e-23 1.081e-22 6.713e-22 0.0 -60.55 0.0
S136333 144.1402 57.3576 2.585e-21 5.682e-21 2.15e-20 0.0 -61.29 0.0
S136334 144.16 57.4324 3.41e-17 3.14e-17 1.921e-17 0.0 -60.6 0.0
S136335 144.1907 57.4191 8.202999999999999e-23 2.1409999999999996e-22 1.115e-21 0.0 -60.72 0.0
S136336 144.1239 57.3957 1.049e-18 1.333e-18 1.589e-18 0.0 -60.99 0.0
S136337 144.1357 57.3883 1.957e-21 4.017e-21 1.3070000000000001e-20 0.0 -61.48 0.0
S136338 144.1132 57.36 6.009e-18 6.479e-18 5.453e-18 0.0 -61.38 0.0
S136339 144.0375 57.2692 1.777e-17 1.731e-17 1.18e-17 0.0 -61.31 0.0
S136340 144.1038 57.4323 9.854e-25 4.352e-24 6.746e-23 0.0 -60.89 0.0
S136341 144.1388 57.3937 9.351e-23 2.5589999999999997e-22 1.497e-21 0.0 -60.39 0.0
S136342 144.1493 57.3838 2.543e-19 3.51e-19 4.882e-19 0.0 -61.04 0.0
S136343 144.1877 57.4567 3.393e-16 3.356e-16 2.388e-16 0.0 -60.63 0.0
S136344 144.1484 57.3941 8.418e-20 1.333e-19 2.527e-19 0.0 -60.83 0.0
S136345 144.1846 57.4795 2.15e-18 2.603e-18 2.728e-18 0.0 -60.59 0.0
S136346 144.0886 57.2452 2.434e-23 7.428e-23 5.461e-22 0.0 -61.32 0.0
S136347 144.1273 57.3939 1.513e-19 2.27e-19 3.734e-19 0.0 -61.27 0.0
S136348 144.1369 57.391 6.95e-23 2.174e-22 1.702e-21 0.0 -61.8 0.0
S136349 144.0805 57.352 1.5569999999999998e-22 4.915e-22 3.783e-21 0.0 -61.29 0.0
S136350 144.1204 57.3384 1.7270000000000002e-21 3.867e-21 1.473e-20 0.0 -61.46 0.0
S136351 144.136 57.3968 2.905e-23 8.116e-23 5.004e-22 0.0 -60.69 0.0
S136352 144.1619 57.3811 1.115e-19 1.644e-19 2.634e-19 0.0 -61.01 0.0
S136353 144.1369 57.3964 1.8579999999999998e-22 4.703e-22 2.311e-21 0.0 -60.93 0.0
S136354 144.1376 57.4041 1.126e-19 1.667e-19 2.626e-19 0.0 -60.58 0.0
S136355 144.1197 57.3873 2.7199999999999996e-22 7.296999999999999e-22 4.12e-21 0.0 -61.1 0.0
S136356 144.1416 57.3866 5.126e-19 6.689e-19 8.487e-19 0.0 -61.44 0.0
S136357 144.1196 57.3862 2.851e-22 6.431e-22 2.442e-21 0.0 -61.17 0.0
S136358 144.166 57.3998 3.489e-16 3.737e-16 3.115e-16 0.0 -60.87 0.0
S136359 144.1353 57.3764 1.927e-18 2.219e-18 2.142e-18 0.0 -61.24 0.0
S136360 144.164 57.4242 3.029e-21 6.1040000000000004e-21 1.863e-20 0.0 -60.56 0.0
S136361 144.1417 57.3868 6.269000000000001e-25 2.747e-24 4.1909999999999997e-23 0.0 -61.13 0.0
S136362 144.2376 57.6592 2.0949999999999998e-23 6.575e-23 5.156999999999999e-22 0.0 -60.66 0.0
S136363 144.1225 57.3954 6.5570000000000005e-21 1.306e-20 3.925e-20 0.0 -61.01 0.0
S136364 144.1436 57.3938 6.635e-21 1.2830000000000001e-20 3.6890000000000004e-20 0.0 -60.54 0.0
S136365 144.125 57.3693 2.375e-17 2.188e-17 1.32e-17 0.0 -61.34 0.0
S136366 144.1732 57.391 3.7899999999999996e-22 9.535e-22 4.693e-21 0.0 -60.93 0.0
S136367 144.1428 57.3886 7.576e-19 1.033e-18 1.429e-18 0.0 -61.07 0.0
S136368 144.2475 57.595 7.031e-23 1.8589999999999999e-22 1.044e-21 0.0 -60.65 0.0
S136369 144.1316 57.399 2.788e-19 3.94e-19 5.765e-19 0.0 -60.89 0.0
S136370 144.1286 57.3343 9.707999999999999e-23 2.345e-22 1.102e-21 0.0 -61.42 0.0
S136371 144.1342 57.3899 8.39e-21 1.567e-20 4.16e-20 0.0 -61.09 0.0
S136372 144.1124 57.3345 4.865e-21 9.848e-21 2.996e-20 0.0 -61.45 0.0
S136373 144.1437 57.4528 7.708999999999999e-22 1.687e-21 6.088e-21 0.0 -60.5 0.0
S136374 144.1467 57.4772 1.556e-19 2.248e-19 3.577e-19 0.0 -60.64 0.0
S136375 144.1239 57.3705 4.755e-25 2.16e-24 3.5759999999999996e-23 0.0 -61.41 0.0
S136376 144.1195 57.3864 1.7309999999999998e-22 4.1609999999999996e-22 1.909e-21 0.0 -61.45 0.0
S136377 144.1394 57.408 2.0729999999999998e-22 4.752e-22 1.915e-21 0.0 -60.66 0.0
S136378 144.1043 57.3566 8.0009999999999995e-22 1.739e-21 6.058e-21 0.0 -61.44 0.0
S136379 144.109 57.335 1.263e-19 1.892e-19 3.165e-19 0.0 -61.47 0.0
S136380 144.1469 57.4166 9.073e-20 1.457e-19 2.738e-19 0.0 -60.57 0.0
S136381 144.1031 57.2264 1.95e-21 4.282e-21 1.6340000000000002e-20 0.0 -61.27 0.0
S136382 144.1539 57.3513 1.474e-22 3.4919999999999995e-22 1.465e-21 0.0 -61.18 0.0
S136383 144.1253 57.4098 2.6e-18 2.766e-18 2.311e-18 0.0 -60.75 0.0
S136384 144.1352 57.392 8.263999999999999e-23 2.2819999999999996e-22 1.357e-21 0.0 -61.0 0.0
S136385 144.1286 57.3912 9.728999999999999e-23 2.548e-22 1.3e-21 0.0 -61.44 0.0
S136386 144.1855 57.469 6.248e-23 1.8169999999999998e-22 1.193e-21 0.0 -60.59 0.0
S136387 144.1434 57.3793 3.606e-21 7.307e-21 2.2900000000000002e-20 0.0 -61.28 0.0
S136388 144.0855 57.2186 1.5019999999999998e-23 4.732e-23 3.7169999999999997e-22 0.0 -61.32 0.0
S136389 144.0925 57.2938 2.986e-17 2.645e-17 1.47e-17 0.0 -61.41 0.0
S136390 144.0237 57.3489 1.228e-25 6.767e-25 1.706e-23 0.0 -61.12 0.0
S136391 144.1615 57.4241 1.025e-21 2.308e-21 8.922e-21 0.0 -60.55 0.0
S136392 144.1367 57.3964 6.534e-21 1.2700000000000002e-20 3.767e-20 0.0 -60.92 0.0
S136393 144.1378 57.397 4.393e-18 4.993e-18 4.765e-18 0.0 -60.78 0.0
S136394 144.1565 57.427 7.178e-19 8.886e-19 1.03e-18 0.0 -60.54 0.0
S136395 144.1361 57.5614 1.449e-28 1.761e-27 2.3300000000000003e-25 0.0 -60.74 0.0
S136396 144.152 57.338 1.389e-16 1.969e-16 2.96e-16 0.0 -61.18 0.0
S136397 144.0081 57.3024 3.309e-21 6.12e-21 1.642e-20 0.0 -61.18 0.0
S136398 144.1134 57.3355 3.339e-20 5.843e-20 1.356e-19 0.0 -61.45 0.0
S136399 144.0742 57.3367 1.738e-19 2.588e-19 4.277e-19 0.0 -61.28 0.0
S136400 144.1297 57.3805 4.4890000000000005e-20 7.594e-20 1.602e-19 0.0 -61.41 0.0
S136401 144.1454 57.4135 2.145e-21 4.778e-21 1.795e-20 0.0 -60.57 0.0
S136402 144.1425 57.3981 4.9149999999999996e-23 1.3309999999999998e-22 7.642999999999999e-22 0.0 -60.62 0.0
S136403 144.0709 57.3564 6.495e-17 5.534e-17 2.902e-17 0.0 -61.2 0.0
S136404 144.1483 57.424 1.862e-18 2.079e-18 1.945e-18 0.0 -60.55 0.0
S136405 144.1124 57.3089 9.036e-17 7.834e-17 4.074e-17 0.0 -61.33 0.0
S136406 144.1123 57.3737 1.88e-17 1.969e-17 1.614e-17 0.0 -61.19 0.0
S136407 144.1693 57.4218 6.598e-23 1.8509999999999998e-22 1.16e-21 0.0 -60.59 0.0
S136408 144.1399 57.4032 1.2380000000000001e-20 2.0710000000000003e-20 4.5520000000000004e-20 0.0 -60.59 0.0
S136409 144.0483 57.2731 3.794e-22 9.006999999999998e-22 3.857e-21 0.0 -61.31 0.0
S136410 144.1255 57.3824 1.7e-24 7.255e-24 1.072e-22 0.0 -61.43 0.0
S136411 144.0772 57.2886 2.044e-21 4.2860000000000004e-21 1.4130000000000002e-20 0.0 -61.39 0.0
S136412 144.1914 57.4262 1.919e-22 4.56e-22 1.982e-21 0.0 -60.74 0.0
S136413 144.1177 57.3907 2.954e-20 5.2620000000000005e-20 1.229e-19 0.0 -61.11 0.0
S136414 144.168 57.4283 6.861e-17 1.136e-16 2.257e-16 0.0 -60.63 0.0
S136415 144.1366 57.3898 4.546e-21 9.166000000000001e-21 2.8460000000000005e-20 0.0 -61.65 0.0
S136416 144.0747 57.3378 4.7469999999999995e-22 9.611999999999999e-22 2.9870000000000002e-21 0.0 -61.31 0.0
S136417 144.1284 57.3939 3.5429999999999995e-22 9.723999999999999e-22 5.682e-21 0.0 -61.05 0.0
S136418 144.1237 57.3872 2.336e-20 4.14e-20 9.898000000000001e-20 0.0 -61.1 0.0
S136419 144.1371 57.4004 8.133e-19 1.041e-18 1.262e-18 0.0 -60.66 0.0
S136420 144.1223 57.4053 2.592e-21 4.9160000000000004e-21 1.37e-20 0.0 -60.78 0.0
S136421 144.1065 57.393 5.1780000000000005e-21 1.0220000000000001e-20 3.0120000000000004e-20 0.0 -61.03 0.0
S136422 144.1049 57.3598 8.823000000000001e-20 1.356e-19 2.375e-19 0.0 -61.32 0.0
S136423 144.1441 57.4099 5.015e-21 9.05e-21 2.2090000000000003e-20 0.0 -60.55 0.0
S136424 144.1353 57.3799 1.644e-22 4.663e-22 2.965e-21 0.0 -61.44 0.0
S136425 144.1201 57.3603 4.393e-19 5.85e-19 7.217e-19 0.0 -61.37 0.0
S136426 144.2268 57.4406 1.425e-17 1.399e-17 9.937e-18 0.0 -60.84 0.0
S136427 144.1518 57.3953 1.045e-21 2.501e-21 1.0840000000000001e-20 0.0 -60.85 0.0
S136428 144.1324 57.3922 7.224e-21 4.8680000000000004e-21 1.603e-21 0.0 -61.59 0.0
S136429 144.1551 57.4012 4.045e-19 5.374e-19 7.266e-19 0.0 -60.82 0.0
S136430 144.1448 57.3673 4.673e-17 4.071e-17 2.28e-17 0.0 -61.26 0.0
S136431 144.1141 57.4211 5.581e-22 1.3240000000000001e-21 5.814e-21 0.0 -60.86 0.0
S136432 144.1064 57.3707 6.06e-22 1.465e-21 6.309e-21 0.0 -61.18 0.0
S136433 144.0883 57.3911 5.999e-21 1.2100000000000001e-20 3.816e-20 0.0 -61.06 0.0
S136434 144.1633 57.3913 1.738e-21 3.869e-21 1.511e-20 0.0 -60.91 0.0
S136435 144.1252 57.3766 2.4660000000000002e-20 4.291e-20 9.609000000000001e-20 0.0 -61.23 0.0
S136436 144.3023 57.6359 3.5159999999999997e-22 9.763e-22 5.977e-21 0.0 -60.69 0.0
S136437 144.2223 57.6069 5.005e-23 1.4079999999999998e-22 8.58e-22 0.0 -60.66 0.0
S136438 144.1323 57.3706 6.986999999999999e-23 2.2749999999999996e-22 1.853e-21 0.0 -61.27 0.0
S136439 144.0899 57.4003 4.862e-21 1.009e-20 3.249e-20 0.0 -61.02 0.0
S136440 144.1475 57.5326 3.886e-23 1.1899999999999998e-22 8.958999999999999e-22 0.0 -60.75 0.0
S136441 144.1369 57.3949 2.983e-18 3.056e-18 2.334e-18 0.0 -60.77 0.0
S136442 144.0176 57.2754 1.768e-21 3.6e-21 1.1550000000000001e-20 0.0 -61.24 0.0
S136443 144.1431 57.3923 4.024e-23 1.198e-22 8.395999999999999e-22 0.0 -60.63 0.0
S136444 144.1142 57.3997 4.18e-21 8.572000000000001e-21 2.7100000000000003e-20 0.0 -60.99 0.0
S136445 144.1319 57.4036 1.532e-17 1.531e-17 1.099e-17 0.0 -60.55 1.0
S136446 144.1431 57.4614 8.559e-19 1.075e-18 1.249e-18 0.0 -60.52 0.0
S136447 144.1165 57.4118 8.275e-20 1.271e-19 2.136e-19 0.0 -60.56 0.0
S136448 144.0715 57.3823 3.063e-16 2.42e-16 1.088e-16 0.0 -61.43 1.0
S136449 144.1336 57.3987 2.448e-16 2.001e-16 9.789e-17 0.0 -60.63 0.0
S136450 144.1328 57.4123 2.608e-18 2.888e-18 2.497e-18 0.0 -60.73 0.0
S136451 144.1415 57.3849 9.387e-19 1.173e-18 1.349e-18 0.0 -61.43 0.0
S136452 144.1526 57.3711 9.032e-19 1.14e-18 1.32e-18 0.0 -61.41 0.0
S136453 144.1483 57.4253 2.664e-20 4.3490000000000007e-20 8.833000000000001e-20 0.0 -60.63 0.0
S136454 144.1358 57.445 1.839e-16 1.533e-16 7.532e-17 0.0 -60.56 0.0
S136455 144.1248 57.4354 1.736e-17 1.651e-17 1.122e-17 0.0 -60.51 0.0
S136456 144.0988 57.3499 3.762e-18 4.339e-18 4.078e-18 0.0 -61.21 0.0
S136457 144.1877 57.388 9.514e-17 9.774e-17 7.403e-17 0.0 -60.66 0.0
S136458 144.0936 57.3545 7.459e-17 6.564e-17 3.649e-17 0.0 -61.39 0.0
S136459 144.1506 57.3919 1.878e-16 1.485e-16 6.699e-17 0.0 -60.82 0.0
S136460 144.1315 57.3887 1.404e-20 2.6370000000000003e-20 7.115e-20 0.0 -61.16 0.0
S136461 144.1622 57.3977 5.817e-21 4.029e-21 1.447e-21 0.0 -60.85 0.0
S136462 144.1634 57.4122 8.027e-19 1.003e-18 1.185e-18 0.0 -60.59 0.0
S136463 144.1096 57.4421 3.1240000000000003e-20 5.3710000000000006e-20 1.209e-19 0.0 -60.68 0.0
S136464 144.1724 57.3813 3.102e-18 3.294e-18 2.765e-18 0.0 -60.97 0.0
S136465 144.1317 57.4064 4.286e-18 4.603e-18 3.924e-18 0.0 -60.57 0.0
S136466 144.1385 57.3226 5.937e-17 8.437e-17 1.263e-16 0.0 -61.43 0.0
S136467 144.098 57.3949 6.729e-17 5.827e-17 3.179e-17 0.0 -61.22 0.0
S136468 144.1482 57.3531 1.221e-22 3.2719999999999997e-22 1.84e-21 0.0 -61.39 0.0
S136469 144.2026 57.4079 6.3e-21 4.302e-21 1.474e-21 0.0 -60.68 0.0
S136470 144.1193 57.3358 2.7789999999999996e-22 7.256999999999999e-22 3.899e-21 0.0 -61.38 0.0
S136471 144.1126 57.3877 3.289e-19 4.389e-19 5.968e-19 0.0 -61.13 0.0
S136472 144.1394 57.4062 4.871e-16 4.336e-16 2.426e-16 0.0 -60.74 0.0
S136473 144.1145 57.3981 2.298e-20 3.9870000000000003e-20 8.913000000000001e-20 0.0 -61.04 0.0
S136474 144.1152 57.3712 1.415e-21 2.925e-21 9.947e-21 0.0 -61.26 0.0
S136475 144.0973 57.4258 1.825e-20 3.258e-20 7.745000000000001e-20 0.0 -60.57 0.0
S136476 144.1245 57.428 1.394e-23 4.175e-23 2.873e-22 0.0 -60.73 0.0
S136477 144.0983 57.3879 4.757e-16 3.859e-16 1.844e-16 0.0 -61.25 0.0
S136478 144.1301 57.345 1.366e-16 1.881e-16 2.603e-16 0.0 -61.44 0.0
S136479 144.1299 57.3721 3.0040000000000005e-20 5.072e-20 1.099e-19 0.0 -61.36 0.0
S136480 144.1539 57.3642 8.061e-17 7.001e-17 3.883e-17 0.0 -61.21 0.0
S136481 144.1381 57.3864 1.651e-18 1.909e-18 1.843e-18 0.0 -61.33 0.0
S136482 144.0958 57.3797 1.8680000000000003e-20 3.554e-20 9.794000000000001e-20 0.0 -61.21 0.0
S136483 144.1369 57.3788 1.409e-19 2.052e-19 3.312e-19 0.0 -61.27 0.0
S136484 144.1228 57.3991 2.467e-18 2.923e-18 3.083e-18 0.0 -60.94 0.0
S136485 144.1312 57.4261 7.925e-21 1.5480000000000002e-20 4.36e-20 0.0 -60.6 0.0
S136486 144.1305 57.3642 4.362e-18 4.819e-18 4.331e-18 0.0 -61.35 0.0
S136487 144.1608 57.4082 7.002e-18 7.281e-18 5.906e-18 0.0 -60.66 0.0
S136488 144.1541 57.4005 1.743e-18 2.017e-18 2.01e-18 0.0 -60.71 0.0
S136489 144.162 57.3518 3.263e-23 9.916999999999999e-23 7.17e-22 0.0 -61.46 0.0
S136490 144.1351 57.3877 4.1899999999999995e-22 1.12e-21 6.167e-21 0.0 -61.04 0.0
S136491 144.2045 57.4176 5.6760000000000004e-21 3.936e-21 1.372e-21 0.0 -60.68 0.0
S136492 144.1279 57.406 4.961e-19 6.996e-19 1.019e-18 0.0 -60.6 0.0
S136493 144.1292 57.4053 8.342e-17 7.1e-17 3.689e-17 0.0 -60.85 0.0
S136494 144.1728 57.3907 2.971e-22 7.632e-22 3.907e-21 0.001 -60.79 0.0
S136495 144.1274 57.3364 2.327e-12 1.949e-12 9.972e-13 0.0 -61.35 1.0
S136496 144.0972 57.3941 3.576e-17 3.382e-17 2.22e-17 0.0 -61.21 0.0
S136497 144.1675 57.3979 1.146e-21 2.567e-21 9.809e-21 0.0 -60.79 0.0
S136498 144.131 57.4377 4.012e-16 2.994e-16 1.213e-16 0.0 -60.58 0.0
S136499 144.1334 57.4058 2.824e-16 2.344e-16 1.174e-16 0.0 -60.82 0.0
S136500 144.1195 57.4075 8.222e-19 1.021e-18 1.169e-18 0.0 -60.56 0.0
S136501 144.1505 57.4195 7.102999999999999e-23 2.0569999999999997e-22 1.292e-21 0.0 -60.56 0.0
S136502 144.0813 57.3906 3.5079999999999996e-23 1.122e-22 9.139e-22 0.0 -61.32 0.0
S136503 144.1515 57.4081 5.122e-21 9.822e-21 2.7160000000000004e-20 0.0 -60.65 0.0
S136504 144.1101 57.3818 4.824e-16 3.714e-16 1.586e-16 0.0 -61.22 1.0
S136505 144.1071 57.3468 1.586e-21 3.354e-21 1.1500000000000001e-20 0.0 -61.4 0.0
S136506 144.1031 57.3903 2.063e-16 2.784e-16 3.676e-16 0.0 -61.37 0.0
S136507 144.1276 57.3458 6.2230000000000004e-21 4.259e-21 1.465e-21 0.0 -61.46 0.0
S136508 144.1137 57.3913 6.397e-19 7.964e-19 8.544e-19 0.0 -61.41 0.0
S136509 144.1414 57.3931 2.4849999999999998e-22 6.018999999999999e-22 2.79e-21 0.0 -60.94 0.0
S136510 144.1053 57.4067 2.499e-24 1.058e-23 1.5499999999999998e-22 0.0 -60.82 0.0
S136511 144.1426 57.3904 1.1130000000000001e-21 2.525e-21 9.66e-21 0.0 -60.91 0.0
S136512 144.1409 57.4278 1.2199999999999999e-22 3.394e-22 2.031e-21 0.0 -60.58 0.0
S136513 144.104 57.3671 1.925e-16 2.533e-16 3.052e-16 0.0 -61.24 0.0
S136514 144.1629 57.3768 6.523e-19 8.038e-19 8.885e-19 0.0 -61.07 0.0
S136515 144.1242 57.4034 2.965e-17 2.75e-17 1.724e-17 0.0 -60.82 0.0
S136516 144.2012 57.4601 1.585e-16 2.271e-16 3.555e-16 0.0 -60.58 0.0
S136517 144.1114 57.3656 7.684e-18 8.015e-18 6.258e-18 0.0 -61.37 0.0
S136518 144.1625 57.3853 5.166e-16 4.302e-16 2.095e-16 0.0 -60.91 0.0
S136519 144.1414 57.4016 2.871e-18 3.196e-18 2.838e-18 0.0 -60.54 0.0
S136520 144.0957 57.3482 3.7749999999999996e-22 8.962e-22 3.995e-21 0.0 -61.34 0.0
S136521 144.1007 57.4002 1.268e-17 1.253e-17 8.578e-18 0.0 -61.11 0.0
S136522 144.172 57.4085 8.884e-21 1.742e-20 5.024e-20 0.0 -60.54 0.0
S136523 144.1291 57.3833 2.5369999999999998e-22 6.758999999999999e-22 3.832e-21 0.0 -61.35 0.0
S136524 144.1409 57.3361 1.859e-19 2.567e-19 3.522e-19 0.0 -61.43 0.0
S136525 144.1061 57.3917 5.634e-21 1.0530000000000001e-20 2.7280000000000005e-20 0.001 -61.06 0.0
S136526 144.17 57.3524 7.876e-17 6.701e-17 3.463e-17 0.0 -61.19 1.0
S136527 144.0858 57.3603 1.131e-15 8.545e-16 3.501e-16 0.0 -61.33 0.0
S136528 144.1185 57.405 1.183e-12 8.188e-13 2.774e-13 0.0 -60.88 0.0
S136529 144.1331 57.4429 1.997e-18 2.374e-18 2.526e-18 0.0 -60.74 0.0
S136530 144.1288 57.3997 4.847e-16 3.736e-16 1.61e-16 0.0 -60.86 1.0
S136531 144.1323 57.4123 5.149e-24 1.849e-23 1.9549999999999998e-22 0.0 -60.57 0.0
S136532 144.1042 57.392 1.052e-19 1.501e-19 2.225e-19 0.0 -61.15 0.0
S136533 144.1804 57.384 1.319e-17 1.28e-17 8.864e-18 0.0 -60.52 0.0
S136534 144.181 57.3869 3.208e-21 6.404e-21 1.949e-20 0.0 -60.88 0.0
S136535 144.0697 57.3772 2.527e-16 2.112e-16 1.051e-16 0.0 -61.28 0.0
S136536 144.173 57.4379 7.208e-21 1.443e-20 4.3910000000000006e-20 0.0 -60.54 0.0
S136537 144.1406 57.3851 3.304e-24 1.332e-23 1.719e-22 0.0 -61.05 0.0
S136538 144.0819 57.4007 2.79e-19 3.768e-19 5.156e-19 0.0 -61.11 0.0
S136539 144.1801 57.4404 2.55e-21 1.982e-21 8.412999999999999e-22 0.0 -60.6 0.0
S136540 144.1939 57.3811 9.137e-19 1.142e-18 1.277e-18 0.0 -60.76 0.0
S136541 144.1104 57.3564 1.27e-22 3.3009999999999997e-22 1.688e-21 0.0 -61.4 0.0
S136542 144.1566 57.3749 2.1430000000000002e-21 4.644e-21 1.632e-20 0.0 -61.24 0.0
S136543 144.1702 57.3934 7.056e-17 5.926e-17 2.967e-17 0.0 -60.84 0.0
S136544 144.17 57.379 2.226e-20 4.0870000000000006e-20 1.024e-19 0.0 -61.09 0.0
S136545 144.168 57.4007 1.121e-18 1.367e-18 1.466e-18 0.0 -60.57 0.0
S136546 144.13 57.3858 3.788e-24 1.561e-23 2.0829999999999997e-22 0.001 -61.17 0.0
S136547 144.1483 57.4392 1.2860000000000001e-20 2.346e-20 5.73e-20 0.0 -60.58 0.0
S136548 144.146 57.3621 5.168e-19 7.078e-19 9.835e-19 0.0 -61.41 0.0
S136549 144.0877 57.4277 1.997e-19 2.893e-19 4.264e-19 0.001 -60.88 0.0
S136550 144.129 57.3962 1.909e-12 1.398e-12 5.339e-13 0.0 -60.87 0.0
S136551 144.1644 57.3775 1.881e-18 2.175e-18 2.043e-18 0.0 -61.09 0.0
S136552 144.138 57.4213 7.38e-24 2.691e-23 2.925e-22 0.0 -60.61 0.0
S136553 144.1388 57.3889 6.581000000000001e-20 1.073e-19 2.156e-19 0.0 -61.06 0.0
S136554 144.155 57.4338 8.984e-18 9.423e-18 7.774e-18 0.0 -60.51 0.0
S136555 144.1456 57.3517 1.207e-16 1.127e-16 7.061e-17 0.0 -61.29 0.0
S136556 144.1847 57.41 2.319e-17 2.223e-17 1.498e-17 0.0 -60.66 0.0
S136557 144.1521 57.3817 7.492999999999999e-22 1.88e-21 9.164e-21 0.0 -61.06 0.0
S136558 144.1614 57.3836 3.534e-19 4.882e-19 6.696e-19 0.0 -60.98 0.0
S136559 144.1044 57.369 8.173e-18 7.952e-18 5.509e-18 0.0 -61.46 0.0
S136560 144.0958 57.3661 1.346e-12 9.289e-13 3.143e-13 0.001 -61.45 0.0
S136561 144.1003 57.3885 6.169e-16 4.844e-16 2.176e-16 0.0 -61.31 1.0
S136562 144.0848 57.3786 2.666e-12 2.005e-12 8.222e-13 0.0 -61.26 1.0
S136563 144.1297 57.3759 1.848e-21 4.106e-21 1.5130000000000002e-20 0.0 -61.25 0.0
S136564 144.1478 57.4508 6.085000000000001e-20 1.003e-19 2.039e-19 0.0 -60.54 0.0
S136565 144.1065 57.3656 3.335e-16 2.979e-16 1.705e-16 0.0 -61.41 0.0
S136566 144.1113 57.372 1.291e-16 1.689e-16 2.186e-16 0.0 -61.3 1.0
S136567 144.1513 57.3804 8.126e-21 1.515e-20 4.1910000000000006e-20 0.0 -61.13 0.0
S136568 144.0708 57.3707 6.015e-18 6.491e-18 5.57e-18 0.0 -61.47 0.0
S136569 144.103 57.4099 3.583e-16 2.858e-16 1.288e-16 0.0 -60.69 1.0
S136570 144.1414 57.3985 3.545e-19 4.905e-19 6.748e-19 0.0 -60.9 0.0
S136571 144.1535 57.3955 1.85e-16 1.648e-16 9.195e-17 0.0 -60.71 0.0
S136572 144.1673 57.3745 2.059e-21 4.64e-21 1.743e-20 0.0 -61.11 0.0
S136573 144.1936 57.3899 2.297e-21 5.05e-21 1.836e-20 0.0 -60.85 0.0
S136574 144.179 57.4396 8.520999999999999e-23 2.0989999999999998e-22 9.987999999999998e-22 0.0 -60.55 0.0
S136575 144.1329 57.389 3.034e-19 4.218e-19 5.873e-19 0.0 -61.06 0.0
S136576 144.1503 57.4083 2.813e-19 3.885e-19 5.567e-19 0.0 -60.64 0.0
S136577 144.1781 57.4421 1.726e-19 2.482e-19 3.704e-19 0.0 -60.62 0.0
S136578 144.1973 57.4029 1.38e-18 1.6e-18 1.645e-18 0.0 -60.52 0.0
S136579 144.1326 57.4188 2.775e-20 5.170000000000001e-20 1.333e-19 0.0 -60.67 0.0
S136580 144.1697 57.413 2.148e-17 2.062e-17 1.362e-17 0.0 -60.77 0.0
S136581 144.1327 57.3569 8.854e-17 7.461e-17 3.787e-17 0.0 -61.21 0.0
S136582 144.1641 57.3874 6.4620000000000005e-21 4.387e-21 1.463e-21 0.0 -60.91 0.0
S136583 144.1184 57.4008 8.723e-22 2.087e-21 9.194e-21 0.0 -60.96 0.0
S136584 144.1568 57.4096 6.753e-21 4.615e-21 1.545e-21 0.0 -60.71 0.0
S136585 144.1104 57.4186 2.454e-16 1.95e-16 9.077e-17 0.0 -60.78 0.0
S136586 144.1152 57.326 1.076e-16 8.759e-17 4.161e-17 0.0 -61.33 0.0
S136587 144.1916 57.3889 1.051e-20 1.957e-20 5.1740000000000004e-20 0.0 -60.85 0.0
S136588 144.0771 57.3844 3.787e-19 5.164e-19 7.195e-19 0.0 -61.32 0.0
S136589 144.1157 57.3539 2.946e-21 6.215e-21 2.1070000000000002e-20 0.0 -61.45 0.0
S136590 144.1264 57.4273 6.816e-17 1.063e-16 1.982e-16 0.0 -60.55 0.0
S136591 144.1262 57.4246 3.522e-17 3.135e-17 1.817e-17 0.0 -60.6 0.0
S136592 144.1886 57.3827 1.041e-18 1.289e-18 1.443e-18 0.0 -60.79 0.0
S136593 144.1653 57.4111 1.605e-21 3.49e-21 1.2930000000000001e-20 0.0 -60.57 0.0
S136594 144.1572 57.4011 3.56e-16 3.926e-16 3.422e-16 0.0 -60.66 0.0
S136595 144.0958 57.341 2.776e-17 2.725e-17 1.878e-17 0.001 -61.41 0.0
S136596 144.1062 57.4053 2.628e-16 2.871e-16 2.493e-16 0.0 -60.59 0.0
S136597 144.1145 57.3745 1.911e-16 1.556e-16 7.549e-17 0.0 -61.39 0.0
S136598 144.1989 57.4069 2.173e-17 2.084e-17 1.347e-17 0.0 -60.65 0.0
S136599 144.1653 57.4142 9.024e-13 6.133e-13 2.059e-13 0.0 -60.53 0.0
S136600 144.1915 57.3995 8.088e-20 1.273e-19 2.3e-19 0.0 -60.54 0.0
S136601 144.13 57.3676 3.3359999999999995e-22 8.292999999999999e-22 3.8340000000000004e-21 0.0 -61.34 0.0
S136602 144.1064 57.3777 3.607e-18 3.818e-18 3.032e-18 0.0 -61.27 0.0
S136603 144.1707 57.3871 2.6889999999999996e-23 8.156e-23 5.734999999999999e-22 0.0 -60.89 0.0
S136604 144.1256 57.3751 7.963e-18 7.8e-18 5.515e-18 0.0 -61.37 0.0
S136605 144.0982 57.3952 1.6379999999999998e-22 4.0249999999999994e-22 1.855e-21 0.0 -61.4 0.0
S136606 144.1231 57.4076 1.137e-19 1.755e-19 3.008e-19 0.0 -60.87 0.0
S136607 144.1562 57.4217 1.127e-12 1.086e-12 7.173e-13 0.0 -60.72 1.0
S136608 144.2006 57.3912 5.255e-23 1.5949999999999999e-22 1.164e-21 0.0 -60.76 0.0
S136609 144.1551 57.4232 1.118e-16 1.287e-16 1.248e-16 0.0 -60.59 0.0
S136610 144.1642 57.4313 3.986e-19 5.507e-19 7.544e-19 0.0 -60.58 0.0
S136611 144.1026 57.3426 5.816999999999999e-23 1.6939999999999998e-22 1.145e-21 0.0 -61.44 0.0
S136612 144.1673 57.3664 1.221e-16 1.027e-16 5.426e-17 0.0 -61.42 0.0
S136613 144.1595 57.3955 5.22e-25 2.448e-24 4.466e-23 0.0 -60.86 0.0
S136614 144.1476 57.4197 1.791e-17 1.715e-17 1.161e-17 0.0 -60.54 0.0
S136615 144.1654 57.3791 2.218e-21 4.803e-21 1.7090000000000003e-20 0.0 -61.17 0.0
S136616 144.1352 57.3921 1.281e-17 1.158e-17 6.734e-18 0.0 -60.26 0.0
S136617 144.1356 57.392 2.38e-16 2.914e-16 3.092e-16 0.0 -60.42 0.0
S136618 144.1354 57.392 3.661e-16 2.894e-16 1.312e-16 0.0 -61.13 0.0
S136619 144.1354 57.3924 3.902e-16 3.078e-16 1.361e-16 0.0 -59.19 0.0
S136620 144.1245 57.3873 2.998e-15 2.151e-15 7.681e-16 0.001 -61.13 0.0
S136621 144.1198 57.3901 2.844e-15 2.076e-15 7.897e-16 0.0 -61.07 0.0
S136622 144.1193 57.3909 2.973e-16 3.647e-16 3.94e-16 0.0 -61.07 0.0
S136623 144.1163 57.3929 2.356e-17 2.274e-17 1.591e-17 0.0 -61.05 0.0
S136624 144.156 57.3894 5.296e-15 3.489e-15 1.126e-15 0.0 -60.96 0.0
S136625 144.116 57.3952 2.398e-16 2.004e-16 1.033e-16 0.0 -61.04 0.0
S136626 144.1139 57.3964 2.319e-15 1.662e-15 6.216e-16 0.0 -61.02 0.0
S136627 144.1594 57.385 1.42e-15 1.025e-15 3.869e-16 0.0 -60.99 0.0
S136628 144.1554 57.383 1.384e-15 1.041e-15 4.175e-16 0.0 -61.0 0.0
S136629 144.1568 57.3814 7.612e-17 6.582e-17 3.598e-17 0.001 -61.01 0.0
S136630 144.1115 57.4068 5.697e-15 3.967e-15 1.398e-15 0.0 -60.95 0.0
S136631 144.1603 57.3755 9.496e-19 1.237e-18 1.561e-18 0.0 -61.05 0.0
S136632 144.1117 57.4107 1.166e-15 8.623e-16 3.541e-16 0.0 -60.93 0.0
S136633 144.1586 57.3692 1.815e-16 1.545e-16 8.039e-17 0.0 -61.07 0.0
S136634 144.1567 57.3654 1.313e-14 8.606e-15 2.74e-15 0.0 -61.1 0.0
S136635 144.158 57.3629 1.994e-15 1.45e-15 5.638e-16 0.0 -61.09 0.0
S136636 144.155 57.3592 2.97e-16 2.345e-16 1.055e-16 0.0 -61.1 1.0
S136637 144.1125 57.4287 5.718e-16 4.639e-16 2.214e-16 0.0 -60.85 0.0
S136638 144.1117 57.4268 2.966e-12 2.4e-12 1.152e-12 0.0 -60.87 1.0
S136639 144.1135 57.4333 8.189e-17 7.225e-17 3.888e-17 0.0 -60.84 0.0
S136640 144.1591 57.3426 8.574e-17 1.742e-16 5.529e-16 0.0 -61.13 0.0
S136641 144.1556 57.3427 7.401e-17 6.61e-17 3.779e-17 0.0 -61.14 0.0
S136642 144.1159 57.4467 6.428e-18 6.963e-18 5.744e-18 0.0 -60.82 0.0
S136643 144.1132 57.4477 8.1e-17 7.078e-17 4.003e-17 0.0 -60.82 0.0
S136644 144.1172 57.4542 1.64e-16 1.33e-16 6.26e-17 0.0 -60.8 0.0
S136645 144.1515 57.3326 5.71e-18 8.048e-18 1.193e-17 0.0 -61.16 0.0
S136646 144.1513 57.3198 9.775e-16 7.503e-16 3.233e-16 0.0 -61.18 1.0
S136647 144.1227 57.4671 7.332e-17 6.247e-17 3.323e-17 0.0 -60.78 0.0
S136648 144.1518 57.3127 6.915e-15 4.815e-15 1.682e-15 0.0 -61.2 0.0
S136649 144.1242 57.4809 3.169e-15 2.275e-15 8.479e-16 0.001 -60.78 0.0
S136650 144.128 57.4799 2.642e-18 3.15e-18 3.288e-18 0.001 -60.77 0.0
S136651 144.1434 57.2985 4.307e-15 2.961e-15 1.066e-15 0.0 -61.22 0.0
S136652 144.1363 57.2863 4.316e-16 3.467e-16 1.567e-16 0.0 -61.24 1.0
S136653 144.1331 57.5041 5.799e-16 4.596e-16 2.058e-16 0.0 -60.75 1.0
S136654 144.1332 57.2813 7.996e-17 6.983e-17 3.844e-17 0.0 -61.24 0.0
S136655 144.1338 57.2749 8.95e-17 7.709e-17 4.119e-17 0.0 -61.24 0.0
S136656 144.1396 57.5113 1.063e-16 9.096e-17 4.813e-17 0.0 -60.72 0.0
S136657 144.1272 57.2629 8.147e-16 6.179e-16 2.628e-16 0.0 -61.23 1.0
S136658 144.1473 57.5298 3.022e-17 2.875e-17 1.794e-17 0.0 -60.72 0.0
S136659 144.121 57.2527 2.782e-16 2.454e-16 1.387e-16 0.0 -61.26 0.0
S136660 144.1548 57.5383 6.719e-17 1.023e-16 1.758e-16 0.0 -60.71 0.0
S136661 144.1509 57.5348 1.209e-16 2.902e-16 1.251e-15 0.0 -60.7 0.0
S136662 144.1092 57.2355 1.315e-17 1.328e-17 9.868e-18 0.0 -61.29 0.0
S136663 144.1625 57.5449 1.309e-18 1.463e-18 1.369e-18 0.0 -60.69 0.0
S136664 144.1069 57.2318 1.842e-16 1.459e-16 6.452e-17 0.0 -61.28 0.0
S136665 144.1738 57.5612 6.7e-18 7.235e-18 5.801e-18 0.0 -60.69 0.0
S136666 144.0957 57.2176 1.144e-15 8.582e-16 3.528e-16 0.0 -61.29 0.0
S136667 144.1785 57.5586 7.606e-15 5.358e-15 1.877e-15 0.0 -60.68 0.0
S136668 144.182 57.5726 6.594e-16 5.031e-16 2.105e-16 0.0 -60.69 1.0
S136669 144.0794 57.1902 1.541e-16 1.308e-16 6.699e-17 0.0 -61.3 0.0
S136670 144.1885 57.5809 1.512e-18 1.835e-18 2.003e-18 0.0 -60.67 0.0
S136671 144.0769 57.1945 1.493e-14 9.846e-15 3.194e-15 0.0 -61.31 0.0
S136672 144.0751 57.2007 1.29e-12 8.881e-13 3.115e-13 0.0 -61.31 0.0
S136673 144.2033 57.5952 9.915e-14 6.473e-14 2.039e-14 0.0 -60.69 0.0
S136674 144.0662 57.1822 6.587e-15 4.511e-15 1.545e-15 0.0 -61.31 0.0
S136675 144.209 57.6073 1.654e-18 1.909e-18 1.842e-18 0.0 -60.65 0.0
S136676 144.0535 57.1794 9.316e-18 9.8e-18 7.877e-18 0.0 -61.32 0.0
S136677 144.051 57.1688 1.286e-14 8.816e-15 3.017e-15 0.0 -61.3 1.0
S136678 144.0503 57.1753 1.311e-15 1.003e-15 4.135e-16 0.0 -61.32 1.0
S136679 144.044 57.1658 4.698e-15 3.305e-15 1.231e-15 0.0 -61.33 0.0
S136680 144.039 57.1644 3.059e-15 2.15e-15 7.598e-16 0.0 -61.32 0.0
S136681 144.2399 57.6278 1.541e-15 1.138e-15 4.717e-16 0.0 -60.66 0.0
S136682 144.0252 57.1591 2.078e-16 1.734e-16 8.951e-17 0.0 -61.32 0.0
S136683 144.2501 57.6356 1.88e-16 1.51e-16 6.933e-17 0.0 -60.67 0.0
S136684 144.25 57.6363 1.455e-17 1.368e-17 8.67e-18 0.0 -60.67 0.0
S136685 144.0139 57.1371 4.279e-17 4.04e-17 2.566e-17 0.0 -61.31 0.0
S136686 144.2597 57.6425 1.805e-17 1.841e-17 1.356e-17 0.001 -60.68 0.0
S136687 144.0153 57.1612 8.023e-17 7.16e-17 3.974e-17 0.0 -61.33 0.0
S136688 144.2648 57.6274 7.554e-16 5.493e-16 2.122e-16 0.0 -60.66 0.0
S136689 144.2665 57.6418 8.4e-17 7.293e-17 3.992e-17 0.0 -60.68 0.0
S136690 143.9856 57.1371 4.276e-16 3.371e-16 1.529e-16 0.0 -61.29 1.0
S136691 144.2731 57.6313 1.034e-17 1.123e-17 9.708e-18 0.0 -60.68 0.0
S136692 144.2813 57.6495 4e-16 3.061e-16 1.243e-16 0.0 -60.69 1.0
S136693 144.2842 57.6357 2.007e-17 1.858e-17 1.136e-17 0.0 -60.68 0.0
S136694 144.2952 57.6547 1.742e-18 2.084e-18 2.152e-18 0.0 -60.7 0.0
S136695 144.3067 57.6645 7.736e-16 6.02e-16 2.597e-16 0.0 -60.7 1.0
S136696 144.3083 57.6626 3.874e-19 4.584e-19 4.903e-19 0.0 -60.69 0.0
S136697 143.9533 57.1253 1.6e-19 2.4e-19 3.985e-19 0.0 -61.28 0.0
S136698 144.3011 57.6349 3.409e-18 3.806e-18 3.34e-18 0.0 -60.72 1.0
S136699 143.9627 57.1482 2.331e-16 1.913e-16 9.193e-17 0.0 -61.28 0.0
S136700 144.3271 57.6453 1.934e-17 1.961e-17 1.492e-17 0.0 -60.72 0.0
S136701 143.9408 57.1501 2.793e-16 2.192e-16 9.767e-17 0.0 -61.25 1.0
S136702 143.9428 57.1509 3.378e-13 2.252e-13 7.246e-14 0.0 -61.25 0.0
S136703 144.327 57.6315 2.398e-16 1.881e-16 8.628e-17 0.0 -60.73 0.0
S136704 143.9509 57.1741 7.381e-15 5.021e-15 1.643e-15 0.0 -61.25 0.0
S136705 144.1239 57.3963 2.434e-17 2.192e-17 1.334e-17 0.0 -60.99 0.0
S136706 144.1306 57.4011 5.436e-22 1.277e-21 5.171e-21 0.0 -60.87 0.0
S136707 144.1443 57.3909 3.677e-17 3.453e-17 2.118e-17 0.0 -60.96 0.0
S136708 144.1449 57.3816 5.833e-16 4.578e-16 2.019e-16 0.0 -61.09 1.0
S136709 144.1206 57.3963 1.256e-16 1.449e-16 1.458e-16 0.0 -61.0 0.0
S136710 144.1575 57.3838 2.967e-16 2.387e-16 1.137e-16 0.0 -61.0 0.0
S136711 144.1246 57.4021 8.238e-16 6.166e-16 2.522e-16 0.0 -60.92 1.0
S136712 144.1233 57.3958 7.882e-17 1.075e-16 1.473e-16 0.0 -61.0 0.0
S136713 144.1237 57.4005 4.034e-15 2.841e-15 1.049e-15 0.0 -60.94 0.0
S136714 144.1213 57.3982 9.753e-20 1.55e-19 2.94e-19 0.0 -60.98 0.0
S136715 144.1231 57.4065 3.691e-16 3.828e-16 2.852e-16 0.0 -60.88 0.0
S136716 144.1182 57.4008 1.438e-15 1.07e-15 4.305e-16 0.0 -60.95 0.0
S136717 144.1552 57.3779 5.623e-17 4.852e-17 2.506e-17 0.0 -61.04 0.0
S136718 144.119 57.4022 2.062e-15 1.484e-15 5.618e-16 0.0 -60.95 0.0
S136719 144.1232 57.4131 1.591e-16 2.334e-16 3.693e-16 0.0 -60.83 0.0
S136720 144.118 57.4068 5.184e-21 1.044e-20 3.2190000000000005e-20 0.0 -60.91 0.0
S136721 144.1595 57.373 6.944e-16 5.352e-16 2.365e-16 0.0 -61.07 1.0
S136722 144.154 57.3694 1.817e-16 1.52e-16 7.527e-17 0.0 -61.11 0.0
S136723 144.1539 57.3745 3.3100000000000003e-20 5.558e-20 1.194e-19 0.0 -61.05 0.0
S136724 144.1492 57.3666 7.566e-15 5.363e-15 1.93e-15 0.0 -61.13 0.0
S136725 144.1193 57.4156 1.322e-18 1.593e-18 1.681e-18 0.0 -60.87 0.0
S136726 144.1488 57.3716 2.962e-16 2.785e-16 1.75e-16 0.0 -61.09 0.0
S136727 144.1207 57.4187 2.554e-16 2.737e-16 2.334e-16 0.0 -60.84 0.0
S136728 144.1237 57.4203 1.042e-15 7.723e-16 3.036e-16 0.0 -60.83 0.0
S136729 144.1501 57.3628 3.203e-16 2.577e-16 1.163e-16 0.0 -61.14 1.0
S136730 144.1582 57.3584 1.787e-21 3.94e-21 1.4400000000000003e-20 0.0 -61.13 0.0
S136731 144.1223 57.4218 2.172e-16 2.333e-16 1.876e-16 0.0 -60.83 0.0
S136732 144.1164 57.4338 1.686e-16 1.388e-16 6.935e-17 0.0 -60.83 0.0
S136733 144.1186 57.4235 3.134e-21 6.051e-21 1.715e-20 0.0 -60.84 0.0
S136734 144.1476 57.3506 3.384e-19 4.383e-19 5.266e-19 0.0 -61.21 0.0
S136735 144.1199 57.43 7.848e-16 7.794e-16 5.754e-16 0.0 -60.85 0.0
S136736 144.1396 57.3433 2.253e-16 1.754e-16 7.785e-17 0.0 -61.22 0.0
S136737 144.1324 57.4474 4.079e-16 3.204e-16 1.393e-16 0.0 -60.74 1.0
S136738 144.1209 57.4411 3.486e-17 3.073e-17 1.7e-17 0.0 -60.78 1.0
S136739 144.1114 57.4348 1.213e-17 1.177e-17 7.934e-18 0.0 -60.84 0.0
S136740 144.1575 57.3385 2.2490000000000002e-20 3.8940000000000006e-20 9.068e-20 0.0 -61.18 0.0
S136741 144.1218 57.4455 1.226e-16 1.034e-16 5.19e-17 0.0 -60.79 0.0
S136742 144.1463 57.3389 7.32e-16 5.554e-16 2.37e-16 0.0 -61.2 1.0
S136743 144.1459 57.3374 6.227e-21 4.256e-21 1.439e-21 0.0 -61.2 0.0
S136744 144.1384 57.3245 1.449e-19 2.065e-19 3.14e-19 0.0 -61.24 0.0
S136745 144.151 57.3327 8.009e-17 6.902e-17 3.756e-17 0.0 -61.2 0.0
S136746 144.1465 57.3306 9.555e-16 6.919e-16 2.631e-16 0.0 -61.22 0.0
S136747 144.1416 57.3211 4.401e-19 6.159e-19 8.583e-19 0.0 -61.23 0.0
S136748 144.1235 57.4605 5.214e-15 3.618e-15 1.272e-15 0.0 -60.75 0.0
S136749 144.1452 57.3266 5.375e-16 3.975e-16 1.607e-16 0.0 -61.2 0.0
S136750 144.1415 57.3195 3.322e-16 2.711e-16 1.299e-16 0.0 -61.22 0.0
S136751 144.1404 57.3253 1.352e-15 9.852e-16 3.781e-16 0.0 -61.23 0.0
S136752 144.1444 57.3205 4.426e-18 5.079e-18 4.831e-18 0.0 -61.23 0.0
S136753 144.1362 57.3092 1.593e-16 1.283e-16 6.283e-17 0.0 -61.26 0.0
S136754 144.1293 57.3044 4.671e-16 3.466e-16 1.448e-16 0.0 -61.26 1.0
S136755 144.1452 57.315 8.371e-16 6.407e-16 2.706e-16 0.0 -61.24 1.0
S136756 144.1344 57.496 8.827e-20 1.358e-19 2.453e-19 0.0 -60.71 0.0
S136757 144.1334 57.4784 3.637e-16 2.903e-16 1.345e-16 0.0 -60.73 0.0
S136758 144.1389 57.2951 2.269e-16 1.775e-16 8.134e-17 0.0 -61.24 0.0
S136759 144.1405 57.3051 1.318e-19 1.709e-19 2.081e-19 0.0 -61.26 0.0
S136760 144.1387 57.4936 1.448e-12 1.266e-12 6.896e-13 0.0 -60.72 1.0
S136761 144.138 57.2868 6.941e-16 5.205e-16 2.033e-16 0.0 -61.25 0.0
S136762 144.13 57.2778 7.991e-17 6.286e-17 2.762e-17 0.0 -61.28 0.0
S136763 144.1341 57.4836 6.545e-17 6.925e-17 5.64e-17 0.0 -60.71 0.0
S136764 144.1343 57.297 3.12e-16 3.721e-16 3.889e-16 0.0 -61.26 0.0
S136765 144.1393 57.4862 6.097e-16 4.774e-16 2.048e-16 0.0 -60.7 1.0
S136766 144.1458 57.4947 2.893e-16 3.168e-16 2.713e-16 0.0 -60.73 0.0
S136767 144.1239 57.2934 7.213e-21 4.942e-21 1.613e-21 0.0 -61.29 0.0
S136768 144.1463 57.509 2.038e-16 2.104e-16 1.661e-16 0.0 -60.7 0.0
S136769 144.127 57.2647 1.844e-23 5.724e-23 4.386999999999999e-22 0.0 -61.27 0.0
S136770 144.1289 57.2888 2.498e-21 5.286e-21 1.8200000000000002e-20 0.0 -61.28 0.0
S136771 144.1204 57.2763 2.597e-16 2.391e-16 1.479e-16 0.0 -61.27 0.0
S136772 144.1557 57.5182 4.174e-19 5.592e-19 7.25e-19 0.0 -60.68 0.0
S136773 144.123 57.2616 3.4060000000000004e-20 5.558e-20 1.133e-19 0.0 -61.29 0.0
S136774 144.1558 57.5244 4.629e-17 4.164e-17 2.43e-17 0.001 -60.69 0.0
S136775 144.1077 57.2423 2.549e-18 2.774e-18 2.364e-18 0.0 -61.3 0.0
S136776 144.1665 57.5389 3.152e-21 6.156e-21 1.722e-20 0.0 -60.7 0.0
S136777 144.1156 57.2504 3.677e-16 2.974e-16 1.368e-16 0.0 -61.27 0.0
S136778 144.1635 57.5351 5.659e-16 4.696e-16 2.305e-16 0.0 -60.69 0.0
S136779 144.1034 57.2408 2.675e-16 2.169e-16 1.003e-16 0.0 -61.29 0.0
S136780 144.1095 57.2604 4.6820000000000005e-20 7.678000000000001e-20 1.519e-19 0.0 -61.32 0.0
S136781 144.1088 57.2696 7.736e-17 6.841e-17 3.696e-17 0.0 -61.31 0.0
S136782 144.1673 57.5328 3.7450000000000003e-20 5.968000000000001e-20 1.158e-19 0.0 -60.66 0.0
S136783 144.1093 57.2495 1.411e-20 2.843e-20 8.596e-20 0.0 -61.31 0.0
S136784 144.1735 57.5545 4.074e-18 4.357e-18 3.542e-18 0.0 -60.69 0.0
S136785 144.0994 57.2144 2.799e-22 7.248999999999999e-22 3.934e-21 0.0 -61.3 0.0
S136786 144.0973 57.239 1.492e-16 1.244e-16 6.314e-17 0.0 -61.3 0.0
S136787 144.0887 57.2263 7.995e-18 8.497e-18 6.9e-18 0.0 -61.29 0.0
S136788 144.0918 57.209 8.639e-22 2.086e-21 9.452000000000001e-21 0.0 -61.28 0.0
S136789 144.0935 57.2294 4.495e-22 1.027e-21 4.064e-21 0.0 -61.3 0.0
S136790 144.1812 57.5335 2.109e-19 2.941e-19 4.321e-19 0.0 -60.65 0.0
S136791 144.1792 57.5592 6.335e-18 6.819e-18 5.73e-18 0.0 -60.66 0.0
S136792 144.1823 57.5609 1.181e-16 9.765e-17 4.734e-17 0.0 -60.68 0.0
S136793 144.0854 57.2057 7.719e-17 1.005e-16 1.21e-16 0.0 -61.3 0.0
S136794 144.1939 57.5622 5.48e-16 4.333e-16 1.916e-16 0.0 -60.64 1.0
S136795 144.1977 57.5639 2.309e-16 2.152e-16 1.36e-16 0.0 -60.65 0.0
S136796 144.078 57.2182 5.251e-18 6.248e-18 6.316e-18 0.0 -61.3 0.0
S136797 144.19 57.5646 4.088e-18 4.547e-18 3.993e-18 0.0 -60.65 0.0
S136798 144.1957 57.5552 6.176e-16 4.662e-16 1.841e-16 0.0 -60.65 0.0
S136799 144.0717 57.2039 5.023e-16 4.865e-16 3.261e-16 0.0 -61.31 0.0
S136800 144.2017 57.5808 1.946e-16 1.958e-16 1.476e-16 0.0 -60.67 0.0
S136801 144.0552 57.186 9.375e-16 7.162e-16 2.944e-16 0.0 -61.32 1.0
S136802 144.2088 57.6007 1.176e-16 1.01e-16 5.501e-17 0.001 -60.66 0.0
S136803 144.0612 57.2118 7.195e-17 8.854e-17 9.881e-17 0.0 -61.32 0.0
S136804 144.2061 57.5822 1.692e-18 1.96e-18 1.959e-18 0.0 -60.65 0.0
S136805 144.0517 57.1866 1.921e-16 1.718e-16 9.879e-17 0.0 -61.33 0.0
S136806 144.2166 57.5988 7.924e-20 1.181e-19 1.932e-19 0.0 -60.65 0.0
S136807 144.2174 57.5924 3.726e-12 2.936e-12 1.293e-12 0.0 -60.66 1.0
S136808 144.2225 57.5978 1.032e-16 8.398e-17 3.989e-17 0.0 -60.66 0.0
S136809 144.0512 57.1846 7.689e-16 5.979e-16 2.715e-16 0.0 -61.33 1.0
S136810 144.0554 57.1894 5.3850000000000006e-20 8.796000000000001e-20 1.817e-19 0.0 -61.32 0.0
S136811 144.0374 57.159 3.677e-16 2.848e-16 1.282e-16 0.0 -61.3 1.0
S136812 144.2173 57.5638 3.665e-18 4.188e-18 4.065e-18 0.001 -60.64 0.0
S136813 144.2191 57.602 2.466e-17 2.381e-17 1.58e-17 0.0 -60.65 0.0
S136814 144.0468 57.1952 2.1339999999999996e-22 4.994999999999999e-22 2.175e-21 0.0 -61.32 0.0
S136815 144.2335 57.6336 2.438e-16 2.955e-16 3.107e-16 0.0 -60.67 0.0
S136816 144.0367 57.1794 2.998e-16 2.303e-16 1.032e-16 0.0 -61.33 0.0
S136817 144.0482 57.1985 1.231e-16 1.09e-16 6.307e-17 0.0 -61.33 0.0
S136818 144.0181 57.1711 1.533e-19 2.188e-19 3.253e-19 0.0 -61.33 0.0
S136819 144.2256 57.589 7.856e-17 6.686e-17 3.462e-17 0.0 -60.64 0.0
S136820 144.2415 57.6046 2.573e-17 4.185e-17 8.437e-17 0.0 -60.66 0.0
S136821 144.2458 57.6177 1.129e-24 5.157e-24 8.863e-23 0.0 -60.65 0.0
S136822 144.0316 57.1717 1.363e-17 1.413e-17 1.083e-17 0.001 -61.3 0.0
S136823 144.2457 57.6078 3.894e-16 3.252e-16 1.595e-16 0.0 -60.66 0.0
S136824 144.2436 57.6149 1.353e-15 1.082e-15 4.891e-16 0.0 -60.66 1.0
S136825 144.2554 57.6105 5.4750000000000004e-21 1.075e-20 3.029e-20 0.0 -60.66 0.0
S136826 144.2523 57.6122 3.875e-21 8.429e-21 3.107e-20 0.0 -60.66 0.0
S136827 144.0216 57.1873 3.292e-17 3.029e-17 1.859e-17 0.0 -61.31 0.0
S136828 144.2644 57.6429 4.998e-16 3.881e-16 1.676e-16 0.001 -60.67 1.0
S136829 144.0057 57.1675 2.161e-16 2.648e-16 3.016e-16 0.0 -61.31 0.0
S136830 143.9999 57.1622 3.14e-16 2.823e-16 1.586e-16 0.0 -61.31 0.0
S136831 144.0022 57.1489 3.444e-16 3.276e-16 2.183e-16 0.0 -61.29 0.0
S136832 144.2562 57.6265 5.57e-18 6.007e-18 4.876e-18 0.0 -60.66 0.0
S136833 143.992 57.1354 7.477e-23 1.882e-22 8.942e-22 0.0 -61.28 0.0
S136834 143.9952 57.1487 1.1640000000000001e-20 2.208e-20 5.927e-20 0.0 -61.3 0.0
S136835 143.9881 57.1409 2.458e-16 2.521e-16 1.947e-16 0.0 -61.31 0.0
S136836 144.0007 57.1623 2.606e-22 7.247e-22 4.185e-21 0.0 -61.3 0.0
S136837 144.2845 57.6231 9.86e-19 1.173e-18 1.224e-18 0.0 -60.68 0.0
S136838 144.2851 57.6433 6.275e-21 4.315e-21 1.459e-21 0.0 -60.7 0.0
S136839 143.9997 57.1719 5.213e-18 5.872e-18 5.288e-18 0.0 -61.31 0.0
S136840 143.9805 57.1235 2.683e-16 2.541e-16 1.611e-16 0.0 -61.29 0.0
S136841 144.2931 57.6582 1.114e-14 7.709e-15 2.633e-15 0.0 -60.68 0.0
S136842 144.0004 57.1651 3.286e-16 2.931e-16 1.705e-16 0.0 -61.31 0.0
S136843 144.283 57.5963 3.474e-15 2.516e-15 9.674e-16 0.0 -60.68 0.0
S136844 144.2877 57.5888 9.814e-18 1.048e-17 8.455e-18 0.0 -60.7 0.0
S136845 143.9877 57.1869 2.7669999999999997e-22 7.607999999999999e-22 4.463e-21 0.0 -61.29 0.0
S136846 144.2918 57.6203 2.481e-16 1.951e-16 8.82e-17 0.0 -60.68 0.0
S136847 144.2714 57.6099 5.906e-18 5.991e-18 4.458e-18 0.0 -60.67 0.0
S136848 143.967 57.1456 2.007e-16 1.596e-16 7.181e-17 0.0 -61.28 0.0
S136849 143.9759 57.1634 3.396e-19 4.577e-19 6.191e-19 0.0 -61.27 0.0
S136850 144.3114 57.6364 5.522e-16 3.908e-16 1.41e-16 0.0 -60.71 0.0
S136851 143.9747 57.18 7.901999999999999e-22 1.739e-21 6.484e-21 0.0 -61.27 0.0
S136852 143.956 57.1562 1.075e-16 9.161e-17 4.885e-17 0.0 -61.27 0.0
S136853 143.9577 57.1403 6.845e-22 1.774e-21 9.445e-21 0.0 -61.28 0.0
S136854 144.2902 57.6194 3.451e-19 4.692e-19 6.365e-19 0.0 -60.69 0.0
S136855 144.3201 57.6215 4.75e-16 4.055e-16 2.067e-16 0.0 -60.74 0.0
S136856 144.316 57.6064 7.267e-16 5.564e-16 2.327e-16 0.0 -60.74 1.0
S136857 143.9595 57.1824 6.04e-18 6.518e-18 5.417e-18 0.0 -61.26 0.0
S136858 144.3286 57.6097 3.776e-17 4.314e-17 4.024e-17 0.0 -60.74 0.0
S136859 143.9499 57.177 3.465e-16 2.801e-16 1.329e-16 0.0 -61.23 0.0
S136860 143.9539 57.1655 6.247e-17 7.251e-17 6.968e-17 0.0 -61.25 0.0
S136861 143.9392 57.1645 8.327e-17 7e-17 3.598e-17 0.0 -61.25 1.0
S136862 143.9746 57.1746 2.877e-18 3.366e-18 3.268e-18 0.0 -61.27 0.0
S136863 143.9578 57.1584 3.074e-16 2.593e-16 1.311e-16 0.0 -61.26 0.0
S136864 143.9472 57.17 4.062e-17 3.687e-17 2.225e-17 0.0 -61.26 0.0
S136865 143.9359 57.1878 3.374e-16 2.773e-16 1.327e-16 0.0 -61.21 0.0
S136866 144.3111 57.5972 3.307e-19 4.459e-19 5.998e-19 0.0 -60.74 0.0
S136867 144.3212 57.6027 9.56e-18 1.003e-17 7.819e-18 0.0 -60.74 0.0
S136868 144.3162 57.5997 4.774e-21 1.0260000000000001e-20 3.684e-20 0.0 -60.74 0.0
S136869 144.3235 57.5997 2.674e-20 4.6980000000000003e-20 1.077e-19 0.0 -60.74 0.0
S136870 144.337 57.598 1.963e-12 1.434e-12 5.488e-13 0.0 -60.77 0.0
S136871 144.3407 57.6028 1.929e-16 1.544e-16 6.907e-17 0.0 -60.77 0.0
S136872 143.9472 57.1936 2.741e-19 3.965e-19 5.978e-19 0.0 -61.22 0.0
S136873 143.9102 57.1817 7.899e-17 1.645e-16 5.465e-16 0.0 -61.2 0.0
S136874 144.3489 57.5993 1.694e-19 2.365e-19 3.395e-19 0.0 -60.78 0.0
