Name Equatorial Polar BlueF GreenF RedF Parallax RadialVelocity Variable?
S461736 146.8306 79.45 1.728e-17 1.743e-17 1.285e-17 0.0 -54.11 0.0
S461737 147.2245 79.4964 7.296999999999999e-22 1.7210000000000002e-21 7.203e-21 0.0 -54.05 0.0
S461738 146.664 79.3558 1.6690000000000001e-21 3.337e-21 1.0270000000000001e-20 0.0 -53.86 0.0
S461739 146.7572 79.3863 9.162e-21 1.822e-20 5.591000000000001e-20 0.0 -53.94 0.0
S461740 146.7605 79.448 1.682e-21 3.888e-21 1.632e-20 0.0 -54.08 0.0
S461741 146.7658 79.4315 1.514e-22 4.456e-22 3.053e-21 0.0 -53.88 0.0
S461742 146.7075 79.2363 5.848e-20 9.455000000000001e-20 1.857e-19 0.0 -53.89 0.0
S461743 146.8252 79.5803 4.663e-16 5.074e-16 4.37e-16 0.0 -54.15 0.0
S461744 146.7579 79.5445 3.2489999999999997e-22 7.743999999999999e-22 3.301e-21 0.0 -54.18 1.0
S461745 146.76 79.4307 6.464e-21 1.235e-20 3.4610000000000004e-20 0.0 -53.9 0.0
S461746 146.8049 79.5071 2.315e-20 3.7770000000000006e-20 7.553000000000001e-20 0.0 -54.12 0.0
S461747 146.7724 79.453 1.085e-18 1.26e-18 1.222e-18 0.0 -54.12 0.0
S461748 146.8286 79.3222 3.926e-19 5.551e-19 8.242e-19 0.0 -53.95 0.0
S461749 146.7226 79.5598 1.9779999999999999e-22 5.374e-22 3.067e-21 0.0 -54.12 0.0
S461750 146.8253 79.4566 1.236e-21 2.641e-21 8.887e-21 0.0 -54.11 0.0
S461751 146.7474 79.4692 1.036e-21 2.724e-21 1.456e-20 0.0 -54.07 0.0
S461752 146.6945 79.2262 3.418e-18 3.876e-18 3.575e-18 0.001 -53.9 0.0
S461753 146.9451 79.4069 2.2889999999999996e-22 6.548e-22 4.2740000000000004e-21 0.0 -54.07 0.0
S461754 146.7277 79.4563 7.641e-21 5.282e-21 1.852e-21 0.0 -54.02 0.0
S461755 146.8206 79.4005 1.809e-23 6.397999999999999e-23 6.531e-22 0.0 -54.04 0.0
S461756 146.9413 79.3571 2.905e-23 8.740999999999999e-23 6.152999999999999e-22 0.0 -54.0 0.0
S461757 146.7575 79.3844 6.072e-21 1.218e-20 3.808e-20 0.0 -53.96 0.0
S461758 146.7001 79.3327 1.3149999999999998e-22 3.607e-22 2.16e-21 0.0 -53.88 0.0
S461759 146.8404 79.5102 7.924e-21 1.6610000000000003e-20 5.4130000000000006e-20 0.0 -54.13 0.0
S461760 146.9467 79.385 1.3949999999999998e-23 4.768e-23 4.552999999999999e-22 0.0 -54.08 0.0
S461761 146.6933 79.3438 2.56e-17 2.549e-17 1.857e-17 0.0 -53.9 0.0
S461762 146.7834 79.4832 4.2249999999999994e-22 1.047e-21 4.806e-21 0.001 -54.17 0.0
S461763 146.7483 79.4705 1.031e-18 1.32e-18 1.611e-18 0.0 -54.08 0.0
S461764 146.7531 79.4018 2.954e-21 6.305e-21 2.1930000000000002e-20 0.0 -53.95 0.0
S461765 146.7603 79.4367 7.454e-18 8.027e-18 6.738e-18 0.0 -53.97 0.0
S461766 146.7911 79.4722 6.133e-21 1.2190000000000001e-20 3.74e-20 0.0 -54.12 0.0
S461767 146.7667 79.4332 1.605e-21 3.938e-21 1.7960000000000002e-20 0.0 -53.95 0.0
S461768 146.7192 79.3899 4.421e-19 6.051e-19 8.276e-19 0.0 -53.9 0.0
S461769 146.7409 79.2475 9.437e-19 1.3e-18 1.762e-18 0.0 -53.91 0.0
S461770 146.8759 79.3162 2.142e-12 1.945e-12 1.171e-12 0.0 -53.98 1.0
S461771 146.7764 79.4394 1.673e-21 3.878e-21 1.673e-20 0.0 -54.1 0.0
S461772 146.939 79.3746 6.753e-21 1.4020000000000003e-20 4.6700000000000004e-20 0.0 -54.07 0.0
S461773 146.7609 79.4318 5.851e-22 1.513e-21 7.778e-21 0.001 -53.92 0.0
S461774 146.6683 79.3329 7.239e-17 6.477e-17 3.741e-17 0.0 -53.9 0.0
S461775 146.7927 79.3031 2.778e-22 7.646e-22 4.527e-21 0.0 -53.85 0.0
S461776 146.7592 79.416 5.557e-24 1.932e-23 1.8159999999999997e-22 0.0 -53.95 0.0
S461777 146.7248 79.5126 2.183e-18 2.564e-18 2.631e-18 0.0 -54.12 0.0
S461778 146.7584 79.3648 1.068e-19 1.638e-19 2.882e-19 0.0 -53.91 0.0
S461779 146.7519 79.4417 1.598e-18 1.182e-18 4.574e-19 0.0 -54.05 0.0
S461780 146.8128 79.4413 5.509e-22 1.219e-21 4.562e-21 0.0 -54.08 0.0
S461781 146.5535 79.4562 4.773e-17 4.445e-17 2.678e-17 0.0 -54.04 0.0
S461782 147.3513 79.3454 1.145e-18 1.428e-18 1.585e-18 0.0 -54.12 0.0
S461783 146.8113 79.4631 1.488e-21 3.624e-21 1.643e-20 0.0 -54.17 0.0
S461784 146.7298 79.4122 4.576e-23 1.2459999999999999e-22 7.352999999999999e-22 0.0 -53.97 0.0
S461785 146.7391 79.4427 2.709e-16 2.873e-16 2.284e-16 0.0 -53.99 0.0
S461786 146.9026 79.4771 3.585e-19 5.049e-19 7.418e-19 0.0 -54.15 0.0
S461787 146.6493 79.3935 4.345e-19 5.887e-19 7.76e-19 0.001 -53.96 0.0
S461788 146.801 79.3189 1.374e-19 1.88e-19 2.7e-19 0.0 -53.89 0.0
S461789 146.6706 79.5141 4.845e-18 5.1e-18 4.248e-18 0.0 -54.08 0.0
S461790 146.6981 79.5482 8.578e-21 1.6860000000000002e-20 4.9950000000000003e-20 0.0 -54.11 0.0
S461791 146.7566 79.4529 8.871e-24 3.221e-23 3.3599999999999997e-22 0.0 -54.08 0.0
S461792 146.7736 79.4298 4.1689999999999996e-22 9.605999999999999e-22 3.753e-21 0.0 -54.01 0.0
S461793 146.6051 79.1943 2.807e-21 6.138e-21 2.2660000000000002e-20 0.0 -53.9 0.0
S461794 146.7764 79.4309 7.498e-23 1.9389999999999998e-22 9.701999999999999e-22 0.0 -54.04 0.0
S461795 146.7623 79.4276 6.378e-18 6.72e-18 5.425e-18 0.0 -53.96 0.0
S461796 146.794 79.3346 1.905e-17 1.931e-17 1.394e-17 0.0 -53.91 0.0
S461797 146.7959 79.625 4.107e-18 4.709e-18 4.406e-18 0.001 -54.13 0.0
S461798 146.7823 79.4149 4.122e-18 4.645e-18 4.109e-18 0.0 -53.98 0.0
S461799 146.7452 79.4586 2.204e-17 2.163e-17 1.513e-17 0.0 -54.08 0.0
S461800 146.7625 79.4609 2.122e-17 2.127e-17 1.536e-17 0.0 -54.11 0.0
S461801 146.6286 79.4774 2.7409999999999996e-23 7.864999999999999e-23 5.100999999999999e-22 0.0 -54.01 0.0
S461802 146.7553 79.4411 1.149e-17 1.165e-17 8.654e-18 0.0 -54.05 0.0
S461803 146.7665 79.3984 4.6700000000000004e-20 7.611e-20 1.519e-19 0.0 -53.98 0.0
S461804 146.7644 79.4 2.35e-16 2.626e-16 2.317e-16 0.0 -53.98 0.0
S461805 146.7748 79.4636 2.153e-24 8.937e-24 1.2449999999999998e-22 0.0 -54.17 0.0
S461806 146.7168 79.317 1.066e-21 2.316e-21 8.651e-21 0.0 -53.9 0.0
S461807 146.7611 79.5605 4.0220000000000004e-26 2.727e-25 1.117e-23 0.0 -54.13 0.0
S461808 146.7578 79.4314 2.496e-23 7.264e-23 5.032e-22 0.0 -53.93 0.0
S461809 146.762 79.4337 4.62e-25 2.195e-24 4.0639999999999997e-23 0.0 -53.89 0.0
S461810 146.8291 79.439 6.632000000000001e-20 1.142e-19 2.513e-19 0.0 -54.09 0.0
S461811 146.7408 79.4272 7.331000000000001e-20 1.221e-19 2.444e-19 0.0 -53.98 0.0
S461812 147.0773 79.6127 9.229e-21 1.5650000000000002e-20 3.4800000000000006e-20 0.0 -54.19 0.0
S461813 146.9313 79.2415 7.316e-21 1.428e-20 4.175e-20 0.0 -53.91 0.0
S461814 146.7312 79.435 3.7030000000000004e-21 6.902e-21 1.8160000000000003e-20 0.0 -53.97 0.0
S461815 146.7027 79.4611 4.1219999999999995e-22 1.016e-21 4.794e-21 0.0 -54.03 0.0
S461816 146.7608 79.4168 2.8440000000000002e-21 5.884e-21 1.905e-20 0.0 -53.96 0.0
S461817 146.7013 79.3584 2.548e-21 5.107e-21 1.6200000000000002e-20 0.0 -53.95 0.0
S461818 146.8163 79.4186 6.238e-21 1.2780000000000001e-20 4.036e-20 0.0 -54.03 0.0
S461819 146.9741 79.36 2.756e-21 5.815e-21 1.9900000000000002e-20 0.0 -54.14 0.0
S461820 146.678 79.5657 3.687e-21 6.998e-21 1.8750000000000003e-20 0.0 -54.07 0.0
S461821 146.763 79.5409 4.378e-21 9.501e-21 3.4550000000000003e-20 0.0 -54.15 0.0
S461822 146.859 79.5008 2.5310000000000002e-20 4.375e-20 1.013e-19 0.0 -54.18 0.0
S461823 146.7554 79.441 2.529e-17 2.38e-17 1.491e-17 0.0 -54.04 0.0
S461824 146.8345 79.4462 1.345e-12 9.115e-13 3.052e-13 0.0 -54.14 0.0
S461825 146.6736 79.4728 2.197e-23 7.031e-23 5.837e-22 0.0 -54.03 0.0
S461826 146.7788 79.4074 1.498e-21 3.325e-21 1.251e-20 0.0 -53.97 0.0
S461827 146.7904 79.5296 6.797e-21 1.313e-20 3.863e-20 0.0 -54.22 0.0
S461828 146.7327 79.511 2.875e-21 6.0210000000000004e-21 1.9890000000000002e-20 0.0 -54.08 0.0
S461829 146.7685 79.3988 2.251e-22 5.152e-22 2.041e-21 0.0 -53.97 0.0
S461830 146.9389 79.4248 4.2069999999999997e-22 1.088e-21 5.646e-21 0.0 -54.1 0.0
S461831 146.7944 79.3082 1.491e-19 2.177e-19 3.509e-19 0.0 -53.87 0.0
S461832 146.8393 79.4513 3.3720000000000004e-20 6.023e-20 1.466e-19 0.0 -54.11 0.0
S461833 146.7659 79.4294 6.408e-19 8.461e-19 1.081e-18 0.0 -53.93 0.0
S461834 146.735 79.3538 2.655e-19 3.833e-19 6.017e-19 0.0 -53.9 0.0
S461835 146.7736 79.4419 6.063e-27 4.9230000000000006e-26 2.934e-24 0.0 -54.13 0.0
S461836 146.7326 79.3078 1.166e-20 2.2040000000000002e-20 6.135e-20 0.001 -53.97 0.0
S461837 146.7949 79.4217 3.1359999999999996e-22 8.124999999999999e-22 4.113e-21 0.0 -54.05 0.0
S461838 146.7497 79.4198 2.222e-19 3.398e-19 6.07e-19 0.0 -53.9 0.0
S461839 146.9287 79.3584 6.64e-20 1.028e-19 1.85e-19 0.001 -54.09 0.0
S461840 146.7533 79.4657 4.652e-21 9.812e-21 3.389e-20 0.0 -54.09 0.0
S461841 146.7639 79.5332 7.850999999999999e-23 2.2829999999999997e-22 1.5e-21 0.0 -54.1 0.0
S461842 146.6836 79.4734 6.593e-19 8.596e-19 1.025e-18 0.0 -53.96 0.0
S461843 146.8205 79.2808 2.633e-12 1.86e-12 6.582e-13 0.0 -53.93 0.0
S461844 146.7225 79.5717 1.65e-20 3.154e-20 8.810000000000001e-20 0.0 -54.09 0.0
S461845 146.8428 79.4239 4.2530000000000006e-20 6.949e-20 1.366e-19 0.0 -54.0 0.0
S461846 146.7463 79.4545 1.193e-19 1.881e-19 3.504e-19 0.0 -54.08 0.0
S461847 146.6853 79.4154 8.179e-19 1.077e-18 1.386e-18 0.0 -54.01 0.0
S461848 146.7555 79.368 8.347999999999999e-23 2.2219999999999996e-22 1.255e-21 0.0 -53.85 0.0
S461849 146.7275 79.3543 1.27e-22 3.549e-22 2.178e-21 0.0 -53.92 0.0
S461850 146.9698 79.3431 7.389e-16 6.81e-16 4.145e-16 0.0 -53.97 0.0
S461851 146.8336 79.5549 2.432e-17 2.631e-17 2.153e-17 0.0 -54.09 0.0
S461852 146.8567 79.3174 5.894e-22 1.497e-21 7.443000000000001e-21 0.0 -53.93 0.0
S461853 146.8071 79.349 4.517e-22 1.236e-21 7.154e-21 0.0 -53.94 0.0
S461854 146.7854 79.4693 2.456e-18 2.739e-18 2.463e-18 0.0 -54.15 0.0
S461855 146.8542 79.3947 6.584e-19 8.669e-19 1.074e-18 0.0 -54.03 0.0
S461856 146.7189 79.4129 1.949e-16 1.569e-16 7.354e-17 0.0 -53.91 0.0
S461857 146.76 79.4367 1.058e-21 2.304e-21 8.289e-21 0.0 -54.03 0.0
S461858 146.7659 79.4055 5.174e-21 1.059e-20 3.485e-20 0.001 -53.95 0.0
S461859 146.7922 79.5211 3.0730000000000005e-20 5.2130000000000006e-20 1.084e-19 0.0 -54.15 0.0
S461860 146.5559 79.5092 1.407e-26 1.013e-25 4.572e-24 0.0 -54.05 0.0
S461861 146.6665 79.3475 1.7459999999999998e-22 5.135e-22 3.526e-21 0.0 -53.95 0.0
S461862 146.7497 79.4432 9.609999999999999e-22 2.311e-21 1.0310000000000001e-20 0.0 -54.04 0.0
S461863 146.7209 79.4609 7.748e-21 1.6550000000000002e-20 5.966e-20 0.0 -54.04 0.0
S461864 146.7634 79.4189 1.251e-22 3.1459999999999997e-22 1.5620000000000001e-21 0.0 -53.94 0.0
S461865 146.732 79.4973 1.22e-19 1.876e-19 3.394e-19 0.001 -54.12 0.0
S461866 146.7891 79.3901 5.91e-23 1.611e-22 9.479e-22 0.001 -53.99 0.0
S461867 146.67 79.5894 9.15e-22 1.979e-21 7.074000000000001e-21 0.0 -54.04 0.0
S461868 146.6844 79.4706 4.666e-18 5.181e-18 4.746e-18 0.0 -54.05 0.0
S461869 146.8415 79.6661 1.323e-18 1.608e-18 1.716e-18 0.001 -54.23 0.0
S461870 146.6748 79.3826 2.665e-21 6.004e-21 2.2300000000000003e-20 0.0 -53.9 0.0
S461871 146.7676 79.3881 2.288e-21 4.772e-21 1.6230000000000003e-20 0.0 -53.91 0.0
S461872 146.7736 79.4608 4.2420000000000004e-20 7.540000000000001e-20 1.758e-19 0.0 -54.08 0.0
S461873 146.6547 79.4409 6.134e-17 5.608e-17 3.424e-17 0.0 -53.96 0.0
S461874 146.9442 79.4375 1.685e-19 2.537e-19 4.276e-19 0.0 -54.15 0.0
S461875 146.7408 79.4831 5.453000000000001e-20 8.934000000000001e-20 1.809e-19 0.0 -54.11 0.0
S461876 146.7439 79.4622 1.019e-17 1.008e-17 7.365e-18 0.0 -54.09 0.0
S461877 146.7738 79.4059 9.024e-19 1.109e-18 1.268e-18 0.0 -53.96 0.0
S461878 146.7163 79.6986 1.841e-19 2.755e-19 4.712e-19 0.0 -54.15 0.0
S461879 146.8907 79.4343 1.181e-21 2.788e-21 1.194e-20 0.0 -54.15 0.0
S461880 146.7914 79.4113 2.687e-21 5.776e-21 2.042e-20 0.0 -54.03 0.0
S461881 146.9567 79.4575 7.343e-21 5.115e-21 1.8040000000000002e-21 0.0 -54.13 0.0
S461882 146.8812 79.4513 2.101e-18 2.517e-18 2.606e-18 0.0 -54.12 0.0
S461883 146.7642 79.4616 1.42e-18 1.754e-18 1.906e-18 0.0 -54.09 0.0
S461884 146.6387 79.4134 8.419e-21 1.594e-20 4.3530000000000003e-20 0.0 -53.95 0.0
S461885 146.7177 79.6214 1.504e-17 1.493e-17 1.068e-17 0.0 -54.12 0.0
S461886 146.8002 79.4366 3.384e-21 7.673e-21 2.933e-20 0.001 -54.07 0.0
S461887 146.7394 79.4348 3.86e-16 4.216e-16 3.537e-16 0.0 -53.96 0.0
S461888 146.7948 79.404 1.7839999999999998e-22 4.499e-22 2.252e-21 0.0 -54.01 0.0
S461889 146.7576 79.4409 5.5839999999999996e-24 1.966e-23 2.0289999999999998e-22 0.0 -54.08 0.0
S461890 146.7864 79.4615 8.138e-21 5.589e-21 1.957e-21 0.0 -54.13 0.0
S461891 146.8129 79.4295 1.869e-23 7.135e-23 8.314e-22 0.0 -54.09 0.0
S461892 146.7405 79.4534 4.059e-17 4.023e-17 2.837e-17 0.001 -54.04 0.0
S461893 146.7746 79.4599 7.18e-21 1.421e-20 4.188e-20 0.0 -54.12 0.0
S461894 147.0083 79.34 1.1250000000000001e-21 2.71e-21 1.2270000000000002e-20 0.0 -54.02 0.0
S461895 146.3775 79.3377 1.065e-16 9.243e-17 5.122e-17 0.0 -53.93 0.0
S461896 146.7659 79.4329 2.613e-16 3.105e-16 3.226e-16 0.0 -53.89 0.0
S461897 146.9177 79.4042 3.6559999999999996e-22 9.508e-22 5.016e-21 0.0 -54.04 0.0
S461898 146.8452 79.4931 1.3589999999999998e-23 4.9729999999999995e-23 5.457999999999999e-22 0.0 -54.18 0.0
S461899 146.7099 79.483 1.447e-21 2.974e-21 9.365e-21 0.0 -54.07 0.0
S461900 146.7663 79.4353 8.114e-20 1.226e-19 2e-19 0.0 -54.07 0.0
S461901 146.7535 79.4581 2.34e-18 2.67e-18 2.534e-18 0.0 -54.05 0.0
S461902 146.6952 79.4407 1.393e-21 3.059e-21 1.1240000000000001e-20 0.0 -53.96 0.0
S461903 146.7851 79.4415 2.314e-18 2.688e-18 2.57e-18 0.0 -54.12 0.0
S461904 146.7652 79.4315 2.285e-27 2.002e-26 1.31e-24 0.0 -53.91 0.0
S461905 146.7719 79.4385 1.714e-23 5.946999999999999e-23 5.692999999999999e-22 0.0 -54.14 0.0
S461906 146.8197 79.461 3.314e-23 1.0139999999999999e-22 7.577999999999999e-22 0.0 -54.09 0.0
S461907 146.6759 79.4064 2.0219999999999998e-22 4.576e-22 1.84e-21 0.0 -53.93 0.0
S461908 146.7281 79.3533 1.317e-17 1.358e-17 1.076e-17 0.001 -53.88 0.0
S461909 146.7465 79.4974 1.906e-21 3.955e-21 1.337e-20 0.0 -54.14 0.0
S461910 146.7389 79.3917 3.15e-16 4.157e-16 5.055e-16 0.0 -53.9 0.0
S461911 146.9099 79.3203 7.751e-22 1.726e-21 6.436e-21 0.0 -54.05 0.0
S461912 146.754 79.401 1.627e-23 5.426e-23 4.9099999999999995e-22 0.0 -53.95 0.0
S461913 146.6709 79.4126 4.1040000000000003e-20 6.996e-20 1.497e-19 0.0 -53.95 0.0
S461914 146.7769 79.422 2.895e-22 7.514e-22 3.894e-21 0.0 -53.97 0.0
S461915 146.8338 79.4439 1.252e-15 9.251e-16 3.757e-16 0.0 -54.11 0.0
S461916 146.6413 79.3613 1.092e-23 3.509e-23 2.8859999999999997e-22 0.0 -53.87 0.0
S461917 146.7657 79.4373 1.703e-18 1.983e-18 1.992e-18 0.0 -54.14 0.0
S461918 146.8071 79.4438 4.274e-17 3.858e-17 2.224e-17 0.0 -54.1 0.0
S461919 146.7645 79.4115 3.671e-20 5.89e-20 1.175e-19 0.0 -53.96 0.0
S461920 146.6753 79.4568 4.177e-17 3.994e-17 2.701e-17 0.0 -53.94 0.0
S461921 146.8216 79.4211 1.039e-15 9.443e-16 5.495e-16 0.0 -54.07 0.0
S461922 146.7375 79.3239 1.8539999999999998e-22 4.977999999999999e-22 2.804e-21 0.0 -53.94 0.0
S461923 146.8381 79.1738 4.2260000000000005e-20 7.055000000000001e-20 1.492e-19 0.0 -53.88 0.0
S461924 146.844 79.344 7.755e-16 6.785e-16 3.786e-16 0.0 -54.03 0.0
S461925 146.8436 79.4388 2.945e-18 3.478e-18 3.516e-18 0.0 -54.15 0.0
S461926 146.8666 79.4224 4.2260000000000004e-21 8.846e-21 2.948e-20 0.0 -54.06 0.0
S461927 146.813 79.4316 1.535e-19 2.405e-19 4.4e-19 0.0 -54.09 0.0
S461928 146.7453 79.2795 1.7760000000000002e-20 3.0880000000000004e-20 6.79e-20 0.0 -53.83 0.0
S461929 146.719 79.5183 2.301e-19 3.268e-19 4.92e-19 0.0 -54.11 0.0
S461930 146.8353 79.5267 5.327e-24 2.19e-23 2.8989999999999996e-22 0.0 -54.17 0.0
S461931 146.5941 79.4703 1.512e-20 2.9430000000000004e-20 8.699000000000001e-20 0.0 -54.0 0.0
S461932 146.7752 79.4084 1.9129999999999998e-22 4.956e-22 2.604e-21 0.0 -53.97 0.0
S461933 146.7333 79.4351 6.301e-18 6.589e-18 5.256e-18 0.0 -53.99 0.0
S461934 146.6392 79.1309 4.664e-17 4.278e-17 2.652e-17 0.0 -53.96 0.0
S461935 146.6843 79.5036 8.338999999999999e-22 1.924e-21 7.867e-21 0.0 -54.13 0.0
S461936 146.8097 79.4214 1.069e-22 2.9819999999999997e-22 1.862e-21 0.001 -54.07 0.0
S461937 146.757 79.4113 1.277e-22 3.3499999999999995e-22 1.837e-21 0.0 -53.95 0.0
S461938 146.8509 79.6285 8.987999999999999e-22 2.246e-21 1.0410000000000001e-20 0.0 -54.2 0.0
S461939 146.8535 79.24 1.37e-20 2.591e-20 7.201000000000001e-20 0.0 -53.87 0.0
S461940 146.8537 79.4534 3.074e-21 6.757e-21 2.3870000000000002e-20 0.0 -54.17 0.0
S461941 146.6788 79.3353 2.7560000000000005e-20 4.9990000000000006e-20 1.235e-19 0.0 -53.85 0.0
S461942 146.7554 79.3857 1.438e-23 4.9769999999999996e-23 4.718e-22 0.0 -53.93 0.0
S461943 146.8562 79.493 1.04e-21 2.521e-21 1.1720000000000001e-20 0.0 -54.17 0.0
S461944 146.7628 79.4255 4.513e-22 9.763e-22 3.553e-21 0.0 -53.96 0.0
S461945 146.7735 79.4373 1.714e-21 4.0960000000000004e-21 1.752e-20 0.0 -54.1 0.0
S461946 146.9104 79.4623 8.824999999999999e-23 2.487e-22 1.549e-21 0.0 -54.14 0.0
S461947 146.6596 79.5857 1.782e-22 4.770999999999999e-22 2.632e-21 0.0 -54.13 0.0
S461948 146.762 79.4294 4.751e-22 1.13e-21 4.819e-21 0.0 -53.94 0.0
S461949 146.7231 79.4157 5.597e-17 5.438e-17 3.645e-17 0.0 -53.89 0.0
S461950 146.7232 79.4325 7.677e-23 2.189e-22 1.397e-21 0.0 -54.0 0.0
S461951 146.7509 79.2421 3.4479999999999996e-22 8.024999999999999e-22 3.294e-21 0.0 -53.88 0.0
S461952 146.774 79.4417 8.806999999999999e-23 2.4699999999999998e-22 1.542e-21 0.0 -54.09 0.0
S461953 146.7449 79.4597 7.838e-22 1.7270000000000002e-21 6.289e-21 0.0 -54.07 0.0
S461954 146.6839 79.3954 1.011e-20 1.8860000000000002e-20 5.078e-20 0.0 -53.89 0.0
S461955 146.7569 79.4236 3.8109999999999995e-22 1.055e-21 6.231e-21 0.0 -53.97 0.0
S461956 146.8699 79.4434 9.437e-21 1.967e-20 6.657e-20 0.0 -54.09 0.0
S461957 146.5329 79.7746 1.985e-19 2.975e-19 5.019e-19 0.0 -54.19 0.0
S461958 146.7117 79.4266 8.363e-21 5.777e-21 1.971e-21 0.0 -54.01 0.0
S461959 146.5304 79.5051 1.4370000000000001e-21 3.3320000000000002e-21 1.3550000000000001e-20 0.001 -53.98 0.0
S461960 146.8784 79.4808 5.404e-19 7.374e-19 9.996e-19 0.0 -54.11 0.0
S461961 146.7175 79.4801 3.197e-23 9.569e-23 6.625999999999999e-22 0.0 -54.04 0.0
S461962 146.6811 79.38 1.439e-16 2.011e-16 2.851e-16 0.001 -53.91 0.0
S461963 146.6995 79.408 1.603e-21 3.558e-21 1.2910000000000002e-20 0.0 -53.95 0.0
S461964 146.7944 79.4277 2.952e-20 4.6700000000000004e-20 8.815000000000001e-20 0.0 -54.1 0.0
S461965 146.7261 79.6953 8.541e-24 2.912e-23 2.747e-22 0.0 -54.13 0.0
S461966 146.73 79.5576 4.575e-21 9.73e-21 3.3930000000000003e-20 0.0 -54.13 0.0
S461967 146.8684 79.4034 5.49e-20 8.873000000000001e-20 1.733e-19 0.0 -54.09 0.0
S461968 146.8641 79.3779 1.022e-26 8.051000000000001e-26 4.434e-24 0.0 -54.1 1.0
S461969 147.1482 79.6049 1.037e-20 1.8480000000000002e-20 4.3930000000000004e-20 0.0 -54.18 0.0
S461970 146.7712 79.4181 4.176e-18 4.813e-18 4.545e-18 0.0 -53.95 0.0
S461971 146.7893 79.3959 1.009e-18 1.232e-18 1.37e-18 0.0 -53.99 0.0
S461972 146.9106 79.4774 1.955e-17 1.958e-17 1.441e-17 0.0 -54.1 0.0
S461973 146.7797 79.5481 9.368000000000001e-20 1.48e-19 2.785e-19 0.0 -54.23 0.0
S461974 146.7839 79.4057 4.682999999999999e-22 1.178e-21 5.834e-21 0.0 -53.96 0.0
S461975 147.2277 79.6869 8.255000000000001e-20 1.328e-19 2.563e-19 0.0 -54.19 0.0
S461976 146.7813 79.4312 3.331e-19 4.717e-19 6.854e-19 0.0 -54.07 0.0
S461977 146.7817 79.3884 4.275e-16 4.27e-16 3.146e-16 0.0 -53.94 0.0
S461978 146.9755 79.4949 1.754e-17 1.81e-17 1.335e-17 0.0 -54.1 0.0
S461979 146.7641 79.43 3.686e-20 6.247e-20 1.282e-19 0.0 -53.91 0.0
S461980 146.8628 79.4289 3.605e-21 7.706e-21 2.7090000000000004e-20 0.0 -54.06 0.0
S461981 146.7839 79.3964 4.843e-17 7.38e-17 1.26e-16 0.0 -54.0 0.0
S461982 146.7613 79.4498 8.862e-19 1.093e-18 1.237e-18 0.0 -54.1 0.0
S461983 146.7305 79.5005 7.525000000000001e-20 1.214e-19 2.298e-19 0.0 -54.08 0.0
S461984 146.8535 79.405 1.397e-18 1.745e-18 1.993e-18 0.0 -54.08 0.0
S461985 146.7405 79.4772 4.1790000000000004e-20 6.955000000000001e-20 1.478e-19 0.0 -54.06 0.0
S461986 146.7361 79.4175 2.503e-18 2.834e-18 2.623e-18 0.0 -53.93 0.0
S461987 146.7662 79.4208 3.5369999999999996e-22 9.496e-22 5.229e-21 0.0 -53.92 0.0
S461988 146.5644 79.5556 1.518e-19 2.184e-19 3.407e-19 0.0 -54.04 0.0
S461989 146.6979 79.3943 2.874e-19 3.952e-19 5.418e-19 0.0 -53.94 0.0
S461990 146.8318 79.498 4.028e-17 3.43e-17 1.787e-17 0.0 -54.16 0.0
S461991 147.0906 79.1136 2.162e-17 3.069e-17 4.42e-17 0.0 -54.0 0.0
S461992 146.765 79.4356 2.584e-16 3.53e-16 4.835e-16 0.0 -54.17 0.0
S461993 146.7511 79.4113 5.338e-24 1.921e-23 1.945e-22 0.0 -53.95 0.0
S461994 146.7509 79.2895 4.389e-20 7.733e-20 1.748e-19 0.0 -53.9 0.0
S461995 146.7987 79.4283 9.262e-20 1.488e-19 2.996e-19 0.0 -54.07 0.0
S461996 146.8512 79.3878 2.522e-20 4.3920000000000005e-20 1.008e-19 0.0 -54.06 0.0
S461997 146.78 79.4037 8.693e-18 9.268e-18 7.304e-18 0.0 -54.0 0.0
S461998 146.8124 79.4519 5.573e-12 4.397e-12 1.928e-12 0.0 -54.12 1.0
S461999 146.7647 79.4275 2.87e-17 2.79e-17 1.952e-17 0.0 -53.92 0.0
S462000 146.764 79.4099 1.378e-17 1.445e-17 1.151e-17 0.0 -53.95 0.0
S462001 146.7639 79.4287 7.324e-21 5.081e-21 1.849e-21 0.0 -53.92 0.0
S462002 146.7116 79.4538 1.3090000000000001e-20 2.5780000000000004e-20 7.598000000000001e-20 0.0 -53.97 0.0
S462003 146.7794 79.4267 5.359e-21 3.898e-21 1.515e-21 0.0 -54.03 0.0
S462004 146.6684 79.3967 7.563e-21 5.2720000000000004e-21 1.885e-21 0.0 -53.93 0.0
S462005 146.8533 79.3905 5.657e-18 6.278e-18 5.738e-18 0.0 -54.05 0.0
S462006 146.7328 79.4582 4.224e-19 5.624e-19 7.232e-19 0.001 -54.04 0.0
S462007 146.761 79.4138 3.3909999999999997e-22 8.688999999999999e-22 4.383e-21 0.0 -53.9 0.0
S462008 146.6264 79.5974 2e-12 1.382e-12 4.676e-13 0.0 -54.08 0.0
S462009 146.7546 79.4865 1.622e-19 2.451e-19 4.297e-19 0.0 -54.1 0.0
S462010 146.5536 79.8479 1.3750000000000002e-20 2.5940000000000002e-20 7.031e-20 0.0 -54.17 0.0
S462011 146.7426 79.5196 9.917e-22 2.478e-21 1.185e-20 0.0 -54.13 0.0
S462012 146.8275 79.5409 6.726e-19 8.447e-19 9.877e-19 0.0 -54.21 0.0
S462013 146.7766 79.4383 2.402e-21 4.805e-21 1.5160000000000003e-20 0.0 -54.13 0.0
S462014 146.7158 79.3707 3.917e-18 4.33e-18 3.891e-18 0.0 -53.9 0.0
S462015 146.7233 79.4697 2.174e-21 4.251e-21 1.225e-20 0.0 -54.05 0.0
S462016 146.748 79.39 1.271e-16 1.138e-16 6.226e-17 0.0 -53.91 0.0
S462017 146.7771 79.3757 3.587e-21 2.801e-21 1.2380000000000001e-21 0.0 -53.93 0.0
S462018 146.578 79.3543 3.58e-23 1.0369999999999999e-22 6.832e-22 0.0 -53.92 0.0
S462019 146.898 79.4106 4.06e-19 5.319e-19 6.794e-19 0.0 -54.13 0.0
S462020 146.7343 79.4183 1.937e-18 2.25e-18 2.283e-18 0.0 -53.97 0.0
S462021 146.6479 79.5375 3.708e-21 8.18e-21 3.023e-20 0.0 -54.04 0.0
S462022 146.7427 79.4596 3.25e-19 4.667e-19 7.174e-19 0.0 -54.07 0.0
S462023 146.7189 79.3978 7.26e-21 1.4090000000000003e-20 3.9860000000000004e-20 0.0 -53.93 0.0
S462024 146.9611 79.7932 8.49e-22 2.068e-21 9.689e-21 0.0 -54.22 0.0
S462025 146.833 79.4222 2.816e-21 6.3430000000000005e-21 2.4160000000000003e-20 0.0 -54.09 0.0
S462026 146.7093 79.4598 1.1969999999999998e-22 3.1089999999999998e-22 1.617e-21 0.0 -54.01 0.0
S462027 146.7934 79.4238 2.521e-21 5.742e-21 2.3060000000000003e-20 0.0 -54.05 0.0
S462028 146.8105 79.3589 4.314e-17 4.107e-17 2.709e-17 0.0 -53.93 0.0
S462029 147.1574 79.4046 3.117e-17 3.041e-17 2.103e-17 0.0 -54.13 0.0
S462030 146.7779 79.4562 7.834000000000001e-21 5.443e-21 1.9170000000000002e-21 0.0 -54.14 0.0
S462031 146.542 79.4271 2.481e-24 1.039e-23 1.4529999999999998e-22 0.0 -53.86 0.0
S462032 146.8707 79.6225 5.611999999999999e-23 2.016e-22 2.089e-21 0.0 -54.2 0.0
S462033 146.9562 79.4452 1.882e-22 4.798e-22 2.487e-21 0.0 -54.14 0.0
S462034 146.8071 79.4685 9.75e-23 2.8609999999999996e-22 1.927e-21 0.0 -54.11 0.0
S462035 146.6297 79.4487 1.667e-22 4.624999999999999e-22 2.72e-21 0.0 -53.98 0.0
S462036 146.6877 79.4958 1.4419999999999998e-23 5.536e-23 6.616999999999999e-22 0.0 -54.04 0.0
S462037 147.1234 79.4033 1.366e-23 5.446e-23 7.216e-22 0.0 -54.04 0.0
S462038 146.7453 79.4432 1.534e-17 1.723e-17 1.566e-17 0.0 -54.03 0.0
S462039 146.7833 79.3646 8.009999999999999e-23 2.33e-22 1.474e-21 0.0 -53.95 0.0
S462040 146.8875 79.4206 9.694e-21 1.935e-20 6.146000000000001e-20 0.0 -54.12 0.0
S462041 146.7419 79.4369 2.355e-22 5.701e-22 2.528e-21 0.0 -53.98 0.0
S462042 147.1148 79.5504 6.973e-21 4.955e-21 1.767e-21 0.0 -54.15 0.0
S462043 146.7523 79.4172 8.701e-19 1.148e-18 1.43e-18 0.0 -53.93 0.0
S462044 146.762 79.551 1.6129999999999998e-22 4.1029999999999997e-22 2.095e-21 0.0 -54.18 0.0
S462045 146.7595 79.437 1.622e-15 1.36e-15 6.858e-16 0.0 -54.05 0.0
S462046 146.804 79.4558 8.158e-21 1.5480000000000002e-20 4.279e-20 0.0 -54.15 0.0
S462047 146.8682 79.6087 3.694e-21 7.766e-21 2.5590000000000002e-20 0.0 -54.2 0.0
S462048 146.7312 79.4163 3.5630000000000006e-20 6.150000000000001e-20 1.364e-19 0.0 -53.94 0.0
S462049 146.7561 79.4503 2.894e-19 4.063e-19 5.894e-19 0.0 -54.13 0.0
S462050 146.7199 79.1598 5.9e-21 1.1740000000000001e-20 3.5170000000000004e-20 0.0 -53.8 0.0
S462051 146.7684 79.4526 4.28e-22 1.148e-21 6.708e-21 0.0 -54.09 0.0
S462052 146.6823 79.2834 4.7789999999999997e-23 1.47e-22 1.133e-21 0.0 -53.84 0.0
S462053 146.6419 79.2932 1.2719999999999999e-22 3.2179999999999996e-22 1.616e-21 0.0 -53.89 0.0
S462054 146.7547 79.4775 5.747e-17 5.479e-17 3.482e-17 0.0 -54.09 0.0
S462055 146.7285 79.4295 3.269e-16 2.599e-16 1.121e-16 0.0 -53.93 0.0
S462056 146.7977 79.457 2.638e-18 2.986e-18 2.72e-18 0.0 -54.16 0.0
S462057 146.7948 79.4564 6.548e-17 5.999e-17 3.617e-17 0.0 -54.09 0.0
S462058 146.7719 79.4733 8.801e-16 6.261e-16 2.349e-16 0.0 -54.14 0.0
S462059 146.7424 79.4049 3.056e-12 2.163e-12 7.914e-13 0.0 -53.9 0.0
S462060 146.7254 79.3761 1.09e-19 1.715e-19 3.099e-19 0.0 -53.89 0.0
S462061 146.7506 79.4408 4.237e-19 5.726e-19 7.724e-19 0.0 -54.02 0.0
S462062 146.7582 79.3801 9.859000000000001e-20 1.571e-19 2.948e-19 0.0 -53.88 0.0
S462063 146.8043 79.4125 4.553e-16 4.05e-16 2.359e-16 0.001 -54.04 0.0
S462064 146.7735 79.4773 5.66e-20 9.329000000000001e-20 1.897e-19 0.0 -54.11 0.0
S462065 146.8066 79.4412 2.846e-21 5.968e-21 2.0480000000000002e-20 0.0 -54.13 0.0
S462066 146.734 79.469 5.003e-18 5.653e-18 5.216e-18 0.0 -54.05 0.0
S462067 146.881 79.4571 3.6849999999999995e-22 8.057999999999999e-22 2.922e-21 0.0 -54.12 0.0
S462068 146.7768 79.4691 5.758e-19 7.547e-19 9.426e-19 0.0 -54.1 0.0
S462069 146.7534 79.4642 7.441e-21 5.266e-21 1.879e-21 0.0 -54.08 0.0
S462070 146.6747 79.4412 2.137e-16 1.708e-16 7.746e-17 0.0 -53.92 0.0
S462071 146.8145 79.3814 1.519e-15 1.113e-15 4.36e-16 0.0 -54.02 0.0
S462072 146.8564 79.4635 1.6049999999999998e-22 4.601e-22 3.08e-21 0.0 -54.24 0.0
S462073 146.7513 79.3849 1.09e-19 1.754e-19 3.358e-19 0.0 -53.86 0.0
S462074 146.8028 79.5021 1.886e-16 1.594e-16 8.096e-17 0.0 -54.17 0.0
S462075 146.7183 79.4428 8.367e-21 5.852e-21 2.02e-21 0.0 -53.97 0.0
S462076 146.7518 79.4125 1.898e-21 3.97e-21 1.2930000000000001e-20 0.0 -53.98 0.0
S462077 146.7894 79.4633 2.2979999999999997e-22 6.537999999999999e-22 4.136e-21 0.0 -54.14 0.0
S462078 146.8129 79.4388 6.348e-20 1.081e-19 2.291e-19 0.0 -54.12 0.0
S462079 146.7403 79.507 3.488e-16 2.785e-16 1.291e-16 0.0 -54.12 0.0
S462080 146.6817 79.4848 1.89e-17 1.91e-17 1.427e-17 0.0 -54.02 0.0
S462081 146.7375 79.388 6.027e-17 5.399e-17 3.119e-17 0.0 -53.96 0.0
S462082 146.7474 79.3762 2.578e-16 2.742e-16 2.198e-16 0.0 -53.9 0.0
S462083 146.8485 79.3646 2.582e-19 3.945e-19 6.97e-19 0.0 -54.03 0.0
S462084 146.7976 79.3729 7.365e-18 7.883e-18 6.618e-18 0.0 -53.92 0.0
S462085 146.7451 79.3724 1.266e-18 1.543e-18 1.67e-18 0.0 -53.86 0.0
S462086 146.6957 79.4755 1.453e-17 1.489e-17 1.125e-17 0.0 -54.05 0.0
S462087 146.7135 79.4256 4.464e-18 4.79e-18 3.92e-18 0.001 -53.92 0.0
S462088 146.6895 79.4344 2.878e-21 6.371e-21 2.405e-20 0.0 -54.0 0.0
S462089 146.822 79.3896 1.79e-17 1.858e-17 1.446e-17 0.0 -53.98 0.0
S462090 146.7783 79.4184 1.439e-23 4.687e-23 3.876e-22 0.0 -53.98 0.0
S462091 146.7039 79.4904 7.1e-19 9.256e-19 1.179e-18 0.0 -54.14 0.0
S462092 146.7879 79.4455 1.607e-17 1.693e-17 1.341e-17 0.0 -54.11 0.0
S462093 146.6993 79.4153 5.564e-16 4.434e-16 2.062e-16 0.0 -53.96 0.0
S462094 146.7671 79.3897 2.532e-17 2.321e-17 1.405e-17 0.0 -53.94 0.0
S462095 146.6976 79.3851 8.875e-21 6.135e-21 2.1190000000000002e-21 0.0 -53.9 0.0
S462096 146.7565 79.4185 8.113e-18 8.655e-18 7.31e-18 0.0 -53.93 0.0
S462097 146.8053 79.4887 8.818e-17 7.666e-17 4.111e-17 0.0 -54.17 0.0
S462098 146.803 79.4138 1.537e-22 4.652999999999999e-22 3.4060000000000004e-21 0.0 -53.97 0.0
S462099 146.7441 79.4869 2.614e-17 2.534e-17 1.766e-17 0.0 -54.14 0.0
S462100 146.8008 79.4739 1.228e-21 2.948e-21 1.268e-20 0.0 -54.17 0.0
S462101 146.7779 79.3628 7.659e-23 2.123e-22 1.27e-21 0.0 -53.98 0.0
S462102 146.7276 79.4534 4.1150000000000006e-20 7.137000000000001e-20 1.61e-19 0.0 -54.03 0.0
S462103 146.7812 79.4354 8.56e-17 7.748e-17 4.658e-17 0.0 -54.08 0.0
S462104 146.7148 79.3983 8.452e-13 5.786e-13 1.992e-13 0.0 -53.88 0.0
S462105 146.789 79.4705 2.0820000000000003e-20 3.9180000000000003e-20 1.062e-19 0.0 -54.12 0.0
S462106 146.791 79.5096 2.67e-19 3.552e-19 4.81e-19 0.0 -54.13 0.0
S462107 146.7123 79.3984 5.082e-19 6.696e-19 8.66e-19 0.0 -53.91 0.0
S462108 146.7672 79.4726 3.166e-23 1.0889999999999998e-22 1.051e-21 0.0 -54.17 0.0
S462109 146.7005 79.351 8.365e-17 7.337e-17 3.97e-17 0.0 -53.84 0.0
S462110 146.8167 79.438 4.007e-21 3.0760000000000002e-21 1.285e-21 0.0 -54.08 0.0
S462111 146.7769 79.472 4.832e-18 5.503e-18 5.327e-18 0.0 -54.09 0.0
S462112 146.7597 79.3724 5.081e-17 4.654e-17 2.71e-17 0.0 -53.92 0.0
S462113 146.682 79.4789 2.59e-23 8.392e-23 6.925999999999999e-22 0.0 -54.06 0.0
S462114 146.7854 79.4279 2.629e-16 2.243e-16 1.163e-16 0.0 -54.1 0.0
S462115 146.8065 79.4258 4.615e-18 5.021e-18 4.321e-18 0.0 -54.03 0.0
S462116 146.7732 79.4457 3.896e-17 3.651e-17 2.369e-17 0.0 -54.06 0.0
S462117 146.7637 79.4072 9.069000000000001e-20 1.354e-19 2.304e-19 0.0 -53.89 0.0
S462118 146.7499 79.4267 1.388e-21 3.0760000000000002e-21 1.2070000000000001e-20 0.0 -53.96 0.0
S462119 146.7361 79.435 1.673e-18 1.88e-18 1.708e-18 0.0 -53.99 0.0
S462120 146.7011 79.4926 2.419e-22 6.631999999999999e-22 3.75e-21 0.0 -54.08 0.0
S462121 146.8007 79.4622 2.974e-19 4.104e-19 5.509e-19 0.0 -54.17 0.0
S462122 146.7939 79.3944 3.313e-21 6.801000000000001e-21 2.132e-20 0.0 -54.0 0.0
S462123 146.6684 79.4649 2.278e-17 1.934e-17 1.001e-17 0.0 -53.95 0.0
S462124 146.8357 79.3829 8.215e-18 8.693e-18 7.125e-18 0.0 -54.01 0.0
S462125 146.8011 79.4254 2.631e-12 1.849e-12 6.481e-13 0.0 -54.07 0.0
S462126 146.7745 79.4036 5.071e-18 5.326e-18 4.155e-18 0.0 -53.95 0.0
S462127 146.7639 79.5601 9.083e-19 1.175e-18 1.47e-18 0.0 -54.19 0.0
S462128 146.7629 79.4761 2.1639999999999997e-22 6.300999999999999e-22 4.201e-21 0.0 -54.12 0.0
S462129 146.7083 79.4412 1.1980000000000001e-20 7.91e-21 2.4700000000000002e-21 0.0 -53.89 0.0
S462130 146.7795 79.4451 2.418e-21 4.965e-21 1.608e-20 0.0 -54.15 0.0
S462131 146.7317 79.4616 8.619e-19 1.193e-18 1.625e-18 0.0 -54.07 0.0
S462132 146.8385 79.496 6.865e-20 1.128e-19 2.235e-19 0.0 -54.18 0.0
S462133 146.8175 79.3752 2.011e-21 4.584e-21 1.8300000000000003e-20 0.001 -54.02 0.0
S462134 146.7305 79.4478 2.29e-16 1.916e-16 9.815e-17 0.0 -54.0 0.0
S462135 146.7034 79.395 1.673e-15 1.313e-15 5.963e-16 0.0 -53.94 1.0
S462136 146.7451 79.5101 4.818e-17 4.211e-17 2.271e-17 0.0 -54.16 0.0
S462137 146.784 79.4162 2.064e-12 1.435e-12 5.031e-13 0.0 -54.03 0.0
S462138 146.7473 79.3573 3.204e-19 4.55e-19 6.915e-19 0.0 -53.88 0.0
S462139 146.7659 79.4599 7.952e-17 6.823e-17 3.638e-17 0.001 -54.1 0.0
S462140 146.8175 79.4234 2.336e-20 4.299e-20 1.134e-19 0.0 -54.03 0.0
S462141 146.7665 79.4935 8.685e-21 5.965e-21 2.029e-21 0.0 -54.19 0.0
S462142 146.7122 79.5201 2.524e-22 6.016e-22 2.5830000000000002e-21 0.0 -54.1 0.0
S462143 146.7666 79.4471 7.174e-18 7.27e-18 5.447e-18 0.0 -54.12 0.0
S462144 146.6899 79.4329 1.78e-17 1.707e-17 1.126e-17 0.0 -53.98 0.0
S462145 146.7816 79.4509 4.064e-17 3.768e-17 2.314e-17 0.0 -54.16 0.0
S462146 146.685 79.4433 6.531000000000001e-20 1.048e-19 1.96e-19 0.0 -53.99 0.0
S462147 146.7903 79.4438 9.068e-17 7.764e-17 3.922e-17 0.0 -54.1 0.0
S462148 146.758 79.4766 1.509e-24 6.199e-24 8.390999999999999e-23 0.0 -54.11 0.0
S462149 146.7522 79.3982 3.966e-12 2.887e-12 1.073e-12 0.0 -53.97 0.0
S462150 146.719 79.4007 9.893e-19 1.291e-18 1.67e-18 0.0 -53.93 0.0
S462151 146.7913 79.4248 1.834e-28 2.26e-27 3.014e-25 0.0 -53.99 0.0
S462152 146.7388 79.4516 5.404e-18 6.072e-18 5.56e-18 0.0 -54.04 0.0
S462153 146.8219 79.4368 4.444e-18 5.169e-18 5.165e-18 0.0 -54.08 0.0
S462154 146.7762 79.469 5.636e-16 4.357e-16 1.798e-16 0.0 -54.17 1.0
S462155 146.7952 79.4906 1.302e-16 1.14e-16 6.448e-17 0.0 -54.09 0.0
S462156 146.794 79.4 1.407e-15 1.109e-15 5.047e-16 0.0 -53.98 1.0
S462157 146.7462 79.3493 3.458e-17 3.225e-17 1.934e-17 0.0 -53.88 0.0
S462158 146.82 79.397 1.849e-17 1.862e-17 1.347e-17 0.0 -54.04 0.0
S462159 146.7234 79.4203 6.359e-21 4.537e-21 1.664e-21 0.0 -53.96 0.0
S462160 146.8201 79.3804 6.03e-18 6.431e-18 5.262e-18 0.0 -53.99 0.0
S462161 146.7699 79.4816 3.452e-22 8.631999999999999e-22 4.1430000000000004e-21 0.0 -54.15 0.0
S462162 146.7481 79.5129 7.309e-21 5.117e-21 1.79e-21 0.0 -54.08 0.0
S462163 146.7507 79.4544 3.043e-16 2.855e-16 1.836e-16 0.0 -54.1 0.0
S462164 146.7413 79.4461 1.545e-21 3.53e-21 1.404e-20 0.0 -54.02 0.0
S462165 146.7429 79.405 3.241e-17 3.035e-17 1.909e-17 0.0 -53.87 0.0
S462166 146.7496 79.3962 8.262e-24 3.149e-23 3.7989999999999997e-22 0.0 -53.9 0.0
S462167 146.8041 79.3474 6.611000000000001e-20 1.035e-19 1.951e-19 0.0 -53.92 0.0
S462168 146.7495 79.4396 2.521e-21 5.883e-21 2.4180000000000002e-20 0.0 -54.01 0.0
S462169 146.8297 79.4257 1.624e-17 1.684e-17 1.262e-17 0.001 -54.1 0.0
S462170 146.8211 79.4289 1.468e-18 1.743e-18 1.754e-18 0.0 -54.09 0.0
S462171 146.7965 79.364 6.62e-16 5.589e-16 2.83e-16 0.0 -53.99 0.0
S462172 146.7756 79.4786 2.321e-17 2.345e-17 1.742e-17 0.0 -54.16 0.0
S462173 146.8167 79.4596 1.0329999999999999e-22 2.8319999999999996e-22 1.7270000000000002e-21 0.0 -54.16 0.0
S462174 146.7215 79.4619 1.6370000000000002e-20 3.118e-20 8.659e-20 0.0 -53.98 0.0
S462175 146.7657 79.4685 4.459e-18 5.163e-18 4.953e-18 0.0 -54.13 0.0
S462176 146.819 79.4409 2.734e-12 1.971e-12 7.373e-13 0.0 -54.08 0.0
S462177 146.713 79.46 1.424e-17 1.477e-17 1.169e-17 0.0 -54.02 0.0
S462178 146.7128 79.3866 2.706e-21 5.8430000000000004e-21 2.0970000000000002e-20 0.0 -53.95 0.0
S462179 146.8187 79.4322 1.385e-21 2.994e-21 1.094e-20 0.0 -54.05 0.0
S462180 146.835 79.4819 2.741e-17 2.566e-17 1.613e-17 0.0 -54.11 0.0
S462181 146.7855 79.3921 3.305e-21 6.964e-21 2.263e-20 0.0 -54.05 0.0
S462182 146.8284 79.3936 6.249e-17 5.864e-17 3.668e-17 0.0 -54.0 0.0
S462183 146.7519 79.4824 1.56e-16 1.349e-16 7.356e-17 0.0 -54.15 0.0
S462184 146.7642 79.4504 2.333e-20 4.1490000000000006e-20 9.793e-20 0.0 -54.11 0.0
S462185 146.7451 79.3266 1.472e-17 1.498e-17 1.097e-17 0.0 -53.92 0.0
S462186 146.7506 79.4501 4.092e-18 4.485e-18 3.902e-18 0.0 -54.01 0.0
S462187 146.7553 79.4878 2.2900000000000002e-20 4.0340000000000004e-20 9.667e-20 0.0 -54.12 0.0
S462188 146.7624 79.4368 1.704e-21 3.677e-21 1.263e-20 0.001 -54.01 0.0
S462189 146.6902 79.4653 2.932e-23 8.826999999999999e-23 6.298e-22 0.0 -53.96 0.0
S462190 146.7204 79.3886 3.864e-18 4.682e-18 4.987e-18 0.0 -53.91 0.0
S462191 146.7828 79.4731 1.946e-18 2.414e-18 2.682e-18 0.001 -54.11 0.0
S462192 146.7969 79.3173 7.999e-21 1.5610000000000002e-20 4.6210000000000004e-20 0.0 -53.86 0.0
S462193 146.7377 79.3801 9.248e-21 1.7270000000000002e-20 4.3360000000000006e-20 0.0 -53.91 0.0
S462194 146.6674 79.4293 2.27e-22 7.021e-22 5.482e-21 0.0 -54.03 0.0
S462195 146.7654 79.4351 4.092e-15 2.86e-15 1.035e-15 0.0 -54.03 0.0
S462196 146.7654 79.435 9.842e-16 8.215e-16 3.986e-16 0.0 -53.3 0.0
S462197 146.7652 79.435 2.017e-18 2.444e-18 2.67e-18 0.0 -53.64 0.0
S462198 146.7659 79.435 1.585e-15 1.236e-15 5.17e-16 0.0 -54.03 1.0
S462199 146.7656 79.4351 1.187e-16 1.025e-16 5.625e-17 0.0 -54.26 0.0
S462200 146.7656 79.4351 8.037e-16 7.496e-16 4.708e-16 0.0 -54.04 0.0
S462201 146.7477 79.469 6.648e-16 5.367e-16 2.529e-16 0.0 -54.13 0.0
S462202 146.7486 79.4728 4.317e-16 3.472e-16 1.599e-16 0.0 -54.07 0.0
S462203 146.7497 79.4746 2.811e-15 1.974e-15 7.199e-16 0.0 -54.09 0.0
S462204 146.7812 79.3903 2.494e-14 1.671e-14 5.446e-15 0.0 -53.96 0.0
S462205 146.7804 79.3869 1.404e-16 1.191e-16 6.227e-17 0.0 -53.97 0.0
S462206 146.7756 79.3829 3.745e-16 3.041e-16 1.435e-16 0.0 -53.97 0.0
S462207 146.7732 79.3772 3.262e-16 2.598e-16 1.205e-16 0.0 -53.92 0.0
S462208 146.7588 79.4962 1.764e-16 1.58e-16 9.016e-17 0.0 -54.16 0.0
S462209 146.7623 79.4954 2.961e-15 2.135e-15 7.908e-16 0.0 -54.15 0.0
S462210 146.7653 79.3693 3.893e-16 3.185e-16 1.592e-16 0.0 -53.91 0.0
S462211 146.7616 79.3696 4.989e-18 5.402e-18 4.745e-18 0.0 -53.91 0.0
S462212 146.7588 79.3687 1.664e-15 1.273e-15 5.385e-16 0.0 -53.96 1.0
S462213 146.7781 79.5069 2.625e-15 1.923e-15 7.289e-16 0.0 -54.15 0.0
S462214 146.7491 79.3622 2.926e-14 1.921e-14 5.993e-15 0.0 -53.93 0.0
S462215 146.7854 79.5085 1.347e-12 9.51e-13 3.528e-13 0.0 -54.16 0.0
S462216 146.7397 79.3616 6.055e-15 4.384e-15 1.653e-15 0.0 -53.92 0.0
S462217 146.7329 79.3571 4.737e-13 3.169e-13 1.045e-13 0.0 -53.9 0.0
S462218 146.8033 79.5197 1.831e-16 1.577e-16 8.706e-17 0.001 -54.18 0.0
S462219 146.7221 79.3541 7.501e-15 5.314e-15 1.864e-15 0.0 -53.87 0.0
S462220 146.716 79.3492 1.078e-14 7.598e-15 2.749e-15 0.0 -53.92 0.0
S462221 146.8191 79.513 2.731e-20 4.7710000000000006e-20 1.083e-19 0.0 -54.15 0.0
S462222 146.8252 79.5131 4.597e-17 4.159e-17 2.465e-17 0.0 -54.18 0.0
S462223 146.6981 79.3569 3.768e-16 3.154e-16 1.638e-16 0.0 -53.92 0.0
S462224 146.8381 79.5066 2.746e-15 1.974e-15 7.304e-16 0.001 -54.12 0.0
S462225 146.8443 79.5079 2.715e-18 3.145e-18 3.076e-18 0.0 -54.19 0.0
S462226 146.6785 79.3608 2.23e-18 2.653e-18 2.674e-18 0.0 -53.9 0.0
S462227 146.8562 79.5012 4.412e-17 4.264e-17 2.95e-17 0.0 -54.15 0.0
S462228 146.8656 79.5038 6.728e-18 7.048e-18 5.463e-18 0.0 -54.1 0.0
S462229 146.8669 79.4987 1.509e-15 1.152e-15 4.857e-16 0.0 -54.23 1.0
S462230 146.8722 79.4946 1.371e-14 9.387e-15 3.165e-15 0.0 -54.17 0.0
S462231 146.879 79.4918 4.932e-16 3.935e-16 1.845e-16 0.0 -54.14 0.0
S462232 146.8822 79.4914 1.134e-16 1.011e-16 5.693e-17 0.0 -54.13 0.0
S462233 146.8845 79.4758 2.274e-17 2.241e-17 1.599e-17 0.0 -54.1 0.0
S462234 146.8906 79.4807 4.878e-16 4.583e-16 2.978e-16 0.0 -54.15 0.0
S462235 146.9058 79.4718 4.999e-15 3.563e-15 1.289e-15 0.0 -54.11 0.0
S462236 146.9016 79.4672 2.535e-18 3.012e-18 3.124e-18 0.0 -54.15 0.0
S462237 146.9151 79.456 4.777e-19 6.762e-19 1.001e-18 0.0 -54.12 0.0
S462238 146.9183 79.4468 2.038e-12 1.466e-12 5.4e-13 0.0 -54.08 0.0
S462239 146.6245 79.4316 5.202e-16 4.073e-16 1.802e-16 0.0 -53.92 1.0
S462240 146.6159 79.4369 2.747e-18 3.396e-18 3.864e-18 0.0 -53.92 0.0
S462241 146.6088 79.4451 4.955e-16 3.994e-16 1.894e-16 0.0 -54.03 0.0
S462242 146.6169 79.4521 4.729e-21 9.463000000000001e-21 2.8940000000000005e-20 0.0 -53.93 0.0
S462243 146.6008 79.4629 3.339e-16 3.908e-16 3.841e-16 0.0 -54.01 0.0
S462244 146.9234 79.4001 4.292e-16 3.367e-16 1.532e-16 0.0 -54.06 0.0
S462245 146.9222 79.3903 1.588e-16 1.341e-16 6.824e-17 0.0 -54.03 0.0
S462246 146.6028 79.4914 8.367e-16 6.422e-16 2.676e-16 0.0 -54.02 1.0
S462247 146.9247 79.3683 9.657e-17 8.358e-17 4.692e-17 0.0 -54.04 0.0
S462248 146.5944 79.5151 1.576e-16 1.317e-16 6.572e-17 0.0 -53.97 0.0
S462249 146.6174 79.5173 3.776e-15 2.833e-15 1.131e-15 0.0 -54.05 0.0
S462250 146.6155 79.5265 9.203e-16 8.028e-16 4.371e-16 0.0 -53.98 0.0
S462251 146.9069 79.3316 7.078e-17 6.545e-17 4.055e-17 0.0 -54.04 0.0
S462252 146.6217 79.5452 1.465e-12 9.748e-13 3.251e-13 0.0 -54.01 0.0
S462253 146.6169 79.5591 3.211e-17 3.024e-17 1.938e-17 0.0 -54.04 0.0
S462254 146.6238 79.5691 3.499e-16 2.892e-16 1.363e-16 0.001 -54.04 0.0
S462255 146.6277 79.577 1.625e-18 1.996e-18 2.261e-18 0.001 -54.1 0.0
S462256 146.6368 79.5894 1.373e-15 1.022e-15 4.31e-16 0.0 -54.03 1.0
S462257 146.6441 79.589 1.795e-13 1.182e-13 3.71e-14 0.0 -54.05 0.0
S462258 146.6586 79.5964 4.074e-15 2.8e-15 9.541e-16 0.0 -54.11 0.0
S462259 146.8713 79.2557 5.478e-17 4.798e-17 2.751e-17 0.0 -54.0 0.0
S462260 146.8671 79.2453 1.745e-17 1.88e-17 1.531e-17 0.0 -53.99 0.0
S462261 146.6748 79.6245 2.557e-12 1.783e-12 6.088e-13 0.0 -54.18 0.0
S462262 146.679 79.6394 5.247e-14 3.395e-14 1.048e-14 0.0 -54.17 0.0
S462263 146.7 79.6339 3.166e-16 2.621e-16 1.294e-16 0.0 -54.21 0.0
S462264 146.829 79.2163 2.109e-15 1.598e-15 6.723e-16 0.0 -53.95 0.0
S462265 146.7153 79.6569 2.89e-15 2.047e-15 7.684e-16 0.0 -54.11 0.0
S462266 146.7263 79.6613 3.288e-17 3.148e-17 2.165e-17 0.0 -54.17 0.0
S462267 146.7884 79.2041 3.396e-15 2.486e-15 9.626e-16 0.0 -53.85 0.0
S462268 146.7517 79.6751 7.446e-16 5.984e-16 2.738e-16 0.0 -54.23 0.0
S462269 146.7637 79.6675 4.731e-16 4.662e-16 3.315e-16 0.0 -54.17 0.0
S462270 146.7462 79.1949 4.679e-16 3.719e-16 1.671e-16 0.0 -53.87 1.0
S462271 146.7426 79.2104 1.209e-15 9.304e-16 3.802e-16 0.0 -53.96 0.0
S462272 146.7261 79.1917 9.63e-16 7.363e-16 3.01e-16 0.0 -53.86 1.0
S462273 146.7099 79.1794 1.049e-16 9.082e-17 4.86e-17 0.0 -53.9 0.0
S462274 146.6955 79.1835 9.01e-16 6.767e-16 2.699e-16 0.001 -53.93 0.0
S462275 146.8455 79.6752 3.964e-15 2.844e-15 1.037e-15 0.0 -54.26 0.0
S462276 146.663 79.1788 7.379e-21 5.1180000000000004e-21 1.813e-21 0.0 -53.85 0.0
S462277 146.8718 79.6681 1.494e-16 1.273e-16 6.723e-17 0.0 -54.1 0.0
S462278 146.6441 79.2036 8.28e-18 8.545e-18 6.599e-18 0.0 -53.91 0.0
S462279 146.6339 79.214 5.035e-16 3.87e-16 1.67e-16 0.0 -53.92 1.0
S462280 146.6175 79.2126 5.197e-15 3.602e-15 1.284e-15 0.0 -53.88 0.0
S462281 146.5933 79.1828 1.405e-15 1.043e-15 4.08e-16 0.0 -53.87 0.0
S462282 146.5833 79.2209 1.119e-15 9.983e-16 5.596e-16 0.0 -53.79 0.0
S462283 146.574 79.2299 1.032e-14 7.153e-15 2.456e-15 0.001 -53.89 0.0
S462284 146.5607 79.2265 1.706e-16 1.369e-16 6.527e-17 0.0 -53.91 0.0
S462285 146.98 79.6174 6.855e-16 5.372e-16 2.377e-16 0.0 -54.19 1.0
S462286 146.9912 79.6034 2.289e-15 1.645e-15 6.234e-16 0.001 -54.28 0.0
S462287 146.5099 79.2678 9.581e-16 8.279e-16 4.426e-16 0.0 -53.91 0.0
S462288 146.5184 79.269 4.186e-16 3.235e-16 1.403e-16 0.0 -53.93 0.0
S462289 146.5019 79.2906 8.997e-16 6.835e-16 2.743e-16 0.0 -53.86 0.0
S462290 147.0149 79.5667 1.615e-17 1.645e-17 1.222e-17 0.0 -54.19 0.0
S462291 147.0452 79.5552 4.896e-12 3.831e-12 1.673e-12 0.0 -54.17 1.0
S462292 146.4902 79.3281 3.843e-12 3.584e-12 2.221e-12 0.0 -53.93 1.0
S462293 147.0771 79.5146 9.217e-16 7.01e-16 3.001e-16 0.0 -54.14 1.0
S462294 147.0494 79.5231 2.679e-15 1.9e-15 6.896e-16 0.0 -54.19 0.0
S462295 147.0663 79.498 5.789e-12 4.88e-12 2.501e-12 0.0 -54.2 1.0
S462296 147.0872 79.477 3.728e-16 3.151e-16 1.651e-16 0.0 -54.17 0.0
S462297 147.0844 79.4685 3.098e-14 2.041e-14 6.129e-15 0.0 -54.17 1.0
S462298 146.4517 79.4188 8.052e-15 5.528e-15 1.862e-15 0.0 -53.92 0.0
S462299 146.4289 79.4391 3.177e-17 3.674e-17 3.527e-17 0.0 -53.88 0.0
S462300 147.0793 79.416 1.709e-15 1.265e-15 4.923e-16 0.0 -54.07 0.0
S462301 146.4321 79.4732 3.487e-12 3.154e-12 1.867e-12 0.0 -53.96 1.0
S462302 147.0882 79.383 4.908e-16 3.845e-16 1.66e-16 0.0 -54.02 1.0
S462303 146.4282 79.512 5.691e-15 4.03e-15 1.498e-15 0.0 -53.93 0.0
S462304 147.0844 79.3432 9.155e-20 1.472e-19 2.857e-19 0.0 -54.01 0.0
S462305 146.4413 79.5458 5.207e-15 3.641e-15 1.256e-15 0.0 -53.99 0.0
S462306 147.0941 79.302 4.479e-16 4.434e-16 3.155e-16 0.0 -54.06 0.0
S462307 146.7759 79.3926 1.501e-16 1.209e-16 5.641e-17 0.0 -53.93 0.0
S462308 146.7768 79.3959 8.933999999999999e-23 2.575e-22 1.7270000000000002e-21 0.0 -53.99 0.0
S462309 146.7714 79.3878 6.775e-17 6.372e-17 3.944e-17 0.0 -53.89 0.0
S462310 146.758 79.479 1.061e-16 1.559e-16 2.603e-16 0.001 -54.12 0.0
S462311 146.771 79.3902 7.373e-16 6.25e-16 3.287e-16 0.0 -53.96 0.0
S462312 146.7702 79.3831 2.79e-12 2.261e-12 1.083e-12 0.0 -53.95 1.0
S462313 146.7656 79.4864 1.043e-16 9.281e-17 5.155e-17 0.0 -54.14 0.0
S462314 146.7635 79.3773 1.755e-19 2.689e-19 4.748e-19 0.0 -53.92 0.0
S462315 146.7702 79.4938 9.093e-22 2.152e-21 8.986e-21 0.0 -54.17 0.0
S462316 146.7708 79.4913 1.013e-16 9.113e-17 5.28e-17 0.0 -54.17 0.0
S462317 146.7567 79.3759 4.626e-17 4.414e-17 2.853e-17 0.0 -53.9 0.0
S462318 146.777 79.4909 1.881e-12 2.116e-12 1.9e-12 0.0 -54.09 0.0
S462319 146.7501 79.3647 2.312e-16 1.915e-16 9.362e-17 0.0 -53.94 0.0
S462320 146.75 79.373 1.244e-17 1.295e-17 1.034e-17 0.0 -53.94 0.0
S462321 146.7857 79.5059 2.852e-21 6.15e-21 2.129e-20 0.0 -54.21 0.0
S462322 146.7454 79.3737 3.336e-16 3.868e-16 3.76e-16 0.0 -53.88 0.0
S462323 146.7391 79.3669 1.681e-18 2.014e-18 2.047e-18 0.0 -53.88 0.0
S462324 146.7335 79.3619 3.339e-16 3.871e-16 3.818e-16 0.0 -53.85 0.0
S462325 146.7327 79.3678 7.432e-18 7.676e-18 5.879e-18 0.0 -53.95 0.0
S462326 146.7989 79.492 1.236e-16 1.784e-16 2.719e-16 0.0 -54.21 0.0
S462327 146.8064 79.5072 2.99e-16 2.52e-16 1.285e-16 0.001 -54.17 0.0
S462328 146.7187 79.3563 6.507e-21 4.6190000000000004e-21 1.708e-21 0.0 -53.88 0.0
S462329 146.7171 79.3635 3.641e-16 4.517e-16 4.855e-16 0.0 -53.88 0.0
S462330 146.8182 79.5087 1.443e-16 1.19e-16 5.846e-17 0.0 -54.2 0.0
S462331 146.8295 79.5079 5.814e-17 5.5e-17 3.51e-17 0.0 -54.18 0.0
S462332 146.8235 79.4984 1.609e-16 2.307e-16 3.566e-16 0.0 -54.13 0.0
S462333 146.699 79.3652 2.627e-16 2.171e-16 1.091e-16 0.0 -53.91 0.0
S462334 146.6918 79.3642 6.304e-16 4.991e-16 2.221e-16 0.0 -53.96 1.0
S462335 146.842 79.4915 3.1220000000000005e-20 5.1870000000000004e-20 1.058e-19 0.0 -54.17 0.0
S462336 146.8438 79.5047 1.347e-18 1.707e-18 2.047e-18 0.0 -54.17 0.0
S462337 146.8491 79.5022 5.526e-21 9.837e-21 2.3750000000000003e-20 0.0 -54.16 0.0
S462338 146.673 79.3657 3.449e-20 6.043000000000001e-20 1.42e-19 0.0 -53.92 0.0
S462339 146.8532 79.4951 1.782e-22 4.562e-22 2.355e-21 0.0 -54.19 0.0
S462340 146.8684 79.4932 8.191e-21 1.573e-20 4.272e-20 0.0 -54.18 0.0
S462341 146.664 79.3804 6.958e-17 6.305e-17 3.586e-17 0.0 -53.92 0.0
S462342 146.6594 79.3748 8.029999999999999e-22 2.068e-21 1.0810000000000001e-20 0.0 -53.95 0.0
S462343 146.8907 79.4929 5.029e-21 1.0190000000000001e-20 3.257e-20 0.0 -54.12 0.0
S462344 146.8795 79.4697 1.364e-15 9.775e-16 3.823e-16 0.0 -54.1 0.0
S462345 146.6551 79.3831 1.886e-22 5.215999999999999e-22 3.194e-21 0.0 -53.93 0.0
S462346 146.8885 79.4779 2.647e-17 2.757e-17 2.2e-17 0.0 -54.19 0.0
S462347 146.8733 79.4712 2.011e-16 1.623e-16 7.549e-17 0.0 -54.18 0.0
S462348 146.636 79.4094 1.496e-15 1.141e-15 4.833e-16 0.001 -53.96 1.0
S462349 146.6351 79.4152 6.773e-16 7.415e-16 6.531e-16 0.0 -53.94 0.0
S462350 146.9016 79.4607 5.811999999999999e-22 1.464e-21 7.268e-21 0.0 -54.13 0.0
S462351 146.6295 79.4192 1.041e-17 1.108e-17 9.055e-18 0.0 -53.88 0.0
S462352 146.9008 79.4525 8.066e-17 6.841e-17 3.507e-17 0.0 -54.15 0.0
S462353 146.6408 79.4288 2.635e-16 2.089e-16 9.493e-17 0.0 -53.93 0.0
S462354 146.6259 79.4367 1.8410000000000002e-20 3.3440000000000004e-20 8.393000000000001e-20 0.0 -54.04 0.0
S462355 146.9179 79.4312 2.6e-16 2.25e-16 1.21e-16 0.0 -54.1 0.0
S462356 146.9136 79.4218 2.473e-17 2.583e-17 2.071e-17 0.0 -54.07 0.0
S462357 146.6274 79.4467 6.401e-16 5.045e-16 2.335e-16 0.0 -54.01 1.0
S462358 146.9067 79.415 1.476e-16 1.322e-16 7.651e-17 0.0 -54.05 0.0
S462359 146.6012 79.4721 2.324e-21 5.1300000000000004e-21 1.9780000000000003e-20 0.0 -53.98 0.0
S462360 146.9038 79.3983 1.989e-16 1.633e-16 8e-17 0.0 -53.97 0.0
S462361 146.9083 79.3903 7.155e-21 4.949e-21 1.758e-21 0.0 -54.09 0.0
S462362 146.9078 79.3849 4.7e-19 6.738e-19 1.028e-18 0.0 -54.05 0.0
S462363 146.9125 79.3772 7.542e-24 2.749e-23 2.8909999999999996e-22 0.0 -54.04 0.0
S462364 146.6124 79.5019 1.246e-15 1.022e-15 5.005e-16 0.0 -53.98 0.0
S462365 146.6178 79.5041 4.984e-16 5.093e-16 3.861e-16 0.0 -54.02 0.0
S462366 146.9079 79.3557 4.327e-17 3.869e-17 2.319e-17 0.0 -53.97 0.0
S462367 146.6058 79.5257 3.596e-20 6.092000000000001e-20 1.294e-19 0.0 -54.06 0.0
S462368 146.9024 79.3467 1.507e-21 2.928e-21 8.604e-21 0.0 -54.02 0.0
S462369 146.6261 79.5376 1.778e-16 1.501e-16 7.676e-17 0.0 -54.02 0.0
S462370 146.62 79.5431 6.889e-16 5.212e-16 2.162e-16 0.0 -54.02 1.0
S462371 146.9023 79.3154 7.675e-22 1.777e-21 7.125e-21 0.0 -53.96 0.0
S462372 146.5978 79.5644 1.347e-16 1.302e-16 9.145e-17 0.0 -54.07 0.0
S462373 146.8972 79.3077 7.304e-23 2.1719999999999997e-22 1.5530000000000001e-21 0.0 -53.95 0.0
S462374 146.8629 79.3023 5.447e-17 4.98e-17 3.058e-17 0.0 -53.99 0.0
S462375 146.8989 79.2912 1.43e-15 1.074e-15 4.384e-16 0.0 -53.98 0.0
S462376 146.6756 79.5618 1.841e-14 1.244e-14 4.161e-15 0.0 -54.11 0.0
S462377 146.8843 79.2921 2.293e-18 2.828e-18 3.1e-18 0.0 -53.95 0.0
S462378 146.8873 79.2772 2.344e-15 1.775e-15 7.112e-16 0.0 -53.94 0.0
S462379 146.8509 79.2798 1.319e-15 1.011e-15 4.265e-16 0.0 -53.97 1.0
S462380 146.8708 79.2923 2.112e-16 2.87e-16 3.954e-16 0.0 -53.9 0.0
S462381 146.6597 79.6181 7.041e-16 5.285e-16 2.149e-16 0.0 -54.1 1.0
S462382 146.8625 79.2654 4.644e-23 1.4899999999999998e-22 1.274e-21 0.0 -53.93 0.0
S462383 146.8464 79.2496 1.834e-16 1.55e-16 8.082e-17 0.001 -53.93 0.0
S462384 146.8291 79.244 1.905e-16 1.655e-16 8.85e-17 0.0 -53.95 0.0
S462385 146.7154 79.6231 1.235e-16 1.593e-16 1.89e-16 0.0 -54.12 0.0
S462386 146.8349 79.2386 4.183e-16 3.33e-16 1.515e-16 0.0 -53.92 0.0
S462387 146.8153 79.2253 2.018e-16 3.435e-16 7.381e-16 0.0 -53.8 0.0
S462388 146.8123 79.2165 2.007e-17 2.869e-17 4.405e-17 0.0 -53.97 0.0
S462389 146.7419 79.621 5.767e-18 6.345e-18 5.447e-18 0.0 -54.18 0.0
S462390 146.7832 79.2069 1.304e-19 1.886e-19 2.938e-19 0.0 -53.89 0.0
S462391 146.7861 79.2277 8.934e-17 9.661e-17 8.026e-17 0.0 -53.94 0.0
S462392 146.7867 79.2082 1.926e-20 3.6530000000000005e-20 9.827000000000001e-20 0.0 -53.84 0.0
S462393 146.7781 79.6596 8.126e-21 5.552e-21 1.961e-21 0.0 -54.18 0.0
S462394 146.7935 79.6789 7.988e-18 8.803e-18 7.767e-18 0.0 -54.17 0.0
S462395 146.7847 79.6865 4.379e-17 4.028e-17 2.509e-17 0.0 -54.25 0.0
S462396 146.7825 79.6511 3.117e-18 3.593e-18 3.451e-18 0.0 -54.18 0.0
S462397 146.7216 79.2019 1.327e-16 1.151e-16 6.101e-17 0.0 -53.87 0.0
S462398 146.8124 79.6454 4.299e-15 3.148e-15 1.234e-15 0.0 -54.28 0.0
S462399 146.8233 79.6619 1.0740000000000001e-20 2.0210000000000002e-20 5.566e-20 0.0 -54.13 0.0
S462400 146.7023 79.2161 2.944e-17 2.755e-17 1.752e-17 0.0 -53.87 0.0
S462401 146.84 79.6522 4.18e-17 3.741e-17 2.128e-17 0.0 -54.18 0.0
S462402 146.8442 79.6405 3.974e-17 3.797e-17 2.54e-17 0.0 -54.23 0.0
S462403 146.8502 79.6305 3.421e-12 2.719e-12 1.216e-12 0.0 -54.16 1.0
S462404 146.6543 79.2129 1.979e-15 1.431e-15 5.354e-16 0.0 -53.85 0.0
S462405 146.8885 79.6705 1.395e-15 1.025e-15 4.096e-16 0.0 -54.2 0.0
S462406 146.8835 79.6231 2.643e-16 2.145e-16 9.928e-17 0.0 -54.18 0.0
S462407 146.8945 79.6301 1.807e-16 1.683e-16 1.06e-16 0.0 -54.17 0.0
S462408 146.6139 79.2103 8.603e-18 9.029e-18 7.266e-18 0.0 -53.92 0.0
S462409 146.5999 79.2243 1.808e-18 2.057e-18 1.915e-18 0.0 -53.83 0.0
S462410 146.9342 79.6526 8.432e-15 6.229e-15 2.427e-15 0.0 -54.18 0.0
S462411 146.5737 79.2261 1.3269999999999998e-22 4.411e-22 3.907e-21 0.0 -53.88 0.0
S462412 146.5809 79.273 1.861e-16 3.307e-16 7.66e-16 0.0 -53.8 0.0
S462413 146.5603 79.2508 4.675e-17 4.594e-17 3.142e-17 0.0 -53.88 0.0
S462414 146.5507 79.2422 1.334e-18 1.682e-18 1.993e-18 0.0 -53.89 0.0
S462415 146.5595 79.2946 1.086e-17 1.149e-17 8.95e-18 0.0 -53.94 1.0
S462416 146.9995 79.6337 5.383e-18 6.288e-18 6.124e-18 0.0 -54.2 0.0
S462417 146.5545 79.2834 7.894e-19 1.127e-18 1.666e-18 0.0 -53.96 0.0
S462418 147.0192 79.5731 1.829e-16 5.198e-16 3.15e-15 0.0 -54.23 0.0
S462419 146.5406 79.2841 5.037e-19 6.919e-19 9.76e-19 0.0 -53.86 0.0
S462420 147.0268 79.5887 3.342e-17 3.262e-17 2.292e-17 0.0 -54.17 0.0
S462421 146.4928 79.2873 6.855e-20 1.079e-19 1.953e-19 0.0 -53.87 0.0
S462422 146.4934 79.2936 3.364e-17 3.064e-17 1.804e-17 0.0 -53.93 0.0
S462423 147.0488 79.5349 5.594e-16 4.568e-16 2.186e-16 0.0 -54.2 0.0
S462424 147.0651 79.5236 2.9e-18 3.474e-18 3.584e-18 0.0 -54.2 0.0
S462425 147.0105 79.5048 1.2980000000000001e-20 2.325e-20 5.708000000000001e-20 0.0 -54.15 0.0
S462426 147.0546 79.5482 9.008e-15 6.287e-15 2.232e-15 0.0 -54.15 0.0
S462427 146.4741 79.3815 2.91e-16 2.916e-16 2.05e-16 0.0 -53.93 0.0
S462428 146.4907 79.3905 4.6319999999999995e-23 1.303e-22 8.116999999999999e-22 0.0 -53.95 0.0
S462429 146.4649 79.3907 3.752e-17 3.545e-17 2.282e-17 0.0 -53.9 0.0
S462430 146.4551 79.413 4.607e-16 3.77e-16 1.811e-16 0.0 -53.9 0.0
S462431 147.0661 79.4571 5.519e-19 7.5e-19 1.041e-18 0.0 -54.08 0.0
S462432 147.0765 79.442 1.547e-18 1.893e-18 2.115e-18 0.0 -54.1 0.0
S462433 147.0614 79.4422 9.033e-22 2.176e-21 9.778e-21 0.0 -54.08 0.0
S462434 147.0987 79.4059 2.722e-21 6.096e-21 2.4040000000000002e-20 0.0 -54.07 0.0
S462435 147.0516 79.411 3.879e-21 8.165e-21 2.8250000000000005e-20 0.0 -54.1 0.0
S462436 146.4516 79.4735 5.928e-16 4.738e-16 2.186e-16 0.0 -54.02 0.0
S462437 146.4366 79.4934 1.045e-17 1.066e-17 8.191e-18 0.0 -53.96 0.0
S462438 147.0451 79.3765 4.313e-17 3.975e-17 2.49e-17 0.0 -54.05 0.0
S462439 146.4746 79.5099 1.5270000000000002e-20 2.788e-20 7.015e-20 0.001 -53.96 0.0
S462440 147.1202 79.3205 1.051e-16 1.369e-16 1.729e-16 0.0 -54.08 0.0
S462441 146.4379 79.5529 4.826e-19 6.644e-19 8.865e-19 0.0 -53.96 0.0
S462442 147.0873 79.3052 2.462e-16 2.069e-16 1.034e-16 0.0 -54.13 0.0
S462443 146.4826 79.5635 2.227e-21 5.2850000000000005e-21 2.2730000000000002e-20 0.0 -53.98 0.0
S462444 146.4866 79.5779 6.03e-17 7.003e-17 7.133e-17 0.0 -54.05 0.0
S462445 146.5064 79.5823 5.919e-17 5.474e-17 3.333e-17 0.0 -54.0 0.0
S462446 146.4299 79.6288 1.017e-21 2.603e-21 1.3530000000000002e-20 0.0 -54.02 0.0
S462447 146.5149 79.6193 1.887e-17 1.968e-17 1.509e-17 0.0 -54.01 0.0
