Name Equatorial Polar BlueF GreenF RedF Parallax RadialVelocity Variable?
S422507 168.1902 83.8124 1.039e-26 7.049e-26 2.754e-24 0.0 -110.76 0.0
S422508 168.2368 83.8139 1.346e-21 2.757e-21 8.916e-21 0.0 -110.76 0.0
S422509 168.2634 83.8262 7.045e-21 1.2020000000000001e-20 2.508e-20 0.0 -111.38 0.0
S422510 168.2425 83.811 3.724e-19 4.523e-19 4.9e-19 0.0 -111.86 0.0
S422511 168.2119 83.8271 2.2620000000000002e-21 1.5410000000000001e-21 5.289999999999999e-22 0.0 -110.75 0.0
S422512 168.2254 83.8094 1.643e-18 1.813e-18 1.589e-18 0.0 -110.72 0.0
S422513 168.1922 83.8347 2.1619999999999998e-23 6.304e-23 4.1449999999999995e-22 0.0 -110.66 0.0
S422514 168.2406 83.817 5.513e-19 5.949e-19 4.851e-19 0.0 -110.97 0.0
S422515 168.2458 83.8078 3.1959999999999996e-23 7.815999999999999e-23 3.5069999999999996e-22 0.0 -111.65 0.0
S422516 168.2435 83.8142 1.84e-19 2.342e-19 2.747e-19 0.0 -111.29 0.0
S422517 168.2471 83.8191 9.285e-24 3.042e-23 2.5119999999999996e-22 0.0 -111.29 0.0
S422518 168.242 83.7972 4.261e-22 9.741e-22 3.886e-21 0.0 -111.27 0.0
S422519 168.2408 83.8173 5.738e-23 1.526e-22 8.451999999999999e-22 0.0 -110.92 0.0
S422520 168.2664 83.809 9.516999999999999e-22 2.1130000000000002e-21 7.806e-21 0.0 -111.6 0.0
S422521 168.2408 83.8123 2.679e-21 4.946e-21 1.225e-20 0.0 -110.8 0.0
S422522 168.261 83.8084 1.791e-25 8.291e-25 1.458e-23 0.0 -111.74 0.0
S422523 168.2647 83.8067 1.915e-21 1.357e-21 4.745999999999999e-22 0.0 -111.75 0.0
S422524 168.2477 83.8135 4.442e-19 5.334e-19 5.689e-19 0.0 -111.36 1.0
S422525 168.2154 83.8277 1.8920000000000002e-25 8.816e-25 1.545e-23 0.001 -110.77 0.0
S422526 168.2435 83.8062 1.539e-21 2.992e-21 8.459e-21 0.0 -111.35 0.0
S422527 168.2766 83.8074 1.573e-14 1.035e-14 3.222e-15 0.0 -111.76 0.0
S422528 168.2386 83.8157 3.26e-22 7.615e-22 3.298e-21 0.0 -110.78 0.0
S422529 168.2393 83.8099 1.044e-17 1.002e-17 6.458e-18 0.0 -111.06 0.0
S422530 168.2038 83.8185 5.963e-24 1.808e-23 1.295e-22 0.0 -110.64 0.0
S422531 168.2407 83.8099 1.893e-18 2.02e-18 1.659e-18 0.0 -110.98 0.0
S422532 168.2304 83.8157 1.082e-23 3.152e-23 2.116e-22 0.0 -110.88 0.0
S422533 168.368 83.8233 4.017e-21 7.107e-21 1.701e-20 0.0 -111.59 0.0
S422534 168.2028 83.8425 2.858e-24 1.082e-23 1.213e-22 0.0 -110.85 1.0
S422535 168.2405 83.8078 4.5660000000000004e-20 6.638e-20 1.012e-19 0.0 -110.89 0.0
S422536 168.2465 83.8006 2.2900000000000002e-20 3.457e-20 5.704e-20 0.0 -111.41 0.0
S422537 168.3049 83.7881 4.443e-20 6.331e-20 9.367000000000001e-20 0.0 -111.75 0.0
S422538 168.2386 83.8382 8.403e-19 8.933e-19 7.329e-19 0.0 -111.14 0.0
S422539 168.2182 83.8189 6.326e-23 1.7229999999999997e-22 9.895e-22 0.0 -110.78 0.0
S422540 168.226 83.8243 9.598e-19 1.082e-18 9.401e-19 0.0 -110.78 0.0
S422541 168.2603 83.801 1.6539999999999998e-22 3.809e-22 1.548e-21 0.0 -111.72 0.0
S422542 168.2764 83.8082 1.6909999999999998e-22 4.1309999999999996e-22 1.913e-21 0.0 -111.68 0.0
S422543 168.2942 83.8012 6.821e-23 1.689e-22 8.040999999999999e-22 0.0 -111.82 0.0
S422544 168.3982 83.8111 1.491e-17 1.365e-17 8.384e-18 0.0 -111.65 0.0
S422545 168.2411 83.8104 9.341999999999999e-22 2.062e-21 7.612e-21 0.0 -111.12 0.0
S422546 168.2557 83.817 1.155e-12 9.624e-13 4.814e-13 0.0 -111.67 1.0
S422547 168.2247 83.8089 2.494e-17 2.086e-17 1.052e-17 0.0 -110.87 0.0
S422548 168.2417 83.8147 9.99e-18 9.372e-18 6.122e-18 0.0 -111.08 0.0
S422549 168.2546 83.7986 1.6839999999999998e-23 4.839e-23 3.118e-22 0.0 -111.5 0.0
S422550 168.2962 83.8172 4.581999999999999e-22 9.982e-22 3.695e-21 0.0 -111.53 0.0
S422551 168.238 83.8151 1.893e-16 1.469e-16 6.161e-17 0.0 -110.8 1.0
S422552 168.2251 83.8161 4.938999999999999e-22 1.085e-21 4.025e-21 0.0 -110.74 0.0
S422553 168.2218 83.8057 8.159e-24 2.742e-23 2.554e-22 0.0 -110.83 0.0
S422554 168.2272 83.8092 4.148e-19 4.779e-19 4.768e-19 0.0 -110.76 0.0
S422555 168.2009 83.8186 7.365e-21 1.1830000000000001e-20 2.2380000000000002e-20 0.0 -110.62 0.0
S422556 168.256 83.8036 8.76e-22 1.836e-21 6.09e-21 0.0 -111.59 0.0
S422557 168.2445 83.8102 3.909e-17 5.529e-17 7.803e-17 0.0 -111.67 0.0
S422558 168.2417 83.809 1.021e-23 3.527e-23 3.311e-22 0.0 -111.69 0.0
S422559 168.2351 83.8473 2.174e-16 1.752e-16 8.348e-17 0.0 -111.13 0.0
S422560 168.1908 83.8356 2.2420000000000003e-26 1.349e-25 4.092e-24 0.0 -110.78 0.0
S422561 168.4158 83.7543 2.457e-21 4.754e-21 1.292e-20 0.0 -111.86 0.0
S422562 168.2464 83.812 2.35e-16 2.081e-16 1.201e-16 0.0 -111.65 0.0
S422563 168.2404 83.8208 9.571999999999998e-22 1.903e-21 5.738e-21 0.0 -111.1 0.0
S422564 168.2127 83.8402 1.855e-18 1.96e-18 1.574e-18 0.0 -110.92 0.0
S422565 168.2205 83.8265 1.052e-21 2.2440000000000002e-21 7.736e-21 0.0 -110.66 0.0
S422566 168.2086 83.8192 1.407e-21 3.095e-21 1.135e-20 0.0 -110.65 0.0
S422567 168.3091 83.7972 6.530999999999999e-23 1.707e-22 9.431999999999999e-22 0.0 -111.84 0.0
S422568 168.249 83.8064 3.634e-21 6.912e-21 1.95e-20 0.0 -111.63 0.0
S422569 168.2312 83.8145 2.667e-21 4.552e-21 1.0220000000000001e-20 0.0 -110.74 0.0
S422570 168.2669 83.7962 4.406e-23 1.1259999999999998e-22 5.826999999999999e-22 0.0 -111.63 0.0
S422571 168.2494 83.7946 6.265e-22 1.124e-21 2.849e-21 0.0 -111.35 0.0
S422572 168.2646 83.8053 6.868999999999999e-23 2.0389999999999997e-22 1.486e-21 0.0 -111.78 0.0
S422573 168.2079 83.8372 2.962e-21 5.959e-21 1.8160000000000003e-20 0.001 -110.86 0.0
S422574 168.2183 83.8192 2.0359999999999998e-22 5.077e-22 2.474e-21 0.0 -110.68 0.0
S422575 168.3331 83.7938 2.5239999999999998e-23 7.031e-23 4.400999999999999e-22 0.0 -111.87 0.0
S422576 168.3008 83.7888 1.117e-19 1.571e-19 2.319e-19 0.0 -111.8 0.0
S422577 168.2423 83.8139 9.066999999999998e-22 1.725e-21 4.796e-21 0.0 -111.18 0.0
S422578 168.2541 83.8051 2.3570000000000003e-26 1.395e-25 4.082e-24 0.0 -111.54 0.0
S422579 168.2067 83.8332 5.975e-18 5.487e-18 3.363e-18 0.0 -110.75 0.0
S422580 168.2392 83.8133 2.114e-21 4.029e-21 1.1520000000000001e-20 0.0 -111.1 0.0
S422581 168.2388 83.8181 3.165e-23 7.625999999999999e-23 3.4119999999999997e-22 0.0 -111.07 0.0
S422582 168.2267 83.8183 2.042e-18 1.904e-18 1.17e-18 0.0 -110.74 0.0
S422583 168.2392 83.8167 5.595e-22 1.203e-21 4.365e-21 0.0 -111.1 0.0
S422584 168.2417 83.8124 2.841e-23 7.754e-23 4.463999999999999e-22 0.0 -110.85 0.0
S422585 168.2287 83.8133 2.298e-21 1.572e-21 5.369999999999999e-22 0.0 -110.87 0.0
S422586 168.2425 83.7959 5.0360000000000003e-20 7.364000000000001e-20 1.185e-19 0.0 -111.27 0.0
S422587 168.2486 83.8125 6.486e-24 2.007e-23 1.4539999999999999e-22 0.0 -111.57 0.0
S422588 168.2884 83.7904 5.77e-25 2.519e-24 3.883e-23 0.0 -111.76 0.0
S422589 168.2608 83.8107 6.223e-23 1.633e-22 8.464999999999999e-22 0.0 -111.71 0.0
S422590 168.3792 83.7886 1.0339999999999998e-22 2.7709999999999995e-22 1.54e-21 0.001 -111.86 0.0
S422591 168.217 83.8241 1.204e-17 1.078e-17 5.943e-18 0.0 -110.62 0.0
S422592 168.2436 83.8176 7.891000000000001e-20 1.151e-19 1.752e-19 0.0 -111.5 0.0
S422593 168.2905 83.8023 8.645e-19 1.049e-18 1.115e-18 0.0 -111.74 0.0
S422594 168.22 83.8211 3.093e-23 9.407e-23 6.919e-22 0.0 -110.66 0.0
S422595 168.243 83.805 8.869e-23 2.1629999999999996e-22 9.965999999999999e-22 0.0 -111.28 0.0
S422596 168.2183 83.8176 6.535e-13 5.042e-13 2.187e-13 0.0 -110.68 1.0
S422597 168.2418 83.8147 4.5160000000000005e-20 6.447000000000001e-20 9.613e-20 0.0 -111.05 0.0
S422598 168.2853 83.7843 5.957e-20 8.348e-20 1.173e-19 0.0 -111.62 0.0
S422599 168.3549 83.7594 1.427e-16 1.37e-16 8.84e-17 0.0 -111.78 0.0
S422600 168.2607 83.8136 2.168e-21 4.097e-21 1.109e-20 0.0 -111.63 0.0
S422601 168.2499 83.8108 2.33e-21 1.616e-21 5.4449999999999995e-22 0.0 -111.62 0.0
S422602 168.2141 83.8297 2.206e-24 8.079999999999999e-24 8.592999999999999e-23 0.0 -110.73 0.0
S422603 168.2045 83.8286 3.981e-23 1.1929999999999998e-22 8.419e-22 0.0 -110.69 0.0
S422604 168.2687 83.8075 1.289e-21 2.7370000000000002e-21 9.604e-21 0.0 -111.69 0.0
S422605 168.218 83.8386 2.684e-23 6.775e-23 3.3669999999999996e-22 0.0 -110.99 0.0
S422606 168.2383 83.7951 1.9069999999999999e-22 4.634e-22 2.144e-21 0.0 -111.24 0.0
S422607 168.2471 83.8043 3.4260000000000005e-20 5.107e-20 8.467e-20 0.0 -111.42 0.0
S422608 168.1934 83.8069 5.164e-21 9.109e-21 2.174e-20 0.0 -110.75 0.0
S422609 168.1624 83.8474 3.148e-24 1.173e-23 1.281e-22 0.0 -110.64 0.0
S422610 168.2478 83.8077 4.2289999999999996e-22 8.561e-22 2.598e-21 0.0 -111.45 0.0
S422611 168.1922 83.8177 7.213e-20 1.003e-19 1.437e-19 0.0 -110.6 0.0
S422612 168.3312 83.7625 3.153e-18 3.191e-18 2.328e-18 0.0 -111.75 0.0
S422613 168.2443 83.8093 2.413e-19 2.957e-19 3.202e-19 0.0 -111.35 0.0
S422614 168.2444 83.808 2.296e-23 5.634e-23 2.6159999999999996e-22 0.0 -111.64 0.0
S422615 168.2072 83.8516 4.467e-24 1.3949999999999998e-23 1.091e-22 0.0 -110.98 0.0
S422616 168.2905 83.8178 4.943e-21 9.222e-21 2.4490000000000002e-20 0.0 -111.61 0.0
S422617 168.1929 83.8005 1.279e-17 1.492e-17 1.475e-17 0.0 -110.87 0.0
S422618 168.2256 83.8195 1.425e-22 3.29e-22 1.326e-21 0.0 -110.77 0.0
S422619 168.2419 83.8096 1.176e-21 2.663e-21 1.011e-20 0.0 -111.24 0.0
S422620 168.2327 83.8062 3.966e-19 4.603e-19 4.659e-19 0.0 -110.75 0.0
S422621 168.2195 83.8078 2.078e-23 5.396e-23 2.919e-22 0.0 -110.94 0.0
S422622 168.2347 83.8126 3.176e-24 1.0329999999999999e-23 8.422999999999999e-23 0.0 -111.03 0.0
S422623 168.1187 83.8404 7.264e-17 9.633e-17 1.239e-16 0.0 -110.57 0.0
S422624 168.2746 83.8031 6.996e-24 2.044e-23 1.396e-22 0.0 -111.81 0.0
S422625 168.1862 83.8165 1.667e-23 4.556e-23 2.613e-22 0.0 -110.73 0.0
S422626 168.2188 83.8241 5.425999999999999e-22 1.276e-21 5.3e-21 0.0 -110.7 0.0
S422627 168.253 83.8214 3.7899999999999996e-22 8.029999999999999e-22 2.713e-21 0.0 -111.35 0.0
S422628 168.2886 83.7939 1.295e-22 2.865e-22 1.037e-21 0.0 -111.82 0.0
S422629 168.3221 83.7876 2.8459999999999996e-22 6.194e-22 2.318e-21 0.0 -111.88 0.0
S422630 168.223 83.8167 9.01e-24 2.818e-23 2.191e-22 0.001 -110.68 0.0
S422631 168.2254 83.8192 1.392e-23 3.847e-23 2.2589999999999996e-22 0.0 -110.76 0.0
S422632 168.1922 83.8201 2.9230000000000004e-20 4.699e-20 9.129e-20 0.0 -110.63 0.0
S422633 168.3264 83.8054 3.084e-20 4.6360000000000003e-20 7.707e-20 0.0 -111.75 0.0
S422634 168.2249 83.811 4.0270000000000004e-20 5.957e-20 9.557e-20 0.0 -110.83 0.0
S422635 168.1539 83.8353 4.592e-21 8.05e-21 1.8610000000000003e-20 0.0 -110.55 0.0
S422636 168.3013 83.8274 1.95e-25 8.740000000000001e-25 1.4729999999999998e-23 0.0 -111.49 0.0
S422637 168.2427 83.7857 3.913e-21 7.54e-21 2.06e-20 0.0 -111.27 0.0
S422638 168.2734 83.8041 9.251e-24 3.305e-23 3.4429999999999997e-22 0.0 -111.82 0.0
S422639 168.2383 83.8174 2.9030000000000003e-20 4.3560000000000006e-20 7.391e-20 0.0 -110.98 0.0
S422640 168.3433 83.782 1.3150000000000001e-21 2.726e-21 9.152e-21 0.0 -111.88 0.0
S422641 168.2023 83.8594 1.07e-19 1.42e-19 1.835e-19 0.0 -111.01 0.0
S422642 168.2137 83.8124 5.704e-20 8.084000000000001e-20 1.149e-19 0.0 -110.72 0.0
S422643 168.2486 83.8108 2.9299999999999997e-22 6.4849999999999995e-22 2.4280000000000002e-21 0.0 -111.48 0.0
S422644 168.2166 83.8093 1.1519999999999998e-22 2.8029999999999997e-22 1.274e-21 0.0 -110.87 0.0
S422645 168.2011 83.8115 3.7759999999999997e-22 8.507999999999999e-22 3.364e-21 0.0 -110.82 0.0
S422646 168.2464 83.81 2.512e-19 3.284e-19 4.202e-19 0.0 -111.55 0.0
S422647 168.2318 83.7895 1.8569999999999997e-22 4.475999999999999e-22 2.0000000000000002e-21 0.0 -111.18 0.0
S422648 168.2432 83.8127 1.594e-19 2.127e-19 2.789e-19 0.0 -111.49 0.0
S422649 168.2271 83.8221 1.063e-19 1.476e-19 2.111e-19 0.0 -110.92 0.0
S422650 168.163 83.812 2.403e-19 2.878e-19 3.129e-19 0.0 -110.7 0.0
S422651 168.2437 83.8336 5.867e-23 1.4749999999999998e-22 7.061999999999999e-22 0.0 -111.16 0.0
S422652 168.2369 83.8059 8.134e-21 1.439e-20 3.347e-20 0.0 -111.11 0.0
S422653 168.268 83.7979 3.069e-24 1.021e-23 8.753e-23 0.0 -111.81 1.0
S422654 168.2416 83.8092 1.949e-18 2.061e-18 1.742e-18 0.0 -111.56 0.0
S422655 168.2536 83.7992 5.028e-23 1.3759999999999999e-22 7.825e-22 0.0 -111.38 0.0
S422656 168.2429 83.8152 3.061e-17 4.246e-17 6.243e-17 0.001 -111.23 0.0
S422657 168.2388 83.8093 4.903e-17 4.042e-17 2.031e-17 0.0 -111.17 0.0
S422658 168.2796 83.7865 2.3729999999999998e-23 6.838e-23 4.344999999999999e-22 0.0 -111.66 0.0
S422659 168.2482 83.798 1.847e-21 3.772e-21 1.1550000000000001e-20 0.0 -111.33 0.0
S422660 168.2714 83.8024 5.128e-23 1.24e-22 5.571e-22 0.0 -111.81 0.0
S422661 168.2235 83.8096 9.599e-24 3.1309999999999996e-23 2.539e-22 0.0 -110.82 0.0
S422662 168.2459 83.8144 3.607e-18 3.795e-18 2.975e-18 0.0 -111.4 0.0
S422663 168.1779 83.8257 3.623e-23 8.757999999999999e-23 3.9179999999999997e-22 0.0 -110.56 0.0
S422664 168.227 83.8199 2.003e-17 1.726e-17 9.314e-18 0.0 -110.85 0.0
S422665 168.4886 83.7638 4.262e-17 5.998e-17 8.48e-17 0.0 -111.84 0.0
S422666 168.2491 83.8009 9.896e-24 2.983e-23 2.071e-22 0.0 -111.51 0.0
S422667 168.2494 83.8178 1.645e-22 3.9749999999999996e-22 1.8040000000000002e-21 0.0 -111.54 0.0
S422668 168.2645 83.822 3.392e-21 6.456e-21 1.712e-20 0.001 -111.43 0.0
S422669 168.231 83.8128 5.167e-23 1.281e-22 6.042e-22 0.0 -110.82 0.0
S422670 168.2518 83.801 7.468e-19 8.8e-19 8.774e-19 0.0 -111.51 0.0
S422671 168.2279 83.8127 5.823e-22 1.367e-21 5.592e-21 0.0 -110.84 0.0
S422672 168.2181 83.8195 2.481e-23 6.971e-23 4.289e-22 0.0 -110.64 0.0
S422673 168.2926 83.7855 5.481999999999999e-23 1.3559999999999998e-22 6.487e-22 0.0 -111.78 0.0
S422674 168.2351 83.8168 3.1240000000000005e-26 1.711e-25 4.343e-24 0.0 -110.79 0.0
S422675 168.2714 83.7907 2.6540000000000002e-21 4.838e-21 1.2640000000000001e-20 0.0 -111.6 0.0
S422676 168.337 83.7751 1.105e-24 3.996e-24 4.16e-23 0.0 -111.85 0.0
S422677 168.2386 83.8123 8.535e-19 9.892e-19 9.808e-19 0.0 -111.02 0.0
S422678 168.2824 83.8029 1.5260000000000001e-21 2.812e-21 7.47e-21 0.0 -111.85 0.0
S422679 168.2397 83.8105 3.771e-22 8.91e-22 3.987e-21 0.0 -110.88 0.0
S422680 168.2336 83.8113 2.2299999999999996e-22 4.867e-22 1.777e-21 0.0 -110.86 0.0
S422681 168.2447 83.8029 2.136e-18 2.223e-18 1.718e-18 0.0 -111.61 0.0
S422682 168.2396 83.8167 1.0180000000000001e-21 2.017e-21 5.934e-21 0.0 -110.95 0.0
S422683 168.2292 83.807 3.379e-18 3.365e-18 2.422e-18 0.0 -110.87 0.0
S422684 168.2418 83.8115 2.518e-21 1.689e-21 5.515999999999999e-22 0.0 -111.22 0.0
S422685 168.194 83.8552 3.62e-17 4.861e-17 6.245e-17 0.0 -110.92 0.0
S422686 168.2071 83.8086 3.6460000000000002e-25 1.598e-24 2.527e-23 0.0 -110.73 0.0
S422687 168.2717 83.7932 1.246e-17 1.244e-17 8.561e-18 0.0 -111.68 0.0
S422688 168.2826 83.8036 5.251e-19 6.169e-19 6.291e-19 0.0 -111.8 0.0
S422689 168.2287 83.8112 6.56e-23 1.5209999999999999e-22 6.281e-22 0.0 -110.93 0.0
S422690 168.2773 83.7985 5.111999999999999e-22 1.146e-21 4.4170000000000004e-21 0.0 -111.84 0.0
S422691 168.282 83.7978 3.153e-18 3.221e-18 2.374e-18 0.0 -111.72 0.0
S422692 168.2413 83.8145 1.209e-16 1.307e-16 1.108e-16 0.0 -111.17 0.0
S422693 168.2515 83.8115 1.451e-23 4.267e-23 2.904e-22 0.0 -111.43 0.0
S422694 168.093 83.8169 5.606999999999999e-22 1.141e-21 3.693e-21 0.0 -110.73 0.0
S422695 168.2429 83.8098 4.203e-20 6.35e-20 1.059e-19 0.0 -111.74 0.0
S422696 168.2735 83.7978 2.877e-23 8.228e-23 5.215999999999999e-22 0.0 -111.81 0.0
S422697 168.2266 83.8109 1.311e-22 3.1509999999999996e-22 1.376e-21 0.0 -111.01 0.0
S422698 168.2456 83.819 6.704e-19 7.592e-19 7.109e-19 0.0 -111.49 0.0
S422699 168.2431 83.8031 6.617999999999999e-22 1.379e-21 4.657e-21 0.0 -111.62 0.0
S422700 168.2462 83.8097 2.0819999999999998e-23 5.724e-23 3.4099999999999995e-22 0.0 -111.45 0.0
S422701 168.2996 83.8022 2.725e-21 5.36e-21 1.553e-20 0.0 -111.86 0.0
S422702 168.0968 83.8033 4.566e-25 2.024e-24 3.1829999999999996e-23 0.0 -110.8 0.0
S422703 168.2323 83.8176 4.252e-27 2.8850000000000004e-26 1.154e-24 0.0 -110.78 0.0
S422704 168.1813 83.8033 1.979e-19 2.464e-19 2.785e-19 0.0 -110.86 0.0
S422705 168.2508 83.7617 3.8579999999999997e-22 8.584e-22 3.162e-21 0.0 -111.28 0.0
S422706 168.2144 83.8216 3.0110000000000002e-21 5.301e-21 1.2280000000000001e-20 0.001 -110.6 0.0
S422707 168.2413 83.8174 6.869e-19 7.869e-19 7.533e-19 0.0 -111.14 0.0
S422708 168.2442 83.8102 1.5119999999999998e-22 3.9529999999999996e-22 2.086e-21 0.0 -111.39 0.0
S422709 168.2291 83.8163 1.811e-22 4.654999999999999e-22 2.4640000000000002e-21 0.0 -110.89 0.0
S422710 168.2816 83.797 3.718e-20 5.688e-20 9.680000000000001e-20 0.0 -111.71 0.0
S422711 168.2327 83.8089 1.013e-25 5.2e-25 1.1549999999999999e-23 0.0 -111.01 0.0
S422712 168.2068 83.8115 5.65e-21 1.0050000000000001e-20 2.398e-20 0.0 -110.8 0.0
S422713 168.3018 83.8255 1.8760000000000002e-20 2.9430000000000004e-20 5.551e-20 0.0 -111.46 0.0
S422714 168.2395 83.8116 2.842e-18 2.944e-18 2.38e-18 0.0 -110.71 0.0
S422715 168.2507 83.8162 7.238999999999999e-22 1.635e-21 6.4020000000000004e-21 0.0 -111.34 0.0
S422716 168.2607 83.8212 7.902e-24 2.306e-23 1.5759999999999998e-22 0.0 -111.43 0.0
S422717 168.2374 83.8043 4.823e-19 5.482e-19 5.152e-19 0.001 -110.89 0.0
S422718 168.2405 83.8129 5.039e-21 8.903e-21 2.16e-20 0.0 -110.94 0.0
S422719 168.2885 83.8144 3.3159999999999996e-23 9.254e-23 5.568e-22 0.0 -111.61 0.0
S422720 168.1973 83.8183 1.761e-17 1.575e-17 9.139e-18 0.0 -110.58 1.0
S422721 168.2946 83.8051 4.473e-22 9.858e-22 3.676e-21 0.0 -111.78 0.0
S422722 168.2569 83.8071 3.2370000000000002e-21 5.975e-21 1.504e-20 0.0 -111.66 0.0
S422723 168.26 83.7973 2.104e-19 2.78e-19 3.599e-19 0.0 -111.6 0.0
S422724 168.3581 83.7645 3.637e-18 3.669e-18 2.772e-18 0.0 -111.84 0.0
S422725 168.2459 83.8042 1.419e-19 1.899e-19 2.513e-19 0.0 -111.64 0.0
S422726 168.2401 83.8167 4.995e-23 1.217e-22 5.655e-22 0.0 -110.81 0.0
S422727 168.2671 83.8176 1.7249999999999999e-22 4.3009999999999995e-22 2.09e-21 0.0 -111.43 0.0
S422728 168.2505 83.8059 1.505e-17 1.38e-17 8.459e-18 0.0 -111.64 0.0
S422729 168.1325 83.8201 4.866e-19 5.705e-19 5.554e-19 0.0 -110.63 0.0
S422730 168.2749 83.8032 1.2939999999999998e-22 3.3139999999999996e-22 1.705e-21 0.0 -111.83 0.0
S422731 168.2527 83.8045 3.1569999999999995e-22 7.3919999999999995e-22 3.185e-21 0.0 -111.61 0.0
S422732 168.3265 83.8119 7.098000000000001e-20 1.007e-19 1.445e-19 0.0 -111.73 0.0
S422733 168.2686 83.8062 2.008e-21 1.38e-21 4.834999999999999e-22 0.0 -111.67 0.0
S422734 168.2259 83.8313 8.385999999999999e-22 1.94e-21 8.007e-21 0.0 -111.03 0.0
S422735 168.2424 83.8151 1.266e-19 1.727e-19 2.363e-19 0.0 -111.19 0.0
S422736 168.2453 83.8104 9.945e-22 2.079e-21 7.240000000000001e-21 0.0 -111.6 0.0
S422737 168.2291 83.8125 1.745e-22 4.353e-22 2.09e-21 0.0 -110.78 0.0
S422738 168.2806 83.8014 9.3e-22 1.955e-21 6.3420000000000004e-21 0.0 -111.83 0.0
S422739 168.2546 83.8116 2.0259999999999999e-22 5.032e-22 2.343e-21 0.0 -111.67 0.0
S422740 168.2785 83.8108 5.024e-24 1.5539999999999998e-23 1.196e-22 0.0 -111.65 0.0
S422741 168.2496 83.8063 9.963e-25 3.56e-24 3.675e-23 0.0 -111.62 0.0
S422742 168.2706 83.8016 3.979e-22 8.682999999999998e-22 3.14e-21 0.0 -111.81 0.0
S422743 168.1808 83.8174 1.069e-13 6.94e-14 2.133e-14 0.0 -110.56 0.0
S422744 168.249 83.8112 1.9159999999999997e-22 4.933e-22 2.435e-21 0.0 -111.4 0.0
S422745 168.243 83.8165 2.971e-24 1.169e-23 1.504e-22 0.0 -110.97 0.0
S422746 168.1731 83.8116 1.105e-21 2.261e-21 7.2e-21 0.0 -110.67 0.0
S422747 168.264 83.8179 1.484e-18 1.607e-18 1.404e-18 0.0 -111.6 0.0
S422748 168.2852 83.8066 9.372e-20 1.29e-19 1.871e-19 0.0 -111.77 0.0
S422749 168.2251 83.8238 6.586000000000001e-25 2.6719999999999998e-24 3.694e-23 0.0 -110.89 0.0
S422750 168.262 83.8316 2.36e-21 4.222e-21 1.0330000000000001e-20 0.0 -111.31 0.0
S422751 168.3304 83.7953 5.744e-19 6.744e-19 6.904e-19 0.0 -111.86 0.0
S422752 168.2542 83.8237 8.448e-26 4.029e-25 7.729e-24 0.0 -111.33 0.0
S422753 168.2417 83.8106 4.429e-24 1.5769999999999998e-23 1.6009999999999998e-22 0.0 -111.23 0.0
S422754 168.2695 83.8257 3.745e-17 3.039e-17 1.405e-17 0.0 -111.44 0.0
S422755 168.2434 83.8049 3.576e-18 3.435e-18 2.283e-18 0.0 -111.59 0.0
S422756 168.2381 83.8334 1.094e-20 1.8340000000000002e-20 3.7850000000000005e-20 0.0 -111.12 0.0
S422757 168.2123 83.818 4.406e-22 9.429999999999999e-22 3.216e-21 0.0 -110.7 0.0
S422758 168.1519 83.825 3.545e-19 4.406e-19 4.818e-19 0.0 -110.62 0.0
S422759 168.2223 83.8241 6.135e-20 9.045e-20 1.424e-19 0.0 -110.71 0.0
S422760 168.3208 83.7967 4.522e-18 4.404e-18 2.995e-18 0.0 -111.84 0.0
S422761 168.2413 83.8143 1.8170000000000002e-20 3.078e-20 6.557000000000001e-20 0.0 -110.74 0.0
S422762 168.2706 83.7939 9.727e-19 1.117e-18 1.05e-18 0.0 -111.72 0.0
S422763 168.2026 83.827 1.143e-19 1.595e-19 2.296e-19 0.0 -110.6 0.0
S422764 168.197 83.8154 6.47e-18 6.354e-18 4.579e-18 0.0 -110.67 0.0
S422765 168.2779 83.7761 4.388e-18 4.444e-18 3.253e-18 0.0 -111.5 0.0
S422766 168.1972 83.8203 2.014e-19 2.478e-19 2.768e-19 0.0 -110.62 0.0
S422767 168.2472 83.8258 2.1879999999999998e-23 6.543e-23 4.546e-22 0.0 -111.22 0.0
S422768 168.2425 83.8147 4.898e-22 1.017e-21 3.4e-21 0.0 -111.21 0.0
S422769 168.2592 83.7999 1.71e-17 1.586e-17 1.008e-17 0.0 -111.68 0.0
S422770 168.2408 83.8117 1.42e-23 4.104e-23 2.636e-22 0.0 -111.04 0.0
S422771 168.2287 83.8138 1.537e-18 1.807e-18 1.792e-18 0.0 -110.79 0.0
S422772 168.2111 83.8111 1.022e-21 2.224e-21 7.813e-21 0.0 -110.68 0.0
S422773 168.2506 83.816 3.1749999999999997e-22 8.333999999999999e-22 4.446e-21 0.0 -111.32 0.0
S422774 168.2537 83.8019 3.0919999999999996e-23 8.876999999999999e-23 5.558999999999999e-22 0.0 -111.62 0.0
S422775 168.2233 83.8183 6.697e-17 7.815e-17 7.803e-17 0.0 -110.74 0.0
S422776 168.2329 83.8099 5.135e-20 7.734000000000001e-20 1.283e-19 0.0 -110.82 0.0
S422777 168.1828 83.8371 5.139e-24 1.688e-23 1.488e-22 0.0 -110.72 0.0
S422778 168.2638 83.8106 1.536e-18 1.611e-18 1.236e-18 0.0 -111.6 0.0
S422779 168.2456 83.8029 8.803e-21 1.598e-20 3.859e-20 0.0 -111.36 0.0
S422780 168.207 83.8087 1.622e-18 1.748e-18 1.511e-18 0.0 -110.82 0.0
S422781 168.2405 83.8102 2.084e-17 2.686e-17 3.416e-17 0.0 -111.13 0.0
S422782 168.2974 83.786 1.463e-19 1.94e-19 2.525e-19 0.0 -111.8 0.0
S422783 168.2503 83.8148 5.365999999999999e-22 1.198e-21 4.53e-21 0.0 -111.45 0.0
S422784 168.2494 83.8085 1.058e-19 1.472e-19 2.152e-19 0.0 -111.49 0.0
S422785 168.2477 83.7939 7.443e-13 5.242e-13 1.883e-13 0.0 -111.35 0.0
S422786 168.2396 83.8223 6.654e-20 9.372e-20 1.327e-19 0.0 -111.13 0.0
S422787 168.3155 83.7823 3.821e-23 1.0629999999999998e-22 6.6929999999999995e-22 0.0 -111.87 0.0
S422788 168.239 83.8145 2.2080000000000002e-21 1.527e-21 5.268e-22 0.0 -110.98 0.0
S422789 168.245 83.8173 1.766e-20 2.966e-20 6.363000000000001e-20 0.0 -111.59 1.0
S422790 168.2411 83.8087 2.283e-18 2.484e-18 2.109e-18 0.0 -111.52 0.0
S422791 168.4088 83.7649 3.164e-24 1.048e-23 9.236e-23 0.0 -111.87 0.0
S422792 168.1852 83.8303 1.259e-19 1.809e-19 2.727e-19 0.0 -110.63 0.0
S422793 168.254 83.8209 4.254e-18 4.299e-18 3.249e-18 0.0 -111.45 0.0
S422794 168.2332 83.8018 1.896e-21 3.7150000000000004e-21 1.073e-20 0.0 -111.11 0.0
S422795 168.2139 83.8532 6.244e-23 1.671e-22 9.160999999999999e-22 0.0 -111.02 0.0
S422796 168.2455 83.7999 2.703e-18 2.906e-18 2.446e-18 0.0 -111.39 0.0
S422797 168.1938 83.8357 7.845e-24 2.5959999999999998e-23 2.2319999999999997e-22 0.0 -110.71 0.0
S422798 168.2506 83.8104 2.426e-25 1.044e-24 1.5539999999999998e-23 0.0 -111.6 0.0
S422799 168.2695 83.8085 1.193e-24 4.326e-24 4.5539999999999995e-23 0.0 -111.79 0.0
S422800 168.2144 83.8221 4.2689999999999997e-23 1.0219999999999999e-22 4.631e-22 0.0 -110.6 0.0
S422801 168.2409 83.8097 3.6489999999999996e-22 7.893999999999999e-22 2.79e-21 0.0 -111.04 0.0
S422802 168.3243 83.8022 5.088e-18 4.858e-18 3.169e-18 0.0 -111.85 0.0
S422803 168.2888 83.7863 3.014e-21 5.669e-21 1.504e-20 0.0 -111.85 0.0
S422804 168.2372 83.8127 4.863999999999999e-22 1.0060000000000001e-21 3.161e-21 0.0 -111.1 0.0
S422805 168.2546 83.8062 8.633e-17 8.726e-17 6.166e-17 0.0 -111.54 0.0
S422806 168.2837 83.8005 5.68e-24 2.044e-23 2.1729999999999998e-22 0.0 -111.81 0.0
S422807 168.2568 83.8038 5.666e-23 1.307e-22 5.405e-22 0.0 -111.68 0.0
S422808 168.2319 83.8081 9.006999999999999e-23 2.3419999999999996e-22 1.225e-21 0.0 -110.76 0.0
S422809 168.2605 83.8085 1.757e-19 2.364e-19 3.265e-19 0.0 -111.65 0.0
S422810 168.2399 83.8152 4.166e-21 7.107e-21 1.552e-20 0.0 -111.09 0.0
S422811 168.2329 83.817 2.101e-23 6.289e-23 4.562e-22 0.0 -110.78 0.0
S422812 168.1882 83.8265 2.164e-21 3.979e-21 9.952e-21 0.0 -110.6 0.0
S422813 168.2081 83.8043 2.708e-17 3.028e-17 2.684e-17 0.0 -110.89 0.0
S422814 168.2408 83.807 2.174e-21 4.403e-21 1.4090000000000003e-20 0.0 -111.23 0.0
S422815 168.2796 83.7904 2.122e-19 2.687e-19 3.2e-19 0.0 -111.83 0.0
S422816 168.2503 83.814 4.2070000000000004e-20 6.458e-20 1.133e-19 0.0 -111.47 0.0
S422817 168.2699 83.8192 4.325e-22 8.203999999999999e-22 2.272e-21 0.0 -111.55 0.0
S422818 168.2517 83.8108 4.339e-22 9.986999999999998e-22 4.013e-21 0.0 -111.67 0.0
S422819 168.2413 83.8112 1.539e-20 2.5700000000000002e-20 5.3260000000000003e-20 0.0 -111.19 0.0
S422820 168.2415 83.806 4.956e-22 1.056e-21 3.614e-21 0.0 -111.26 0.0
S422821 168.2748 83.8103 1.7540000000000003e-20 2.793e-20 5.2690000000000005e-20 0.0 -111.79 0.0
S422822 168.2412 83.805 2.4650000000000003e-20 3.6470000000000005e-20 6.065e-20 0.0 -111.25 0.0
S422823 168.2557 83.8168 2.0319999999999998e-22 4.712999999999999e-22 1.937e-21 0.0 -111.43 0.0
S422824 168.24 83.8078 2.9570000000000004e-20 4.733e-20 9.186000000000001e-20 0.0 -110.78 0.0
S422825 168.2344 83.8148 1.4419999999999998e-22 3.362e-22 1.456e-21 0.0 -110.96 0.0
S422826 168.2152 83.8236 4.0429999999999996e-22 9.413e-22 3.83e-21 0.0 -110.77 0.0
S422827 168.2544 83.806 3.429e-20 4.8610000000000006e-20 7.492e-20 0.0 -111.66 0.0
S422828 168.2118 83.8152 2.831e-24 1.0329999999999999e-23 1.109e-22 0.0 -110.64 0.0
S422829 168.2255 83.8176 2.983e-21 5.79e-21 1.719e-20 0.0 -110.78 0.0
S422830 168.2395 83.8133 9.485e-23 2.4399999999999997e-22 1.257e-21 0.0 -111.14 0.0
S422831 168.2241 83.8109 1.5509999999999998e-23 5.481999999999999e-23 5.366999999999999e-22 0.0 -110.75 0.0
S422832 168.2367 83.8138 5.041e-23 1.222e-22 5.567e-22 0.0 -110.88 0.0
S422833 168.2391 83.8206 4.612e-21 8.519e-21 2.149e-20 0.0 -111.09 0.0
S422834 168.2268 83.8296 5.723999999999999e-22 1.218e-21 4.263e-21 0.0 -110.99 0.0
S422835 168.1832 83.7967 1.383e-23 4.2389999999999996e-23 3.081e-22 0.0 -110.92 0.0
S422836 168.2457 83.8104 1.585e-21 1.15e-21 4.1969999999999995e-22 0.0 -111.43 0.0
S422837 168.2436 83.8064 1.213e-22 3.2129999999999998e-22 1.692e-21 0.0 -111.32 0.0
S422838 168.2456 83.8449 2.8839999999999996e-23 8.331e-23 5.272e-22 0.0 -111.19 0.0
S422839 168.201 83.8352 2.3619999999999999e-23 7.102e-23 5.032e-22 0.0 -110.84 0.0
S422840 168.2529 83.8241 1.7030000000000002e-20 2.814e-20 5.748000000000001e-20 0.0 -111.26 0.0
S422841 168.3167 83.7974 5.983e-23 1.5089999999999998e-22 7.329999999999999e-22 0.0 -111.88 0.0
S422842 168.1661 83.8049 1.232e-20 2.022e-20 4.1370000000000005e-20 0.0 -110.83 0.0
S422843 168.2603 83.8077 5.249e-24 1.636e-23 1.292e-22 0.0 -111.73 0.0
S422844 168.2301 83.8077 2.3779999999999996e-22 5.037e-22 1.77e-21 0.0 -111.05 0.0
S422845 168.2447 83.8112 9.991e-24 2.8029999999999997e-23 1.7269999999999997e-22 0.0 -111.64 0.0
S422846 168.2289 83.8137 1.2829999999999999e-22 3.5389999999999997e-22 2.112e-21 0.0 -110.74 0.0
S422847 168.2889 83.7855 6.626e-18 6.594e-18 4.703e-18 0.0 -111.67 0.0
S422848 168.2826 83.8041 6.036e-21 1.118e-20 2.8470000000000004e-20 0.0 -111.85 0.0
S422849 168.2061 83.8073 9.557e-23 2.458e-22 1.273e-21 0.0 -110.78 0.0
S422850 168.2626 83.823 3.848e-21 7.42e-21 2.0550000000000002e-20 0.0 -111.42 0.0
S422851 168.1682 83.8282 1.1980000000000001e-20 2.07e-20 4.547e-20 0.0 -110.55 0.0
S422852 168.1473 83.8169 5.2910000000000004e-20 7.937000000000001e-20 1.319e-19 0.0 -110.68 0.0
S422853 168.251 83.8054 1.3550000000000001e-20 2.143e-20 3.932e-20 0.0 -111.59 0.0
S422854 168.2604 83.8155 8.015e-23 2.2159999999999997e-22 1.341e-21 0.0 -111.47 0.0
S422855 168.2588 83.8154 1.1070000000000001e-21 2.218e-21 6.614e-21 0.0 -111.53 0.0
S422856 168.2151 83.8154 1.6719999999999998e-22 4.1519999999999995e-22 1.97e-21 0.0 -110.64 0.0
S422857 168.2784 83.7875 2.798e-22 6.59e-22 2.806e-21 0.0 -111.55 0.0
S422858 168.3056 83.7741 2.815e-18 2.895e-18 2.283e-18 0.0 -111.78 0.0
S422859 168.2404 83.7965 1.631e-19 2.216e-19 2.987e-19 0.0 -111.27 0.0
S422860 168.2414 83.813 8.662e-17 8.094e-17 4.957e-17 0.0 -111.14 0.0
S422861 168.2459 83.806 3.518e-17 3.267e-17 2.046e-17 0.0 -111.31 0.0
S422862 168.2281 83.8156 2.809e-21 5.494e-21 1.5540000000000003e-20 0.0 -110.81 0.0
S422863 168.2499 83.7982 4.253e-18 4.252e-18 3.142e-18 0.0 -111.32 0.0
S422864 168.2335 83.8205 2.6310000000000003e-20 3.967e-20 6.714000000000001e-20 0.0 -111.03 0.0
S422865 168.2424 83.8145 2.142e-21 1.4550000000000001e-21 5.041999999999999e-22 0.0 -111.01 0.0
S422866 168.2452 83.809 2.0839999999999998e-23 6.267999999999999e-23 4.333e-22 0.0 -111.65 0.0
S422867 168.2281 83.8117 5.905e-25 2.477e-24 3.478e-23 0.0 -110.74 0.0
S422868 168.2484 83.8108 1.725e-20 2.9770000000000005e-20 6.557000000000001e-20 0.0 -111.65 0.0
S422869 168.2769 83.7944 7.915e-22 1.5620000000000001e-21 4.534e-21 0.0 -111.78 0.0
S422870 168.1781 83.8422 8.306e-25 3.087e-24 3.4789999999999997e-23 0.0 -110.72 0.0
S422871 168.2711 83.8092 1.736e-21 1.213e-21 4.433999999999999e-22 0.001 -111.8 0.0
S422872 168.2359 83.8139 6.007e-18 5.904e-18 4.109e-18 0.0 -111.03 0.0
S422873 168.2274 83.828 7.592e-24 2.569e-23 2.3479999999999996e-22 0.0 -110.79 0.0
S422874 168.2245 83.8176 1.1529999999999999e-22 2.882e-22 1.388e-21 0.0 -110.75 0.0
S422875 168.2685 83.8054 6.619e-20 9.309e-20 1.349e-19 0.0 -111.69 0.0
S422876 168.2239 83.828 1.28e-17 1.14e-17 6.758e-18 0.0 -110.64 0.0
S422877 168.2424 83.8271 2.032e-21 3.983e-21 1.1840000000000002e-20 0.0 -110.71 0.0
S422878 168.2391 83.8352 2.865e-14 1.874e-14 5.876e-15 0.0 -111.07 0.0
S422879 168.2339 83.809 6.751e-21 1.2120000000000001e-20 2.836e-20 0.0 -110.78 0.0
S422880 168.2352 83.7944 1.75e-16 1.683e-16 1.128e-16 0.0 -111.07 0.0
S422881 168.244 83.8362 5.133e-19 5.663e-19 5.055e-19 0.0 -110.63 0.0
S422882 168.2274 83.8047 4.982e-19 6.12e-19 6.986e-19 0.0 -110.77 0.0
S422883 168.2246 83.824 2.0109999999999999e-22 5.324999999999999e-22 2.879e-21 0.0 -110.7 0.0
S422884 168.2473 83.817 2.306e-21 4.23e-21 1.085e-20 0.0 -111.38 0.0
S422885 168.2497 83.8202 7.744e-21 1.2700000000000002e-20 2.5270000000000003e-20 0.0 -111.34 0.0
S422886 168.2287 83.8261 2.512e-21 1.69e-21 5.669e-22 0.0 -110.69 0.0
S422887 168.2437 83.812 1.804e-22 4.487e-22 2.086e-21 0.0 -111.3 0.0
S422888 168.2194 83.808 2.633e-21 4.444e-21 9.366e-21 0.0 -110.8 0.0
S422889 168.2473 83.8248 5.645e-21 9.928000000000001e-21 2.3210000000000002e-20 0.0 -111.46 0.0
S422890 168.2545 83.8106 4.1999999999999997e-22 9.692999999999998e-22 3.926e-21 0.0 -111.57 0.0
S422891 168.2194 83.8365 4.839e-22 1.1130000000000001e-21 4.6900000000000004e-21 0.0 -110.72 0.0
S422892 168.2443 83.7951 4.459e-17 3.665e-17 1.792e-17 0.0 -111.62 0.0
S422893 168.267 83.8123 1.606e-21 3.215e-21 9.545e-21 0.0 -111.8 0.0
S422894 168.2312 83.814 1.959e-16 1.503e-16 6.458e-17 0.0 -110.77 1.0
S422895 168.2136 83.8209 3.122e-21 5.54e-21 1.342e-20 0.0 -110.64 0.0
S422896 168.2344 83.8161 9.719e-21 1.708e-20 3.8880000000000005e-20 0.0 -110.97 1.0
S422897 168.2568 83.8445 5.629e-19 7.303e-19 8.606e-19 0.0 -111.34 0.0
S422898 168.2196 83.8344 2.459e-21 1.667e-21 5.659e-22 0.0 -110.7 0.0
S422899 168.2387 83.8183 1.923e-18 1.986e-18 1.558e-18 0.0 -111.11 0.0
S422900 168.2697 83.8156 3.2720000000000002e-21 2.109e-21 6.521999999999999e-22 0.0 -111.73 0.0
S422901 168.2213 83.8188 1.126e-12 8.399e-13 3.289e-13 0.0 -110.68 0.0
S422902 168.2361 83.8246 4.069e-17 3.351e-17 1.62e-17 0.0 -110.77 0.0
S422903 168.2496 83.8217 5.548e-18 5.461e-18 3.864e-18 0.0 -111.65 0.0
S422904 168.2186 83.8027 2.9639999999999995e-22 6.987999999999999e-22 2.9810000000000002e-21 0.001 -110.7 0.0
S422905 168.2611 83.8173 9.820999999999999e-23 2.456e-22 1.165e-21 0.0 -111.51 0.0
S422906 168.2113 83.8143 6.723000000000001e-20 9.298000000000001e-20 1.311e-19 0.0 -110.66 0.0
S422907 168.2392 83.7819 1.574e-19 2.022e-19 2.48e-19 0.0 -111.44 0.0
S422908 168.2681 83.838 2.2310000000000002e-20 3.311e-20 5.519000000000001e-20 0.0 -111.56 0.0
S422909 168.1906 83.8162 2.2299999999999996e-22 4.692e-22 1.593e-21 0.0 -110.58 0.0
S422910 168.2418 83.8185 4.964e-19 5.797e-19 5.776e-19 0.0 -111.14 0.0
S422911 168.2256 83.8153 1.031e-19 1.394e-19 1.877e-19 0.0 -110.9 0.0
S422912 168.244 83.8231 3.9729999999999994e-22 9.599999999999998e-22 4.2860000000000004e-21 0.0 -111.18 0.0
S422913 168.208 83.8317 1.007e-18 1.116e-18 9.901e-19 0.0 -110.61 0.0
S422914 168.2745 83.8055 9.224000000000001e-20 1.264e-19 1.79e-19 0.0 -111.77 0.0
S422915 168.258 83.8201 7.985e-21 1.3990000000000002e-20 3.2110000000000006e-20 0.0 -111.7 0.0
S422916 168.2201 83.8219 3.969e-14 6.148e-14 1.035e-13 0.0 -110.65 0.0
S422917 168.2619 83.7967 3.489e-19 4.528e-19 5.729e-19 0.0 -111.71 0.0
S422918 168.2454 83.7978 1.889e-21 3.592e-21 1.021e-20 0.0 -111.43 0.0
S422919 168.2524 83.8273 1.019e-15 7.264e-16 2.638e-16 0.0 -111.69 0.0
S422920 168.218 83.7995 1.059e-16 8.626e-17 4.064e-17 0.0 -110.65 0.0
S422921 168.2349 83.8188 3.833e-21 7.838e-21 2.4070000000000002e-20 0.0 -110.88 0.0
S422922 168.2464 83.8251 1.762e-18 1.871e-18 1.561e-18 0.0 -111.24 0.0
S422923 168.2553 83.793 1.168e-19 1.557e-19 2.032e-19 0.0 -111.7 0.0
S422924 168.2497 83.8082 5.836e-17 5.041e-17 2.621e-17 0.0 -111.5 0.0
S422925 168.235 83.8044 8.028e-18 8.164e-18 5.857e-18 0.0 -111.14 0.0
S422926 168.2256 83.7923 1.816e-19 2.538e-19 3.486e-19 0.0 -110.98 0.0
S422927 168.2295 83.7945 3.525e-17 3.022e-17 1.558e-17 0.0 -111.1 0.0
S422928 168.2291 83.7791 2.059e-18 2.131e-18 1.624e-18 0.0 -111.05 0.0
S422929 168.241 83.8019 7.137e-13 5.128e-13 1.922e-13 0.0 -111.62 0.0
S422930 168.2394 83.8027 1.198e-16 9.588e-17 4.311e-17 0.0 -111.22 1.0
S422931 168.2168 83.7896 4.431e-20 6.267000000000001e-20 9.364000000000001e-20 0.0 -110.86 0.0
S422932 168.2421 83.8326 1.346e-18 1.412e-18 1.149e-18 0.0 -111.08 0.0
S422933 168.2419 83.7921 7.515e-24 2.367e-23 1.8329999999999999e-22 0.0 -111.32 0.0
S422934 168.2393 83.8236 1.454e-17 1.315e-17 7.858e-18 0.0 -111.06 0.0
S422935 168.2416 83.8053 3.6680000000000004e-20 5.716e-20 1.014e-19 0.0 -111.29 0.0
S422936 168.2264 83.8394 8.118e-21 1.488e-20 3.6190000000000005e-20 0.0 -110.67 0.0
S422937 168.2378 83.796 2.253e-18 2.362e-18 1.819e-18 0.0 -111.23 0.0
S422938 168.2266 83.8127 9.337e-13 7.884e-13 4.129e-13 0.0 -110.94 1.0
S422939 168.2498 83.8075 1.682e-17 1.482e-17 8.614e-18 0.0 -111.56 0.0
S422940 168.2515 83.8116 3.065e-17 3.89e-17 4.509e-17 0.0 -111.65 0.0
S422941 168.2495 83.8079 9.673999999999999e-23 2.3189999999999996e-22 1.017e-21 0.0 -111.49 0.0
S422942 168.2496 83.8251 1.291e-17 1.503e-17 1.513e-17 0.0 -111.33 0.0
S422943 168.2397 83.83 4.03e-21 7.69e-21 2.074e-20 0.0 -110.96 0.0
S422944 168.2388 83.8137 8.193e-18 8.038e-18 5.586e-18 0.0 -111.11 0.0
S422945 168.2599 83.8034 1.272e-18 1.358e-18 1.131e-18 0.0 -111.57 0.0
S422946 168.2223 83.8251 7.149e-14 4.752e-14 1.517e-14 0.0 -110.8 0.0
S422947 168.2271 83.8205 6.723e-17 7.047e-17 5.623e-17 0.0 -110.77 0.0
S422948 168.2466 83.7937 3.876e-19 5.153e-19 6.853e-19 0.0 -111.45 0.0
S422949 168.2439 83.7903 7.989999999999999e-22 1.594e-21 4.8320000000000004e-21 0.0 -111.38 0.0
S422950 168.2403 83.7967 2.617e-21 1.73e-21 5.6379999999999995e-22 0.0 -111.39 0.0
S422951 168.2397 83.8413 1.179e-19 1.703e-19 2.558e-19 0.0 -110.86 0.0
S422952 168.2708 83.8193 1.869e-21 1.293e-21 4.473e-22 0.0 -111.81 0.0
S422953 168.2527 83.8425 1.292e-19 1.776e-19 2.509e-19 0.0 -111.34 0.0
S422954 168.2316 83.8088 1.134e-18 1.247e-18 1.053e-18 0.0 -110.82 0.0
S422955 168.2449 83.8007 3.66e-19 3.986e-19 3.367e-19 0.0 -111.44 0.0
S422956 168.2596 83.8126 9.14e-22 1.971e-21 6.959e-21 0.0 -111.67 0.0
S422957 168.2167 83.8003 7.033999999999999e-22 1.517e-21 5.299e-21 0.0 -110.74 0.0
S422958 168.2253 83.7996 2.4119999999999998e-23 7.18e-23 5.1329999999999995e-22 0.0 -110.91 0.0
S422959 168.2465 83.7834 2.614e-21 1.759e-21 5.655e-22 0.0 -111.76 0.0
S422960 168.2282 83.8197 1.05e-19 1.503e-19 2.221e-19 0.0 -110.71 0.0
S422961 168.238 83.8208 1.608e-21 3.412e-21 1.1550000000000001e-20 0.0 -110.99 0.0
S422962 168.2506 83.8498 6.596e-18 6.3e-18 4.193e-18 0.0 -110.67 0.0
S422963 168.2083 83.7978 1.9410000000000002e-21 1.373e-21 4.75e-22 0.0 -110.71 0.0
S422964 168.2373 83.8015 9.518e-18 8.756e-18 5.351e-18 0.0 -111.11 0.0
S422965 168.2456 83.8241 1.3100000000000002e-20 2.2170000000000002e-20 4.7380000000000004e-20 0.0 -111.26 0.0
S422966 168.2023 83.8247 6.363999999999999e-22 1.389e-21 4.899e-21 0.0 -110.62 0.0
S422967 168.2464 83.8229 3.526e-17 3.144e-17 1.853e-17 0.0 -111.27 0.0
S422968 168.2187 83.85 1.0810000000000001e-20 1.7780000000000003e-20 3.63e-20 0.0 -110.75 0.0
S422969 168.2397 83.8113 5.71e-18 5.822e-18 4.462e-18 0.0 -111.11 0.0
S422970 168.2411 83.8351 7.307e-17 9.569e-17 1.212e-16 0.001 -111.1 0.0
S422971 168.2567 83.8083 2.4669999999999997e-23 6.937999999999999e-23 4.306e-22 0.0 -111.59 0.0
S422972 168.2255 83.8283 7.345e-17 6.267e-17 3.258e-17 0.0 -110.66 0.0
S422973 168.2128 83.8174 2.177e-19 2.956e-19 4.129e-19 0.0 -110.59 0.0
S422974 168.2164 83.812 2.837e-23 8.416e-23 5.694999999999999e-22 0.0 -110.64 0.0
S422975 168.2256 83.8109 6.871e-18 6.885e-18 5.067e-18 0.0 -110.74 0.0
S422976 168.2375 83.8098 4.854e-13 3.317e-13 1.151e-13 0.0 -111.02 0.0
S422977 168.2425 83.8258 1.566e-16 1.218e-16 5.437e-17 0.0 -111.02 0.0
S422978 168.2236 83.8313 1.322e-12 1.108e-12 5.509e-13 0.0 -110.67 1.0
S422979 168.2515 83.8162 2.232e-17 2.008e-17 1.142e-17 0.0 -111.53 0.0
S422980 168.2428 83.7811 2.2380000000000002e-21 1.5290000000000001e-21 5.166e-22 0.0 -111.44 0.0
S422981 168.2393 83.81 5.526e-17 4.712e-17 2.522e-17 0.0 -111.15 0.0
S422982 168.227 83.821 1.765e-21 1.242e-21 4.497e-22 0.0 -110.81 0.0
S422983 168.2426 83.8261 2.838e-19 3.648e-19 4.327e-19 0.0 -111.12 0.0
S422984 168.2252 83.8165 3.376e-19 4.063e-19 4.246e-19 0.0 -110.73 0.0
S422985 168.2107 83.8217 5.626000000000001e-20 8.355e-20 1.311e-19 0.0 -110.61 0.0
S422986 168.2243 83.8205 3.279e-18 3.388e-18 2.578e-18 0.0 -110.75 0.0
S422987 168.2372 83.8093 1.5500000000000001e-21 3.142e-21 9.918e-21 0.0 -111.15 0.0
S422988 168.2399 83.8401 3.477e-20 5.2490000000000004e-20 8.916e-20 0.0 -110.87 0.0
S422989 168.2296 83.7997 3.119e-16 2.368e-16 9.79e-17 0.0 -111.05 1.0
S422990 168.261 83.8216 1.2020000000000001e-20 2.1550000000000002e-20 5.1370000000000006e-20 0.0 -111.68 0.0
S422991 168.2511 83.8198 5.421e-17 5.46e-17 3.935e-17 0.0 -111.37 0.0
S422992 168.2235 83.815 1.936e-21 1.359e-21 4.8359999999999995e-22 0.0 -110.72 0.0
S422993 168.2206 83.7978 1.956e-22 4.399999999999999e-22 1.722e-21 0.0 -110.84 0.0
S422994 168.2059 83.822 2.6760000000000003e-26 1.521e-25 4.079e-24 0.0 -110.6 0.0
S422995 168.2171 83.8079 3.762e-21 6.792e-21 1.6580000000000002e-20 0.0 -110.66 0.0
S422996 168.2334 83.8092 2.0039999999999999e-22 4.531e-22 1.8e-21 0.0 -110.82 0.0
S422997 168.2172 83.8296 3.473e-21 6.894e-21 2.0720000000000002e-20 0.0 -110.59 0.0
S422998 168.2128 83.8065 1.32e-19 1.805e-19 2.447e-19 0.0 -110.76 0.0
S422999 168.2356 83.829 2.013e-21 3.99e-21 1.1740000000000001e-20 0.0 -110.76 0.0
S423000 168.2353 83.8058 2.014e-21 1.389e-21 4.893999999999999e-22 0.0 -111.14 0.0
S423001 168.2341 83.8117 1.326e-17 1.205e-17 6.883e-18 0.0 -110.99 0.0
S423002 168.2495 83.8065 4.304e-21 8.305e-21 2.3970000000000002e-20 0.0 -111.55 0.0
S423003 168.2056 83.8258 1.4419999999999998e-22 3.741e-22 1.972e-21 0.0 -110.59 0.0
S423004 168.2604 83.8217 4.905e-17 6.393e-17 8.024e-17 0.0 -111.65 0.0
S423005 168.25 83.8087 1.018e-17 9.338e-18 5.72e-18 0.0 -111.6 0.0
S423006 168.2272 83.8162 5.711e-13 4.163e-13 1.609e-13 0.0 -110.9 0.0
S423007 168.233 83.8305 8.448e-18 8.193e-18 5.543e-18 0.0 -110.68 0.0
S423008 168.2564 83.8087 4.0000000000000004e-20 5.951000000000001e-20 9.924e-20 0.0 -111.69 0.0
S423009 168.2229 83.8056 7.945e-21 1.318e-20 2.671e-20 0.0 -110.84 0.0
S423010 168.2235 83.8201 4.893e-20 7.677000000000001e-20 1.364e-19 0.0 -110.69 0.0
S423011 168.2606 83.8074 3.063e-16 2.348e-16 1.018e-16 0.0 -111.69 1.0
S423012 168.2397 83.7949 8.1e-13 5.957e-13 2.404e-13 0.0 -111.26 0.0
S423013 168.2415 83.8011 7.575e-17 6.522e-17 3.496e-17 0.0 -111.39 0.0
S423014 168.2242 83.8005 1.658e-21 3.267e-21 9.345000000000001e-21 0.0 -110.88 0.0
S423015 168.2386 83.8058 3.352e-19 4.281e-19 5.29e-19 0.0 -111.19 0.0
S423016 168.2528 83.7819 9.352e-23 2.139e-22 8.674e-22 0.0 -111.73 0.0
S423017 168.2211 83.81 7.704e-17 6.544e-17 3.387e-17 0.0 -110.87 0.0
S423018 168.2567 83.8424 2.2510000000000003e-20 3.659e-20 7.319e-20 0.001 -111.44 0.0
S423019 168.232 83.7931 5.642e-23 1.7579999999999998e-22 1.293e-21 0.0 -110.77 0.0
S423020 168.2727 83.8211 1.833e-20 2.934e-20 5.564e-20 0.0 -111.82 1.0
S423021 168.2444 83.8026 2.956e-17 2.54e-17 1.387e-17 0.0 -111.64 0.0
S423022 168.2487 83.8229 1.25e-16 1.257e-16 8.755e-17 0.0 -111.42 0.0
S423023 168.2248 83.7891 8.4319999999999995e-22 1.784e-21 5.956e-21 0.0 -111.0 0.0
S423024 168.2384 83.7909 1.9519999999999999e-22 4.648e-22 1.948e-21 0.0 -111.26 0.0
S423025 168.2702 83.8134 3.302e-18 3.342e-18 2.516e-18 0.0 -111.69 0.0
S423026 168.247 83.8275 1.088e-17 1.018e-17 6.295e-18 0.0 -111.27 0.0
S423027 168.2359 83.8057 4.187e-22 9.752999999999998e-22 4.22e-21 0.0 -111.0 0.0
S423028 168.2322 83.8298 8.081e-21 1.4480000000000002e-20 3.649e-20 0.0 -110.74 0.0
S423029 168.2435 83.8242 6.683e-18 6.521e-18 4.629e-18 0.0 -111.13 0.0
S423030 168.2492 83.8133 3.794e-19 4.765e-19 5.674e-19 0.0 -111.41 0.0
S423031 168.2276 83.8105 1.005e-19 1.444e-19 2.121e-19 0.0 -110.78 0.0
S423032 168.2839 83.8027 7.763e-18 1.906e-17 8.925e-17 0.0 -111.66 0.0
S423033 168.2418 83.8113 1.55e-17 1.443e-17 9.027e-18 0.0 -113.03 1.0
S423034 168.2501 83.8044 2.027e-19 2.563e-19 3.07e-19 0.0 -111.51 0.0
S423035 168.2521 83.8044 7.359e-14 4.952e-14 1.639e-14 0.0 -111.54 0.0
S423036 168.2533 83.8044 7.468e-23 2.177e-22 1.487e-21 0.0 -111.56 0.0
S423037 168.2276 83.8193 1.254e-18 1.375e-18 1.225e-18 0.0 -110.84 0.0
S423038 168.227 83.82 2.415e-16 1.898e-16 8.683e-17 0.0 -110.8 1.0
S423039 168.2244 83.8196 8.697e-16 6.236e-16 2.292e-16 0.0 -110.78 0.0
S423040 168.2588 83.8033 2.718e-16 2.216e-16 1.041e-16 0.0 -111.65 0.0
S423041 168.2243 83.8197 8.903e-13 6.712e-13 2.752e-13 0.0 -110.77 0.0
S423042 168.2623 83.8003 3.892e-17 3.389e-17 1.945e-17 0.0 -111.72 0.0
S423043 168.2198 83.8207 1.366e-16 1.047e-16 4.638e-17 0.0 -110.69 1.0
S423044 168.2183 83.8202 1.408e-14 9.539e-15 3.222e-15 0.0 -110.68 0.0
S423045 168.2156 83.8205 5.831e-16 4.174e-16 1.573e-16 0.0 -110.66 0.0
S423046 168.2696 83.8004 1.57e-16 1.215e-16 5.127e-17 0.0 -111.79 1.0
S423047 168.2698 83.8018 1.705e-16 1.396e-16 6.914e-17 0.0 -111.78 0.0
S423048 168.2114 83.8213 3.064e-17 3.901e-17 4.518e-17 0.0 -110.62 0.0
S423049 168.2755 83.8012 7.517e-17 6.371e-17 3.224e-17 0.0 -111.82 0.0
S423050 168.2746 83.8009 1.082e-15 7.877e-16 3.076e-16 0.0 -111.82 0.0
S423051 168.2776 83.8009 2.349e-16 1.773e-16 7.207e-17 0.0 -111.83 1.0
S423052 168.2052 83.8221 7.44e-17 6.296e-17 3.225e-17 0.0 -110.61 0.0
S423053 168.2071 83.8208 7.439e-17 5.889e-17 2.705e-17 0.0 -110.61 0.0
S423054 168.2791 83.8019 1.902e-14 1.231e-14 3.86e-15 0.0 -111.84 0.0
S423055 168.1988 83.822 8.547e-17 6.671e-17 2.981e-17 0.0 -110.56 0.0
S423056 168.2867 83.7991 7.213e-17 9.619e-17 1.243e-16 0.0 -111.83 0.0
S423057 168.2012 83.819 8.353e-18 7.956e-18 5.384e-18 0.0 -110.59 0.0
S423058 168.1974 83.8219 8.28e-17 6.327e-17 2.735e-17 0.0 -110.61 1.0
S423059 168.2847 83.8012 1.346e-21 2.739e-21 8.515e-21 0.0 -111.83 0.0
S423060 168.1989 83.8199 2.72e-16 2.146e-16 9.694e-17 0.0 -110.6 1.0
S423061 168.1972 83.8187 1.251e-15 8.718e-16 3.133e-16 0.0 -110.61 0.0
S423062 168.288 83.8024 2.622e-16 2.051e-16 9.072e-17 0.0 -111.8 1.0
S423063 168.2901 83.8049 1.574e-16 1.308e-16 6.313e-17 0.0 -111.81 0.0
S423064 168.2856 83.8047 4.675e-15 3.104e-15 9.868e-16 0.0 -111.8 0.0
S423065 168.196 83.8171 1.904e-16 1.555e-16 7.31e-17 0.0 -110.66 0.0
S423066 168.2861 83.8055 5.514e-16 4.111e-16 1.685e-16 0.0 -111.75 0.0
S423067 168.287 83.8071 8.142e-17 6.811e-17 3.361e-17 0.0 -111.71 0.0
S423068 168.1958 83.8151 2.531e-16 1.956e-16 8.288e-17 0.0 -110.69 1.0
S423069 168.1955 83.8145 2.531e-16 2e-16 9.045e-17 0.0 -110.7 1.0
S423070 168.1968 83.8127 4.3160000000000005e-20 6.516e-20 1.083e-19 0.0 -110.74 0.0
S423071 168.2868 83.8109 1.859e-15 1.28e-15 4.494e-16 0.0 -111.67 0.0
S423072 168.2007 83.8111 1.337e-15 9.314e-16 3.204e-16 0.0 -110.79 0.0
S423073 168.2833 83.8129 2.752e-16 2.054e-16 8.198e-17 0.0 -111.64 0.0
S423074 168.2008 83.8091 5.54e-15 3.752e-15 1.243e-15 0.0 -110.83 0.0
S423075 168.2786 83.8138 4.077e-17 3.46e-17 1.756e-17 0.0 -111.57 0.0
S423076 168.2783 83.8164 7.622e-18 7.311e-18 4.913e-18 0.0 -111.55 0.0
S423077 168.2766 83.8177 1.133e-15 8.423e-16 3.311e-16 0.0 -111.55 0.0
S423078 168.2101 83.8024 6.957e-16 4.937e-16 1.855e-16 0.0 -110.97 0.0
S423079 168.2735 83.819 1.314e-16 1.061e-16 5.095e-17 0.0 -111.47 0.0
S423080 168.2132 83.8035 1.099e-16 8.728e-17 3.93e-17 0.0 -110.97 1.0
S423081 168.2675 83.8229 3.192e-18 3.089e-18 2.075e-18 0.0 -111.43 0.0
S423082 168.218 83.7995 2.919e-18 3.434e-18 3.39e-18 0.0 -111.0 0.0
S423083 168.262 83.8251 1.577e-15 1.113e-15 4.027e-16 0.0 -111.36 0.0
S423084 168.2246 83.796 1.216e-16 1.222e-16 9.074e-17 0.0 -111.11 0.0
S423085 168.2269 83.7948 1.098e-15 8.048e-16 3.018e-16 0.0 -111.13 0.0
S423086 168.2301 83.794 1.879e-21 1.307e-21 4.671999999999999e-22 0.001 -111.16 0.0
S423087 168.2336 83.7919 3.349e-16 2.465e-16 9.635e-17 0.0 -111.18 0.0
S423088 168.2463 83.8314 3.292e-16 2.552e-16 1.127e-16 0.0 -111.2 1.0
S423089 168.2412 83.7901 4.948e-13 3.514e-13 1.296e-13 0.0 -111.25 0.0
S423090 168.2388 83.8329 1.806e-16 1.488e-16 7.105e-17 0.0 -111.12 0.0
S423091 168.236 83.8332 1.37e-17 1.217e-17 6.767e-18 0.0 -111.11 0.0
S423092 168.2502 83.7862 6.745e-17 5.777e-17 3.077e-17 0.0 -111.33 0.0
S423093 168.2529 83.7845 2.579e-17 3.411e-17 4.413e-17 0.0 -111.33 0.0
S423094 168.224 83.8374 4.51e-17 3.619e-17 1.739e-17 0.0 -111.02 0.0
S423095 168.2638 83.7848 7.992e-16 5.619e-16 2.01e-16 0.0 -111.43 0.0
S423096 168.267 83.7808 6.506e-19 7.731e-19 8.026e-19 0.0 -111.47 0.0
S423097 168.2696 83.7805 1.213e-17 1.152e-17 7.235e-18 0.0 -111.47 0.0
S423098 168.206 83.8432 8.521e-16 6.315e-16 2.485e-16 0.0 -110.9 0.0
S423099 168.2812 83.7775 1.722e-15 1.206e-15 4.303e-16 0.0 -111.54 1.0
S423100 168.2884 83.7795 2.9e-17 2.351e-17 1.144e-17 0.0 -111.59 0.0
S423101 168.194 83.8424 8.23e-16 6.028e-16 2.272e-16 0.0 -110.79 0.0
S423102 168.2943 83.7778 1.043e-18 1.202e-18 1.118e-18 0.0 -111.61 0.0
S423103 168.1857 83.8471 1.282e-17 1.166e-17 6.98e-18 0.0 -110.79 0.0
S423104 168.1808 83.8465 2.106e-15 1.438e-15 4.955e-16 0.0 -110.74 0.0
S423105 168.1738 83.8471 9.838e-16 6.904e-16 2.476e-16 0.0 -110.71 0.0
S423106 168.3063 83.778 7.26e-16 5.071e-16 1.807e-16 0.0 -111.72 0.0
S423107 168.1685 83.8461 8.51e-18 8.015e-18 5.159e-18 0.0 -110.68 0.0
S423108 168.3198 83.7745 9.168e-17 7.234e-17 3.271e-17 0.0 -111.76 0.0
S423109 168.1597 83.8498 3.877e-17 3.315e-17 1.728e-17 0.0 -110.64 0.0
S423110 168.3201 83.7758 8.585e-18 9.097e-18 7.661e-18 0.0 -111.79 0.0
S423111 168.326 83.7778 1.579e-17 1.341e-17 7.103e-18 0.0 -111.8 0.0
S423112 168.1487 83.8481 2.52e-16 2.162e-16 1.173e-16 0.0 -110.62 0.0
S423113 168.3362 83.7756 2.892e-15 2.039e-15 7.581e-16 0.0 -111.83 0.0
S423114 168.3396 83.7749 2.252e-16 1.747e-16 7.433e-17 0.0 -111.85 1.0
S423115 168.1461 83.8455 2.071e-15 1.452e-15 5.413e-16 0.0 -110.58 0.0
S423116 168.3418 83.778 4.615e-13 4.519e-13 3.082e-13 0.0 -111.85 1.0
S423117 168.346 83.7775 1.367e-16 1.39e-16 1.056e-16 0.0 -111.86 0.0
S423118 168.3498 83.7784 1.484e-15 1.057e-15 3.842e-16 0.0 -111.86 0.0
S423119 168.3491 83.7794 1.097e-15 7.878e-16 2.882e-16 0.0 -111.88 0.0
S423120 168.1299 83.8444 9.998e-16 7.009e-16 2.528e-16 0.0 -110.53 0.0
S423121 168.3622 83.779 5.195e-17 4.362e-17 2.312e-17 0.0 -111.87 0.0
S423122 168.3539 83.7806 1.276e-16 1.009e-16 4.472e-17 0.0 -111.87 1.0
S423123 168.3635 83.7807 6.668e-16 4.901e-16 1.932e-16 0.0 -111.87 0.0
S423124 168.1271 83.8389 5.582e-15 3.647e-15 1.144e-15 0.0 -110.53 0.0
S423125 168.3643 83.7837 1.424e-14 9.738e-15 3.195e-15 0.0 -111.87 0.0
S423126 168.12 83.8372 1.564e-18 1.771e-18 1.646e-18 0.0 -110.52 0.0
S423127 168.3546 83.7898 4.581e-16 3.413e-16 1.394e-16 0.0 -111.89 1.0
S423128 168.3623 83.7885 9.706e-17 7.64e-17 3.471e-17 0.0 -111.86 1.0
S423129 168.1238 83.8323 2.507e-15 1.702e-15 5.632e-16 0.0 -110.59 0.0
S423130 168.1283 83.8302 1.3190000000000001e-20 2.0750000000000003e-20 3.7420000000000006e-20 0.0 -110.58 0.0
S423131 168.1262 83.8287 6.279e-17 5.01e-17 2.297e-17 0.0 -110.6 0.0
S423132 168.3543 83.796 3.383e-16 2.459e-16 9.468e-17 0.0 -111.81 0.0
S423133 168.1278 83.8222 2.638e-15 1.804e-15 6.1e-16 0.0 -110.62 0.0
S423134 168.353 83.8007 1.635e-16 1.342e-16 6.53e-17 0.0 -111.77 0.0
S423135 168.3556 83.8009 1.076e-14 7.142e-15 2.221e-15 0.0 -111.79 0.0
S423136 168.1384 83.8198 3.441e-13 2.326e-13 7.821e-14 0.0 -110.66 0.0
S423137 168.3493 83.8048 2.572e-16 1.941e-16 8.246e-17 0.0 -111.73 1.0
S423138 168.1395 83.8112 1.1600000000000002e-25 5.947000000000001e-25 1.307e-23 0.0 -110.75 0.0
S423139 168.3387 83.8099 8.976e-16 6.534e-16 2.574e-16 0.0 -111.7 0.0
S423140 168.1424 83.8095 3.606e-16 2.81e-16 1.24e-16 0.0 -110.77 1.0
S423141 168.3283 83.8163 7.209e-18 9.482e-18 1.204e-17 0.0 -111.65 0.0
S423142 168.1556 83.8039 2.477e-17 2.128e-17 1.162e-17 0.0 -110.83 0.0
S423143 168.3246 83.8218 1.054e-14 6.993e-15 2.248e-15 0.0 -111.57 0.0
S423144 168.3181 83.8241 1.198e-16 9.688e-17 4.556e-17 0.0 -111.54 0.0
S423145 168.3082 83.8264 2.542e-13 3.206e-13 3.733e-13 0.0 -111.52 0.0
S423146 168.1743 83.7966 2.081e-15 1.409e-15 4.802e-16 0.0 -110.9 0.0
S423147 168.3014 83.8285 6.247e-16 4.58e-16 1.813e-16 0.0 -111.47 0.0
S423148 168.296 83.834 2.37e-16 1.896e-16 8.843e-17 0.0 -111.43 0.0
S423149 168.2931 83.8352 1.039e-15 7.166e-16 2.554e-16 0.0 -111.4 0.0
S423150 168.1952 83.7853 5.938e-18 5.999e-18 4.233e-18 0.0 -111.05 0.0
S423151 168.2819 83.8413 1.202e-15 8.345e-16 2.959e-16 0.0 -111.33 0.0
S423152 168.2092 83.7804 1.188e-16 1.361e-16 1.282e-16 0.0 -111.11 0.0
S423153 168.2681 83.844 1.637e-17 1.428e-17 7.995e-18 0.001 -111.3 0.0
S423154 168.2222 83.7761 8.983e-16 6.397e-16 2.365e-16 0.0 -111.17 0.0
S423155 168.2291 83.819 1.92e-21 1.3390000000000001e-21 4.677e-22 0.0 -110.82 0.0
S423156 168.2291 83.8164 2.4580000000000002e-21 1.662e-21 5.406e-22 0.0 -110.79 0.0
S423157 168.2301 83.8173 4.029e-17 3.352e-17 1.657e-17 0.0 -110.87 0.0
S423158 168.2571 83.8033 2.918e-17 2.593e-17 1.419e-17 0.0 -111.68 0.0
S423159 168.2254 83.8182 1.32e-16 1.03e-16 4.547e-17 0.0 -110.77 1.0
S423160 168.2239 83.8158 1.784e-17 1.668e-17 1.02e-17 0.0 -110.75 0.0
S423161 168.2598 83.8045 1.191e-16 9.492e-17 4.197e-17 0.0 -111.67 0.0
S423162 168.2578 83.803 1.2059999999999999e-23 3.4269999999999997e-23 2.1129999999999997e-22 0.0 -111.66 0.0
S423163 168.2608 83.8036 9.586e-17 1.012e-16 8.192e-17 0.0 -111.71 0.0
S423164 168.217 83.8164 1.9050000000000002e-21 1.34e-21 4.695e-22 0.0 -110.64 0.0
S423165 168.2224 83.8167 5.323e-17 4.217e-17 1.851e-17 0.0 -110.71 0.0
S423166 168.2166 83.8218 4.421e-17 4.026e-17 2.363e-17 0.0 -110.63 0.0
S423167 168.2659 83.8023 9.289e-13 6.854e-13 2.687e-13 0.0 -111.78 0.0
S423168 168.265 83.8011 4.175e-20 6.544e-20 1.217e-19 0.0 -111.79 0.0
S423169 168.2657 83.8051 1.881e-17 1.646e-17 9.448e-18 0.0 -111.77 0.0
S423170 168.2716 83.8018 1.858e-16 1.433e-16 6.353e-17 0.0 -111.82 1.0
S423171 168.2134 83.8211 3.355e-17 2.907e-17 1.594e-17 0.0 -110.61 0.0
S423172 168.2133 83.819 1.778e-22 4.3009999999999995e-22 1.883e-21 0.0 -110.59 0.0
S423173 168.2117 83.8165 1.965e-17 1.757e-17 1.045e-17 0.0 -110.61 0.0
S423174 168.2091 83.8224 4.06e-19 4.729e-19 4.665e-19 0.0 -110.6 0.0
S423175 168.2078 83.8197 3.782e-18 3.704e-18 2.697e-18 0.0 -110.58 0.0
S423176 168.2079 83.8201 1.967e-21 1.362e-21 4.826e-22 0.0 -110.59 0.0
S423177 168.2746 83.8026 1.164e-18 1.363e-18 1.32e-18 0.0 -111.81 0.0
S423178 168.2796 83.8031 9.854e-17 1.208e-16 1.35e-16 0.0 -111.85 0.0
S423179 168.2059 83.8195 1.509e-18 1.668e-18 1.437e-18 0.0 -110.58 0.0
S423180 168.2061 83.8176 5.192e-16 3.797e-16 1.452e-16 0.0 -110.6 0.0
S423181 168.2821 83.8023 7.215e-21 1.294e-20 3.098e-20 0.0 -111.83 0.0
S423182 168.2803 83.8042 8.725e-16 6.174e-16 2.318e-16 0.0 -111.83 0.0
S423183 168.2817 83.8019 4.721e-23 1.228e-22 6.454999999999999e-22 0.0 -111.84 0.0
S423184 168.2815 83.8053 2.446e-15 1.718e-15 5.976e-16 0.0 -111.83 0.0
S423185 168.2016 83.8201 6.715e-18 6.455e-18 4.332e-18 0.001 -110.61 0.0
S423186 168.2015 83.8216 2.406e-18 2.576e-18 2.1e-18 0.0 -110.61 0.0
S423187 168.287 83.8048 5.308e-18 5.458e-18 4.117e-18 0.0 -111.8 0.0
S423188 168.1966 83.8154 1.601e-19 2.222e-19 3.167e-19 0.0 -110.65 0.0
S423189 168.2 83.816 1.236e-18 1.37e-18 1.222e-18 0.0 -110.63 0.0
S423190 168.2016 83.8197 5.917e-15 3.915e-15 1.239e-15 0.0 -110.67 0.0
S423191 168.1921 83.8207 5.335e-19 6.535e-19 6.934e-19 0.0 -110.64 0.0
S423192 168.2815 83.8086 4.6e-19 5.371e-19 5.239e-19 0.0 -111.75 0.0
S423193 168.2839 83.8077 1.796e-17 1.589e-17 9.094e-18 0.0 -111.76 0.0
S423194 168.277 83.8126 5.916e-19 7.093e-19 7.55e-19 0.0 -111.67 0.0
S423195 168.197 83.815 4.057e-17 3.314e-17 1.563e-17 0.0 -110.65 0.0
S423196 168.2014 83.8136 5.959e-13 4.169e-13 1.451e-13 0.0 -110.72 0.0
S423197 168.2804 83.8116 3.336e-16 2.543e-16 1.071e-16 0.0 -111.65 1.0
S423198 168.1976 83.8098 1.904e-16 1.544e-16 7.453e-17 0.0 -110.76 0.0
S423199 168.2043 83.8084 1.584e-16 1.213e-16 5.164e-17 0.0 -110.81 1.0
S423200 168.207 83.8138 2.1089999999999997e-22 5.185999999999999e-22 2.373e-21 0.0 -110.75 0.0
S423201 168.208 83.8109 6.39e-18 6.445e-18 4.814e-18 0.0 -110.8 0.0
S423202 168.2013 83.8097 5.429e-17 6.533e-17 6.648e-17 0.0 -110.77 0.0
S423203 168.2031 83.804 1.265e-16 1.278e-16 9.326e-17 0.0 -110.83 0.0
S423204 168.2017 83.8077 1.016e-16 8.063e-17 3.562e-17 0.0 -110.8 0.0
S423205 168.2836 83.8143 1.47e-18 1.571e-18 1.305e-18 0.0 -111.6 0.0
S423206 168.2785 83.8174 4.879e-13 3.528e-13 1.368e-13 0.0 -111.56 0.0
S423207 168.2108 83.8046 3.625e-19 4.402e-19 4.866e-19 0.0 -110.92 0.0
S423208 168.2754 83.8194 7.184e-17 5.518e-17 2.314e-17 0.0 -111.5 0.0
S423209 168.274 83.8172 4.768e-18 4.966e-18 3.942e-18 0.0 -111.51 0.0
S423210 168.2698 83.8191 1.604e-15 1.107e-15 3.843e-16 0.0 -111.45 0.0
S423211 168.2142 83.7997 4.355e-20 6.597000000000001e-20 1.115e-19 0.0 -111.0 0.0
S423212 168.2175 83.8029 9.074e-16 6.546e-16 2.473e-16 0.0 -110.99 0.0
S423213 168.2648 83.8209 1.001e-16 8.303e-17 4.164e-17 0.0 -111.4 0.0
S423214 168.2618 83.8219 4.326e-13 3.011e-13 1.043e-13 0.0 -111.39 0.0
S423215 168.261 83.8236 2.476e-18 2.6e-18 2.079e-18 0.0 -111.36 0.0
S423216 168.2256 83.802 1.166e-18 1.36e-18 1.329e-18 0.0 -111.07 0.0
S423217 168.2269 83.7986 3.285e-20 4.8290000000000003e-20 7.597e-20 0.0 -111.11 0.0
S423218 168.2292 83.796 4.327e-18 4.296e-18 3.084e-18 0.0 -111.13 0.0
S423219 168.2294 83.7923 1.287e-17 1.145e-17 6.56e-18 0.001 -111.15 0.0
S423220 168.2339 83.797 6.739e-17 5.515e-17 2.713e-17 0.0 -111.17 0.0
S423221 168.2368 83.7945 2.161e-17 1.833e-17 9.534e-18 0.0 -111.21 0.0
S423222 168.2445 83.8271 1.537e-16 1.165e-16 4.768e-17 0.0 -111.21 1.0
S423223 168.243 83.8345 2.225e-16 1.743e-16 7.882e-17 0.0 -111.17 1.0
S423224 168.2403 83.8327 9.485e-17 7.207e-17 2.996e-17 0.0 -111.15 0.0
S423225 168.2372 83.8301 1.324e-16 1.088e-16 5.111e-17 0.0 -111.11 0.0
S423226 168.2361 83.8356 1.618e-19 2.163e-19 2.794e-19 0.0 -111.13 0.0
S423227 168.2308 83.8344 3.175e-18 3.068e-18 2.056e-18 0.0 -111.06 0.0
S423228 168.2599 83.7933 6.232e-16 4.668e-16 1.959e-16 0.0 -111.42 0.0
S423229 168.2599 83.7851 3.431e-20 5.265e-20 8.868000000000001e-20 0.0 -111.4 0.0
S423230 168.2209 83.8363 1.998e-21 1.387e-21 4.875999999999999e-22 0.0 -111.0 0.0
S423231 168.2262 83.8359 1.003e-18 1.076e-18 9.229e-19 0.0 -111.04 0.0
S423232 168.2202 83.8364 2.506e-16 2.311e-16 1.409e-16 0.0 -110.97 0.0
S423233 168.2164 83.8413 1.33e-16 1.371e-16 1.019e-16 0.0 -110.96 0.0
S423234 168.2118 83.84 1.587e-21 3.387e-21 1.142e-20 0.0 -110.94 0.0
S423235 168.2684 83.7847 2.397e-16 1.857e-16 7.766e-17 0.0 -111.5 1.0
S423236 168.2763 83.7811 5.082e-13 4.809e-13 3.087e-13 0.0 -111.55 1.0
S423237 168.2028 83.8379 7.245e-21 1.2480000000000001e-20 2.8870000000000005e-20 0.0 -110.85 0.0
S423238 168.2763 83.7832 7.366e-17 5.906e-17 2.71e-17 0.0 -111.53 0.0
S423239 168.1931 83.8407 9.575e-18 8.751e-18 5.111e-18 0.0 -110.81 0.0
S423240 168.1882 83.8468 4.038e-19 4.898e-19 5.217e-19 0.0 -110.82 0.0
S423241 168.1946 83.8428 3.786e-17 3.214e-17 1.702e-17 0.0 -110.82 0.0
S423242 168.1827 83.8471 2.066e-17 1.858e-17 1.115e-17 0.0 -110.78 0.0
S423243 168.3014 83.7755 9.506e-18 9.041e-18 5.683e-18 0.0 -111.69 0.0
S423244 168.3008 83.7785 1.973e-21 3.921e-21 1.125e-20 0.0 -111.7 0.0
S423245 168.1706 83.8457 3.85e-17 3.287e-17 1.777e-17 0.0 -110.69 0.0
S423246 168.1673 83.849 1.108e-17 1.025e-17 6.606e-18 0.0 -110.68 0.0
S423247 168.3073 83.7746 2.685e-17 2.329e-17 1.264e-17 0.0 -111.71 0.0
S423248 168.3159 83.7737 1.51e-17 1.387e-17 8.199e-18 0.0 -111.77 0.0
S423249 168.168 83.8455 1.962e-21 1.368e-21 4.777e-22 0.0 -110.65 0.0
S423250 168.1721 83.8437 6.492e-17 8.198e-17 9.847e-17 0.0 -110.66 0.0
S423251 168.3238 83.7744 3.112e-18 3.226e-18 2.491e-18 0.0 -111.77 0.0
S423252 168.3333 83.7711 8.36e-17 7.432e-17 4.071e-17 0.0 -111.81 0.0
S423253 168.1569 83.8464 6.376e-17 5.253e-17 2.7e-17 0.0 -110.63 0.0
S423254 168.1626 83.8466 3.171e-17 3.046e-17 2.054e-17 0.0 -110.62 0.0
S423255 168.3371 83.7721 1.148e-18 1.275e-18 1.138e-18 0.0 -111.82 0.0
S423256 168.3195 83.7796 6.065e-17 7.379e-17 7.8e-17 0.0 -111.82 0.0
S423257 168.3528 83.7711 8.538e-21 1.4470000000000002e-20 3.078e-20 0.0 -111.85 0.0
S423258 168.3404 83.7741 3.944e-17 3.952e-17 2.744e-17 0.0 -111.83 0.0
S423259 168.1397 83.8464 2.986e-17 2.504e-17 1.246e-17 0.0 -110.56 0.0
S423260 168.145 83.8421 2.502e-23 7.890999999999999e-23 6.067999999999999e-22 0.0 -110.58 0.0
S423261 168.3431 83.778 1.327e-18 1.4e-18 1.113e-18 0.0 -111.86 0.0
S423262 168.3355 83.7841 8.436e-15 5.496e-15 1.739e-15 0.0 -111.87 0.0
S423263 168.1442 83.8401 1.9939999999999997e-22 5.365999999999999e-22 3.1240000000000002e-21 0.0 -110.56 0.0
S423264 168.3499 83.7795 3.083e-18 3.095e-18 2.275e-18 0.0 -111.88 0.0
S423265 168.1299 83.8395 1.99e-18 2.17e-18 1.903e-18 0.0 -110.53 0.0
S423266 168.1395 83.8402 3.692e-15 2.547e-15 8.934e-16 0.0 -110.52 0.0
S423267 168.1266 83.8452 1.2150000000000002e-20 1.936e-20 3.789e-20 0.0 -110.53 0.0
S423268 168.1177 83.8421 2.45e-22 5.877e-22 2.6780000000000002e-21 0.0 -110.54 0.0
S423269 168.3624 83.7798 1.696e-18 1.787e-18 1.463e-18 0.0 -111.9 0.0
S423270 168.1361 83.8354 1.522e-18 1.608e-18 1.3e-18 0.0 -110.54 0.0
S423271 168.3434 83.7891 3.355e-17 2.759e-17 1.37e-17 0.0 -111.89 0.0
S423272 168.3589 83.7845 4.922e-16 3.787e-16 1.57e-16 0.0 -111.88 0.0
S423273 168.1186 83.8366 2.457e-21 1.6510000000000001e-21 5.543999999999999e-22 0.0 -110.54 0.0
S423274 168.1282 83.8351 1.39e-17 1.268e-17 7.847e-18 0.0 -110.54 0.0
S423275 168.1254 83.8365 1.081e-19 1.459e-19 1.984e-19 0.0 -110.58 0.0
S423276 168.3583 83.7896 1.985e-21 1.365e-21 4.8509999999999995e-22 0.0 -111.86 0.0
S423277 168.3388 83.7943 4.524e-17 3.886e-17 2.015e-17 0.0 -111.86 0.0
S423278 168.3478 83.7966 9.289e-17 7.635e-17 3.72e-17 0.0 -111.8 0.0
S423279 168.3672 83.7934 1.442e-21 1.046e-21 3.9609999999999996e-22 0.0 -111.85 0.0
S423280 168.1429 83.8221 1.109e-16 8.371e-17 3.476e-17 0.0 -110.64 1.0
S423281 168.1293 83.823 9.539e-18 9.015e-18 5.772e-18 0.0 -110.61 0.0
S423282 168.3595 83.7956 7.88e-18 7.424e-18 4.628e-18 0.0 -111.81 0.0
S423283 168.3501 83.8025 3.761e-17 3.054e-17 1.439e-17 0.0 -111.78 0.0
S423284 168.1414 83.8205 1.988e-16 2.001e-16 1.437e-16 0.0 -110.68 0.0
S423285 168.1465 83.8156 3.483e-18 3.445e-18 2.518e-18 0.0 -110.66 0.0
S423286 168.1325 83.8231 5.193e-17 4.793e-17 2.933e-17 0.0 -110.63 0.0
S423287 168.355 83.8053 1.216e-16 9.517e-17 4.285e-17 0.0 -111.74 1.0
S423288 168.1418 83.8195 1.116e-16 1.243e-16 1.122e-16 0.0 -110.68 0.0
S423289 168.3423 83.8101 1.782e-17 2.272e-17 2.686e-17 0.0 -111.71 0.0
S423290 168.3158 83.8132 1.7750000000000002e-20 3.002e-20 6.174000000000001e-20 0.001 -111.64 0.0
S423291 168.3441 83.8093 8.103e-16 5.933e-16 2.335e-16 0.0 -111.69 0.0
S423292 168.329 83.8163 6.435e-18 5.946e-18 3.561e-18 0.0 -111.61 0.0
S423293 168.334 83.8197 2.607e-17 2.258e-17 1.216e-17 0.0 -111.63 0.0
S423294 168.3204 83.8187 7.159e-17 7.113e-17 4.909e-17 0.0 -111.6 0.0
S423295 168.1672 83.8005 1.825e-17 1.644e-17 9.878e-18 0.0 -110.88 0.0
S423296 168.1731 83.8024 6.9e-17 8.24e-17 8.493e-17 0.0 -110.88 0.0
S423297 168.17 83.7981 1.142e-19 1.54e-19 2.027e-19 0.0 -110.88 0.0
S423298 168.1729 83.7968 1.28e-17 1.193e-17 7.771e-18 0.0 -110.92 0.0
S423299 168.3092 83.8277 1.712e-20 2.967e-20 6.607e-20 0.0 -111.51 0.0
S423300 168.2977 83.8339 1.418e-17 1.812e-17 2.138e-17 0.0 -111.45 0.0
S423301 168.1827 83.789 8.845e-17 6.972e-17 3.185e-17 0.0 -110.98 0.0
S423302 168.1875 83.7954 4.064e-17 5.206e-17 6.168e-17 0.0 -110.97 0.0
S423303 168.1905 83.7956 3.344e-16 2.578e-16 1.098e-16 0.0 -110.98 1.0
S423304 168.2891 83.8339 6.086e-16 4.438e-16 1.685e-16 0.0 -111.4 0.0
S423305 168.2894 83.8424 3.483e-16 2.643e-16 1.119e-16 0.0 -111.37 1.0
S423306 168.2801 83.8358 1.984e-17 1.693e-17 8.956e-18 0.0 -111.38 0.0
S423307 168.2096 83.782 7.886e-19 9.074e-19 8.533e-19 0.0 -111.1 0.0
S423308 168.2061 83.7722 4.895e-19 6.146e-19 6.777e-19 0.0 -111.11 0.0
S423309 168.2158 83.7817 2.283e-23 6.388999999999999e-23 3.9889999999999995e-22 0.0 -111.15 0.0
S423310 168.2185 83.7724 4.3740000000000004e-26 2.367e-25 5.815e-24 0.0 -111.16 0.0
S423311 168.2261 83.7752 4.255e-19 5.111e-19 5.127e-19 0.0 -111.19 0.0
S423312 168.2506 83.846 3.859e-21 6.659e-21 1.436e-20 0.0 -111.19 0.0
S423313 168.2375 83.7743 4.594e-18 4.595e-18 3.425e-18 0.0 -111.24 0.0
S423314 168.2464 83.8504 1.447e-21 2.823e-21 8.015e-21 0.0 -111.19 0.0
S423315 168.2339 83.853 4.18e-16 3.074e-16 1.223e-16 0.0 -111.14 0.0
S423316 168.2355 83.8581 4.002e-19 5.017e-19 5.645e-19 0.0 -111.14 0.0
