Name Equatorial Polar BlueF GreenF RedF Parallax RadialVelocity Variable?
S092533 229.3044 21.7985 6.458e-21 1.1170000000000001e-20 2.6280000000000002e-20 0.0 -105.77 0.0
S092534 229.2683 21.7783 3.5879999999999995e-22 7.670999999999999e-22 2.675e-21 0.0 -105.89 0.0
S092535 229.336 21.8063 3.5250000000000004e-21 7.158e-21 2.225e-20 0.0 -105.16 0.0
S092536 229.321 21.8008 3.566e-17 2.95e-17 1.481e-17 0.0 -105.42 0.0
S092537 229.4754 21.8535 4.42e-18 4.231e-18 2.863e-18 0.0 -104.86 0.0
S092538 229.1852 21.7816 2.073e-17 1.864e-17 1.106e-17 0.0 -106.11 0.0
S092539 229.3942 21.8198 1.438e-21 1.011e-21 3.7079999999999996e-22 0.0 -104.97 0.0
S092540 229.2881 21.8029 8.984e-20 1.184e-19 1.484e-19 0.0 -105.82 0.0
S092541 228.9351 21.7294 4.553e-24 1.47e-23 1.2339999999999998e-22 0.0 -106.31 0.0
S092542 229.3418 21.8097 1.103e-21 2.378e-21 8.505e-21 0.0 -105.14 0.0
S092543 229.181 21.7559 2.776e-20 4.195e-20 7.153e-20 0.0 -106.14 0.0
S092544 229.283 21.8037 2.809e-21 5.453e-21 1.5440000000000002e-20 0.0 -105.72 0.0
S092545 229.2409 21.7892 1.23e-21 2.539e-21 8.638e-21 0.0 -105.93 0.0
S092546 229.3167 21.7977 1.503e-18 1.686e-18 1.48e-18 0.0 -105.53 0.0
S092547 229.348 21.8127 5.637e-19 6.497e-19 6.239e-19 0.0 -105.12 0.0
S092548 229.3083 21.8136 2.1860000000000002e-20 3.3100000000000003e-20 5.924e-20 0.0 -105.22 0.0
S092549 229.3091 21.7905 3.483e-17 2.887e-17 1.483e-17 0.0 -105.63 0.0
S092550 229.3999 21.8079 2.083e-16 2.03e-16 1.433e-16 0.0 -105.18 0.0
S092551 229.312 21.7885 5.834e-21 9.793e-21 2.1420000000000002e-20 0.0 -105.65 0.0
S092552 229.1961 21.7844 4.113e-22 9.109e-22 3.51e-21 0.0 -106.05 0.0
S092553 229.2755 21.8071 2.523e-25 1.106e-24 1.695e-23 0.0 -105.76 0.0
S092554 229.3946 21.8244 2.947e-21 5.43e-21 1.3720000000000002e-20 0.0 -105.05 0.0
S092555 229.3098 21.8095 4.803e-24 1.562e-23 1.3419999999999998e-22 0.0 -105.37 0.0
S092556 229.282 21.7826 1.1100000000000001e-21 2.252e-21 6.967000000000001e-21 0.0 -106.06 0.0
S092557 229.2807 21.7999 1.424e-18 1.44e-18 1.058e-18 0.0 -105.88 0.0
S092558 229.5206 21.8504 7.702e-20 1.036e-19 1.398e-19 0.0 -104.89 0.0
S092559 229.337 21.8022 1.2379999999999998e-22 2.9949999999999996e-22 1.3360000000000001e-21 0.0 -105.38 0.0
S092560 229.2664 21.7967 5.734e-22 1.075e-21 2.8860000000000002e-21 0.0 -106.04 0.0
S092561 229.5562 21.8371 2.629e-18 2.701e-18 2.038e-18 0.0 -105.02 0.0
S092562 229.3192 21.807 1.866e-20 3.0130000000000004e-20 5.958000000000001e-20 0.0 -105.32 0.0
S092563 229.3777 21.8456 7.356e-24 2.052e-23 1.2609999999999999e-22 0.0 -105.14 0.0
S092564 229.3112 21.7992 4.447e-18 4.327e-18 2.997e-18 0.0 -105.55 0.0
S092565 229.3139 21.8031 1.753e-23 4.923e-23 3.0539999999999996e-22 0.0 -105.42 0.0
S092566 229.3453 21.8342 1.678e-18 1.928e-18 1.815e-18 0.0 -105.22 0.0
S092567 229.3156 21.8103 1.8729999999999998e-22 3.8719999999999996e-22 1.246e-21 0.0 -105.37 0.0
S092568 229.4206 21.8187 1.836e-21 3.74e-21 1.175e-20 0.0 -105.08 0.0
S092569 229.1799 21.8024 3.483e-17 2.908e-17 1.5e-17 0.0 -105.91 0.0
S092570 229.3211 21.8395 2.691e-18 2.832e-18 2.32e-18 0.0 -105.36 0.0
S092571 229.3663 21.8259 4.694e-17 5.608e-17 5.672e-17 0.0 -105.09 0.0
S092572 229.3361 21.8057 1.751e-17 1.442e-17 7.148e-18 0.0 -105.21 0.0
S092573 229.2659 21.7862 2.34e-13 2.769e-13 2.905e-13 0.0 -105.89 0.0
S092574 229.3093 21.7956 2.5200000000000003e-20 3.6530000000000005e-20 5.672e-20 0.0 -105.67 0.0
S092575 229.137 21.7642 6.08e-17 1.147e-16 3.173e-16 0.0 -106.29 0.0
S092576 229.26 21.7939 2.853e-18 3.01e-18 2.362e-18 0.0 -105.91 0.0
S092577 229.2524 21.7868 5.742e-18 5.777e-18 4.22e-18 0.0 -106.05 0.0
S092578 229.3041 21.8047 8.652999999999998e-22 1.827e-21 6.161e-21 0.0 -105.49 0.0
S092579 229.3505 21.8131 7.518e-23 2.0909999999999997e-22 1.259e-21 0.0 -105.07 0.0
S092580 229.2992 21.7671 5.703e-22 1.1310000000000001e-21 3.258e-21 0.0 -105.76 0.0
S092581 229.3142 21.8038 1.399e-21 2.888e-21 9.49e-21 0.0 -105.4 0.0
S092582 229.4811 21.8602 2.339e-17 2.116e-17 1.24e-17 0.0 -104.87 0.0
S092583 229.2932 21.8039 1.476e-21 3.051e-21 1.025e-20 0.0 -105.63 0.0
S092584 229.2066 21.7856 4.679e-21 8.892e-21 2.395e-20 0.0 -106.1 0.0
S092585 229.4241 21.8678 1.459e-16 1.53e-16 1.234e-16 0.0 -105.04 0.0
S092586 229.1697 21.7663 1.812e-19 2.301e-19 2.648e-19 0.0 -106.26 0.0
S092587 229.3173 21.8364 2.773e-16 2.4e-16 1.256e-16 0.0 -105.42 0.0
S092588 229.3986 21.8203 8.43e-23 2.255e-22 1.302e-21 0.0 -105.09 0.0
S092589 229.2661 21.7996 6.324e-22 1.3210000000000001e-21 4.399e-21 0.0 -106.03 0.0
S092590 229.295 21.8054 1.837e-21 1.28e-21 4.407e-22 0.0 -105.58 0.0
S092591 229.5005 21.8447 9.182e-21 1.567e-20 3.54e-20 0.0 -104.83 0.0
S092592 229.3233 21.8113 7.156e-23 1.923e-22 1.058e-21 0.0 -105.27 0.0
S092593 229.3805 21.8293 5.45e-20 7.898000000000001e-20 1.231e-19 0.0 -104.96 0.0
S092594 229.34 21.8166 8.577e-21 1.521e-20 3.589e-20 0.0 -105.08 0.0
S092595 229.3129 21.797 6.626999999999999e-22 1.46e-21 5.4860000000000004e-21 0.0 -105.57 0.0
S092596 229.3151 21.8134 1.497e-24 5.355e-24 5.613e-23 0.0 -105.35 0.0
S092597 229.2688 21.8053 1.25e-22 3.236e-22 1.756e-21 0.0 -105.81 0.0
S092598 229.1871 21.7408 8.408e-21 1.442e-20 3.2330000000000004e-20 0.0 -106.06 0.0
S092599 229.2942 21.8056 1.273e-22 3.3669999999999996e-22 1.873e-21 0.0 -105.61 0.0
S092600 229.2925 21.8109 8.143999999999999e-22 1.718e-21 5.868e-21 0.0 -105.45 0.0
S092601 229.3102 21.7991 7.56e-23 1.9759999999999998e-22 1.02e-21 0.0 -105.57 0.0
S092602 229.3311 21.8203 2.4079999999999996e-22 5.602999999999999e-22 2.435e-21 0.0 -105.28 0.0
S092603 229.2744 21.8115 6.728999999999999e-22 1.4370000000000001e-21 5.182e-21 0.0 -105.65 0.0
S092604 229.1343 21.7403 1.911e-23 5.468e-23 3.572e-22 0.0 -106.3 0.0
S092605 229.1476 21.7489 6.876e-20 9.853000000000001e-20 1.491e-19 0.0 -106.31 0.0
S092606 229.2238 21.7877 4.838e-22 1.069e-21 4.021e-21 0.0 -106.07 0.0
S092607 229.302 21.802 1.933e-19 2.561e-19 3.367e-19 0.0 -105.53 0.0
S092608 229.4413 21.7977 4.5920000000000005e-20 6.995000000000001e-20 1.22e-19 0.0 -105.36 0.0
S092609 229.2642 21.7869 5.017e-19 5.681e-19 5.321e-19 0.0 -105.97 0.0
S092610 229.3495 21.8018 1.8100000000000002e-21 3.677e-21 1.1290000000000001e-20 0.0 -105.31 0.0
S092611 229.3358 21.7783 4.938e-25 2.08e-24 3.018e-23 0.0 -105.63 0.0
S092612 229.2118 21.7735 1.012e-24 3.729e-24 4.0699999999999996e-23 0.0 -106.25 0.0
S092613 229.3275 21.807 3.037e-22 6.540999999999999e-22 2.352e-21 0.0 -105.23 0.0
S092614 229.2188 21.7523 3.243e-20 4.961e-20 8.708e-20 0.0 -106.03 0.0
S092615 229.3138 21.801 1.602e-23 4.284e-23 2.3719999999999997e-22 0.0 -105.51 0.0
S092616 229.3711 21.788 5.712e-27 3.7870000000000005e-26 1.3959999999999999e-24 0.0 -105.5 0.0
S092617 229.2743 21.8166 2.381e-25 1.0739999999999999e-24 1.742e-23 0.0 -105.58 0.0
S092618 228.878 21.7433 3.876e-19 6.754e-19 1.543e-18 0.0 -106.18 0.0
S092619 229.3669 21.7868 8.774000000000001e-20 1.232e-19 1.77e-19 0.0 -105.53 0.0
S092620 229.3021 21.8051 1.937e-13 2.44e-13 2.84e-13 0.0 -105.52 0.0
S092621 229.3044 21.8026 1.023e-23 3.242e-23 2.7069999999999997e-22 0.0 -105.53 0.0
S092622 229.3162 21.799 2.617e-19 3.265e-19 3.599e-19 0.0 -105.46 0.0
S092623 229.251 21.7864 5.838e-18 5.632e-18 3.723e-18 0.0 -106.0 0.0
S092624 229.3807 21.8145 4.029e-20 5.88e-20 9.120000000000001e-20 0.0 -105.23 0.0
S092625 229.2936 21.8063 1.004e-20 1.7440000000000002e-20 3.9290000000000006e-20 0.0 -105.59 1.0
S092626 229.2568 21.7839 1.611e-19 2.014e-19 2.331e-19 0.0 -105.9 0.0
S092627 229.4502 21.8395 3.6779999999999996e-22 8.717999999999999e-22 3.826e-21 0.0 -104.89 0.0
S092628 229.2983 21.8052 3.381e-18 3.28e-18 2.288e-18 0.0 -105.57 0.0
S092629 229.2714 21.781 6.946e-18 6.656e-18 4.413e-18 0.0 -105.93 0.0
S092630 229.3387 21.8006 6.302999999999999e-22 1.362e-21 4.7250000000000004e-21 0.0 -105.27 0.0
S092631 229.3135 21.8012 2.466e-16 2.19e-16 1.253e-16 0.0 -105.5 0.0
S092632 229.4963 21.7903 2.384e-24 7.911e-24 6.781999999999999e-23 0.0 -105.39 0.0
S092633 229.2614 21.782 7.487e-21 1.367e-20 3.4190000000000005e-20 0.0 -106.08 0.0
S092634 229.1619 21.7604 7.468e-23 1.8359999999999998e-22 8.625999999999999e-22 0.0 -106.27 0.0
S092635 229.3137 21.8214 1.5979999999999998e-22 3.704e-22 1.567e-21 0.0 -105.38 0.0
S092636 229.2352 21.7872 6.414e-23 1.5709999999999997e-22 7.195999999999999e-22 0.0 -106.18 0.0
S092637 229.4026 21.8226 7.421e-20 1.131e-19 2.004e-19 0.0 -105.02 0.0
S092638 229.3295 21.8082 3.191e-25 1.322e-24 1.878e-23 0.0 -105.28 0.0
S092639 229.298 21.822 3.401e-16 3.179e-16 1.972e-16 0.0 -105.45 0.0
S092640 229.2702 21.7787 1.3409999999999998e-22 2.939e-22 1.064e-21 0.0 -105.92 0.0
S092641 229.2524 21.8302 6.427e-23 1.7909999999999998e-22 1.094e-21 0.001 -105.58 0.0
S092642 229.4045 21.8567 2.6099999999999997e-23 7.685e-23 5.391e-22 0.0 -105.11 0.0
S092643 229.3579 21.8272 5.172e-13 3.747e-13 1.381e-13 0.0 -105.16 0.0
S092644 229.5748 21.8439 4.497e-21 8.082e-21 1.881e-20 0.0 -104.99 0.0
S092645 229.2973 21.8013 1.62e-18 1.647e-18 1.234e-18 0.0 -105.66 0.0
S092646 229.45 21.8495 2.743e-17 2.363e-17 1.289e-17 0.0 -104.93 0.0
S092647 229.2411 21.8002 3.1090000000000004e-20 4.838e-20 8.582e-20 0.0 -105.87 0.0
S092648 229.2734 21.7753 2.0109999999999999e-22 4.947e-22 2.302e-21 0.0 -105.99 0.0
S092649 229.2655 21.7799 4.242e-21 7.479e-21 1.7160000000000003e-20 0.0 -105.9 0.0
S092650 229.3649 21.8 1.8969999999999998e-23 4.965e-23 2.711e-22 0.0 -105.3 0.0
S092651 229.3339 21.8032 1.655e-22 4.413e-22 2.493e-21 0.0 -105.23 0.0
S092652 229.2551 21.7919 1.36e-20 2.0850000000000003e-20 3.747e-20 0.001 -106.07 0.0
S092653 229.2483 21.8046 1.758e-23 5.749e-23 4.81e-22 0.0 -105.81 0.0
S092654 229.3726 21.872 3.5609999999999997e-22 8.096999999999999e-22 3.258e-21 0.0 -105.27 0.0
S092655 229.2966 21.8175 1.993e-21 3.936e-21 1.18e-20 0.0 -105.37 0.0
S092656 229.2475 21.7928 2.073e-23 6.211e-23 4.57e-22 0.0 -106.11 0.0
S092657 229.3091 21.8056 4.258e-18 4.359e-18 3.266e-18 0.0 -105.41 0.0
S092658 229.3257 21.8138 4.666e-24 1.461e-23 1.1299999999999998e-22 0.0 -105.23 0.0
S092659 229.1704 21.7594 7.850000000000001e-26 3.858e-25 7.441e-24 0.0 -106.31 0.0
S092660 229.4167 21.8937 2.994e-21 1.953e-21 5.871999999999999e-22 0.0 -105.19 0.0
S092661 229.2635 21.7955 1.721e-17 1.427e-17 7.096e-18 0.0 -105.93 0.0
S092662 229.4807 21.8345 3.747e-18 3.526e-18 2.311e-18 0.0 -104.97 0.0
S092663 229.1418 21.7723 3.563e-19 4.199e-19 4.265e-19 0.0 -106.3 0.0
S092664 229.2823 21.7956 8.059000000000001e-20 1.083e-19 1.419e-19 0.0 -105.93 0.0
S092665 229.3052 21.8063 5.518e-23 1.4379999999999998e-22 7.863999999999999e-22 0.0 -105.39 0.0
S092666 229.2892 21.7911 2.187e-23 6.509e-23 4.458999999999999e-22 0.0 -105.95 0.0
S092667 229.4357 21.8136 7.549e-24 2.356e-23 1.8139999999999998e-22 0.0 -105.18 0.0
S092668 229.2855 21.7992 8.704e-21 1.508e-20 3.2670000000000005e-20 0.0 -105.82 0.0
S092669 229.3776 21.8306 3.0629999999999997e-22 7.319e-22 3.174e-21 0.0 -104.94 0.0
S092670 229.4108 21.8357 2.015e-19 2.56e-19 3.1e-19 0.0 -104.91 0.0
S092671 229.3336 21.8444 7.636e-23 1.901e-22 9.021e-22 0.0 -105.36 0.0
S092672 229.2154 21.7577 2.764e-25 1.187e-24 1.777e-23 0.0 -106.17 0.0
S092673 229.2992 21.7943 5.365e-24 1.797e-23 1.5989999999999999e-22 0.0 -105.74 0.0
S092674 229.3065 21.797 7.247999999999999e-22 1.461e-21 4.665e-21 0.0 -105.72 0.0
S092675 229.1813 21.7727 6.704999999999999e-22 1.198e-21 2.9e-21 0.0 -106.27 0.0
S092676 229.4239 21.8189 5.977e-23 1.4269999999999998e-22 6.399e-22 0.0 -105.11 0.0
S092677 229.2311 21.778 5.001e-22 1.07e-21 3.838e-21 0.0 -106.22 0.0
S092678 229.2941 21.7935 3.46e-13 2.368e-13 8.205e-14 0.0 -105.86 0.0
S092679 229.2418 21.7819 1.986e-23 5.536e-23 3.303e-22 0.0 -106.18 0.0
S092680 229.2206 21.7714 3.6040000000000006e-20 5.32e-20 8.493e-20 0.0 -106.25 0.0
S092681 229.3122 21.8127 2.812e-19 3.532e-19 4.043e-19 0.0 -105.4 0.0
S092682 229.3361 21.771 5.515999999999999e-22 1.166e-21 3.913e-21 0.0 -105.66 0.0
S092683 229.3062 21.8071 2.795e-24 1.001e-23 1.0479999999999999e-22 0.0 -105.46 0.0
S092684 229.301 21.7998 4.8120000000000005e-26 2.624e-25 6.318e-24 0.0 -105.66 0.0
S092685 229.3077 21.7845 3.809e-18 3.771e-18 2.674e-18 0.0 -105.74 0.0
S092686 229.3528 21.8092 6.412e-22 1.311e-21 4.106e-21 0.0 -105.11 0.0
S092687 229.1211 21.8309 5.885999999999999e-22 1.275e-21 4.672e-21 0.0 -105.74 0.0
S092688 229.4782 21.8852 2.7279999999999996e-23 6.804e-23 3.342e-22 0.0 -105.04 0.0
S092689 229.2982 21.8025 1.67e-22 3.3009999999999997e-22 9.828e-22 0.0 -105.68 0.0
S092690 229.216 21.7939 1.3750000000000002e-20 2.1520000000000002e-20 4.0050000000000005e-20 0.0 -105.95 0.0
S092691 229.3463 21.8133 2.393e-21 4.387e-21 1.1170000000000001e-20 0.0 -105.07 0.0
S092692 229.2982 21.7778 7.363e-21 1.2360000000000001e-20 2.5700000000000002e-20 0.0 -105.75 0.0
S092693 229.3245 21.8107 5.68e-18 5.677e-18 4.121e-18 0.0 -105.22 0.0
S092694 229.4015 21.8264 9.68e-22 2.07e-21 7.143e-21 0.0 -104.96 0.0
S092695 229.2743 21.7787 5.582999999999999e-23 1.3969999999999998e-22 6.980999999999999e-22 0.0 -105.93 0.0
S092696 229.2954 21.8099 4.9170000000000005e-20 7.238000000000001e-20 1.191e-19 0.0 -105.51 0.0
S092697 229.2473 21.8039 2.9269999999999995e-22 6.662999999999999e-22 2.652e-21 0.0 -105.77 0.0
S092698 229.3072 21.818 1.031e-19 1.392e-19 1.926e-19 0.0 -105.42 0.0
S092699 229.3059 21.7309 2.429e-21 4.95e-21 1.488e-20 0.0 -105.73 0.0
S092700 229.4672 21.8073 9.941999999999999e-23 2.5789999999999996e-22 1.338e-21 0.0 -105.3 0.0
S092701 229.2738 21.7542 1.284e-16 9.799e-17 4.208e-17 0.0 -105.83 1.0
S092702 229.4276 21.8225 4.1639999999999998e-22 8.634e-22 2.82e-21 0.0 -105.12 0.0
S092703 229.6333 21.9061 3.303e-22 6.724e-22 2.078e-21 0.0 -104.82 0.0
S092704 229.2758 21.7958 9.015e-21 1.659e-20 4.417e-20 0.0 -105.93 0.0
S092705 229.2609 21.7511 1.476e-24 6.15e-24 8.604999999999999e-23 0.0 -105.91 0.0
S092706 229.5324 21.8867 1.122e-25 5.308000000000001e-25 9.98e-24 0.0 -104.94 0.0
S092707 229.2042 21.7786 5.559e-24 1.8499999999999998e-23 1.607e-22 0.0 -106.2 0.0
S092708 229.3767 21.8034 5.623e-17 7.035e-17 8.145e-17 0.0 -105.33 0.0
S092709 229.1248 21.765 9.604000000000001e-26 4.711e-25 9.6e-24 0.0 -106.24 0.0
S092710 229.3622 21.8143 1.627e-25 7.250000000000001e-25 1.183e-23 0.0 -105.03 0.0
S092711 229.4476 21.8337 1.6890000000000002e-20 2.8530000000000005e-20 6.078000000000001e-20 0.0 -105.0 0.0
S092712 229.4171 21.8043 1.621e-23 5.302e-23 4.489999999999999e-22 0.0 -105.28 0.0
S092713 229.3263 21.8035 3.038e-16 2.822e-16 1.689e-16 0.0 -105.31 0.0
S092714 229.1747 21.7932 1.88e-21 1.314e-21 4.511e-22 0.0 -106.14 0.0
S092715 229.3074 21.8017 2.71e-22 5.447e-22 1.725e-21 0.0 -105.44 0.0
S092716 229.3172 21.8081 2.3660000000000002e-20 3.4730000000000006e-20 5.470000000000001e-20 0.0 -105.36 0.0
S092717 229.2112 21.7676 6.643999999999999e-22 1.403e-21 4.718e-21 0.0 -106.15 0.0
S092718 229.5502 21.8697 2.767e-20 4.079e-20 6.672000000000001e-20 0.0 -104.8 0.0
S092719 229.2475 21.7739 2.46e-18 2.505e-18 1.892e-18 0.0 -106.09 0.0
S092720 229.285 21.8044 1.41e-18 1.479e-18 1.212e-18 0.0 -105.69 0.0
S092721 229.199 21.7881 2.889e-17 4.238e-17 6.472e-17 0.0 -106.18 0.0
S092722 229.3169 21.8026 4.397e-20 6.421e-20 9.998000000000001e-20 0.001 -105.45 0.0
S092723 229.5832 21.8815 4.196e-19 4.99e-19 5.08e-19 0.0 -104.82 0.0
S092724 229.3061 21.8397 3.358e-23 8.401e-23 4.0099999999999994e-22 0.0 -105.43 0.0
S092725 229.1955 21.7859 3.775e-17 4.697e-17 5.099e-17 0.0 -106.24 0.0
S092726 229.2911 21.8049 6.978e-23 1.7679999999999998e-22 8.679e-22 0.0 -105.78 0.0
S092727 229.3044 21.8062 4.4310000000000005e-26 2.256e-25 4.9419999999999996e-24 0.0 -105.38 0.0
S092728 229.4603 21.8111 6.199e-27 4.254e-26 1.768e-24 0.0 -105.29 0.0
S092729 229.3214 21.8297 1.044e-18 1.121e-18 9.238e-19 0.0 -105.24 0.0
S092730 229.2766 21.7959 2.438e-18 2.499e-18 1.872e-18 0.0 -105.88 0.0
S092731 229.3293 21.8034 1.2569999999999999e-22 3.1139999999999996e-22 1.505e-21 0.0 -105.32 0.0
S092732 229.3004 21.8206 2.544e-19 3.186e-19 3.732e-19 0.0 -105.44 0.0
S092733 229.3435 21.822 8.601e-17 8.968e-17 6.967e-17 0.0 -105.03 0.0
S092734 229.3685 21.822 2.624e-18 2.763e-18 2.196e-18 0.0 -104.99 0.0
S092735 229.2499 21.7409 1.3050000000000001e-20 2.126e-20 4.3450000000000004e-20 0.0 -105.87 0.0
S092736 229.2967 21.8015 9.208e-21 1.5650000000000002e-20 3.39e-20 0.0 -105.73 0.0
S092737 229.301 21.7966 2.9489999999999995e-22 6.818999999999999e-22 2.726e-21 0.0 -105.84 0.0
S092738 229.2799 21.7813 1.123e-20 1.729e-20 3.001e-20 0.0 -105.85 0.0
S092739 229.3 21.8051 2.421e-23 6.448e-23 3.5739999999999996e-22 0.0 -105.47 0.0
S092740 229.2221 21.8408 3.1829999999999997e-22 6.873e-22 2.507e-21 0.0 -105.58 0.0
S092741 229.315 21.8081 3.905e-22 1.079e-21 6.562e-21 0.0 -105.35 0.0
S092742 228.9122 21.7438 1.343e-21 2.687e-21 8.445e-21 0.0 -106.26 0.0
S092743 229.2665 21.8047 6.877000000000001e-25 2.903e-24 4.305e-23 0.0 -105.87 0.0
S092744 229.2834 21.802 2.5289999999999997e-22 5.778e-22 2.368e-21 0.0 -105.75 0.0
S092745 229.2973 21.8044 4.874999999999999e-22 1.068e-21 4.002e-21 0.0 -105.43 0.0
S092746 229.3095 21.803 1.63e-16 1.522e-16 9.808e-17 0.0 -105.51 0.0
S092747 229.3634 21.8229 1.437e-22 3.557e-22 1.628e-21 0.0 -105.01 0.0
S092748 229.3216 21.8151 6.298e-23 1.4689999999999999e-22 6.13e-22 0.0 -105.25 0.0
S092749 229.295 21.8029 7.646e-18 6.834e-18 3.92e-18 0.0 -105.65 0.0
S092750 229.4837 21.9271 1.319e-18 1.432e-18 1.192e-18 0.0 -105.23 0.0
S092751 229.369 21.8204 3.939e-23 1.11e-22 6.813e-22 0.0 -105.13 0.0
S092752 229.2695 21.7975 7.641999999999999e-22 1.6540000000000001e-21 5.877e-21 0.0 -106.0 0.0
S092753 229.3091 21.8003 5.932e-18 5.77e-18 3.802e-18 0.0 -105.54 0.0
S092754 229.3068 21.8013 4.861e-24 1.4369999999999998e-23 1.0289999999999999e-22 0.0 -105.56 0.0
S092755 229.2945 21.8029 1.773e-19 2.267e-19 2.822e-19 0.0 -105.69 0.0
S092756 229.278 21.7955 8.055999999999999e-24 2.371e-23 1.6019999999999998e-22 0.0 -105.91 0.0
S092757 229.2876 21.8069 1.937e-18 2.018e-18 1.595e-18 0.0 -105.63 0.0
S092758 229.3059 21.7997 2.866e-19 3.661e-19 4.232e-19 0.0 -105.61 0.0
S092759 229.4372 21.8252 1.689e-22 4.1029999999999997e-22 1.812e-21 0.0 -104.99 0.0
S092760 229.308 21.7928 1.469e-21 1.043e-21 3.742e-22 0.0 -105.75 0.0
S092761 229.3083 21.8081 5.037e-18 4.87e-18 3.291e-18 0.0 -105.38 0.0
S092762 229.1274 21.7217 1.807e-19 2.305e-19 2.731e-19 0.0 -106.17 0.0
S092763 229.2499 21.7508 1.403e-17 1.268e-17 7.769e-18 0.0 -105.89 0.0
S092764 229.3193 21.8152 2.093e-21 3.97e-21 1.078e-20 0.0 -105.27 0.0
S092765 229.388 21.8188 6.935e-18 6.682e-18 4.475e-18 0.0 -105.11 0.0
S092766 229.3468 21.7991 6.119e-21 1.0880000000000001e-20 2.574e-20 0.0 -105.48 0.0
S092767 229.3123 21.8029 3.09e-23 8.526e-23 5.046e-22 0.0 -105.38 0.0
S092768 229.194 21.7901 3.646e-19 4.465e-19 4.955e-19 0.0 -106.05 0.0
S092769 229.5335 21.8291 3.104e-21 5.413e-21 1.2810000000000001e-20 0.001 -105.11 0.0
S092770 229.296 21.8026 9.121e-22 1.999e-21 7.446e-21 0.0 -105.73 0.0
S092771 229.2398 21.7944 4.967e-18 1.225e-17 5.689e-17 0.0 -106.08 0.0
S092772 229.277 21.7898 2.173e-21 4.32e-21 1.2590000000000001e-20 0.0 -106.07 0.0
S092773 229.3127 21.82 1.817e-18 1.908e-18 1.549e-18 0.0 -105.34 0.0
S092774 229.2511 21.7874 1.1430000000000001e-20 1.7790000000000002e-20 3.139e-20 0.0 -106.12 0.0
S092775 229.4766 21.8309 1.7070000000000002e-20 2.7070000000000002e-20 5.1300000000000006e-20 0.0 -104.95 0.0
S092776 229.3989 21.8484 5.559e-23 1.556e-22 9.386e-22 0.0 -104.98 0.0
S092777 229.331 21.809 3.004e-19 3.744e-19 4.308e-19 0.0 -105.17 0.0
S092778 229.408 21.8268 3.7729999999999995e-22 9.456999999999999e-22 4.51e-21 0.0 -104.93 0.0
S092779 229.3075 21.7983 4.195e-20 6.057000000000001e-20 9.366000000000001e-20 0.0 -105.75 0.0
S092780 229.3759 21.8482 4.883e-21 8.749000000000001e-21 2.1710000000000003e-20 0.0 -105.2 0.0
S092781 229.2713 21.7959 3.397e-20 5.128e-20 8.918e-20 0.0 -105.98 0.0
S092782 229.128 21.7527 1.339e-23 3.91e-23 2.741e-22 0.0 -106.35 0.0
S092783 229.3125 21.7988 1.039e-23 2.902e-23 1.7789999999999997e-22 0.0 -105.52 0.0
S092784 229.2902 21.8051 2.032e-18 2.119e-18 1.725e-18 0.0 -105.69 0.0
S092785 229.2746 21.8058 8.015000000000001e-20 1.123e-19 1.571e-19 0.0 -105.81 0.0
S092786 229.3081 21.805 8.942e-22 6.794999999999999e-22 2.7859999999999995e-22 0.0 -105.4 0.0
S092787 229.1767 21.7827 6.287e-18 5.93e-18 3.717e-18 0.0 -106.16 0.0
S092788 229.2273 21.7875 5.441e-18 5.33e-18 3.733e-18 0.0 -106.18 0.0
S092789 229.3189 21.8176 1.295e-25 6.061e-25 1.114e-23 0.0 -105.28 0.0
S092790 229.2482 21.7924 1.584e-20 2.574e-20 4.976e-20 0.0 -106.14 0.0
S092791 229.2855 21.7934 1.1040000000000001e-21 2.213e-21 6.901e-21 0.0 -105.93 0.0
S092792 229.2251 21.7894 7.189e-19 8.262e-19 7.87e-19 0.0 -106.14 0.0
S092793 229.3334 21.7965 1.106e-16 9.118e-17 4.389e-17 0.0 -105.51 0.0
S092794 229.2904 21.7962 1.5e-22 4.1819999999999995e-22 2.507e-21 0.0 -105.85 0.0
S092795 229.3008 21.7992 6.037e-19 7.103e-19 7.211e-19 0.0 -105.73 0.0
S092796 229.4568 21.8464 9.240000000000001e-20 1.205e-19 1.508e-19 0.0 -104.88 0.0
S092797 229.1862 21.7911 2.639e-23 8.023999999999999e-23 5.770999999999999e-22 0.0 -106.05 0.0
S092798 229.3834 21.8234 1.317e-23 3.698e-23 2.347e-22 0.0 -104.98 0.0
S092799 229.2998 21.802 2.627e-17 2.278e-17 1.193e-17 0.0 -105.62 0.0
S092800 229.3783 21.802 4.9549999999999995e-22 1.083e-21 4.097e-21 0.0 -105.3 0.0
S092801 229.3052 21.8226 6.284e-19 7.211e-19 6.984e-19 0.0 -105.28 0.0
S092802 229.3559 21.8022 2.123e-17 1.865e-17 1.016e-17 0.0 -105.32 0.0
S092803 229.275 21.7737 7.497e-17 1.529e-16 4.796e-16 0.0 -105.94 0.0
S092804 229.2989 21.8032 1.752e-21 3.209e-21 8.044e-21 0.0 -105.61 0.0
S092805 229.1458 21.7423 2.467e-21 4.909e-21 1.522e-20 0.0 -106.21 0.0
S092806 229.2861 21.7913 1.53e-18 1.632e-18 1.346e-18 0.0 -105.94 1.0
S092807 229.2881 21.7924 1.973e-19 2.666e-19 3.631e-19 0.0 -105.92 0.0
S092808 228.9617 21.7163 1.209e-17 1.486e-17 1.615e-17 0.0 -106.4 0.0
S092809 229.3157 21.8168 2.574e-19 3.124e-19 3.416e-19 0.0 -105.13 0.0
S092810 229.2615 21.8045 6.089e-21 1.0710000000000001e-20 2.4060000000000003e-20 0.0 -105.77 0.0
S092811 229.1282 21.7695 8.539e-19 9.825e-19 9.764e-19 0.0 -106.27 0.0
S092812 229.3543 21.8182 1.945e-23 5.203e-23 2.9129999999999996e-22 0.0 -105.1 0.0
S092813 229.2941 21.8057 2.029e-21 1.397e-21 4.849999999999999e-22 0.0 -105.77 0.0
S092814 229.298 21.807 4.2129999999999996e-23 1.0249999999999999e-22 4.882e-22 0.0 -105.54 0.0
S092815 229.2073 21.7822 3.242e-20 4.7010000000000007e-20 7.297e-20 0.0 -106.24 0.0
S092816 229.192 21.7866 1.844e-21 3.535e-21 9.457e-21 0.0 -106.19 0.0
S092817 229.1247 21.755 2.665e-19 3.332e-19 3.806e-19 0.0 -106.34 0.0
S092818 229.2669 21.8062 1.42e-19 1.849e-19 2.387e-19 0.0 -105.68 0.0
S092819 229.3141 21.8118 3.372e-21 6.3430000000000005e-21 1.622e-20 0.0 -105.26 0.0
S092820 229.2035 21.7634 6.104e-22 1.173e-21 3.249e-21 0.0 -106.13 0.0
S092821 229.2959 21.8049 4.728e-25 1.841e-24 2.272e-23 0.001 -105.6 1.0
S092822 229.5859 21.8185 2.6379999999999998e-23 6.781999999999999e-23 3.4909999999999995e-22 0.0 -105.18 0.0
S092823 229.3225 21.8079 5.479e-18 5.424e-18 3.864e-18 0.0 -105.28 0.0
S092824 229.4788 21.906 5.015e-13 3.53e-13 1.207e-13 0.0 -105.1 0.0
S092825 229.2365 21.7906 1.248e-19 1.727e-19 2.506e-19 0.0 -106.1 0.0
S092826 229.172 21.7689 2.7069999999999997e-22 6.686999999999999e-22 3.007e-21 0.0 -106.31 0.0
S092827 229.3925 21.8296 9.976e-21 1.705e-20 3.7560000000000006e-20 0.0 -104.98 0.0
S092828 229.3246 21.8023 5.919e-18 7.962e-18 1.038e-17 0.0 -105.48 0.0
S092829 229.2749 21.7787 1.392e-21 2.524e-21 6.2600000000000005e-21 0.0 -106.0 0.0
S092830 229.2491 21.8134 4.402e-20 6.594e-20 1.098e-19 0.0 -105.75 0.0
S092831 229.3067 21.8276 8.953e-21 1.5170000000000002e-20 3.236e-20 0.0 -105.46 0.0
S092832 229.2005 21.7766 1.77e-21 1.231e-21 4.2149999999999997e-22 0.0 -106.18 0.0
S092833 229.3132 21.8326 1.881e-21 3.381e-21 8.025e-21 0.0 -105.07 0.0
S092834 229.3244 21.7797 4.721e-20 6.773e-20 1.018e-19 0.0 -105.88 0.0
S092835 229.3466 21.787 1.017e-18 1.121e-18 9.565e-19 0.0 -105.23 0.0
S092836 229.2344 21.8063 2.4410000000000001e-26 1.453e-25 4.379e-24 0.0 -106.11 0.0
S092837 229.2737 21.8124 1.2640000000000001e-20 2.146e-20 4.6190000000000006e-20 0.0 -105.94 0.0
S092838 229.2291 21.797 1.938e-21 3.897e-21 1.2170000000000001e-20 0.0 -106.18 0.0
S092839 229.3569 21.7861 2.3859999999999998e-23 6.631999999999999e-23 4.1759999999999996e-22 0.0 -105.43 0.0
S092840 229.277 21.8096 3.1000000000000002e-21 5.93e-21 1.6410000000000002e-20 0.0 -105.67 0.0
S092841 229.2282 21.8126 9.104999999999999e-23 2.582e-22 1.647e-21 0.0 -106.07 0.0
S092842 229.3713 21.7899 2.823e-17 2.483e-17 1.384e-17 0.0 -105.28 0.0
S092843 229.3401 21.8021 1.246e-21 9.022e-22 3.4249999999999995e-22 0.0 -105.28 0.0
S092844 229.3037 21.8094 2.517e-22 5.224e-22 1.73e-21 0.0 -105.45 0.0
S092845 229.1413 21.7907 1.228e-18 1.347e-18 1.167e-18 0.0 -106.29 0.0
S092846 229.2539 21.7938 1.958e-21 3.854e-21 1.1460000000000002e-20 0.0 -106.01 0.0
S092847 229.2518 21.7863 1.4850000000000002e-20 2.4160000000000003e-20 4.6870000000000007e-20 0.0 -105.93 0.0
S092848 229.2753 21.8129 3.9430000000000005e-20 5.748000000000001e-20 9.176e-20 0.0 -105.78 0.0
S092849 229.2883 21.7728 3.1069999999999996e-22 7.755999999999999e-22 3.733e-21 0.0 -105.97 0.0
S092850 229.2866 21.7953 2.1660000000000002e-20 3.423e-20 6.223000000000001e-20 0.0 -105.8 0.0
S092851 229.2826 21.7967 2.495e-21 5.19e-21 1.695e-20 0.0 -105.91 0.0
S092852 229.3219 21.7905 6.6e-16 4.77e-16 1.857e-16 0.0 -105.61 0.0
S092853 229.3477 21.827 4.423e-20 6.638e-20 1.122e-19 0.0 -105.03 0.0
S092854 229.355 21.8225 1.233e-19 1.686e-19 2.41e-19 0.0 -105.04 0.0
S092855 229.2818 21.8364 2.55e-21 1.688e-21 5.433e-22 0.0 -105.18 0.0
S092856 229.2631 21.7905 2.892e-17 2.468e-17 1.329e-17 0.0 -105.89 0.0
S092857 229.3588 21.8097 2.943e-18 3.194e-18 2.643e-18 0.0 -105.06 0.0
S092858 229.2245 21.7668 2.012e-22 4.903999999999999e-22 2.28e-21 0.0 -106.25 0.0
S092859 229.317 21.7968 3.9099999999999997e-22 9.409e-22 4.312e-21 0.0 -105.54 0.0
S092860 229.3216 21.7876 4.015e-20 5.931e-20 9.592e-20 0.0 -105.71 0.0
S092861 229.25 21.8181 2.533e-22 6.109999999999999e-22 2.697e-21 0.0 -106.15 0.0
S092862 229.2459 21.765 3.77e-18 3.649e-18 2.552e-18 0.0 -106.2 0.0
S092863 229.2868 21.8138 2.968e-20 4.775e-20 9.438e-20 0.0 -105.52 0.0
S092864 229.3663 21.8192 2.648e-18 2.681e-18 1.998e-18 0.0 -105.0 0.0
S092865 229.3248 21.8486 1.813e-17 1.663e-17 9.854e-18 0.0 -104.93 0.0
S092866 229.2877 21.7785 1.843e-17 3.203e-17 7.209e-17 0.0 -106.05 0.0
S092867 229.3868 21.8062 1.615e-21 1.143e-21 3.9879999999999994e-22 0.0 -105.14 0.0
S092868 229.3446 21.8118 6.249e-23 1.5269999999999998e-22 6.897999999999999e-22 0.0 -105.12 0.0
S092869 229.1985 21.8009 7.720000000000001e-20 1.089e-19 1.619e-19 0.0 -106.0 0.0
S092870 229.2892 21.8176 2.668e-18 2.718e-18 1.995e-18 0.0 -105.3 0.0
S092871 229.2683 21.7913 8.287e-13 6.96e-13 3.519e-13 0.0 -106.02 1.0
S092872 229.3117 21.814 3.076e-20 4.4560000000000004e-20 6.759e-20 0.0 -105.38 0.0
S092873 229.4058 21.803 1.607e-21 3.096e-21 8.775e-21 0.0 -104.97 0.0
S092874 229.3939 21.7938 8.476999999999999e-22 1.886e-21 7.01e-21 0.0 -105.03 0.0
S092875 229.3932 21.8385 9.587e-17 7.532e-17 3.267e-17 0.0 -105.06 0.0
S092876 229.2495 21.8224 1.265e-22 2.689e-22 9.3e-22 0.0 -105.9 0.0
S092877 229.2605 21.8129 2.48e-16 1.918e-16 8.391e-17 0.0 -106.08 1.0
S092878 229.2861 21.8098 9.879e-19 1.076e-18 9.553e-19 0.0 -105.6 0.0
S092879 229.2337 21.7779 1.32e-21 2.3630000000000002e-21 5.951e-21 0.0 -106.11 0.0
S092880 229.2547 21.7917 2.55e-21 4.683e-21 1.2190000000000001e-20 0.0 -106.09 0.0
S092881 229.2781 21.7986 1.269e-21 9.139e-22 3.408e-22 0.0 -105.88 0.0
S092882 229.3641 21.7775 1.36e-17 1.333e-17 9.107e-18 0.0 -105.54 0.0
S092883 229.2685 21.7953 1.736e-16 1.345e-16 5.868e-17 0.0 -106.0 1.0
S092884 229.4052 21.8092 2.002e-23 5.775e-23 3.6849999999999995e-22 0.0 -104.99 0.0
S092885 229.3277 21.7917 1.558e-21 3.194e-21 9.702e-21 0.0 -105.52 0.0
S092886 229.3374 21.8067 4.623999999999999e-22 9.712e-22 3.218e-21 0.0 -105.33 0.0
S092887 229.3666 21.8225 9.512e-18 8.873e-18 5.312e-18 0.0 -105.0 0.0
S092888 229.2757 21.8273 1.4419999999999998e-22 3.3749999999999997e-22 1.393e-21 0.0 -105.3 0.0
S092889 229.3343 21.7954 2.225e-17 1.952e-17 1.074e-17 0.0 -105.48 0.0
S092890 229.3619 21.827 4.963e-23 1.4459999999999998e-22 9.151e-22 0.0 -105.23 0.0
S092891 229.1922 21.7978 2.097e-18 2.163e-18 1.648e-18 0.0 -106.15 0.0
S092892 229.2367 21.795 8.665e-17 6.866e-17 3.158e-17 0.0 -105.98 1.0
S092893 229.3403 21.8143 8.767e-17 7.105e-17 3.388e-17 0.0 -105.32 0.0
S092894 229.3222 21.8228 8.694999999999999e-23 2.182e-22 1.063e-21 0.0 -105.06 0.0
S092895 229.3165 21.8168 1.664e-21 3.254e-21 9.318e-21 0.0 -105.17 0.0
S092896 229.2702 21.824 1.585e-21 1.103e-21 3.95e-22 0.0 -105.02 0.0
S092897 229.3847 21.8005 9.918e-23 2.496e-22 1.242e-21 0.0 -105.14 0.0
S092898 229.249 21.7972 1.062e-17 9.847e-18 5.893e-18 0.0 -105.99 0.0
S092899 229.2552 21.8026 4.1030000000000004e-20 6.111e-20 1.015e-19 0.0 -105.95 0.0
S092900 229.3428 21.8297 8.359e-20 1.132e-19 1.498e-19 0.0 -104.97 0.0
S092901 229.2892 21.8348 1.7980000000000002e-21 1.256e-21 4.378e-22 0.0 -104.98 0.0
S092902 229.2939 21.8184 6.514e-17 5.191e-17 2.42e-17 0.0 -105.36 0.0
S092903 229.3822 21.7927 5.312e-17 6.482e-17 7.069e-17 0.0 -105.23 0.0
S092904 229.3546 21.8205 5.75e-18 5.913e-18 4.389e-18 0.0 -105.1 0.0
S092905 229.2743 21.816 6.532e-18 6.301e-18 4.173e-18 0.0 -105.6 0.0
S092906 229.2887 21.8125 1.854e-21 1.292e-21 4.488e-22 0.0 -105.58 0.0
S092907 229.3353 21.7507 9.56e-21 1.619e-20 3.492e-20 0.0 -106.09 0.0
S092908 229.3894 21.8132 1.368e-17 1.281e-17 7.932e-18 0.0 -105.0 0.0
S092909 229.325 21.8184 1.616e-18 1.772e-18 1.515e-18 0.0 -105.21 0.0
S092910 229.3058 21.7996 1.542e-21 3.139e-21 9.602e-21 0.0 -105.61 0.0
S092911 229.2668 21.7814 1.809e-17 1.526e-17 7.757e-18 0.0 -106.13 0.0
S092912 229.2256 21.8098 4.632e-17 5.188e-17 4.827e-17 0.0 -106.1 0.0
S092913 229.3755 21.8164 1.4160000000000002e-20 2.3820000000000003e-20 5.1790000000000005e-20 0.0 -105.01 0.0
S092914 229.3106 21.8146 2.871e-20 4.5090000000000005e-20 8.419000000000001e-20 0.0 -105.39 0.0
S092915 229.2979 21.7991 4.711e-19 5.554e-19 5.689e-19 0.0 -105.7 0.0
S092916 229.3832 21.7939 2.5809999999999997e-22 5.931999999999999e-22 2.443e-21 0.0 -105.24 1.0
S092917 229.3675 21.8363 1.187e-13 1.695e-13 2.495e-13 0.0 -105.04 0.0
S092918 229.3016 21.7771 1.248e-16 1.237e-16 8.516e-17 0.0 -105.99 0.0
S092919 229.3429 21.8466 1.239e-16 1.257e-16 9.523e-17 0.0 -104.92 0.0
S092920 229.284 21.7815 8.221e-20 1.159e-19 1.701e-19 0.0 -105.91 0.0
S092921 229.3326 21.7868 6.899000000000001e-25 2.841e-24 3.767e-23 0.0 -105.6 0.0
S092922 229.2609 21.7891 6.394e-21 1.021e-20 1.943e-20 0.0 -106.1 0.0
S092923 229.3557 21.83 7.128e-21 1.3160000000000001e-20 3.305e-20 0.0 -105.02 0.0
S092924 229.2628 21.8082 7.292000000000001e-20 1.08e-19 1.78e-19 0.0 -105.8 0.0
S092925 229.3138 21.8296 1.89e-21 1.292e-21 4.535999999999999e-22 0.0 -105.08 0.0
S092926 229.3259 21.8108 3.1710000000000004e-20 5.0330000000000006e-20 9.347000000000001e-20 0.0 -105.28 0.0
S092927 229.3186 21.8045 1.275e-19 1.639e-19 1.967e-19 0.0 -105.38 0.0
S092928 229.3404 21.813 1.276e-17 1.148e-17 6.668e-18 0.0 -105.32 0.0
S092929 229.2589 21.7939 2.198e-24 7.732e-24 7.977e-23 0.0 -105.98 0.0
S092930 229.2703 21.7841 1.0070000000000001e-20 1.656e-20 3.394e-20 0.0 -105.95 0.0
S092931 229.2941 21.7897 3.628e-21 7.11e-21 1.991e-20 0.0 -105.88 0.0
S092932 229.2732 21.8003 3.068e-18 3.154e-18 2.343e-18 0.0 -105.82 0.0
S092933 229.158 21.7745 3.765e-18 3.771e-18 2.801e-18 0.0 -106.29 0.0
S092934 229.2626 21.7757 9.332e-17 8.97e-17 6.148e-17 0.0 -106.16 0.0
S092935 229.2116 21.7988 3.677e-19 4.229e-19 4.126e-19 0.0 -106.14 0.0
S092936 229.3077 21.7914 7.720000000000001e-20 1.129e-19 1.818e-19 0.0 -105.75 0.0
S092937 229.3623 21.8147 3.395e-21 6.044e-21 1.407e-20 0.0 -105.26 0.0
S092938 229.3923 21.8342 4.4460000000000006e-20 6.309000000000001e-20 9.191000000000001e-20 0.0 -104.95 0.0
S092939 229.257 21.7837 4.865e-18 4.678e-18 3.093e-18 0.0 -106.0 0.0
S092940 229.1877 21.8079 1.693e-21 1.172e-21 4.2049999999999995e-22 0.0 -106.06 0.0
S092941 229.2222 21.7945 1.153e-16 9.193e-17 4.195e-17 0.0 -106.18 0.0
S092942 229.2002 21.7904 1.044e-18 1.121e-18 9.549e-19 0.0 -106.12 0.0
S092943 229.3158 21.827 1.8220000000000002e-21 1.252e-21 4.3899999999999995e-22 0.0 -105.06 0.0
S092944 229.3953 21.8172 1.0200000000000002e-20 1.67e-20 3.3440000000000004e-20 0.0 -105.01 0.0
S092945 229.3605 21.836 1.933e-21 1.309e-21 4.5089999999999995e-22 0.0 -104.97 0.0
S092946 229.2972 21.8004 2.173e-21 1.507e-21 5.095e-22 0.0 -105.69 0.0
S092947 229.1877 21.7714 7.035e-18 7.005e-18 4.921e-18 0.0 -106.28 0.0
S092948 229.3305 21.7889 1.26e-19 1.701e-19 2.277e-19 0.0 -105.46 0.0
S092949 229.2301 21.8082 1.831e-17 1.551e-17 8.25e-18 0.0 -106.16 0.0
S092950 229.339 21.8175 2.25e-18 2.304e-18 1.758e-18 0.0 -105.24 0.0
S092951 229.2119 21.8038 2.224e-21 4.61e-21 1.553e-20 0.0 -106.17 0.0
S092952 229.381 21.8181 5.101999999999999e-22 1.173e-21 4.906e-21 0.0 -104.98 0.0
S092953 229.3253 21.8016 1.6270000000000002e-20 2.5690000000000002e-20 4.6890000000000005e-20 0.0 -105.39 0.0
S092954 229.3482 21.8213 1.518e-23 4.6939999999999996e-23 3.6709999999999996e-22 0.0 -105.15 0.0
S092955 229.2849 21.7815 1.016e-16 8.519e-17 4.165e-17 0.0 -106.09 0.0
S092956 229.2307 21.8317 5.462e-18 5.129e-18 3.237e-18 0.0 -105.71 0.0
S092957 229.3652 21.7663 2.343e-18 2.401e-18 1.841e-18 0.0 -105.66 0.0
S092958 229.3134 21.8084 4.841e-18 4.853e-18 3.51e-18 0.0 -105.43 0.0
S092959 229.2203 21.7522 2.002e-21 1.3330000000000001e-21 4.437e-22 0.0 -106.28 0.0
S092960 229.2576 21.793 3.399e-19 4.375e-19 5.247e-19 0.0 -105.95 0.0
S092961 229.3301 21.792 8.036000000000001e-20 1.065e-19 1.407e-19 0.0 -105.51 0.0
S092962 229.2758 21.8107 1.563e-21 3.236e-21 1.0080000000000002e-20 0.0 -105.67 0.0
S092963 229.2574 21.7714 1.758e-23 4.6579999999999995e-23 2.5489999999999996e-22 0.0 -106.13 0.0
S092964 229.2881 21.7894 1.115e-19 1.458e-19 1.866e-19 0.0 -105.86 0.0
S092965 229.2301 21.8001 6.229999999999999e-22 1.282e-21 4.201e-21 0.0 -106.16 0.0
S092966 229.2597 21.8289 1.966e-19 2.413e-19 2.628e-19 0.0 -105.37 0.0
S092967 229.3706 21.7972 2.409e-17 2.056e-17 1.108e-17 0.0 -105.18 0.0
S092968 229.3413 21.8295 1.792e-17 1.585e-17 9.03e-18 0.0 -105.04 0.0
S092969 229.2896 21.7758 1.3229999999999998e-22 3.0999999999999997e-22 1.262e-21 0.0 -106.1 0.0
S092970 229.3198 21.8321 1.158e-24 4.135e-24 4.296e-23 0.0 -105.01 0.0
S092971 229.3393 21.8036 1.72e-21 1.189e-21 4.1929999999999997e-22 0.0 -105.37 0.0
S092972 229.2813 21.8156 2.361e-17 2.073e-17 1.145e-17 0.0 -105.5 0.0
S092973 229.2554 21.8085 9.218e-21 1.635e-20 3.919e-20 0.0 -105.96 0.0
S092974 229.3384 21.8229 2.287e-25 1.028e-24 1.713e-23 0.0 -105.18 0.0
S092975 229.3952 21.7855 5.157e-17 4.238e-17 2.042e-17 0.0 -105.33 0.0
S092976 229.3121 21.8139 5.504e-18 5.396e-18 3.754e-18 0.0 -105.31 0.0
S092977 229.3912 21.8158 1.5909999999999999e-24 5.952e-24 7.001e-23 0.0 -105.02 0.0
S092978 229.2792 21.7885 1.904e-17 2.976e-17 5.37e-17 0.0 -105.87 0.0
S092979 229.3127 21.8232 3.816e-23 9.748999999999999e-23 4.808e-22 0.0 -105.16 0.0
S092980 229.303 21.8104 2.54e-22 6.168999999999999e-22 2.9e-21 0.0 -105.47 0.0
S092981 229.2238 21.8173 1.053e-21 1.93e-21 4.783e-21 0.0 -105.85 0.0
S092982 229.2036 21.7788 1.235e-20 2.1480000000000002e-20 4.8330000000000006e-20 0.0 -106.22 0.0
S092983 229.2415 21.7905 5.674e-19 6.798e-19 6.958e-19 0.0 -106.17 0.0
S092984 229.3212 21.8115 3.1149999999999997e-22 6.285999999999999e-22 2.039e-21 0.0 -105.24 0.0
S092985 229.2576 21.7903 3.465e-19 4.118e-19 4.141e-19 0.0 -106.11 0.0
S092986 229.2553 21.792 3.747e-23 1.0309999999999999e-22 6.183999999999999e-22 0.0 -106.1 0.0
S092987 229.285 21.7908 3.3599999999999997e-22 8.034999999999999e-22 3.484e-21 0.0 -105.94 0.0
S092988 229.2416 21.7887 8.029e-21 1.394e-20 3.18e-20 0.001 -106.16 0.0
S092989 229.2753 21.7872 1.9110000000000002e-21 1.3150000000000001e-21 4.517e-22 0.0 -106.11 0.0
S092990 229.2602 21.7887 4.881e-21 9.262000000000001e-21 2.515e-20 0.0 -106.11 0.0
S092991 229.3416 21.8167 1.6510000000000002e-20 2.5280000000000002e-20 4.3850000000000005e-20 0.0 -105.08 0.0
S092992 229.3429 21.8227 2.116e-23 6.082e-23 3.8139999999999997e-22 0.0 -105.05 0.0
S092993 229.341 21.8181 8.297e-13 6.393e-13 2.682e-13 0.0 -105.06 1.0
S092994 229.2531 21.7903 2.622e-22 5.983e-22 2.346e-21 0.0 -106.12 0.0
S092995 229.3341 21.8123 2.237e-17 3.027e-17 4.059e-17 0.0 -105.14 0.0
S092996 229.3387 21.8209 1.609e-13 1.126e-13 4.018e-14 0.0 -105.07 0.0
S092997 229.2362 21.7776 1.744e-21 3.301e-21 8.684e-21 0.0 -106.19 0.0
S092998 229.2693 21.7989 2.075e-21 1.41e-21 4.740999999999999e-22 0.0 -105.97 0.0
S092999 229.2581 21.7951 9.567e-13 7.06e-13 2.737e-13 0.0 -106.06 0.0
S093000 229.266 21.7942 1.02e-21 2.176e-21 7.268e-21 0.0 -106.05 0.0
S093001 229.3012 21.8044 1.3860000000000002e-20 2.3660000000000002e-20 5.2890000000000006e-20 0.0 -105.5 0.0
S093002 229.2466 21.788 2.338e-18 2.392e-18 1.847e-18 0.0 -106.14 0.0
S093003 229.2727 21.7944 2.156e-16 1.61e-16 6.457e-17 0.0 -106.02 0.0
S093004 229.3482 21.8197 1.23e-21 8.987999999999999e-22 3.3349999999999995e-22 0.0 -105.03 0.0
S093005 229.3372 21.8089 6.676e-14 4.427e-14 1.426e-14 0.0 -105.14 0.0
S093006 229.2348 21.7832 1.362e-16 1.042e-16 4.292e-17 0.0 -106.21 1.0
S093007 229.2474 21.7837 1.294e-18 1.468e-18 1.308e-18 0.0 -106.19 0.0
S093008 229.2685 21.7917 4.104e-19 5.381e-19 6.841e-19 0.0 -106.08 0.0
S093009 229.3509 21.8158 2.116e-21 3.908e-21 1.0080000000000002e-20 0.0 -105.07 0.0
S093010 229.3354 21.8152 1.8220000000000002e-21 1.259e-21 4.393e-22 0.0 -105.1 0.0
S093011 229.2522 21.7862 1.233e-16 1.004e-16 4.673e-17 0.0 -106.14 0.0
S093012 229.2631 21.7888 2.217e-21 4.41e-21 1.2970000000000001e-20 0.0 -106.09 0.0
S093013 229.3397 21.8156 3.753e-18 3.789e-18 2.752e-18 0.0 -105.09 0.0
S093014 229.3233 21.8115 5.575e-13 4.828e-13 2.621e-13 0.0 -105.2 1.0
S093015 229.3543 21.8215 2.85e-24 9.751e-24 9.01e-23 0.0 -105.06 0.0
S093016 229.338 21.8147 1.3850000000000002e-20 2.2440000000000003e-20 4.383e-20 0.0 -105.11 0.0
S093017 229.2481 21.7902 5.631e-21 1.035e-20 2.571e-20 0.0 -106.12 0.0
S093018 229.3509 21.8235 3.57e-19 4.296e-19 4.604e-19 0.0 -105.03 0.0
S093019 229.3531 21.8155 2.034e-17 1.847e-17 1.105e-17 0.0 -105.03 0.0
S093020 229.2176 21.7755 4.1910000000000006e-20 5.983e-20 8.921e-20 0.0 -106.23 0.0
S093021 229.3314 21.8107 6.961e-13 5.096e-13 1.932e-13 0.0 -105.17 0.0
S093022 229.3469 21.8166 6.487e-22 1.383e-21 4.7140000000000004e-21 0.0 -105.06 0.0
S093023 229.2699 21.7897 6.083e-19 7.184e-19 7.102e-19 0.0 -106.08 0.0
S093024 229.2457 21.7932 7.990999999999999e-22 1.733e-21 6.166e-21 0.0 -106.12 0.0
S093025 229.2505 21.7896 4.372e-18 4.433e-18 3.18e-18 0.0 -106.13 1.0
S093026 229.354 21.8194 2.451e-21 4.482e-21 1.1240000000000001e-20 0.0 -105.04 0.0
S093027 229.3262 21.8154 3.131e-16 2.781e-16 1.564e-16 0.0 -105.16 0.0
S093028 229.356 21.8237 2.7350000000000005e-20 4.1640000000000005e-20 7.246e-20 0.0 -105.0 0.0
S093029 229.2606 21.7914 2.065e-19 2.695e-19 3.222e-19 0.0 -106.09 0.0
S093030 229.2475 21.7808 8.904000000000001e-21 1.4790000000000002e-20 3.1160000000000004e-20 0.0 -106.17 0.0
S093031 229.2373 21.787 4.959e-13 3.562e-13 1.31e-13 0.0 -106.18 0.0
S093032 229.3402 21.8134 5.206e-23 1.263e-22 5.63e-22 0.0 -105.09 0.0
S093033 229.2641 21.7936 9.356e-18 8.694e-18 5.325e-18 0.0 -106.07 0.0
S093034 229.374 21.8242 9.2e-18 8.711e-18 5.756e-18 0.0 -104.98 0.0
S093035 229.3768 21.8236 1.701e-17 1.516e-17 8.314e-18 0.0 -104.99 0.0
S093036 229.3528 21.8167 2.9879999999999996e-22 6.917e-22 2.857e-21 0.0 -105.05 0.0
S093037 229.2401 21.7853 4.622e-19 5.338e-19 5.333e-19 0.0 -106.18 0.0
S093038 229.2643 21.7921 4.347e-17 3.497e-17 1.62e-17 0.0 -106.08 0.0
S093039 229.2395 21.7863 3.347e-22 7.806999999999999e-22 3.28e-21 0.001 -106.18 0.0
S093040 229.371 21.817 4.292e-19 5.139e-19 5.253e-19 0.0 -105.01 0.0
S093041 229.2393 21.7832 1.5609999999999998e-22 3.5919999999999998e-22 1.503e-21 0.0 -106.18 0.0
S093042 229.2436 21.7907 1.871e-18 2.119e-18 1.937e-18 0.0 -106.16 0.0
S093043 229.3514 21.8203 1.839e-20 3.031e-20 5.892e-20 0.0 -105.06 0.0
S093044 229.2638 21.7922 4.2480000000000004e-20 6.751000000000001e-20 1.307e-19 0.0 -106.02 0.0
S093045 229.3632 21.814 9.144e-23 1.9689999999999998e-22 6.896999999999999e-22 0.0 -105.04 0.0
S093046 229.3724 21.8191 3.006e-24 9.973e-24 9.057999999999999e-23 0.0 -104.98 0.0
S093047 229.3405 21.8206 1.891e-21 1.294e-21 4.400999999999999e-22 0.0 -105.13 0.0
S093048 229.2485 21.7922 7.553000000000001e-20 1.034e-19 1.395e-19 0.0 -106.12 0.0
S093049 229.2652 21.7869 2.429e-21 1.6480000000000001e-21 5.347e-22 0.0 -106.1 0.0
S093050 229.2419 21.7861 1.8020000000000003e-20 2.9160000000000004e-20 5.627e-20 0.0 -106.18 0.0
S093051 229.228 21.782 8.086e-18 7.39e-18 4.272e-18 0.0 -106.21 0.0
S093052 229.354 21.8217 2.6730000000000002e-20 3.99e-20 6.451e-20 0.001 -105.04 0.0
S093053 229.2341 21.7762 9.532e-18 8.931e-18 5.639e-18 0.0 -106.19 0.0
S093054 229.2498 21.7863 9.856e-17 7.824e-17 3.555e-17 0.0 -106.15 1.0
S093055 229.3634 21.8225 4.676e-19 5.712e-19 6.09e-19 0.0 -105.04 0.0
S093056 229.2538 21.7854 4.4260000000000006e-20 6.009e-20 8.35e-20 0.0 -106.16 0.0
S093057 229.3497 21.8145 1.4370000000000001e-21 1.017e-21 3.609e-22 0.0 -105.07 0.0
S093058 229.2391 21.7846 6.592000000000001e-20 9.389000000000001e-20 1.369e-19 0.0 -106.17 0.0
S093059 229.2292 21.7822 3.4e-22 8.206999999999999e-22 3.657e-21 0.001 -106.17 0.0
S093060 229.2438 21.783 2.035e-19 2.744e-19 3.613e-19 0.0 -106.16 0.0
S093061 229.3507 21.8148 2.703e-17 3.521e-17 4.272e-17 0.0 -105.05 0.0
S093062 229.2577 21.7893 7.748e-17 6.483e-17 3.269e-17 0.0 -106.12 0.0
S093063 229.2346 21.7838 3.717e-13 2.527e-13 8.809e-14 0.0 -106.18 0.0
S093064 229.2529 21.7865 1.9230000000000002e-21 3.974e-21 1.2840000000000002e-20 0.0 -106.15 0.0
S093065 229.2233 21.7808 4.965e-19 6.052e-19 6.329e-19 0.0 -106.21 0.0
S093066 229.2225 21.7863 8.425e-19 9.589e-19 8.912e-19 0.0 -106.23 0.0
S093067 229.231 21.7808 3.361e-24 1.071e-23 8.341e-23 0.0 -106.19 0.0
S093068 229.2212 21.7811 1.461e-17 1.377e-17 8.521e-18 0.0 -106.22 0.0
S093069 229.3524 21.8228 5.591e-19 6.432e-19 6.006e-19 0.0 -105.06 0.0
S093070 229.2165 21.7829 4.7580000000000005e-20 7.097000000000001e-20 1.136e-19 0.0 -106.23 0.0
S093071 229.3684 21.8214 6.033000000000001e-20 8.284000000000001e-20 1.166e-19 0.0 -105.0 0.0
S093072 229.3664 21.8212 7.459e-17 6.769e-17 3.946e-17 0.0 -104.99 0.0
S093073 229.3634 21.8199 5.958000000000001e-20 8.528e-20 1.274e-19 0.0 -105.01 0.0
S093074 229.2238 21.7774 2.434e-23 7.212e-23 5.128999999999999e-22 0.0 -106.21 0.0
S093075 229.2267 21.78 1.231e-21 2.427e-21 7.23e-21 0.0 -106.2 0.0
S093076 229.2519 21.7878 6.994e-23 1.693e-22 7.493999999999999e-22 0.0 -106.13 0.0
S093077 229.3585 21.8206 1.01e-23 2.971e-23 2.0369999999999999e-22 0.0 -105.0 0.0
S093078 229.3486 21.8217 2.298e-18 2.372e-18 1.742e-18 0.0 -105.08 0.0
S093079 229.3666 21.8217 8.258e-24 2.486e-23 1.826e-22 0.0 -104.98 0.0
S093080 229.3609 21.8229 4.149e-21 8.007e-21 2.2000000000000002e-20 0.0 -105.02 0.0
S093081 229.3566 21.8218 2.1849999999999996e-22 5.056999999999999e-22 2.13e-21 0.0 -105.02 0.0
S093082 229.3644 21.8238 8.243e-13 5.973e-13 2.241e-13 0.0 -105.0 0.0
S093083 229.2489 21.7866 4.897e-18 4.683e-18 3.154e-18 0.0 -106.14 0.0
S093084 229.3601 21.8255 3.036e-18 2.959e-18 1.98e-18 0.0 -105.01 0.0
S093085 229.228 21.7735 4.195e-24 1.3509999999999998e-23 1.1259999999999998e-22 0.0 -106.21 0.0
S093086 229.2439 21.7838 7.128e-23 1.808e-22 8.765e-22 0.0 -106.17 0.0
S093087 229.3703 21.8273 4.608e-24 1.4549999999999998e-23 1.1939999999999999e-22 0.0 -104.97 0.0
S093088 229.2409 21.7859 2.214e-22 5.0889999999999995e-22 2.132e-21 0.0 -106.17 0.0
S093089 229.2532 21.782 2.61e-17 2.263e-17 1.21e-17 0.0 -106.11 0.0
S093090 229.3779 21.8208 1.5260000000000001e-21 1.065e-21 3.8289999999999997e-22 0.0 -104.99 0.0
S093091 229.3737 21.8253 1.74e-23 4.443e-23 2.2739999999999996e-22 0.0 -104.98 0.0
S093092 229.2308 21.7863 1.834e-19 2.298e-19 2.652e-19 0.0 -106.2 0.0
S093093 229.3625 21.822 1.953e-16 1.891e-16 1.245e-16 0.0 -105.0 0.0
S093094 229.369 21.8185 8.598e-19 9.857e-19 9.301e-19 0.0 -105.03 0.0
S093095 229.2167 21.7796 1.572e-16 1.339e-16 7.215e-17 0.0 -106.22 0.0
S093096 229.2378 21.783 4.543e-24 1.595e-23 1.574e-22 0.0 -106.19 0.0
S093097 229.3692 21.8256 1.3909999999999999e-22 3.6579999999999997e-22 1.907e-21 0.0 -105.02 0.0
S093098 229.2353 21.7722 1.05e-18 1.203e-18 1.136e-18 0.0 -106.21 0.0
S093099 229.3778 21.8292 1.187e-18 1.255e-18 9.817e-19 0.0 -104.96 0.0
S093100 229.2265 21.7784 8.607e-19 9.659e-19 8.668e-19 0.0 -106.22 0.0
S093101 229.3768 21.8293 3.09e-19 3.719e-19 3.887e-19 0.0 -104.97 0.0
S093102 229.3622 21.8193 8.819e-22 1.885e-21 6.647e-21 0.0 -105.0 0.0
S093103 229.368 21.8254 2.167e-19 2.717e-19 3.248e-19 0.0 -105.0 0.0
S093104 229.367 21.8298 7.152999999999999e-22 1.433e-21 4.201e-21 0.0 -104.97 0.0
S093105 229.2249 21.7811 1.1e-21 2.153e-21 6.374e-21 0.0 -106.22 0.0
S093106 229.3891 21.8313 1.344e-17 1.164e-17 6.175e-18 0.0 -104.96 0.0
S093107 229.2285 21.7782 3.693e-18 3.758e-18 2.87e-18 0.0 -106.2 0.0
S093108 229.3792 21.8292 2.184e-20 3.2200000000000004e-20 5.1e-20 0.0 -104.97 0.0
S093109 229.3761 21.8266 2.708e-17 2.364e-17 1.266e-17 0.0 -104.99 0.0
S093110 229.3716 21.8287 5.106e-22 1.058e-21 3.494e-21 0.0 -104.97 0.0
S093111 229.3729 21.8204 1.222e-21 2.513e-21 8.084e-21 0.0 -105.01 0.0
S093112 229.1987 21.7708 1.383e-18 1.702e-18 1.795e-18 0.0 -106.28 0.0
S093113 229.3862 21.8291 2.821e-16 2.071e-16 7.84e-17 0.0 -104.97 0.0
S093114 229.376 21.8304 3.037e-13 2.046e-13 6.903e-14 0.0 -104.96 0.0
S093115 229.2047 21.775 2.026e-17 1.696e-17 8.831e-18 0.0 -106.26 0.0
S093116 229.3867 21.8271 3.446e-17 3.093e-17 1.762e-17 0.0 -104.99 0.0
S093117 229.1959 21.7769 2.4400000000000002e-21 1.6450000000000001e-21 5.234999999999999e-22 0.0 -106.26 0.0
S093118 229.2227 21.7743 9.308000000000001e-20 1.251e-19 1.632e-19 0.0 -106.23 0.0
S093119 229.21 21.7791 1.2879999999999999e-23 4.063e-23 3.2099999999999996e-22 0.0 -106.24 0.0
S093120 229.3741 21.8261 6.991000000000001e-21 1.1900000000000001e-20 2.6300000000000003e-20 0.0 -105.0 0.0
S093121 229.3713 21.82 2.4479999999999998e-23 7.213e-23 4.948999999999999e-22 0.0 -104.99 0.0
S093122 229.3998 21.8304 1.2120000000000001e-20 1.9860000000000002e-20 3.809e-20 0.0 -104.93 0.0
S093123 229.3736 21.8244 4.659e-21 8.867e-21 2.419e-20 0.0 -105.0 0.0
S093124 229.2137 21.7743 2.442e-17 2.103e-17 1.103e-17 0.0 -106.26 0.0
S093125 229.2325 21.7779 2.443e-16 2.301e-16 1.464e-16 0.0 -106.22 0.0
S093126 229.4124 21.8356 2.856e-18 2.903e-18 2.114e-18 0.0 -104.91 0.0
S093127 229.4093 21.8305 4.987000000000001e-25 1.8859999999999998e-24 2.247e-23 0.0 -104.94 0.0
S093128 229.3778 21.8291 1.96e-18 2.016e-18 1.494e-18 0.0 -104.98 0.0
S093129 229.2196 21.7802 5.395e-19 6.224e-19 5.96e-19 0.0 -106.22 0.0
S093130 229.2046 21.7759 7.079e-21 1.2080000000000002e-20 2.5730000000000002e-20 0.0 -106.24 0.0
S093131 229.2031 21.769 5.436e-24 1.583e-23 1.0539999999999999e-22 0.0 -106.28 0.0
S093132 229.4228 21.8398 1.106e-16 8.652e-17 3.873e-17 0.0 -104.9 0.0
S093133 229.2055 21.776 1.415e-21 1.008e-21 3.7359999999999995e-22 0.0 -106.25 0.0
S093134 229.4068 21.832 1.145e-24 4.252e-24 4.622e-23 0.0 -104.93 0.0
S093135 229.2234 21.7758 1.752e-20 2.7430000000000004e-20 5.0830000000000005e-20 0.0 -106.24 0.0
S093136 229.3992 21.8298 4.464e-24 1.413e-23 1.135e-22 0.0 -104.96 0.0
S093137 229.3889 21.8318 1.167e-21 8.359e-22 3.2119999999999997e-22 0.0 -104.96 0.0
S093138 229.4094 21.8419 5.51e-19 6.32e-19 6.073e-19 0.0 -104.88 0.0
S093139 229.2101 21.7712 1.067e-12 7.994e-13 3.159e-13 0.0 -106.26 0.0
S093140 229.4148 21.8335 2.393e-18 2.551e-18 2.099e-18 0.0 -104.93 0.0
S093141 229.1902 21.7749 1.196e-18 1.285e-18 1.08e-18 0.001 -106.29 0.0
S093142 229.2121 21.7742 2.47e-19 3.108e-19 3.557e-19 0.0 -106.23 0.0
S093143 229.1734 21.7728 1.847e-19 2.411e-19 2.892e-19 0.0 -106.3 0.0
S093144 229.3942 21.8409 5.092e-17 4.195e-17 2.102e-17 0.0 -104.92 0.0
S093145 229.4054 21.8386 1.755e-23 4.9539999999999996e-23 3.118e-22 0.0 -104.92 0.0
S093146 229.3988 21.8355 2.157e-21 4.088e-21 1.09e-20 0.0 -104.92 0.0
S093147 229.3955 21.8354 1.845e-16 1.705e-16 1.078e-16 0.0 -104.92 0.0
S093148 229.4345 21.841 3.567e-20 5.3050000000000004e-20 8.731e-20 0.0 -104.9 0.0
S093149 229.1957 21.7686 1.355e-21 2.631e-21 7.620000000000001e-21 0.0 -106.28 0.0
S093150 229.4149 21.839 6.159e-20 8.627000000000001e-20 1.218e-19 0.0 -104.9 0.0
S093151 229.1751 21.7653 7.214000000000001e-20 9.884e-20 1.387e-19 0.0 -106.27 0.0
S093152 229.4117 21.8336 2.46e-24 7.884999999999999e-24 6.521999999999999e-23 0.0 -104.94 0.0
S093153 229.4183 21.8418 1.639e-19 2.151e-19 2.768e-19 0.0 -104.93 0.0
S093154 229.4134 21.8358 1.544e-19 1.974e-19 2.419e-19 0.0 -104.91 0.0
S093155 229.3946 21.8256 9.085e-25 3.401e-24 3.991e-23 0.0 -104.95 0.0
S093156 229.4102 21.8361 5.229e-13 3.745e-13 1.444e-13 0.0 -104.93 0.0
S093157 229.1837 21.7694 5.302e-17 4.552e-17 2.35e-17 0.0 -106.28 0.0
S093158 229.4158 21.8328 1.649e-13 1.119e-13 3.717e-14 0.0 -104.91 0.0
S093159 229.416 21.8385 7.026e-17 5.554e-17 2.512e-17 0.0 -104.9 0.0
S093160 229.4098 21.8391 6.575e-19 7.898e-19 8.217e-19 0.0 -104.95 0.0
S093161 229.4204 21.841 3.2699999999999996e-22 7.395e-22 2.954e-21 0.0 -104.94 0.0
S093162 229.1702 21.7599 1.192e-17 1.073e-17 6.145e-18 0.001 -106.3 0.0
S093163 229.1682 21.7632 5.084e-19 6.119e-19 6.403e-19 0.0 -106.31 0.0
S093164 229.4163 21.8354 2.721e-18 2.816e-18 2.145e-18 0.0 -104.92 0.0
S093165 229.4337 21.838 2.036e-23 5.475e-23 3.0849999999999996e-22 0.0 -104.88 0.0
S093166 229.182 21.7647 3.248e-17 2.811e-17 1.488e-17 0.0 -106.29 0.0
S093167 229.1593 21.7609 7.09e-23 1.7009999999999997e-22 7.853e-22 0.0 -106.3 0.0
S093168 229.184 21.7669 1.163e-16 8.953e-17 3.979e-17 0.0 -106.29 0.0
S093169 229.1602 21.7613 2.076e-17 1.82e-17 9.908e-18 0.0 -106.27 0.0
S093170 229.4231 21.8445 8.6e-19 9.835e-19 9.571e-19 0.0 -104.88 0.0
S093171 229.1572 21.7566 5.28e-23 1.363e-22 7.261e-22 0.0 -106.31 0.0
S093172 229.4093 21.8369 7.016999999999999e-22 1.4550000000000001e-21 4.891e-21 0.0 -104.95 0.0
S093173 229.2006 21.7726 8.488e-23 2.198e-22 1.14e-21 0.0 -106.27 0.0
S093174 229.4481 21.8475 1.799e-23 5.1139999999999997e-23 3.303e-22 0.0 -104.87 0.0
S093175 229.432 21.8401 1.506e-16 1.445e-16 9.798e-17 0.0 -104.92 0.0
S093176 229.435 21.8482 1.326e-19 1.912e-19 2.911e-19 0.0 -104.91 0.0
S093177 229.1468 21.7577 4.827e-17 3.867e-17 1.807e-17 0.0 -106.3 0.0
S093178 229.4571 21.8519 1.13e-20 1.8960000000000002e-20 3.8870000000000006e-20 0.0 -104.87 0.0
S093179 229.4027 21.834 2.595e-13 3.149e-13 3.35e-13 0.0 -104.93 0.0
S093180 229.1714 21.7606 1.137e-17 1.09e-17 7.426e-18 0.0 -106.3 0.0
S093181 229.434 21.8502 2.395e-18 2.426e-18 1.873e-18 0.0 -104.92 0.0
S093182 229.1563 21.7641 2.852e-19 3.794e-19 4.71e-19 0.0 -106.31 0.0
S093183 229.1579 21.7613 1.536e-16 1.733e-16 1.568e-16 0.0 -106.32 0.0
S093184 229.4203 21.8386 5.111e-18 5.091e-18 3.727e-18 0.0 -104.9 0.0
S093185 229.1681 21.7631 1.261e-17 1.198e-17 7.592e-18 0.0 -106.3 0.0
S093186 229.4382 21.8469 1.393e-16 1.433e-16 1.096e-16 0.0 -104.91 0.0
S093187 229.1686 21.7573 7.136e-17 6.297e-17 3.474e-17 0.0 -106.27 0.0
S093188 229.4298 21.8479 1.613e-21 1.138e-21 4.046e-22 0.0 -104.94 0.0
S093189 229.1813 21.7591 4.79e-16 3.428e-16 1.256e-16 0.0 -106.23 0.0
S093190 229.1756 21.7577 2.921e-13 1.975e-13 6.602e-14 0.0 -106.24 0.0
S093191 229.1749 21.7549 2.738e-16 1.938e-16 7.283e-17 0.0 -106.24 0.0
S093192 229.4233 21.849 4.027e-13 2.77e-13 9.118e-14 0.0 -105.01 0.0
S093193 229.4096 21.8477 4.159e-16 3.017e-16 1.161e-16 0.0 -105.01 0.0
S093194 229.2022 21.7611 4.823e-15 3.255e-15 1.066e-15 0.0 -106.14 0.0
S093195 229.2005 21.7564 2.234e-16 1.933e-16 1.026e-16 0.0 -106.13 0.0
S093196 229.3937 21.8492 5.049e-21 9.126e-21 2.229e-20 0.0 -105.09 0.0
S093197 229.214 21.7581 1.365e-15 9.697e-16 3.684e-16 0.0 -106.09 0.0
S093198 229.2261 21.7617 6.122e-16 4.489e-16 1.794e-16 0.001 -106.03 0.0
S093199 229.2191 21.7588 1.197e-16 9.691e-17 4.482e-17 0.0 -106.05 0.0
S093200 229.3671 21.8441 1.29e-16 1.052e-16 4.972e-17 0.0 -105.18 0.0
S093201 229.3535 21.8429 4.011e-16 2.978e-16 1.219e-16 0.0 -105.24 0.0
S093202 229.2493 21.7635 6.038e-17 7.035e-17 6.719e-17 0.0 -105.94 0.0
S093203 229.2736 21.7691 3.328e-16 2.415e-16 9.247e-17 0.0 -105.83 0.0
S093204 229.2693 21.7669 8.472e-16 6.004e-16 2.241e-16 0.0 -105.86 0.0
S093205 229.2892 21.7724 9.094e-16 6.587e-16 2.522e-16 0.0 -105.78 0.0
S093206 229.3033 21.8329 2.394e-17 2.984e-17 3.298e-17 0.0 -105.45 0.0
S093207 229.2905 21.8308 1.213e-16 1.139e-16 7.451e-17 0.0 -105.5 0.0
S093208 229.285 21.827 2.207e-17 2.004e-17 1.221e-17 0.0 -105.47 0.0
S093209 229.3266 21.7819 3.345e-17 2.866e-17 1.531e-17 0.0 -105.66 0.0
S093210 229.2602 21.8215 1.462e-16 1.094e-16 4.472e-17 0.0 -105.61 1.0
S093211 229.2617 21.8182 5.815e-17 6.984e-17 7.434e-17 0.0 -105.6 0.0
S093212 229.2386 21.8181 8.342e-13 7.024e-13 3.545e-13 0.0 -105.67 1.0
S093213 229.3752 21.7912 1.377e-16 1.049e-16 4.56e-17 0.0 -105.47 1.0
S093214 229.3849 21.7933 3.954e-18 4.34e-18 3.834e-18 0.0 -105.43 0.0
S093215 229.3906 21.7972 1.144e-17 1.044e-17 6.285e-18 0.0 -105.4 0.0
S093216 229.2008 21.8044 1.054e-18 1.171e-18 1.057e-18 0.0 -105.81 0.0
S093217 229.4132 21.8035 1.948e-15 1.387e-15 4.981e-16 0.0 -105.33 0.0
S093218 229.1779 21.797 4.705e-15 3.194e-15 1.034e-15 0.0 -105.92 0.0
S093219 229.4287 21.8092 3.195e-17 2.828e-17 1.559e-17 0.0 -105.27 0.0
S093220 229.1648 21.7931 4.297e-15 2.901e-15 9.834e-16 0.0 -105.93 0.0
S093221 229.1442 21.7875 1.53e-16 1.198e-16 5.326e-17 0.0 -105.98 1.0
S093222 229.4658 21.8221 6.421e-18 6.139e-18 4.158e-18 0.0 -105.13 0.0
S093223 229.4771 21.8269 5.527e-15 3.73e-15 1.195e-15 0.0 -105.11 0.0
S093224 229.1212 21.7794 7.834e-16 5.42e-16 1.938e-16 0.0 -106.1 0.0
S093225 229.4875 21.8291 1.286e-15 8.901e-16 3.205e-16 0.0 -105.05 0.0
S093226 229.4996 21.8358 1.417e-17 1.244e-17 6.855e-18 0.0 -105.02 0.0
S093227 229.0908 21.768 1.092e-16 8.786e-17 4.117e-17 0.0 -106.2 0.0
S093228 229.5045 21.8398 1.707e-15 1.212e-15 4.502e-16 0.0 -104.95 0.0
S093229 229.5123 21.8436 9.69e-17 7.687e-17 3.47e-17 0.0 -104.95 1.0
S093230 229.5204 21.8472 1.011e-12 8.339e-13 3.949e-13 0.0 -104.93 1.0
S093231 229.5219 21.8484 6.686e-17 5.687e-17 2.876e-17 0.0 -104.91 0.0
S093232 229.0653 21.75 1.872e-17 1.732e-17 1.072e-17 0.0 -106.31 0.0
S093233 229.5437 21.8564 1.419e-16 1.162e-16 5.576e-17 0.0 -104.84 0.0
S093234 229.5382 21.8588 1.03e-16 8.226e-17 3.896e-17 0.0 -104.84 0.0
S093235 229.0682 21.7483 2.098e-17 1.748e-17 8.99e-18 0.0 -106.35 0.0
S093236 229.5484 21.8662 4.678e-17 1.101e-16 4.677e-16 0.0 -104.82 0.0
S093237 229.0692 21.7454 6.899e-16 4.871e-16 1.755e-16 0.0 -106.36 0.0
S093238 229.0674 21.7429 8.036e-13 5.849e-13 2.188e-13 0.0 -106.35 0.0
S093239 229.5513 21.8711 2.962e-16 2.353e-16 1.066e-16 0.0 -104.82 0.0
S093240 229.5488 21.8718 5.413e-17 4.495e-17 2.331e-17 0.0 -104.8 0.0
S093241 229.5324 21.8682 3.077e-17 2.724e-17 1.573e-17 0.0 -104.84 0.0
S093242 229.0463 21.7287 2.125e-17 2.486e-17 2.433e-17 0.0 -106.38 0.0
S093243 229.0595 21.7306 2.29e-17 2.067e-17 1.22e-17 0.0 -106.36 0.0
S093244 229.5473 21.8799 1.734e-17 1.568e-17 9.657e-18 0.0 -104.84 0.0
S093245 229.0926 21.7343 1.982e-16 1.575e-16 7.02e-17 0.0 -106.34 1.0
S093246 229.5126 21.8741 6.901e-17 7.05e-17 5.136e-17 0.0 -104.85 0.0
S093247 229.5119 21.8756 3.208e-13 2.165e-13 7.447e-14 0.0 -104.87 0.0
S093248 229.5205 21.8803 1.704e-16 1.295e-16 5.256e-17 0.0 -104.88 1.0
S093249 229.1112 21.7325 2.674e-16 2.014e-16 8.085e-17 0.0 -106.27 0.0
S093250 229.1117 21.7311 1.727e-16 1.347e-16 5.86e-17 0.0 -106.29 1.0
S093251 229.1016 21.7229 3.681e-19 4.749e-19 5.996e-19 0.0 -106.24 0.0
S093252 229.4782 21.8766 3.036e-17 2.539e-17 1.324e-17 0.0 -104.97 0.0
S093253 229.1299 21.7283 1.391e-17 1.267e-17 7.396e-18 0.0 -106.19 0.0
S093254 229.4467 21.8712 4.97e-18 4.93e-18 3.5e-18 0.0 -105.01 0.0
S093255 229.446 21.8733 9.001e-17 9.904e-17 8.806e-17 0.0 -105.06 0.0
S093256 229.1508 21.7285 4.386e-17 3.668e-17 1.889e-17 0.0 -106.14 0.0
S093257 229.4167 21.868 1.592e-16 1.248e-16 5.617e-17 0.0 -105.14 1.0
S093258 229.4032 21.8672 1.952e-16 1.513e-16 6.574e-17 0.0 -105.17 1.0
S093259 229.3988 21.8659 4.767e-17 4.004e-17 2.027e-17 0.0 -105.2 0.0
S093260 229.2075 21.7404 1.741e-15 1.199e-15 4.108e-16 0.0 -106.0 0.0
S093261 229.2338 21.7439 3.012e-17 2.617e-17 1.425e-17 0.0 -105.94 0.0
S093262 229.3501 21.8575 7.033e-17 6.053e-17 3.187e-17 0.0 -105.3 0.0
S093263 229.2609 21.7502 5.137e-16 3.732e-16 1.475e-16 0.0 -105.87 0.0
S093264 229.2756 21.7521 3.767e-18 3.883e-18 2.929e-18 0.0 -105.84 0.0
S093265 229.3035 21.8443 1.109e-15 7.704e-16 2.824e-16 0.0 -105.44 0.0
S093266 229.2978 21.842 2.061e-17 1.864e-17 1.091e-17 0.0 -105.44 0.0
S093267 229.2727 21.8373 6.315e-17 5.014e-17 2.304e-17 0.0 -105.51 0.0
S093268 229.3436 21.7719 3.066e-16 2.315e-16 9.308e-17 0.0 -105.64 0.0
S093269 229.2503 21.8303 3.138e-15 2.108e-15 7.083e-16 0.0 -105.59 0.0
S093270 229.3701 21.7787 1.9e-15 1.3e-15 4.57e-16 0.0 -105.54 0.0
S093271 229.2234 21.823 1.995e-18 2.066e-18 1.641e-18 0.0 -105.64 0.0
S093272 229.401 21.7871 3.768e-17 3.223e-17 1.704e-17 0.0 -105.47 0.0
S093273 229.4095 21.792 3.269e-16 2.473e-16 1.017e-16 0.0 -105.42 1.0
S093274 229.4314 21.7948 1.083e-15 7.738e-16 2.897e-16 0.0 -105.4 0.0
S093275 229.1598 21.806 6.274e-13 5.354e-13 2.828e-13 0.0 -105.83 1.0
S093276 229.1498 21.7999 3.224e-18 3.203e-18 2.258e-18 0.0 -105.89 0.0
S093277 229.1337 21.7961 3.065e-16 2.269e-16 8.741e-17 0.0 -105.91 0.0
S093278 229.1127 21.7916 1.171e-16 9.448e-17 4.274e-17 0.0 -105.96 0.0
S093279 229.4985 21.8191 6.07e-17 4.871e-17 2.36e-17 0.0 -105.2 0.0
S093280 229.5049 21.822 9.811e-13 7.196e-13 2.847e-13 0.0 -105.18 0.0
S093281 229.0645 21.7763 9.787e-16 6.894e-16 2.469e-16 0.0 -106.06 0.0
S093282 229.0633 21.7753 2.871e-15 2.022e-15 7.437e-16 0.0 -106.08 0.0
S093283 229.546 21.8357 6.253e-17 7.555e-17 7.847e-17 0.0 -105.09 0.0
S093284 229.5602 21.8391 1.371e-16 1.107e-16 5.295e-17 0.0 -105.02 0.0
S093285 229.5681 21.8473 4.885e-16 3.495e-16 1.296e-16 0.0 -105.0 0.0
S093286 229.5605 21.8459 7.545e-13 5.346e-13 2.015e-13 0.001 -104.98 0.0
S093287 229.0213 21.7543 3.439e-17 5.39e-17 9.765e-17 0.0 -106.25 0.0
S093288 229.5951 21.8583 1.577e-17 1.424e-17 8.433e-18 0.0 -104.93 0.0
S093289 229.5941 21.8622 3.261e-16 2.505e-16 1.092e-16 0.0 -104.89 1.0
S093290 229.6131 21.868 9.084e-17 7.255e-17 3.36e-17 0.0 -104.87 0.0
S093291 229.616 21.8699 1.186e-15 8.568e-16 3.263e-16 0.0 -104.87 0.0
S093292 228.9717 21.7304 5.831e-17 4.629e-17 2.141e-17 0.0 -106.35 0.0
S093293 229.6172 21.8766 7.781e-19 8.457e-19 7.24e-19 0.0 -104.83 0.0
S093294 228.9784 21.7272 1.006e-17 9.333e-18 5.766e-18 0.0 -106.37 0.0
S093295 228.9607 21.7205 4.68e-17 4.079e-17 2.177e-17 0.0 -106.38 0.0
S093296 228.9677 21.7191 3.06e-13 2.192e-13 8.092e-14 0.0 -106.4 0.0
S093297 228.9744 21.7164 5.445e-16 3.995e-16 1.541e-16 0.0 -106.41 0.0
S093298 228.982 21.7166 3.129e-15 2.116e-15 7.008e-16 0.0 -106.38 0.0
S093299 229.6145 21.8871 3.377e-15 2.335e-15 8.191e-16 0.0 -104.77 0.0
S093300 229.6294 21.8962 9.937e-16 7.036e-16 2.558e-16 0.0 -104.77 0.0
S093301 228.9691 21.7048 5.395e-16 3.885e-16 1.526e-16 0.0 -106.37 0.0
S093302 229.0025 21.7131 1.888e-16 1.436e-16 6.102e-17 0.0 -106.38 1.0
S093303 228.9964 21.7086 5.55e-16 4.289e-16 1.85e-16 0.0 -106.36 0.0
S093304 229.5855 21.8945 2.054e-15 1.453e-15 5.369e-16 0.0 -104.83 0.0
S093305 229.0195 21.71 7.011e-18 6.478e-18 3.998e-18 0.0 -106.36 0.0
S093306 229.5863 21.9018 1.802e-16 1.402e-16 6.088e-17 0.0 -104.83 1.0
S093307 229.5781 21.9028 1.718e-16 1.337e-16 5.811e-17 0.0 -104.89 1.0
S093308 229.567 21.9007 4.073e-19 5.176e-19 5.877e-19 0.0 -104.87 0.0
S093309 229.0666 21.7141 6.671e-16 4.841e-16 1.795e-16 0.0 -106.29 0.0
S093310 229.0583 21.7075 1.072e-16 8.607e-17 4.093e-17 0.0 -106.26 0.0
S093311 229.107 21.7195 1.861e-15 1.294e-15 4.544e-16 0.0 -106.22 0.0
S093312 229.069 21.7019 9.06e-18 8.869e-18 5.883e-18 0.0 -106.23 0.0
S093313 229.5046 21.8942 3.465e-17 2.922e-17 1.512e-17 0.0 -105.02 0.0
S093314 229.1144 21.718 2.013e-15 1.421e-15 5.061e-16 0.0 -106.16 0.0
S093315 229.1089 21.7121 1.091e-17 1.043e-17 6.791e-18 0.0 -106.13 0.0
S093316 229.1558 21.7189 4.784e-13 3.409e-13 1.218e-13 0.0 -106.11 0.0
S093317 229.1658 21.7222 2.704e-16 2.083e-16 8.939e-17 0.0 -106.06 1.0
S093318 229.1941 21.7269 4.653e-13 3.493e-13 1.436e-13 0.0 -105.98 1.0
S093319 229.4187 21.8804 4.683e-13 3.214e-13 1.122e-13 0.0 -105.18 0.0
S093320 229.2174 21.7308 9.408e-16 6.757e-16 2.59e-16 0.0 -105.93 0.0
S093321 229.2383 21.7372 9.608e-18 9.111e-18 6.001e-18 0.0 -105.88 0.0
S093322 229.3514 21.867 1.075e-16 8.354e-17 3.803e-17 0.0 -105.34 1.0
S093323 229.2775 21.7471 1.169e-18 1.297e-18 1.183e-18 0.0 -105.82 0.0
S093324 229.3158 21.8558 3.91e-17 3.259e-17 1.659e-17 0.0 -105.4 0.0
S093325 229.3004 21.8534 3.02e-13 2.124e-13 7.449e-14 0.0 -105.45 0.0
S093326 229.3259 21.7571 4.636e-16 3.357e-16 1.262e-16 0.0 -105.7 0.0
S093327 229.3513 21.7631 4.755e-17 4.133e-17 2.244e-17 0.0 -105.64 0.0
S093328 229.3688 21.7641 1.461e-15 1.017e-15 3.505e-16 0.0 -105.61 0.0
S093329 229.2241 21.8325 8.771e-17 7.113e-17 3.272e-17 0.0 -105.63 0.0
S093330 229.3975 21.777 7.128e-17 6.05e-17 3.201e-17 0.0 -105.54 0.0
S093331 229.4346 21.7798 2.724e-15 1.869e-15 6.46e-16 0.0 -105.47 0.0
S093332 229.4389 21.7879 4.805e-17 4.18e-17 2.368e-17 0.0 -105.44 0.0
S093333 229.1792 21.7647 3.054e-17 2.654e-17 1.415e-17 0.0 -106.26 0.0
S093334 229.1632 21.755 9.321e-22 1.722e-21 4.371e-21 0.0 -106.28 0.0
S093335 229.1739 21.7545 6.802e-26 3.9330000000000003e-25 1.104e-23 0.0 -106.27 0.0
S093336 229.4145 21.8402 4.408e-18 4.441e-18 3.297e-18 0.0 -104.96 0.0
S093337 229.1849 21.7591 8.97e-22 1.808e-21 5.467e-21 0.0 -106.23 0.0
S093338 229.1857 21.7616 9.711e-18 8.488e-18 4.835e-18 0.0 -106.21 0.0
S093339 229.1879 21.7589 1.37e-16 1.069e-16 4.659e-17 0.0 -106.21 1.0
S093340 229.4321 21.855 1.301e-15 9.404e-16 3.525e-16 0.0 -104.95 0.0
S093341 229.4002 21.8415 1.155e-21 2.105e-21 5.144e-21 0.0 -105.0 0.0
S093342 229.2039 21.7624 6.468e-19 7.816e-19 8.226e-19 0.0 -106.17 0.0
S093343 229.1939 21.7598 4.507e-17 3.853e-17 2.018e-17 0.0 -106.16 0.0
S093344 229.4083 21.8455 3.422e-24 1.26e-23 1.3499999999999999e-22 0.0 -105.05 0.0
S093345 229.3879 21.8423 3.57e-17 3.006e-17 1.502e-17 0.0 -105.1 0.0
S093346 229.2048 21.7596 1.9569999999999998e-23 5.812e-23 4.0179999999999995e-22 0.0 -106.11 0.0
S093347 229.193 21.7574 1.704e-17 1.491e-17 8.054e-18 0.0 -106.11 0.0
S093348 229.3639 21.8398 1.124e-17 1.676e-17 2.714e-17 0.0 -105.18 0.0
S093349 229.3748 21.8436 1.82e-16 1.404e-16 6.046e-17 0.0 -105.18 1.0
S093350 229.2331 21.7661 5.369e-17 4.497e-17 2.224e-17 0.0 -106.05 0.0
S093351 229.357 21.8382 1.082e-19 1.412e-19 1.715e-19 0.0 -105.24 0.0
S093352 229.246 21.7673 2.458e-17 3.605e-17 5.653e-17 0.0 -105.95 0.0
S093353 229.3512 21.8417 1.296e-21 9.221999999999999e-22 3.379e-22 0.0 -105.24 0.0
S093354 229.2711 21.7699 1.956e-17 2.784e-17 4.063e-17 0.0 -105.84 0.0
S093355 229.2898 21.7707 1.021e-16 8.934e-17 4.736e-17 0.0 -105.81 0.0
S093356 229.2782 21.7702 2.856e-16 2.084e-16 8.016e-17 0.0 -105.82 0.0
S093357 229.3259 21.8341 2.171e-13 1.461e-13 4.765e-14 0.0 -105.35 0.0
S093358 229.293 21.7747 8.817e-18 8.104e-18 4.95e-18 0.0 -105.76 0.0
S093359 229.3055 21.8333 1.2720000000000002e-20 2.1200000000000003e-20 4.5940000000000004e-20 0.0 -105.42 0.0
S093360 229.2916 21.8334 1.569e-20 2.5070000000000002e-20 4.7990000000000005e-20 0.0 -105.47 0.0
S093361 229.2914 21.8274 3.441e-23 9.638e-23 5.913999999999999e-22 0.0 -105.48 0.0
S093362 229.2791 21.8244 1.5470000000000001e-21 1.1e-21 3.9599999999999995e-22 0.0 -105.55 0.0
S093363 229.2696 21.8208 1.212e-17 1.132e-17 7.349e-18 0.0 -105.57 0.0
S093364 229.2639 21.8229 3.72e-18 3.649e-18 2.525e-18 0.0 -105.58 1.0
S093365 229.3499 21.7832 1.016e-17 9.593e-18 6.034e-18 0.0 -105.58 0.0
S093366 229.2454 21.8207 4.206e-17 3.708e-17 2.079e-17 0.0 -105.64 0.0
S093367 229.2378 21.8165 4.894e-17 3.829e-17 1.727e-17 0.0 -105.69 0.0
S093368 229.2196 21.8164 1.301e-16 1.057e-16 5.065e-17 0.0 -105.72 0.0
S093369 229.3754 21.7905 3.448e-18 3.494e-18 2.555e-18 0.0 -105.47 0.0
S093370 229.2102 21.8109 1.426e-17 1.263e-17 7.142e-18 0.0 -105.77 0.0
S093371 229.3771 21.8 4.277e-21 7.741e-21 1.8860000000000002e-20 0.0 -105.38 0.0
S093372 229.2076 21.8038 6.572e-20 9.284000000000001e-20 1.356e-19 0.0 -105.83 0.0
S093373 229.4047 21.8027 2.333e-17 2.062e-17 1.177e-17 0.0 -105.33 0.0
S093374 229.1955 21.7972 1.089e-18 1.211e-18 1.111e-18 0.0 -105.89 0.0
S093375 229.1834 21.7968 1.376e-16 1.144e-16 5.727e-17 0.0 -105.91 0.0
S093376 229.4265 21.8118 2.228e-18 2.516e-18 2.22e-18 0.0 -105.24 0.0
S093377 229.4462 21.8093 2.26e-19 2.976e-19 3.718e-19 0.0 -105.23 0.0
S093378 229.1668 21.7904 1.744e-18 1.969e-18 1.731e-18 0.0 -105.98 0.0
S093379 229.1451 21.7886 7.154e-19 8.341e-19 8.152e-19 0.0 -106.0 0.0
S093380 229.142 21.7829 2.981e-17 3.685e-17 4.061e-17 0.0 -106.04 0.0
S093381 229.1417 21.782 1.06e-19 1.523e-19 2.221e-19 0.0 -106.06 0.0
S093382 229.4707 21.8207 6.98e-19 8.105e-19 7.717e-19 0.001 -105.15 0.0
S093383 229.4704 21.827 5.329e-17 4.024e-17 1.694e-17 0.0 -105.07 0.0
S093384 229.1253 21.7762 5.653e-19 7.056e-19 7.864e-19 0.0 -106.15 0.0
S093385 229.1067 21.7707 3.147e-16 2.416e-16 1.051e-16 0.0 -106.16 1.0
S093386 229.1004 21.7667 9.292e-17 7.41e-17 3.526e-17 0.0 -106.2 0.0
S093387 229.4906 21.8324 5.434e-18 1.039e-17 2.773e-17 0.0 -105.03 0.0
S093388 229.5072 21.8355 7.804e-17 8.33e-17 6.73e-17 0.0 -104.99 0.0
S093389 229.0753 21.7609 5.915e-19 6.956e-19 6.974e-19 0.0 -106.3 0.0
S093390 229.5062 21.8483 1.684e-21 3.323e-21 9.981e-21 0.0 -104.9 0.0
S093391 229.0651 21.7556 6.78e-20 9.249000000000001e-20 1.257e-19 0.0 -106.28 0.0
S093392 229.0893 21.7587 1.379e-17 1.204e-17 6.616e-18 0.0 -106.27 0.0
S093393 229.5183 21.8506 2.069e-16 1.564e-16 6.37e-17 0.0 -104.9 1.0
S093394 229.5331 21.8535 1.02e-16 8.483e-17 4.134e-17 0.0 -104.87 0.0
S093395 229.0716 21.7505 1.879e-21 1.309e-21 4.542e-22 0.0 -106.35 0.0
S093396 229.5376 21.8554 2.837e-16 2.056e-16 8.031e-17 0.0 -104.86 0.0
S093397 229.5633 21.8671 4.233e-21 8.078e-21 2.1850000000000003e-20 0.0 -104.84 0.0
S093398 229.5356 21.8612 3.41e-16 2.608e-16 1.07e-16 0.001 -104.83 1.0
S093399 229.5381 21.8613 1.124e-16 1.331e-16 1.352e-16 0.0 -104.83 0.0
S093400 229.5372 21.8655 2.014e-21 1.398e-21 4.809e-22 0.0 -104.81 0.0
S093401 229.0714 21.7406 1.21e-17 1.045e-17 5.427e-18 0.0 -106.37 0.0
S093402 229.4919 21.8577 1.128e-16 1.324e-16 1.317e-16 0.0 -104.86 0.0
S093403 229.5521 21.8776 1.263e-18 1.361e-18 1.176e-18 0.0 -104.8 0.0
S093404 229.0775 21.7396 1.738e-21 3.324e-21 9.308000000000001e-21 0.0 -106.37 0.0
S093405 229.5683 21.8805 8.707e-18 9.917e-18 9.346e-18 0.0 -104.79 0.0
S093406 229.0467 21.7266 7.758e-17 6.416e-17 3.179e-17 0.0 -106.41 0.0
S093407 229.548 21.8777 6.168e-23 1.5119999999999998e-22 7.372999999999999e-22 0.0 -104.83 0.0
S093408 229.0672 21.7314 1.891e-21 3.731e-21 1.0770000000000002e-20 0.0 -106.35 0.0
S093409 229.5314 21.874 1.289e-15 9.049e-16 3.266e-16 0.001 -104.84 0.0
S093410 229.4985 21.8643 2.745e-20 4.279e-20 7.413000000000001e-20 0.0 -104.86 0.0
S093411 229.5068 21.8701 7.179e-17 1.423e-16 4.331e-16 0.0 -104.86 0.0
S093412 229.5231 21.879 4.729e-19 5.915e-19 6.529e-19 0.0 -104.84 0.0
S093413 229.0821 21.7331 5.778e-17 7.099e-17 8.045e-17 0.0 -106.33 0.0
S093414 229.0966 21.7326 5.194e-17 5.602e-17 4.62e-17 0.0 -106.33 0.0
S093415 229.1134 21.7341 4.56e-18 4.325e-18 2.91e-18 0.0 -106.26 0.0
S093416 229.1118 21.7314 2.797e-17 2.265e-17 1.065e-17 0.0 -106.28 0.0
S093417 229.1186 21.7304 3.93e-21 7.261e-21 1.8890000000000002e-20 0.0 -106.29 0.0
S093418 229.1055 21.7328 2.385e-24 9.058e-24 1.0669999999999998e-22 0.0 -106.25 0.0
S093419 229.4715 21.8778 2.566e-19 3.893e-19 6.538e-19 0.0 -104.98 0.0
S093420 229.4489 21.871 4.13e-17 3.445e-17 1.702e-17 0.0 -105.02 0.0
S093421 229.4616 21.8724 2.466e-19 3.245e-19 4.004e-19 0.0 -104.98 0.0
S093422 229.4548 21.8729 4.8e-18 4.587e-18 3.078e-18 0.0 -105.03 0.0
S093423 229.1291 21.7319 2.484e-17 2.352e-17 1.519e-17 0.0 -106.18 0.0
S093424 229.4223 21.8599 1.272e-19 1.771e-19 2.475e-19 0.0 -105.11 0.0
S093425 229.4482 21.8745 1.112e-16 8.853e-17 4.03e-17 0.0 -105.06 1.0
S093426 229.1303 21.7289 1.364e-21 2.6540000000000002e-21 7.353e-21 0.0 -106.19 0.0
S093427 229.4405 21.8767 1.301e-21 2.675e-21 8.654e-21 0.0 -105.08 0.0
S093428 229.1892 21.7381 1.605e-17 2.498e-17 4.362e-17 0.0 -106.04 0.0
S093429 229.1925 21.7338 1.514e-18 1.604e-18 1.334e-18 0.0 -106.04 0.0
S093430 229.1782 21.7336 8.053e-17 9.35e-17 9.141e-17 0.0 -106.08 0.0
S093431 229.2297 21.7427 3.1e-20 4.866e-20 8.756000000000001e-20 0.0 -105.94 0.0
S093432 229.3831 21.8546 7.827e-15 5.072e-15 1.618e-15 0.0 -105.21 0.0
S093433 229.2595 21.7534 4.5730000000000004e-20 6.732e-20 1.087e-19 0.0 -105.87 0.0
S093434 229.2558 21.7528 9.248e-17 7.75e-17 3.937e-17 0.0 -105.87 0.0
S093435 229.2569 21.756 7.251e-18 6.759e-18 4.306e-18 0.0 -105.84 0.0
S093436 229.2727 21.7535 1.351e-19 1.872e-19 2.599e-19 0.0 -105.83 0.0
S093437 229.3003 21.8459 1.266e-21 2.68e-21 8.909e-21 0.0 -105.44 0.0
S093438 229.3006 21.8421 9.1e-19 1.085e-18 1.136e-18 0.0 -105.46 0.0
S093439 229.2783 21.8413 3.383e-17 4.87e-17 7.296e-17 0.0 -105.5 0.0
S093440 229.3165 21.7632 1.111e-17 1.06e-17 6.929e-18 0.0 -105.7 0.0
S093441 229.3377 21.7661 5.878e-19 6.982e-19 7.257e-19 0.0 -105.66 0.0
S093442 229.3294 21.7758 9.604e-21 1.6540000000000003e-20 3.734e-20 0.0 -105.65 0.0
S093443 229.2481 21.8279 1.172e-16 1.079e-16 6.556e-17 0.0 -105.59 0.0
S093444 229.2455 21.8233 3.25e-18 3.191e-18 2.263e-18 0.0 -105.63 0.0
S093445 229.2182 21.8265 3.1719999999999995e-22 7.863999999999999e-22 3.688e-21 0.0 -105.67 0.0
S093446 229.3915 21.7839 2.443e-17 3.236e-17 4.288e-17 0.0 -105.51 0.0
S093447 229.1879 21.8211 1.554e-19 2.05e-19 2.568e-19 0.001 -105.72 0.0
S093448 229.1987 21.8143 1.006e-17 9.76e-18 6.629e-18 0.0 -105.76 0.0
S093449 229.1787 21.8118 6.720999999999999e-22 1.51e-21 5.818e-21 0.0 -105.78 0.0
S093450 229.1791 21.8077 1.4820000000000002e-20 2.539e-20 5.601000000000001e-20 0.0 -105.82 0.0
S093451 229.1634 21.8065 3.649e-16 2.512e-16 8.472e-17 0.0 -105.82 0.0
S093452 229.1726 21.8009 5.939e-18 5.642e-18 3.581e-18 0.0 -105.88 0.0
S093453 229.4628 21.8011 7.701e-21 1.3580000000000002e-20 3.1240000000000003e-20 0.0 -105.36 0.0
S093454 229.1182 21.7967 6.634e-13 4.705e-13 1.688e-13 0.0 -105.93 0.0
S093455 229.1107 21.7903 1.4550000000000001e-21 3.0460000000000002e-21 1.0080000000000002e-20 0.0 -105.98 0.0
S093456 229.1117 21.7898 5.066e-17 4.39e-17 2.301e-17 0.0 -106.0 0.0
S093457 229.4979 21.8224 2.909e-18 2.85e-18 1.915e-18 0.0 -105.17 0.0
S093458 229.5311 21.8294 5.804e-24 1.626e-23 9.947999999999999e-23 0.0 -105.12 0.0
S093459 229.5201 21.8305 5.035e-18 5.162e-18 3.931e-18 0.0 -105.11 0.0
S093460 229.5402 21.8316 6.325e-17 6.223e-17 4.375e-17 0.0 -105.07 0.0
S093461 229.0817 21.7787 1.375e-17 1.206e-17 6.436e-18 0.0 -106.07 0.0
S093462 229.0469 21.7698 4.830999999999999e-22 1.0210000000000001e-21 3.444e-21 0.0 -106.12 0.0
S093463 229.0531 21.7617 8.799e-16 6.266e-16 2.33e-16 0.0 -106.19 0.0
S093464 229.5551 21.8425 9.663e-23 2.437e-22 1.233e-21 0.0 -105.0 0.0
S093465 229.5759 21.8427 6.797e-18 6.451e-18 4.422e-18 0.0 -104.97 0.0
S093466 229.0315 21.752 1.103e-16 8.869e-17 4.147e-17 0.0 -106.25 0.0
S093467 229.5707 21.8532 1.869e-17 1.621e-17 8.463e-18 0.0 -104.95 0.0
S093468 229.0289 21.7561 4.521e-17 3.826e-17 1.938e-17 0.0 -106.24 0.0
S093469 229.5847 21.8571 2.982e-21 5.6890000000000005e-21 1.59e-20 0.001 -104.91 0.0
S093470 229.0017 21.7373 2.206e-19 2.666e-19 2.776e-19 0.0 -106.36 0.0
S093471 229.5837 21.8557 3.572e-22 8.035999999999999e-22 3.1770000000000002e-21 0.0 -104.93 0.0
S093472 228.9659 21.7347 2.146e-18 2.257e-18 1.789e-18 0.0 -106.33 1.0
S093473 229.6378 21.8794 9.051e-13 6.874e-13 2.774e-13 0.0 -104.82 0.0
S093474 229.0048 21.7343 1.795e-16 1.4e-16 6.083e-17 0.0 -106.38 1.0
S093475 228.9825 21.7322 2.73e-17 2.217e-17 1.059e-17 0.0 -106.37 0.0
S093476 229.002 21.7414 3.386e-25 1.45e-24 2.202e-23 0.0 -106.33 0.0
S093477 229.5825 21.8682 6.939e-23 1.8139999999999998e-22 9.406e-22 0.0 -104.82 0.0
S093478 228.9905 21.7249 5.216e-16 3.914e-16 1.556e-16 0.0 -106.4 0.0
S093479 229.6113 21.8823 3.214e-23 9.667e-23 7.061999999999999e-22 0.0 -104.82 0.0
S093480 229.627 21.8898 6.648e-18 6.033e-18 3.448e-18 0.0 -104.79 0.0
S093481 228.964 21.712 1.697e-13 2.018e-13 2.137e-13 0.0 -106.42 0.0
S093482 229.6298 21.8872 2.476e-24 8.477e-24 7.954e-23 0.0 -104.8 0.0
S093483 229.617 21.8905 9.418000000000001e-20 1.431e-19 2.389e-19 0.0 -104.76 0.0
S093484 228.9859 21.715 2.8470000000000004e-20 4.2690000000000004e-20 6.846e-20 0.0 -106.41 0.0
S093485 229.0048 21.7129 4.687e-17 3.842e-17 1.895e-17 0.0 -106.41 0.0
S093486 228.993 21.7117 3.482e-18 3.469e-18 2.561e-18 0.0 -106.38 0.0
S093487 229.0163 21.7185 1.549e-13 1.908e-13 2.079e-13 0.0 -106.38 0.0
S093488 228.9647 21.6983 1.132e-15 7.778e-16 2.649e-16 0.0 -106.42 0.0
S093489 229.5553 21.8823 4.358e-17 5.247e-17 5.66e-17 0.0 -104.84 0.0
S093490 229.5556 21.8895 3.487e-16 2.741e-16 1.197e-16 0.0 -104.82 1.0
S093491 229.6049 21.9021 3.429e-16 2.96e-16 1.563e-16 0.0 -104.83 0.0
S093492 229.0219 21.7113 5.508e-17 6.851e-17 7.796e-17 0.0 -106.35 0.0
S093493 229.0314 21.7056 1.784e-19 2.318e-19 2.796e-19 0.0 -106.35 0.0
S093494 229.5276 21.886 1.245e-16 9.681e-17 4.329e-17 0.0 -104.87 1.0
S093495 229.5427 21.8886 3.0950000000000004e-20 4.7940000000000004e-20 8.758000000000001e-20 0.0 -104.87 0.0
S093496 229.051 21.7137 4.079e-23 1.0899999999999999e-22 5.981e-22 0.0 -106.28 0.0
S093497 229.5765 21.9098 1.523e-15 1.118e-15 4.206e-16 0.0 -104.9 0.0
S093498 229.0856 21.7186 1.392e-19 1.927e-19 2.594e-19 0.0 -106.23 0.0
S093499 229.0998 21.7198 6.478e-17 4.971e-17 2.112e-17 0.0 -106.21 0.0
S093500 229.5306 21.8997 4.8980000000000003e-20 7.156000000000001e-20 1.148e-19 0.0 -104.94 0.0
S093501 229.4864 21.8892 6.099e-18 5.862e-18 3.98e-18 0.0 -104.99 0.0
S093502 229.4908 21.8904 7.473e-20 1.031e-19 1.442e-19 0.0 -105.02 0.0
S093503 229.4724 21.8848 2.553e-18 2.715e-18 2.21e-18 0.0 -105.02 0.0
S093504 229.1383 21.7245 4.446e-18 4.505e-18 3.41e-18 0.0 -106.1 0.0
S093505 229.4525 21.8891 1.176e-18 1.338e-18 1.274e-18 0.0 -105.11 0.0
S093506 229.4581 21.8899 2.361e-13 1.607e-13 5.374e-14 0.0 -105.09 0.0
S093507 229.4138 21.8722 4.534e-18 4.484e-18 3.142e-18 0.0 -105.15 0.0
S093508 229.2004 21.7251 2.829e-15 1.904e-15 6.291e-16 0.0 -105.98 0.0
S093509 229.4132 21.8742 4.778e-24 1.439e-23 1.0029999999999999e-22 0.0 -105.18 0.0
S093510 229.4037 21.8716 4.484e-21 7.901e-21 1.8090000000000003e-20 0.0 -105.2 0.0
S093511 229.2058 21.7185 1.684e-16 1.316e-16 5.609e-17 0.0 -105.97 1.0
S093512 229.2482 21.7375 3.795e-17 5.202e-17 7.171e-17 0.0 -105.88 0.0
S093513 229.2387 21.7292 5.794e-17 6.678e-17 6.308e-17 0.0 -105.89 0.0
S093514 229.3367 21.8619 1.083e-16 8.428e-17 3.739e-17 0.0 -105.35 1.0
S093515 229.3275 21.8654 2.622e-17 3.443e-17 4.308e-17 0.0 -105.39 0.0
S093516 229.3043 21.7459 3.979e-22 8.381999999999999e-22 2.818e-21 0.0 -105.74 0.0
S093517 229.3103 21.8573 1.677e-19 2.256e-19 3.056e-19 0.0 -105.41 0.0
S093518 229.2926 21.7569 6.942e-17 5.598e-17 2.613e-17 0.0 -105.75 0.0
S093519 229.2958 21.8477 2.548e-17 2.098e-17 1.015e-17 0.0 -105.47 0.0
S093520 229.2463 21.8462 3.644e-17 3.047e-17 1.569e-17 0.0 -105.54 0.0
S093521 229.3589 21.7648 2.6e-17 4.625e-17 1.066e-16 0.0 -105.63 0.0
S093522 229.3621 21.7711 1.116e-16 1.292e-16 1.24e-16 0.0 -105.6 0.0
S093523 229.2185 21.8293 4.422e-18 4.405e-18 3.085e-18 0.0 -105.65 0.0
S093524 229.2011 21.8284 4.5940000000000004e-20 7.053000000000001e-20 1.215e-19 0.0 -105.67 0.0
S093525 229.4205 21.7803 1.266e-22 3.4419999999999997e-22 1.996e-21 0.0 -105.48 0.0
S093526 229.1777 21.8206 2.265e-21 1.533e-21 5.099999999999999e-22 0.0 -105.72 0.0
S093527 229.4177 21.7908 1.5470000000000001e-21 1.093e-21 3.876e-22 0.0 -105.43 0.0
S093528 229.1678 21.8127 6.38e-17 4.93e-17 2.174e-17 0.0 -105.81 0.0
S093529 229.4521 21.7986 1.767e-16 1.349e-16 5.629e-17 0.0 -105.38 1.0
S093530 229.4629 21.8014 6.728e-18 6.674e-18 4.644e-18 0.0 -105.35 0.0
S093531 229.1039 21.8013 8.737999999999999e-23 2.369e-22 1.323e-21 0.0 -105.89 0.0
S093532 229.4926 21.8116 4.585e-18 4.677e-18 3.509e-18 0.0 -105.28 0.0
