Name Equatorial Polar BlueF GreenF RedF Parallax RadialVelocity Variable?
S364558 243.142 83.6044 7.227e-21 1.213e-20 2.6160000000000004e-20 0.0 -117.77 0.0
S364600 243.1935 83.6331 1.023e-23 2.94e-23 1.9029999999999998e-22 0.0 -115.93 0.0
S364638 243.3167 83.6313 1.145e-17 1.024e-17 5.921e-18 0.0 -117.55 0.0
S364651 243.2261 83.7209 3.975e-21 7.263e-21 1.8510000000000002e-20 0.0 -118.29 0.0
S364681 243.1313 83.639 1.404e-21 2.532e-21 6.4970000000000004e-21 0.0 -116.95 0.0
S364686 243.2385 83.6377 6.455e-25 2.756e-24 3.942e-23 0.0 -117.8 0.0
S364735 243.3595 83.6459 1.259e-21 2.453e-21 7.189e-21 0.0 -115.97 0.0
S364864 243.2156 83.6301 1.454e-19 1.885e-19 2.302e-19 0.0 -117.44 0.0
S364873 243.3301 83.6685 7.447999999999999e-22 5.710999999999999e-22 2.4299999999999996e-22 0.0 -116.64 0.0
S364889 243.1442 83.5976 1.2599999999999998e-22 3.2919999999999996e-22 1.742e-21 0.0 -118.55 0.0
S364911 243.2397 83.6252 3.281e-22 6.783e-22 2.187e-21 0.0 -116.89 0.0
S364988 243.2075 83.7118 6.586999999999999e-22 1.472e-21 5.698e-21 0.0 -117.96 0.0
S365009 243.2096 83.6443 9.124e-23 2.3799999999999997e-22 1.308e-21 0.0 -116.47 0.0
S365033 243.3096 83.6403 6.792e-24 2.046e-23 1.463e-22 0.0 -115.95 0.0
S365049 243.3545 83.6681 2.621e-23 6.875e-23 3.6929999999999996e-22 0.0 -115.84 0.0
S365050 243.2291 83.6152 2.6609999999999996e-22 6.855999999999999e-22 3.448e-21 0.0 -117.57 0.0
S365097 243.2448 83.6013 6.941e-13 5.272e-13 2.2e-13 0.0 -117.8 1.0
S365167 243.2629 83.6427 1.374e-22 3.052e-22 1.152e-21 0.0 -118.09 0.0
S365189 243.2542 83.6096 5.0289999999999996e-23 1.3119999999999998e-22 6.933e-22 0.0 -117.58 0.0
S365203 243.2686 83.6184 3.723e-19 4.38e-19 4.411e-19 0.0 -116.27 0.0
S365234 243.1671 83.6025 6.481e-17 6.787e-17 5.269e-17 0.0 -118.0 0.0
S365301 243.2141 83.6335 4.938e-17 6.529e-17 8.318e-17 0.0 -115.79 0.0
S365312 243.2329 83.63 4.145e-19 4.758e-19 4.709e-19 0.0 -117.52 0.0
S365313 243.1846 83.6066 1.61e-21 3.248e-21 1.0330000000000001e-20 0.0 -118.51 0.0
S365320 243.1571 83.6431 3.014e-19 3.577e-19 3.554e-19 0.0 -116.57 0.0
S365358 243.2544 83.6098 1.8359999999999998e-22 4.74e-22 2.526e-21 0.0 -117.42 0.0
S365493 243.1354 83.6622 6.73e-13 4.913e-13 1.903e-13 0.0 -116.0 0.0
S365494 243.1903 83.6522 3.055e-23 8.286999999999999e-23 4.8209999999999995e-22 0.0 -116.19 0.0
S365507 243.2431 83.6351 1.335e-21 2.738e-21 8.653e-21 0.0 -116.62 0.0
S365512 243.2198 83.6709 1.823e-22 4.584e-22 2.237e-21 0.0 -115.92 0.0
S365534 243.3098 83.5862 4.916e-22 9.92e-22 3.15e-21 0.0 -118.07 0.0
S365593 243.2445 83.5997 6.894999999999999e-23 1.7279999999999998e-22 8.275999999999999e-22 0.0 -116.56 0.0
S365774 243.3362 83.6814 1.521e-19 1.963e-19 2.41e-19 0.0 -116.42 0.0
S365779 243.2485 83.6738 1.89e-18 2.155e-18 2.077e-18 0.0 -117.42 0.0
S371458 243.2341 83.6696 3.2709999999999997e-22 7.305e-22 2.665e-21 0.0 -116.04 0.0
S371459 243.2505 83.6671 6.681e-18 6.391e-18 4.246e-18 0.0 -116.56 0.0
S371460 243.3232 83.6754 1.474e-18 1.66e-18 1.528e-18 0.0 -116.89 0.0
S371461 243.2583 83.6647 2.254e-19 2.868e-19 3.442e-19 0.0 -116.83 0.0
S371462 243.2264 83.6642 1.7179999999999999e-22 3.9149999999999995e-22 1.512e-21 0.0 -115.86 0.0
S371464 243.2383 83.6662 4.184e-24 1.358e-23 1.151e-22 0.0 -116.11 0.0
S371465 243.2425 83.6651 7.568e-19 8.671e-19 8.263e-19 0.0 -116.41 0.0
S371466 243.1345 83.6495 6.848e-20 9.342e-20 1.338e-19 0.0 -115.73 0.0
S371467 243.24 83.6685 5.818e-18 5.476e-18 3.356e-18 0.0 -116.31 0.0
S371468 243.2651 83.6684 2.588e-23 6.975e-23 4.0349999999999996e-22 0.0 -116.86 0.0
S371469 243.244 83.6614 5.271e-22 1.2110000000000001e-21 4.836e-21 0.0 -116.56 0.0
S371470 243.2466 83.666 1.62e-18 1.704e-18 1.329e-18 0.0 -116.64 0.0
S371471 243.2019 83.662 3.602e-21 6.514e-21 1.598e-20 0.0 -115.81 0.0
S371472 243.2288 83.6656 9.331e-23 2.0619999999999998e-22 7.923999999999999e-22 0.0 -115.92 0.0
S371473 243.2843 83.6735 7.999e-21 1.344e-20 2.8320000000000005e-20 0.0 -116.84 0.0
S371474 243.2395 83.6608 1.609e-17 2.695e-17 5.798e-17 0.0 -116.2 0.0
S371475 243.2432 83.6655 1.448e-21 1.017e-21 3.6879999999999997e-22 0.0 -116.57 0.0
S371476 243.2428 83.6626 1.492e-19 1.928e-19 2.363e-19 0.0 -116.37 0.0
S371477 243.2121 83.6612 2.4399999999999997e-22 5.868e-22 2.608e-21 0.0 -115.88 0.0
S371478 243.2379 83.6698 5.364e-23 1.388e-22 7.144999999999999e-22 0.0 -116.16 0.0
S371479 243.2432 83.6625 9.346999999999999e-23 2.236e-22 1.0210000000000001e-21 0.0 -116.54 0.0
S371480 243.226 83.6647 5.0389999999999997e-23 1.18e-22 4.813e-22 0.0 -115.91 0.0
S371481 243.2932 83.678 7.114e-13 5.413e-13 2.194e-13 0.0 -116.72 0.0
S371482 243.2578 83.6655 1.9970000000000002e-20 3.0960000000000003e-20 5.599e-20 0.0 -116.41 0.0
S371483 243.2372 83.6628 7.682000000000001e-20 1.059e-19 1.506e-19 0.0 -116.05 0.0
S371484 243.2407 83.6642 4.23e-20 6.036000000000001e-20 9.287000000000001e-20 0.0 -116.3 0.0
S371485 243.2146 83.6654 2.0020000000000003e-20 3.2260000000000004e-20 6.013e-20 0.0 -115.77 0.0
S371486 243.2419 83.6669 6.046e-23 1.5239999999999998e-22 7.405999999999999e-22 0.0 -116.37 0.0
S371487 243.3191 83.6774 1.624e-21 3.279e-21 1.035e-20 0.0 -116.94 0.0
S371488 243.2316 83.6615 1.291e-21 2.5770000000000002e-21 7.818e-21 0.0 -115.91 0.0
S371489 243.2353 83.6662 5.176e-23 1.2459999999999999e-22 5.6979999999999995e-22 0.0 -116.26 0.0
S371490 243.2333 83.6642 2.628e-21 4.863e-21 1.2550000000000001e-20 0.001 -116.14 0.0
S371491 243.2171 83.6575 1.055e-19 1.502e-19 2.241e-19 0.0 -115.81 0.0
S371492 243.2672 83.6715 4.388e-23 1.0329999999999999e-22 4.488e-22 0.0 -116.82 0.0
S371493 243.241 83.6615 8.447000000000001e-20 1.164e-19 1.618e-19 0.0 -116.32 0.0
S371494 243.2144 83.6582 2.125e-24 7.783e-24 8.696999999999999e-23 0.0 -116.11 0.0
S371495 243.2401 83.6651 7.076e-18 6.84e-18 4.57e-18 0.0 -116.32 0.0
S371496 243.2358 83.6674 5.15e-18 4.855e-18 3.157e-18 0.0 -116.18 0.0
S371497 243.241 83.6627 1.873e-21 1.263e-21 4.332e-22 0.0 -116.59 0.0
S371498 243.2281 83.6628 2.177e-20 3.326e-20 5.812e-20 0.0 -115.92 0.0
S371499 243.2174 83.6626 3.1279999999999997e-23 8.506e-23 4.741999999999999e-22 0.0 -115.91 0.0
S371500 243.2341 83.6668 5.039e-17 4.03e-17 1.875e-17 0.0 -116.06 0.0
S371501 243.2427 83.6667 3.769e-19 4.34e-19 4.233e-19 0.0 -116.46 0.0
S371502 243.2165 83.6619 3.723e-17 3.111e-17 1.57e-17 0.0 -115.82 0.0
S371503 243.3086 83.6817 1.286e-18 1.391e-18 1.18e-18 0.0 -116.94 0.0
S371504 243.2311 83.6662 1.3049999999999998e-22 3.067e-22 1.255e-21 0.0 -116.18 0.0
S371505 243.2132 83.6567 8.455e-24 2.345e-23 1.3899999999999998e-22 0.0 -115.79 0.0
S371506 243.2347 83.6626 1.949e-22 4.44e-22 1.752e-21 0.0 -116.08 0.0
S371507 243.1987 83.6581 2.177e-22 4.5539999999999995e-22 1.459e-21 0.0 -115.87 0.0
S371508 243.2302 83.6706 6.343e-19 7.323e-19 6.977e-19 0.0 -116.26 0.0
S371509 243.2357 83.661 1.055e-19 1.399e-19 1.873e-19 0.0 -116.22 0.0
S371510 243.2505 83.67 5.9059999999999995e-22 1.219e-21 4.035e-21 0.0 -116.64 0.0
S371511 243.2211 83.6637 2.08e-21 1.399e-21 4.595999999999999e-22 0.0 -115.89 0.0
S371512 243.2504 83.6661 3.72e-21 6.888e-21 1.7790000000000002e-20 0.0 -116.75 0.0
S371513 243.2564 83.6671 1.362e-19 1.741e-19 2.051e-19 0.0 -116.82 0.0
S371514 243.2592 83.6681 1.9919999999999998e-22 4.794e-22 2.175e-21 0.0 -116.76 0.0
S371515 243.2868 83.675 3.17e-21 5.892e-21 1.4860000000000002e-20 0.0 -116.79 0.0
S371516 243.2778 83.6682 1.439e-21 1.016e-21 3.608e-22 0.0 -116.68 0.0
S371517 243.3428 83.684 3.218e-19 4.093e-19 4.998e-19 0.0 -116.88 0.0
S371518 243.2625 83.6692 1.001e-18 1.191e-18 1.183e-18 0.0 -116.73 0.0
S371519 243.2432 83.6658 2.376e-19 3.111e-19 3.979e-19 0.0 -116.44 0.0
S371520 243.1988 83.6623 2.346e-20 3.6200000000000004e-20 6.423e-20 0.0 -115.71 0.0
S371521 243.2652 83.6764 3.8069999999999997e-22 8.987999999999999e-22 3.7750000000000004e-21 0.001 -116.52 0.0
S371522 243.2678 83.6642 1.283e-16 1.108e-16 6.152e-17 0.0 -116.89 0.0
S371523 243.2315 83.6656 6.905e-18 6.627e-18 4.384e-18 0.0 -116.17 0.0
S371524 243.3153 83.6757 1.418e-16 1.283e-16 7.76e-17 0.0 -116.82 0.0
S371525 243.239 83.6628 7.445999999999999e-22 1.647e-21 6.136e-21 0.0 -116.05 1.0
S371526 243.216 83.6616 2.4349999999999998e-23 6.567999999999999e-23 3.7019999999999997e-22 0.0 -115.97 0.0
S371527 243.2446 83.6642 5.389e-13 3.759e-13 1.383e-13 0.0 -116.41 0.0
S371528 243.2627 83.6687 8.71e-23 2.263e-22 1.2e-21 0.0 -116.81 0.0
S371529 243.1734 83.6586 3.515e-17 4.048e-17 3.762e-17 0.0 -115.76 0.0
S371530 243.2095 83.6628 5.728e-21 9.529e-21 1.9140000000000002e-20 0.0 -116.04 0.0
S371531 243.2428 83.6628 4.756999999999999e-22 1.023e-21 3.577e-21 0.0 -116.35 0.0
S371532 243.2328 83.6664 7.334e-24 2.1729999999999998e-23 1.5389999999999998e-22 0.0 -115.99 0.0
S371533 243.2538 83.6661 5.542000000000001e-20 7.494e-20 1.045e-19 0.0 -116.71 0.0
S371534 243.2419 83.662 1.703e-23 5.403999999999999e-23 4.414e-22 0.0 -116.59 0.0
S371535 243.1844 83.6537 5.811999999999999e-22 1.279e-21 4.709e-21 0.0 -115.73 0.0
S371536 243.2397 83.6635 1.086e-21 2.044e-21 5.375e-21 0.0 -116.12 0.0
S371537 243.2242 83.6578 6.546000000000001e-20 8.815000000000001e-20 1.178e-19 0.0 -115.86 0.0
S371538 243.3428 83.6787 3.865e-20 5.952e-20 1.008e-19 0.0 -116.99 0.0
S371539 243.2441 83.6632 7.056e-24 2.14e-23 1.5649999999999998e-22 0.0 -116.38 0.0
S371540 243.1941 83.6576 6.062999999999999e-22 1.421e-21 5.912e-21 0.0 -115.81 0.0
S371541 243.185 83.6548 3.7949999999999994e-22 8.166e-22 2.858e-21 0.0 -115.71 0.0
S371542 243.236 83.6648 4.363e-24 1.308e-23 9.56e-23 0.0 -116.04 0.0
S371543 243.2434 83.6687 1.087e-18 1.159e-18 9.639e-19 0.001 -116.38 0.0
S371544 243.2126 83.6591 1.509e-19 1.894e-19 2.211e-19 0.0 -115.81 0.0
S371545 243.2185 83.661 3.472e-17 3.006e-17 1.607e-17 0.0 -115.89 0.0
S371546 243.2457 83.6618 2.5449999999999997e-23 7.176e-23 4.485e-22 0.001 -116.43 0.0
S371547 243.2676 83.6716 4.416e-17 6.418e-17 9.939e-17 0.0 -116.53 0.0
S371548 243.2324 83.6622 1.7309999999999998e-22 4.12e-22 1.795e-21 0.0 -116.25 0.0
S371549 243.2423 83.6623 3.805e-21 7.51e-21 2.2340000000000003e-20 0.0 -116.37 0.0
S371550 243.2069 83.6608 4.236e-17 4.241e-17 2.965e-17 0.0 -115.71 0.0
S371551 243.1609 83.6574 3.9490000000000006e-20 5.805e-20 9.099000000000001e-20 0.0 -115.78 0.0
S371552 243.2404 83.6634 1.087e-23 2.943e-23 1.722e-22 0.0 -116.24 0.0
S371553 243.2389 83.6676 4.273e-19 5.153e-19 5.595e-19 0.0 -116.12 0.0
S371554 243.2368 83.6619 7.054e-24 2.2399999999999998e-23 1.8759999999999998e-22 0.001 -116.08 0.0
S371555 243.225 83.6669 5.532999999999999e-22 1.173e-21 3.986e-21 0.0 -115.85 1.0
S371556 243.2301 83.6681 6.28e-18 5.852e-18 3.703e-18 0.0 -116.07 0.0
S371557 243.2762 83.6697 1.226e-19 1.684e-19 2.301e-19 0.0 -116.86 0.0
S371558 243.2803 83.6779 2.389e-19 3.1e-19 3.954e-19 0.0 -116.59 0.0
S371559 243.2065 83.6644 1.377e-22 3.364e-22 1.5440000000000001e-21 0.0 -115.78 0.0
S371560 243.2647 83.6637 1.1790000000000001e-20 1.9850000000000003e-20 4.2390000000000006e-20 0.0 -116.7 0.0
S371561 243.3143 83.6714 3.452e-18 3.155e-18 1.955e-18 0.0 -116.95 0.0
S371562 243.2534 83.6686 8.919e-23 2.0609999999999997e-22 8.273999999999999e-22 0.0 -116.77 0.0
S371563 243.2385 83.664 7.2860000000000005e-25 2.812e-24 3.437e-23 0.0 -116.28 0.0
S371564 243.1719 83.6581 8.973e-19 9.533e-19 7.775e-19 0.0 -115.76 0.0
S371565 243.2454 83.6674 3.862e-24 1.4549999999999998e-23 1.6609999999999998e-22 0.0 -116.44 0.0
S371566 243.2421 83.6703 2.461e-19 3.126e-19 3.587e-19 0.0 -116.54 0.0
S371567 243.265 83.6677 1.28e-20 2.0470000000000003e-20 3.7580000000000004e-20 0.0 -116.85 0.0
S371568 243.2611 83.6679 1.7150000000000002e-21 1.187e-21 4.1769999999999996e-22 0.0 -116.78 0.0
S371569 243.226 83.6614 2.144e-19 2.84e-19 3.751e-19 0.0 -115.87 0.0
S371570 243.2738 83.6675 2.194e-24 7.354e-24 6.581e-23 0.0 -116.81 0.0
S371571 243.2429 83.6677 1.545e-21 1.077e-21 3.7909999999999997e-22 0.0 -116.4 0.0
S371572 243.2397 83.6674 1.019e-18 1.12e-18 1.005e-18 0.0 -116.19 0.0
S371573 243.2228 83.6601 3.636e-23 9.367999999999999e-23 4.862999999999999e-22 0.0 -116.29 0.0
S371574 243.1585 83.6551 3.912e-19 4.6e-19 4.624e-19 0.0 -115.73 0.0
S371575 243.2483 83.6693 2.607e-21 4.948e-21 1.3640000000000003e-20 0.0 -116.51 0.0
S371576 243.2499 83.665 1.0209999999999998e-22 2.414e-22 1.045e-21 0.0 -116.69 0.0
S371577 243.2653 83.6706 1.27e-17 1.151e-17 6.939e-18 0.0 -116.87 0.0
S371578 243.2409 83.6684 5.053999999999999e-22 1.061e-21 3.483e-21 0.0 -116.55 0.0
S371579 243.2406 83.663 2.6769999999999997e-22 5.551e-22 1.759e-21 0.0 -116.24 0.0
S371580 243.2745 83.6722 4.2e-26 2.311e-25 5.7789999999999996e-24 0.0 -116.78 0.0
S371581 243.2074 83.6656 2.012e-22 4.395e-22 1.5560000000000001e-21 0.0 -115.74 0.0
S371582 243.235 83.6659 1.296e-17 1.188e-17 6.982e-18 0.0 -116.28 0.0
S371583 243.2401 83.6618 1.235e-17 1.117e-17 6.563e-18 0.0 -116.23 0.0
S371584 243.2378 83.6692 4.885e-20 7.322000000000001e-20 1.253e-19 0.0 -116.08 0.0
S371585 243.2368 83.6664 1.342e-23 3.974e-23 2.8019999999999996e-22 0.0 -116.14 1.0
S371586 243.2518 83.665 2.735e-18 2.726e-18 1.975e-18 0.0 -116.46 0.0
S371587 243.2352 83.6663 1.1309999999999999e-22 2.807e-22 1.3270000000000001e-21 0.0 -116.04 0.0
S371588 243.3393 83.6845 4.451e-22 1.0060000000000001e-21 3.833e-21 0.0 -116.98 0.0
S371589 243.2306 83.66 6.510999999999999e-22 1.45e-21 5.454e-21 0.001 -116.23 0.0
S371590 243.2618 83.664 2.1429999999999997e-22 4.869e-22 1.872e-21 0.0 -116.84 0.0
S371591 243.2286 83.6685 2.542e-19 2.938e-19 2.809e-19 0.0 -115.88 0.0
S371592 243.2622 83.6647 3.241e-17 3.873e-17 3.871e-17 0.0 -116.64 0.0
S371593 243.2631 83.6693 1.1199999999999999e-23 3.252e-23 2.1719999999999997e-22 0.0 -116.6 0.0
S371594 243.2251 83.6667 1.595e-21 2.985e-21 7.69e-21 0.0 -115.89 0.0
S371595 243.2639 83.6707 1.616e-19 2.205e-19 3.038e-19 0.0 -116.7 0.0
S371596 243.2406 83.6628 6.417e-13 6.148e-13 4.014e-13 0.0 -116.31 1.0
S371597 243.2402 83.6621 1.897e-19 2.479e-19 3.011e-19 0.0 -116.31 0.0
S371598 243.2403 83.6676 1.919e-24 6.858e-24 7.332e-23 0.0 -116.42 0.0
S371599 243.2594 83.6698 2.318e-18 2.341e-18 1.787e-18 0.0 -116.55 0.0
S371600 243.236 83.6691 4.551e-19 5.607e-19 6.207e-19 0.0 -116.02 0.0
S371601 243.2222 83.6602 6.524e-19 7.274e-19 6.677e-19 0.0 -115.92 0.0
S371602 243.2728 83.6701 3.4389999999999995e-22 8.3129999999999995e-22 3.8220000000000004e-21 0.0 -116.91 0.0
S371603 243.2533 83.663 8.014999999999999e-24 2.322e-23 1.5469999999999999e-22 0.0 -116.68 0.0
S371604 243.2813 83.6667 5.135e-22 1.2230000000000001e-21 5.511e-21 0.0 -116.91 0.0
S371605 243.2437 83.6653 5.1290000000000007e-20 7.354e-20 1.091e-19 0.0 -116.59 0.0
S371606 243.229 83.6695 2.076e-21 1.417e-21 4.801999999999999e-22 0.0 -115.93 0.0
S371607 243.2766 83.67 4.2289999999999995e-23 1.062e-22 5.202999999999999e-22 0.0 -116.88 0.0
S371608 243.2357 83.661 3.7809999999999995e-22 8.832999999999999e-22 3.625e-21 0.0 -116.03 0.0
S371609 243.2396 83.6648 1.0519999999999999e-22 2.671e-22 1.357e-21 0.0 -116.3 0.0
S371610 243.182 83.654 3.7579999999999996e-23 9.02e-23 4.0489999999999995e-22 0.0 -115.77 0.0
S371611 243.2957 83.6749 3.4269999999999997e-22 7.336e-22 2.598e-21 0.0 -116.77 0.0
S371612 243.1731 83.6533 5.145e-23 1.559e-22 1.135e-21 0.0 -115.7 0.0
S371613 243.2344 83.6663 4.971e-22 1.1190000000000001e-21 4.299e-21 0.0 -115.99 0.0
S371614 243.2527 83.6691 5.031e-20 7.175000000000001e-20 1.1e-19 0.0 -116.76 0.0
S371615 243.2402 83.6699 5.290999999999999e-22 1.293e-21 5.895e-21 0.0 -116.35 0.0
S371616 243.2059 83.662 7.858e-18 7.097e-18 4.214e-18 0.0 -116.01 1.0
S371617 243.2398 83.6647 6.633e-27 4.2420000000000004e-26 1.469e-24 0.0 -116.31 0.0
S371618 243.2266 83.6648 2.377e-22 5.715e-22 2.49e-21 0.0 -116.18 0.0
S371619 243.2484 83.6659 1.977e-19 2.548e-19 3.068e-19 0.0 -116.67 0.0
S371620 243.289 83.6737 9.934000000000001e-20 1.322e-19 1.684e-19 0.0 -116.95 0.0
S371621 243.2231 83.6618 1.753e-21 1.201e-21 4.1529999999999995e-22 0.0 -116.08 0.0
S371622 243.2357 83.6691 1.1859999999999998e-22 2.5579999999999997e-22 8.957999999999999e-22 0.0 -116.22 0.0
S371623 243.2412 83.6642 2.401e-20 3.7090000000000005e-20 6.651000000000001e-20 0.0 -116.56 0.0
S371624 243.2437 83.6632 2.08e-21 4.066e-21 1.1790000000000001e-20 0.0 -116.61 0.0
S371625 243.2494 83.6676 5.77e-20 8.008000000000001e-20 1.109e-19 0.0 -116.47 0.0
S371626 243.2499 83.6647 2.889e-18 2.881e-18 2.06e-18 0.0 -116.59 0.0
S371627 243.2751 83.6668 1.811e-20 2.938e-20 5.538e-20 0.0 -116.72 0.0
S371628 243.2452 83.665 7.066e-19 7.614e-19 6.502e-19 0.0 -116.48 0.0
S371629 243.1541 83.654 4.9379999999999996e-24 1.5199999999999998e-23 1.1149999999999998e-22 0.0 -115.69 0.0
S371630 243.2042 83.6614 1.605e-20 2.6270000000000003e-20 5.127e-20 0.0 -115.75 0.0
S371631 243.2165 83.66 1.566e-21 2.9990000000000002e-21 8.464e-21 0.0 -115.98 0.0
S371632 243.2399 83.6608 1.783e-21 1.213e-21 4.1529999999999995e-22 0.0 -116.27 0.0
S371633 243.2631 83.6682 7.789999999999999e-22 1.578e-21 4.941e-21 0.0 -116.67 0.0
S371634 243.2418 83.6649 3.424e-23 8.615e-23 4.261e-22 0.0 -116.46 0.0
S371635 243.234 83.661 3.022e-22 6.772e-22 2.586e-21 0.0 -116.21 0.0
S371636 243.3389 83.6773 7.306e-23 1.997e-22 1.191e-21 0.0 -116.96 0.0
S371637 243.257 83.6644 5.853e-23 1.5599999999999998e-22 8.528e-22 0.0 -116.53 0.0
S371638 243.2588 83.6707 1.789e-19 2.27e-19 2.725e-19 0.0 -116.81 0.0
S371639 243.2245 83.6605 2.9700000000000005e-20 4.595e-20 7.928000000000001e-20 0.0 -115.83 0.0
S371640 243.2307 83.6615 1.7509999999999999e-22 4.1669999999999995e-22 1.77e-21 0.0 -116.01 0.0
S371641 243.2405 83.6644 6.831e-22 1.5500000000000001e-21 5.8080000000000005e-21 0.0 -116.31 0.0
S371642 243.2616 83.6681 4.545e-22 1.032e-21 3.996e-21 0.0 -116.49 0.0
S371643 243.2201 83.6621 7.071e-21 1.1840000000000002e-20 2.4490000000000002e-20 0.001 -116.09 0.0
S371644 243.2401 83.672 4.139e-21 7.67e-21 1.956e-20 0.0 -116.49 0.0
S371645 243.2197 83.6659 1.019e-12 8.935e-13 4.992e-13 0.0 -115.9 1.0
S371646 243.2462 83.6616 6.586e-19 7.143e-19 6.325e-19 0.0 -116.41 0.0
S371647 243.2393 83.6658 1.304e-21 9.117e-22 3.3289999999999996e-22 0.0 -116.3 0.0
S371648 243.2761 83.6701 2.035e-20 3.2540000000000004e-20 6.423e-20 0.0 -116.81 0.0
S371649 243.2381 83.6635 2.3709999999999996e-22 5.284e-22 2.0120000000000002e-21 0.0 -116.2 0.0
S371650 243.1477 83.651 4.888e-19 5.923e-19 6.149e-19 0.0 -115.7 0.0
S371651 243.2204 83.6657 2.278e-21 4.3100000000000004e-21 1.2080000000000002e-20 0.0 -115.95 0.0
S371652 243.2379 83.6644 5.141e-23 1.4299999999999998e-22 8.555e-22 0.0 -116.18 0.0
S371653 243.2926 83.6681 4.753e-21 8.547e-21 2.0380000000000002e-20 0.0 -116.78 0.0
S371654 243.2119 83.6609 4.1710000000000005e-20 6.214e-20 1.009e-19 0.0 -115.74 0.0
S371655 243.2291 83.6657 1.029e-18 1.134e-18 1.015e-18 0.0 -115.87 0.0
S371656 243.2427 83.6654 2.759e-23 8.248e-23 5.953e-22 0.0 -116.42 0.0
S371657 243.2699 83.6711 1.466e-21 2.732e-21 7.363e-21 0.0 -116.78 0.0
S371658 243.2277 83.6646 5.692e-23 1.4749999999999998e-22 7.953999999999999e-22 0.0 -115.88 0.0
S371659 243.2328 83.6667 4.997999999999999e-22 1.066e-21 3.7980000000000004e-21 0.0 -116.0 0.0
S371660 243.242 83.6637 2.427e-22 5.679999999999999e-22 2.342e-21 0.0 -116.37 0.0
S371661 243.2534 83.6681 2.414e-18 2.545e-18 2.01e-18 0.0 -116.53 0.0
S371662 243.2524 83.6737 2.784e-23 7.023e-23 3.4729999999999998e-22 0.0 -116.49 0.0
S371663 243.2855 83.6729 1.557e-18 1.715e-18 1.524e-18 0.0 -116.9 0.0
S371664 243.2293 83.6627 2.9809999999999996e-22 7.233999999999999e-22 3.2660000000000002e-21 0.0 -116.04 0.0
S371665 243.1385 83.6483 2.058e-16 1.54e-16 6.229e-17 0.0 -115.69 0.0
S371666 243.2785 83.6723 6.873e-18 6.514e-18 4.153e-18 0.0 -116.85 0.0
S371667 243.2461 83.6659 3.96e-20 5.824e-20 9.515e-20 0.0 -116.64 0.0
S371668 243.2394 83.6652 2.2819999999999996e-22 5.832e-22 2.867e-21 0.0 -116.04 0.0
S371669 243.2287 83.6598 1.123e-18 1.207e-18 1.01e-18 0.0 -116.05 0.0
S371670 243.255 83.6658 1.225e-20 2.0070000000000002e-20 3.877e-20 0.0 -116.74 0.0
S371671 243.2605 83.6692 4.182e-18 4.058e-18 2.747e-18 0.0 -116.84 0.0
S371672 243.2501 83.6694 1.2120000000000001e-20 1.9510000000000002e-20 3.8460000000000006e-20 0.0 -116.54 0.0
S371673 243.3336 83.6752 4.244e-21 7.912e-21 2.1100000000000002e-20 0.0 -116.97 0.0
S371674 243.3719 83.6845 2.182e-21 4.233e-21 1.232e-20 0.0 -116.95 0.0
S371675 243.19 83.6596 5.2710000000000003e-20 7.423000000000001e-20 1.103e-19 0.0 -115.97 0.0
S371676 243.2363 83.6601 1.7569999999999998e-22 4.594999999999999e-22 2.417e-21 0.0 -116.15 0.0
S371677 243.2416 83.6597 2.67e-18 2.702e-18 2.03e-18 0.0 -116.33 0.0
S371678 243.3698 83.6805 1.7569999999999998e-22 3.905e-22 1.451e-21 0.0 -116.72 0.0
S371679 243.2561 83.666 2.882e-23 7.893999999999999e-23 4.819999999999999e-22 0.0 -116.67 0.0
S371680 243.2152 83.6636 8.489000000000001e-20 1.19e-19 1.717e-19 0.0 -115.84 0.0
S371681 243.2481 83.6636 8.301e-13 5.926e-13 2.259e-13 0.0 -116.45 0.0
S371682 243.2378 83.6627 5.778e-22 1.294e-21 5.155e-21 0.0 -116.06 0.0
S371683 243.2405 83.6651 2.4699999999999998e-22 5.953e-22 2.707e-21 0.0 -116.32 0.0
S371684 243.2355 83.6635 1.005e-16 8.984e-17 5.229e-17 0.0 -116.12 0.0
S371685 243.1901 83.6586 2.377e-17 1.994e-17 1.027e-17 0.0 -115.71 0.0
S371686 243.2398 83.666 5.94e-23 1.704e-22 1.062e-21 0.0 -116.06 1.0
S371687 243.2327 83.6681 3.806e-24 1.299e-23 1.2569999999999999e-22 0.0 -116.16 0.0
S371688 243.2685 83.6733 4.358e-24 1.3979999999999998e-23 1.184e-22 0.0 -116.89 0.0
S371689 243.2061 83.6556 2.893e-24 8.908999999999999e-24 6.564999999999999e-23 0.0 -115.78 0.0
S371690 243.2736 83.6754 5.896e-20 7.679e-20 9.771000000000001e-20 0.0 -116.94 0.0
S371691 243.2173 83.6588 1.298e-19 1.68e-19 2.077e-19 0.0 -115.81 0.0
S371692 243.2525 83.6719 1.047e-18 1.156e-18 1.007e-18 0.0 -116.61 0.0
S371693 243.2386 83.6679 2.549e-23 6.865999999999999e-23 3.8539999999999994e-22 0.0 -116.06 0.0
S371694 243.2679 83.6673 3.593e-22 7.668999999999999e-22 2.628e-21 0.0 -116.73 0.0
S371695 243.2085 83.6615 5.721e-23 1.477e-22 7.371999999999999e-22 0.0 -115.72 0.0
S371696 243.2277 83.6612 1.618e-20 2.546e-20 4.741e-20 0.0 -115.94 0.0
S371697 243.2575 83.6667 1.193e-16 9.209e-17 3.895e-17 0.0 -116.56 1.0
S371698 243.234 83.6644 4.968e-24 1.6889999999999998e-23 1.563e-22 0.0 -116.14 0.0
S371699 243.2353 83.6709 3.7510000000000004e-21 6.685e-21 1.5400000000000003e-20 0.0 -116.06 0.0
S371700 243.2246 83.6645 4.0270000000000004e-20 5.808e-20 9.126000000000001e-20 0.0 -115.84 0.0
S371701 243.2908 83.6739 1.161e-22 2.8089999999999996e-22 1.288e-21 0.0 -116.93 0.0
S371702 243.24 83.6653 3.03e-16 2.537e-16 1.241e-16 0.0 -116.27 1.0
S371703 243.3112 83.6723 2.3990000000000003e-20 3.8420000000000003e-20 7.149000000000001e-20 0.0 -116.94 0.0
S371704 243.2392 83.6654 2.742e-23 7.427e-23 4.1539999999999996e-22 0.0 -116.27 0.0
S371705 243.2415 83.6656 6.417e-23 1.73e-22 1.0060000000000001e-21 0.0 -116.38 0.0
S371706 243.2463 83.6643 1.1220000000000001e-20 1.728e-20 3.1910000000000005e-20 0.0 -116.52 0.0
S371707 243.2323 83.661 1.819e-20 2.726e-20 4.451e-20 0.0 -116.16 0.0
S371708 243.155 83.6532 1.611e-20 2.546e-20 4.699e-20 0.0 -115.67 0.0
S371709 243.2642 83.6692 8.915000000000001e-20 1.263e-19 1.896e-19 0.0 -116.79 0.0
S371710 243.2168 83.6656 2.9119999999999995e-22 7.303e-22 3.523e-21 0.0 -115.85 0.0
S371711 243.2198 83.6606 7.142000000000001e-20 1.002e-19 1.421e-19 0.0 -115.86 0.0
S371712 243.2694 83.6773 7.952e-20 1.094e-19 1.526e-19 0.0 -116.48 0.0
S371713 243.1977 83.6564 5.576999999999999e-22 1.227e-21 4.677e-21 0.0 -115.75 0.0
S371714 243.2334 83.6671 1.8579999999999998e-23 5.373e-23 3.4779999999999996e-22 0.0 -115.99 0.0
S371715 243.2173 83.6643 1.564e-19 2.015e-19 2.342e-19 0.0 -115.81 0.0
S371716 243.2266 83.6616 8.271e-18 1.922e-17 7.987e-17 0.0 -115.86 0.0
S371717 243.2602 83.6717 4.286e-23 1.2199999999999999e-22 7.752999999999999e-22 0.0 -116.85 0.0
S371718 243.2499 83.666 2.487e-22 5.729e-22 2.304e-21 0.001 -116.75 0.0
S371719 243.2403 83.6618 1.627e-19 2.107e-19 2.63e-19 0.0 -116.18 0.0
S371720 243.1612 83.6518 1.1149999999999998e-22 2.844e-22 1.442e-21 0.0 -115.69 0.0
S371721 243.1773 83.6533 1.814e-21 1.2410000000000001e-21 4.298999999999999e-22 0.0 -115.74 0.0
S371722 243.234 83.6695 1.4709999999999998e-22 3.34e-22 1.334e-21 0.0 -116.18 0.0
S371724 243.2344 83.6671 6.629999999999999e-22 1.368e-21 4.496e-21 0.0 -116.02 0.0
S371725 243.267 83.6737 2.141e-16 1.586e-16 6.264e-17 0.0 -116.9 0.0
S371726 243.1942 83.6528 2.5650000000000002e-21 4.566e-21 1.068e-20 0.0 -116.05 0.0
S371727 243.2666 83.6682 5.154e-13 4.698e-13 2.752e-13 0.0 -116.87 1.0
S371728 243.2393 83.6692 1.022e-21 2.099e-21 6.816e-21 0.0 -116.31 0.0
S371729 243.2506 83.6697 9.676e-22 1.942e-21 5.988e-21 0.0 -116.63 0.0
S371730 243.2312 83.6632 4.851e-21 8.924e-21 2.246e-20 0.0 -115.91 0.0
S371731 243.2942 83.6713 9.435e-21 1.6480000000000002e-20 3.7290000000000005e-20 0.0 -116.78 0.0
S371732 243.2397 83.6646 1.542e-21 3.158e-21 1.021e-20 0.0 -116.28 0.0
S371733 243.2562 83.6619 1.908e-17 2.116e-17 1.87e-17 0.0 -116.71 0.0
S371734 243.235 83.6637 1.763e-23 4.858e-23 2.902e-22 0.0 -116.22 0.0
S371735 243.215 83.6643 9.454999999999998e-22 1.6420000000000001e-21 3.671e-21 0.0 -115.93 0.0
S371736 243.2435 83.6677 7.052e-22 1.48e-21 5.129e-21 0.0 -116.58 0.0
S371737 243.2486 83.6691 2.394e-21 4.5230000000000004e-21 1.256e-20 0.0 -116.69 0.0
S371738 243.23 83.6643 5.466e-20 7.623e-20 1.129e-19 0.0 -116.05 0.0
S371739 243.2502 83.6637 4.494e-23 1.15e-22 5.896e-22 0.0 -116.62 0.0
S371740 243.2642 83.6693 2.375e-22 5.55e-22 2.395e-21 0.0 -116.82 0.0
S371741 243.2683 83.671 3.4559999999999996e-23 9.849e-23 6.556999999999999e-22 0.0 -116.69 0.0
S371742 243.2493 83.6645 1.358e-22 3.5149999999999996e-22 1.829e-21 0.001 -116.72 0.0
S371743 243.2302 83.6639 4.13e-19 4.712e-19 4.374e-19 0.0 -115.9 0.0
S371744 243.2478 83.6672 4.604e-20 6.833000000000001e-20 1.105e-19 0.0 -116.48 0.0
S371745 243.2384 83.6644 5.749e-23 1.2979999999999999e-22 5.022999999999999e-22 0.0 -116.14 0.0
S371746 243.2202 83.6606 1.515e-24 5.093e-24 4.712e-23 0.0 -116.13 0.0
S371747 243.1778 83.653 3.714e-21 6.875e-21 1.7030000000000002e-20 0.0 -115.75 0.0
S371748 243.292 83.6792 5.324999999999999e-22 1.129e-21 3.873e-21 0.0 -116.76 0.0
S371749 243.2403 83.663 3.387e-21 6.444e-21 1.79e-20 0.0 -116.2 0.0
S371750 243.2344 83.6631 7.550999999999999e-22 1.665e-21 6.076e-21 0.0 -116.07 0.0
S371751 243.2429 83.6692 2.673e-21 4.958e-21 1.3120000000000001e-20 0.0 -116.42 0.0
S371752 243.2476 83.6651 3.077e-20 4.3730000000000004e-20 6.566e-20 0.0 -116.54 0.0
S371753 243.2368 83.6635 8.898e-18 8.274e-18 5.33e-18 0.0 -116.06 0.0
S371754 243.2639 83.6649 3.064e-23 8.844e-23 5.718e-22 0.0 -116.85 0.0
S371755 243.2466 83.6684 1.837e-19 2.299e-19 2.661e-19 0.0 -116.46 0.0
S371756 243.2749 83.6727 3.082e-22 6.712e-22 2.447e-21 0.0 -116.89 0.0
S371757 243.2283 83.6632 1.2659999999999999e-23 3.7649999999999997e-23 2.6329999999999997e-22 0.0 -115.93 0.0
S371758 243.2588 83.675 1.9889999999999999e-22 4.754e-22 2.162e-21 0.0 -116.83 0.0
S371759 243.2117 83.6634 2.686e-22 6.209999999999999e-22 2.447e-21 0.0 -115.76 0.0
S371760 243.2454 83.663 6.12e-22 1.407e-21 5.889e-21 0.0 -116.55 0.0
S371761 243.2043 83.6645 7.554e-18 7.283e-18 4.705e-18 0.0 -116.0 0.0
S371762 243.2427 83.6605 1.5790000000000002e-26 9.516000000000001e-26 2.961e-24 0.0 -116.63 0.0
S371763 243.2664 83.6687 2.226e-23 5.614999999999999e-23 2.754e-22 0.0 -116.89 0.0
S371764 243.2423 83.6703 2.112e-23 5.839e-23 3.4249999999999995e-22 0.0 -116.44 0.0
S371765 243.2394 83.6677 2.285e-23 6.454e-23 3.9149999999999995e-22 0.0 -116.27 0.0
S371766 243.2254 83.6626 7.593999999999999e-22 1.554e-21 4.9630000000000004e-21 0.0 -115.86 0.0
S371767 243.2271 83.6619 8.534e-24 2.574e-23 1.797e-22 0.0 -116.08 0.0
S371768 243.2363 83.6648 4.135e-21 7.456e-21 1.8300000000000003e-20 0.0 -116.14 0.0
S371769 243.2545 83.6697 1.451e-19 1.916e-19 2.51e-19 0.0 -116.75 0.0
S371770 243.2097 83.6618 2.9069999999999997e-23 7.937999999999999e-23 4.609999999999999e-22 0.0 -116.23 0.0
S371771 243.2333 83.6642 3.7300000000000003e-26 2.029e-25 5.059e-24 0.0 -116.24 0.0
S371772 243.2499 83.6685 2.494e-27 1.8870000000000002e-26 9.554e-25 0.0 -116.49 0.0
S371773 243.1629 83.6538 1.4929999999999997e-22 3.2699999999999996e-22 1.204e-21 0.0 -115.72 0.0
S371774 243.3172 83.6786 1.018e-16 1.206e-16 1.205e-16 0.001 -116.97 0.0
S371775 243.1977 83.6569 1.243e-24 4.572e-24 4.8789999999999995e-23 0.0 -115.83 0.0
S371776 243.3111 83.6795 9.483999999999998e-22 1.835e-21 4.98e-21 0.0 -116.85 0.0
S371777 243.214 83.6664 2.551e-19 3.159e-19 3.587e-19 0.0 -116.08 0.0
S371778 243.2366 83.6686 2.125e-22 4.856e-22 1.876e-21 0.0 -116.12 0.0
S371779 243.2407 83.6601 2.521e-21 4.711e-21 1.2860000000000001e-20 0.0 -116.31 0.0
S371780 243.2018 83.6587 1.494e-20 2.3610000000000003e-20 4.3500000000000006e-20 0.0 -115.87 0.0
S371781 243.1632 83.6526 3.244e-20 4.934e-20 8.696e-20 0.0 -115.87 0.0
S371782 243.2504 83.6708 1.822e-20 2.954e-20 5.886000000000001e-20 0.0 -116.54 0.0
S371783 243.2562 83.6657 7.168e-23 1.8649999999999998e-22 1.001e-21 0.0 -116.77 0.0
S371784 243.1669 83.6475 1.264e-23 3.798e-23 2.754e-22 0.0 -115.71 0.0
S371785 243.3204 83.6833 9.251999999999999e-23 2.3409999999999996e-22 1.201e-21 0.0 -116.93 0.0
S371786 243.2321 83.6642 2.694e-21 5.025e-21 1.3290000000000002e-20 0.0 -116.02 0.0
S371787 243.2171 83.6646 2.272e-23 7.018999999999999e-23 5.199e-22 0.0 -115.83 0.0
S371788 243.2419 83.6663 1.489e-21 1.034e-21 3.7319999999999997e-22 0.0 -116.36 0.0
S371789 243.2382 83.6906 5.271e-13 3.992e-13 1.615e-13 0.0 -116.4 1.0
S371790 243.2425 83.6478 3.36e-20 5.0000000000000005e-20 8.106000000000001e-20 0.0 -116.31 0.0
S371791 243.2264 83.665 4.0390000000000006e-20 5.931e-20 9.351e-20 0.0 -115.92 0.0
S371792 243.2564 83.6516 3.497e-17 2.984e-17 1.524e-17 0.0 -116.82 0.0
S371793 243.2484 83.6603 5.756e-20 8.395000000000001e-20 1.313e-19 0.0 -116.73 0.0
S371794 243.2248 83.6511 1.986e-19 2.593e-19 3.176e-19 0.0 -115.91 0.0
S371795 243.2391 83.6605 2.4869999999999998e-23 6.720999999999999e-23 3.8639999999999996e-22 0.0 -116.18 0.0
S371796 243.2273 83.6697 3.098e-13 3.349e-13 2.838e-13 0.0 -115.97 0.0
S371797 243.2509 83.6683 6.546000000000001e-20 9.335e-20 1.415e-19 0.0 -116.63 0.0
S371798 243.2319 83.6552 2.0329999999999998e-22 4.661e-22 1.94e-21 0.0 -115.99 0.0
S371799 243.2497 83.6685 1.957e-21 1.337e-21 4.517999999999999e-22 0.0 -116.62 0.0
S371800 243.2497 83.6761 5.946999999999999e-23 1.4449999999999998e-22 6.597999999999999e-22 0.0 -116.68 0.0
S371801 243.2438 83.6613 2.806e-19 3.352e-19 3.474e-19 0.0 -116.38 0.0
S371802 243.237 83.6775 1.904e-21 3.712e-21 1.0640000000000001e-20 0.0 -116.26 0.0
S371803 243.2308 83.6607 1.615e-20 2.717e-20 5.587000000000001e-20 0.0 -115.91 0.0
S371804 243.2493 83.6687 9.637000000000001e-26 4.673000000000001e-25 8.896e-24 0.0 -116.55 0.0
S371805 243.2601 83.6586 5.974999999999999e-22 1.389e-21 5.645e-21 0.0 -116.74 0.0
S371806 243.2257 83.6759 5.645e-21 9.48e-21 1.9340000000000002e-20 0.0 -115.88 0.0
S371807 243.2557 83.6748 1.732e-16 1.685e-16 1.129e-16 0.0 -116.82 0.0
S371808 243.2594 83.6583 2.826e-18 2.978e-18 2.458e-18 0.0 -116.82 0.0
S371809 243.2474 83.6625 9.702e-18 8.575e-18 4.877e-18 0.0 -116.68 0.0
S371810 243.2162 83.6766 4.149e-19 5.122e-19 5.577e-19 0.0 -115.94 0.0
S371811 243.2253 83.6631 2.3240000000000002e-20 3.866e-20 7.999e-20 0.0 -116.04 0.0
S371812 243.2494 83.6627 4.436e-13 3.121e-13 1.115e-13 0.0 -116.72 0.0
S371813 243.266 83.6733 1.993e-18 2.137e-18 1.833e-18 0.0 -116.89 0.0
S371814 243.2423 83.6667 6.542e-19 7.704e-19 7.794e-19 0.0 -116.5 0.0
S371815 243.2455 83.6711 6.499e-13 4.78e-13 1.864e-13 0.0 -116.63 1.0
S371816 243.2356 83.6658 5.663999999999999e-22 1.251e-21 4.577e-21 0.0 -116.18 0.0
S371817 243.2193 83.6675 4.5460000000000003e-20 6.448e-20 9.718e-20 0.0 -115.81 0.0
S371818 243.2294 83.6553 2.1240000000000002e-20 3.355e-20 6.275e-20 0.0 -115.84 0.0
S371819 243.2467 83.6814 1.858e-21 1.275e-21 4.339999999999999e-22 0.001 -116.82 0.0
S371820 243.2544 83.6537 2.479e-22 5.978999999999999e-22 2.663e-21 0.0 -116.75 0.0
S371821 243.2321 83.6851 6.548e-19 7.29e-19 6.34e-19 0.0 -116.17 0.0
S371822 243.2479 83.6414 4.082e-19 5.127e-19 5.909e-19 0.0 -116.63 0.0
S371823 243.2618 83.6765 1.989e-18 1.987e-18 1.398e-18 0.0 -116.84 0.0
S371824 243.2282 83.6774 1.4929999999999997e-22 3.288e-22 1.181e-21 0.0 -116.06 0.0
S371825 243.222 83.6557 4.5940000000000004e-20 6.846e-20 1.145e-19 0.0 -115.88 0.0
S371826 243.2134 83.6611 3.551e-21 6.233e-21 1.439e-20 0.0 -115.84 0.0
S371827 243.2152 83.6748 1.471e-21 1.03e-21 3.6909999999999994e-22 0.0 -115.76 0.0
S371828 243.2447 83.6439 1.541e-17 1.374e-17 7.71e-18 0.0 -116.46 0.0
S371829 243.2404 83.677 1.495e-21 1.042e-21 3.771e-22 0.0 -116.6 0.0
S371830 243.2449 83.6512 4.838e-20 6.744000000000001e-20 9.625e-20 0.0 -116.5 0.0
S371831 243.2376 83.657 3.096e-21 5.52e-21 1.349e-20 0.0 -116.17 0.0
S371832 243.2341 83.6559 1.545e-17 1.351e-17 7.552e-18 0.0 -116.15 0.0
S371833 243.2669 83.6554 1.537e-16 1.218e-16 5.542e-17 0.0 -116.87 1.0
S371834 243.2634 83.6664 5.315e-23 1.3049999999999998e-22 6.035999999999999e-22 0.0 -116.81 0.0
S371835 243.2507 83.6583 4.986e-21 9.249000000000001e-21 2.5090000000000004e-20 0.0 -116.79 0.0
S371836 243.2309 83.6594 1.863e-20 2.8390000000000005e-20 4.933e-20 0.0 -115.96 0.0
S371837 243.2439 83.6514 4.756999999999999e-22 1.027e-21 3.675e-21 0.0 -116.39 0.0
S371838 243.2472 83.6583 2.69e-19 3.205e-19 3.342e-19 0.0 -116.48 0.0
S371839 243.2345 83.6636 4.026e-25 1.731e-24 2.5629999999999998e-23 0.0 -116.12 0.0
S371840 243.2473 83.6625 2.195e-20 3.6800000000000006e-20 7.641e-20 0.0 -116.51 0.0
S371841 243.2575 83.6633 1.154e-20 1.9440000000000003e-20 4.106e-20 0.0 -116.83 0.0
S371842 243.2275 83.6684 4.924e-18 4.863e-18 3.335e-18 0.0 -115.86 0.0
S371843 243.2204 83.6722 3.122e-23 9.337e-23 6.621e-22 0.0 -115.85 0.0
S371844 243.2358 83.6727 3.789e-17 3.15e-17 1.586e-17 0.0 -116.14 0.0
S371845 243.2538 83.6678 1.284e-18 1.371e-18 1.128e-18 0.0 -116.79 0.0
S371846 243.2159 83.6631 3.694e-23 1.0569999999999999e-22 6.822999999999999e-22 0.0 -115.79 0.0
S371847 243.2437 83.6623 6.300000000000001e-20 8.794e-20 1.221e-19 0.0 -116.43 0.0
S371848 243.2424 83.6744 1.878e-19 2.308e-19 2.514e-19 0.0 -116.46 0.0
S371849 243.2387 83.6601 1.007e-12 7.703e-13 3.233e-13 0.0 -116.19 1.0
S371850 243.2471 83.6719 3.431e-21 6.475e-21 1.752e-20 0.0 -116.72 0.0
S371851 243.2406 83.6698 7.017e-17 5.678e-17 2.684e-17 0.0 -116.56 0.0
S371852 243.235 83.6642 2.375e-19 3.069e-19 3.847e-19 0.0 -116.09 0.0
S371853 243.2493 83.6735 5.326e-19 6.171e-19 5.898e-19 0.0 -116.76 0.0
S371854 243.2337 83.6765 8.922e-21 1.5400000000000003e-20 3.4000000000000003e-20 0.0 -116.1 0.0
S371855 243.2357 83.6761 7.103e-17 5.869e-17 2.788e-17 0.0 -116.26 0.0
S371856 243.2365 83.6511 8.777999999999999e-23 2.075e-22 8.637e-22 0.0 -116.11 0.0
S371857 243.2328 83.6596 1.787e-17 1.668e-17 1.067e-17 0.0 -116.1 0.0
S371858 243.2502 83.6439 8.141999999999999e-22 1.921e-21 8.058e-21 0.0 -116.78 0.0
S371859 243.2461 83.6502 6.948000000000001e-20 9.809000000000001e-20 1.455e-19 0.0 -116.41 0.0
S371860 243.2396 83.6515 1.131e-18 1.282e-18 1.197e-18 0.0 -116.1 0.0
S371861 243.231 83.6743 3.7819999999999996e-22 7.561999999999999e-22 2.329e-21 0.0 -115.91 0.0
S371862 243.2516 83.6777 1.627e-21 1.135e-21 3.9589999999999995e-22 0.0 -116.78 0.0
S371863 243.2574 83.6611 3.418e-19 4.357e-19 5.051e-19 0.0 -116.8 0.0
S371864 243.2354 83.6661 1.0379999999999999e-22 2.6079999999999996e-22 1.281e-21 0.0 -116.16 0.0
S371865 243.242 83.6628 1.276e-21 2.454e-21 6.912e-21 0.0 -116.39 0.0
S371866 243.2282 83.6701 3.369e-23 8.91e-23 5.005e-22 0.0 -115.93 0.0
S371867 243.2497 83.6658 3.835e-17 3.234e-17 1.632e-17 0.0 -116.7 0.0
S371868 243.2375 83.6674 2.969e-18 2.975e-18 2.117e-18 0.0 -116.24 0.0
S371869 243.2335 83.6697 1.221e-22 2.6379999999999996e-22 9.417e-22 0.0 -116.08 0.0
S371870 243.2656 83.6662 2.422e-20 3.9560000000000006e-20 7.962e-20 0.0 -116.88 0.0
S371871 243.251 83.6656 2.842e-18 2.933e-18 2.28e-18 0.0 -116.66 0.0
S371872 243.2439 83.678 6.371e-20 9.036000000000001e-20 1.328e-19 0.0 -116.75 0.0
S371873 243.2425 83.6825 5.74e-13 4.198e-13 1.601e-13 0.0 -116.82 0.0
S371874 243.2571 83.6529 3.762e-20 5.673000000000001e-20 9.360000000000001e-20 0.0 -116.76 0.0
S371875 243.2249 83.6677 2.163e-21 1.448e-21 4.813e-22 0.0 -115.97 0.0
S371876 243.244 83.6737 2.927e-17 2.383e-17 1.15e-17 0.0 -116.42 0.0
S371877 243.2459 83.6545 5.608e-17 4.63e-17 2.209e-17 0.0 -116.4 0.0
S371878 243.2528 83.67 4.169e-21 7.353e-21 1.732e-20 0.0 -116.53 0.0
S371879 243.2503 83.6602 6.964e-21 1.2950000000000001e-20 3.32e-20 0.0 -116.58 0.0
S371880 243.2344 83.6728 4.532999999999999e-22 9.928999999999998e-22 3.7860000000000004e-21 0.0 -116.15 0.0
S371881 243.2272 83.6608 3.27e-13 2.246e-13 7.538e-14 0.0 -115.86 0.0
S371882 243.2539 83.6545 8.446e-20 1.202e-19 1.716e-19 0.0 -116.68 0.0
S371883 243.2099 83.6637 2.477e-18 3.567e-18 5.614e-18 0.0 -115.78 0.0
S371884 243.2476 83.6861 2.7149999999999997e-22 6.465999999999999e-22 2.725e-21 0.0 -116.74 0.0
S371885 243.2075 83.6723 5.363e-17 4.431e-17 2.111e-17 0.0 -115.74 0.0
S371886 243.2527 83.6651 1.5380000000000001e-21 1.075e-21 3.8049999999999996e-22 0.001 -116.57 0.0
S371887 243.2236 83.6821 3.456e-21 5.639e-21 1.078e-20 0.0 -115.82 0.0
S371888 243.2301 83.6604 2.688e-18 2.926e-18 2.442e-18 0.0 -115.92 0.0
S371889 243.2414 83.6692 2.8460000000000005e-20 4.334e-20 7.224000000000001e-20 0.0 -116.52 0.0
S371890 243.2368 83.6686 5.772e-17 6.597e-17 6.291e-17 0.0 -116.25 0.0
S371891 243.2498 83.6672 1.643e-23 5.365e-23 4.623999999999999e-22 0.0 -116.55 0.0
S371892 243.2456 83.6771 1.612e-21 1.126e-21 3.9239999999999996e-22 0.0 -116.66 0.0
S371893 243.224 83.6542 9.704e-24 3.081e-23 2.5119999999999996e-22 0.0 -115.95 0.0
S371894 243.2432 83.6621 2.362e-22 5.366999999999999e-22 2.108e-21 0.001 -116.48 0.0
S371895 243.2347 83.6822 2.767e-17 2.36e-17 1.237e-17 0.0 -116.21 0.0
S371896 243.2315 83.688 5.004e-13 3.48e-13 1.245e-13 0.0 -115.79 0.0
S371897 243.2365 83.6519 1.407e-16 1.088e-16 4.687e-17 0.0 -116.14 1.0
S371898 243.2402 83.6626 2.835e-17 2.539e-17 1.467e-17 0.0 -116.31 0.0
S371899 243.2513 83.6538 8.536e-18 7.965e-18 4.848e-18 0.0 -116.72 0.0
S371900 243.2284 83.6709 1.029e-17 9.478e-18 5.952e-18 0.0 -115.94 0.0
S371901 243.2329 83.6787 1.258e-18 1.422e-18 1.348e-18 0.0 -116.07 0.0
S371902 243.2478 83.6799 1.4310000000000001e-21 2.68e-21 7.02e-21 0.0 -116.74 0.0
S371903 243.2492 83.6733 8.249e-19 8.705e-19 7.015e-19 0.0 -116.63 0.0
S371904 243.2272 83.6664 8.788e-23 2.264e-22 1.164e-21 0.0 -115.91 0.0
S371905 243.2328 83.6818 2.1e-21 1.41e-21 4.569e-22 0.0 -116.1 0.0
S371906 243.2339 83.6576 3.541e-17 3.095e-17 1.648e-17 0.0 -116.16 0.0
S371907 243.2362 83.6634 3.259e-17 2.854e-17 1.572e-17 0.0 -116.15 0.0
S371908 243.2405 83.6781 3.656e-19 4.194e-19 4.224e-19 0.0 -116.39 0.0
S371909 243.2428 83.6835 3.173e-17 4.319e-17 5.968e-17 0.0 -116.74 0.0
S371910 243.2587 83.6709 3.506e-17 5.115e-17 7.882e-17 0.0 -116.84 0.0
S371911 243.217 83.6618 7.826e-14 5.177e-14 1.592e-14 0.0 -115.79 0.0
S371912 243.2408 83.653 1.549e-21 1.081e-21 3.8189999999999996e-22 0.0 -116.28 0.0
S371913 243.2439 83.6516 3.144e-21 5.847e-21 1.501e-20 0.0 -116.38 0.0
S371914 243.2599 83.6699 6.918e-17 8.596e-17 9.574e-17 0.0 -116.81 0.0
S371915 243.2536 83.6614 4.925e-19 5.849e-19 6.053e-19 0.0 -116.6 0.0
S371916 243.2513 83.662 1.135e-18 1.227e-18 1.042e-18 0.0 -116.6 0.0
S371917 243.2324 83.6612 1.093e-18 1.19e-18 1.005e-18 0.0 -115.94 0.0
S371918 243.2326 83.659 6.345e-21 1.101e-20 2.457e-20 0.0 -116.11 0.0
S371919 243.2228 83.6492 1.471e-17 1.325e-17 7.747e-18 0.0 -115.8 0.0
S371920 243.2461 83.6824 2.045e-17 1.795e-17 9.925e-18 0.0 -116.76 0.0
S371921 243.2339 83.6639 7.285e-17 8.908e-17 9.666e-17 0.0 -116.01 0.0
S371922 243.2398 83.6547 2.6750000000000003e-20 4.0060000000000005e-20 6.449e-20 0.0 -116.05 0.0
S371923 243.2323 83.6567 6.383e-18 5.88e-18 3.603e-18 0.0 -116.09 0.0
S371924 243.2301 83.6737 1.895e-17 1.655e-17 8.938e-18 0.0 -115.97 0.0
S371925 243.2518 83.6727 4.648e-13 3.306e-13 1.207e-13 0.0 -116.57 0.0
S371926 243.2537 83.667 1.349e-20 2.3180000000000002e-20 5.0960000000000005e-20 0.0 -116.71 0.0
S371927 243.2447 83.6615 1.527e-21 1.053e-21 3.7599999999999996e-22 0.0 -116.5 0.0
S371928 243.2418 83.6588 1.414e-21 1.004e-21 3.5959999999999995e-22 0.0 -116.33 0.0
S371929 243.2557 83.6508 7.219e-23 1.6429999999999998e-22 6.713e-22 0.0 -116.85 0.0
S371930 243.2558 83.6671 2.2679999999999997e-22 5.185999999999999e-22 2.084e-21 0.0 -116.74 0.0
S371931 243.26 83.68 3.78e-21 6.888e-21 1.7750000000000002e-20 0.0 -116.83 0.0
S371932 243.2313 83.6831 1.093e-21 2.215e-21 6.743e-21 0.0 -115.97 0.0
S371933 243.2468 83.6464 3.0550000000000003e-20 4.431e-20 7.145e-20 0.0 -116.49 0.0
S371934 243.2404 83.6892 1.138e-19 1.517e-19 1.948e-19 0.0 -116.78 0.0
S371935 243.2446 83.6758 2.355e-18 2.434e-18 1.854e-18 0.0 -116.58 0.0
S371936 243.2139 83.6608 2.7990000000000004e-20 4.3320000000000003e-20 7.731000000000001e-20 0.0 -115.83 0.0
S371937 243.2233 83.6785 5.063e-19 6.224e-19 6.77e-19 0.0 -115.89 0.0
S371938 243.2307 83.6838 1.801e-21 3.376e-21 9.319e-21 0.0 -116.13 0.0
S371939 243.2296 83.6582 8.891000000000001e-20 1.205e-19 1.599e-19 0.0 -116.03 0.0
S371940 243.2555 83.668 5.1020000000000006e-20 7.253e-20 1.103e-19 0.0 -116.75 0.0
S371941 243.2473 83.6578 7.814e-23 1.893e-22 8.607e-22 0.0 -116.51 0.0
S371942 243.2192 83.656 1.9099999999999998e-22 3.9989999999999997e-22 1.319e-21 0.0 -115.81 0.0
S371943 243.2436 83.657 2.499e-23 7.217e-23 4.800999999999999e-22 0.001 -116.38 1.0
S371944 243.2553 83.6722 3.185e-18 3.306e-18 2.605e-18 0.0 -116.72 0.0
S371945 243.2555 83.6651 7.124e-20 1.018e-19 1.492e-19 0.0 -116.67 0.0
S371946 243.2633 83.681 4.147e-23 1.0509999999999999e-22 5.331e-22 0.0 -116.85 0.0
S371947 243.2509 83.6605 7.377e-17 5.837e-17 2.553e-17 0.0 -116.56 0.0
S371948 243.2494 83.6659 2.259e-18 2.299e-18 1.765e-18 0.0 -116.47 0.0
S371949 243.2187 83.6571 5.1370000000000006e-20 7.518000000000001e-20 1.178e-19 0.0 -115.88 0.0
S371950 243.2214 83.6759 7.48e-20 9.994e-20 1.308e-19 0.0 -115.87 0.0
S371951 243.2532 83.6597 2.47e-19 3.096e-19 3.619e-19 0.0 -116.7 0.0
S371952 243.2375 83.6737 8.237e-17 8.469e-17 6.48e-17 0.0 -116.26 0.0
S371953 243.2373 83.6657 6.527000000000001e-20 9.301000000000001e-20 1.339e-19 0.0 -116.24 0.0
S371954 243.2445 83.6634 8.384e-21 1.457e-20 3.312e-20 0.0 -116.49 0.0
S371955 243.2369 83.6579 8.495e-17 6.434e-17 2.722e-17 0.0 -116.22 0.0
S371956 243.2518 83.6693 2.259e-18 2.229e-18 1.604e-18 0.0 -116.56 0.0
S371957 243.2322 83.6662 1.018e-16 8.098e-17 3.601e-17 0.0 -116.14 0.0
S371958 243.2565 83.666 2.243e-18 2.291e-18 1.74e-18 0.0 -116.6 0.0
S371959 243.2567 83.666 3.842e-24 1.327e-23 1.2459999999999999e-22 0.0 -116.79 0.0
S371960 243.254 83.6674 4.75e-22 1.089e-21 4.4400000000000004e-21 0.0 -116.66 0.0
S371961 243.235 83.6656 1.886e-17 2.561e-17 3.401e-17 0.0 -116.21 1.0
S371962 243.2498 83.6651 6.374999999999999e-22 1.412e-21 5.079e-21 0.0 -116.59 0.0
S371963 243.2395 83.6656 2.36e-18 2.417e-18 1.819e-18 0.0 -116.31 0.0
S371964 243.2478 83.6668 3.5170000000000004e-20 5.449e-20 9.545e-20 0.0 -116.48 0.0
S371965 243.2466 83.6682 3.327e-17 2.702e-17 1.272e-17 0.0 -116.44 0.0
S371966 243.2402 83.6632 1.718e-19 2.351e-19 3.204e-19 0.0 -116.31 0.0
S371967 243.2446 83.675 3.92e-16 2.807e-16 1.037e-16 0.0 -116.47 0.0
S371968 243.2451 83.6672 7.006e-17 5.31e-17 2.287e-17 0.0 -116.44 0.0
S371969 243.2444 83.6662 5.016e-17 4.291e-17 2.298e-17 0.0 -116.42 0.0
S371970 243.2346 83.6659 2.278e-19 2.851e-19 3.235e-19 0.0 -116.11 0.0
S371971 243.2305 83.6684 2.7199999999999996e-22 5.975999999999999e-22 2.163e-21 0.0 -116.16 0.0
S371972 243.2529 83.6659 2.912e-18 2.999e-18 2.242e-18 0.0 -116.57 0.0
S371973 243.2463 83.6646 4.849e-19 5.673e-19 5.375e-19 0.0 -116.43 0.0
S371974 243.2469 83.6675 5.091e-17 4.08e-17 1.957e-17 0.0 -116.54 0.0
S371975 243.2468 83.662 3.188e-17 2.741e-17 1.485e-17 0.0 -116.47 0.0
S371976 243.2533 83.6686 1.144e-17 1.014e-17 5.891e-18 0.0 -116.58 0.0
S371977 243.2574 83.6645 1.155e-16 9.009e-17 3.933e-17 0.0 -116.64 1.0
S371978 243.2527 83.6637 1.836e-13 1.241e-13 4.097e-14 0.0 -116.55 0.0
S371979 243.2304 83.6676 8.104e-20 1.095e-19 1.432e-19 0.0 -116.11 0.0
S371980 243.2331 83.6665 4.2029999999999994e-22 1.005e-21 4.42e-21 0.0 -116.14 0.0
S371981 243.2456 83.6677 5.78e-23 1.626e-22 1.0030000000000001e-21 0.0 -116.46 0.0
S371982 243.2355 83.6613 2.737e-23 7.684e-23 4.844999999999999e-22 0.0 -116.23 0.0
S371983 243.2399 83.6598 1.606e-21 1.097e-21 3.8339999999999996e-22 0.0 -116.29 0.0
S371984 243.226 83.6643 3.429e-19 4.016e-19 4e-19 0.0 -116.03 0.0
S371985 243.239 83.6669 1.337e-22 3.2609999999999995e-22 1.453e-21 0.0 -116.3 0.0
S371986 243.2313 83.6694 1.58e-19 1.999e-19 2.451e-19 0.0 -116.11 0.0
S371987 243.2426 83.6653 9.478e-18 8.622e-18 5.166e-18 0.0 -116.37 0.0
S371988 243.2319 83.6661 2.098e-16 1.619e-16 6.949e-17 0.0 -116.15 1.0
S371989 243.2321 83.6716 1.528e-18 1.715e-18 1.551e-18 0.0 -116.15 0.0
S371990 243.2442 83.658 9.488999999999999e-22 2.045e-21 7.13e-21 0.0 -116.38 0.0
S371991 243.2562 83.6658 9.811e-23 2.538e-22 1.354e-21 0.0 -116.63 0.0
S371992 243.2244 83.659 9.587e-20 1.366e-19 2.004e-19 0.0 -116.01 0.0
S371993 243.2567 83.671 4.252e-24 1.295e-23 9.361e-23 0.0 -116.57 0.0
S371994 243.2348 83.6636 9e-22 1.939e-21 6.724e-21 0.0 -116.21 0.0
S371995 243.2514 83.667 8.507e-18 1.361e-17 2.588e-17 0.0 -116.57 0.0
S371996 243.2331 83.6672 1.883e-18 1.915e-18 1.429e-18 0.0 -116.19 0.0
S371997 243.2311 83.663 1.777e-17 1.554e-17 8.562e-18 0.0 -116.16 0.0
S371998 243.2422 83.6633 2.2380000000000002e-21 3.826e-21 8.384e-21 0.0 -116.35 0.0
S371999 243.2285 83.662 1.599e-21 2.8680000000000002e-21 7.005e-21 0.0 -116.09 0.0
S372000 243.2633 83.6702 9.489e-18 8.705e-18 5.269e-18 0.0 -116.68 0.0
S372001 243.2356 83.6688 2.675e-18 2.863e-18 2.313e-18 0.0 -116.23 0.0
S372002 243.2321 83.662 7.399e-23 1.9789999999999997e-22 1.096e-21 0.0 -116.15 0.0
S372003 243.238 83.6679 3.089e-22 6.743e-22 2.444e-21 0.0 -116.29 0.0
S372004 243.2537 83.6705 2.517e-19 2.986e-19 3.067e-19 0.0 -116.54 0.0
S372005 243.2269 83.6605 3.091e-17 4.096e-17 5.371e-17 0.0 -116.11 0.0
S372006 243.252 83.666 1.189e-21 2.461e-21 8.285e-21 0.0 -116.5 0.0
S372007 243.2336 83.6623 6.777e-13 4.793e-13 1.778e-13 0.0 -116.21 0.0
S372008 243.2186 83.6598 3.12e-19 3.95e-19 4.632e-19 0.0 -116.0 0.0
S372009 243.234 83.6689 2.8609999999999996e-22 6.784e-22 2.95e-21 0.0 -116.21 0.0
S372010 243.2513 83.6655 9.052e-18 9.523e-18 7.714e-18 0.0 -116.51 0.0
S372011 243.2347 83.6599 5.394e-24 1.9229999999999998e-23 1.9629999999999999e-22 0.0 -116.19 0.0
S372012 243.2512 83.6664 1.446e-18 1.525e-18 1.269e-18 0.0 -116.53 0.0
S372013 243.2366 83.6663 3.591e-17 5.096e-17 7.729e-17 0.0 -116.26 0.0
S372014 243.2478 83.6717 1.812e-21 1.255e-21 4.302e-22 0.0 -116.48 0.0
S372015 243.2548 83.6689 4.54e-18 4.517e-18 3.218e-18 0.0 -116.57 0.0
S372016 243.2477 83.6666 5.002e-17 4.144e-17 1.995e-17 0.0 -116.47 0.0
S372017 243.2448 83.6618 1.486e-19 2.074e-19 2.901e-19 0.0 -116.39 0.0
S372018 243.2467 83.6634 1.971e-18 2.111e-18 1.773e-18 0.0 -116.45 0.0
S372019 243.2265 83.6666 1.595e-17 1.374e-17 7.451e-18 0.0 -116.11 0.0
S372020 243.2503 83.6641 5.817e-17 6.524e-17 6.197e-17 0.0 -116.5 0.0
S372021 243.2413 83.6647 1.528e-17 1.398e-17 8.326e-18 0.0 -116.34 0.0
S372022 243.2501 83.6717 6.879999999999999e-22 1.575e-21 6.335e-21 0.0 -116.5 0.0
S372023 243.2362 83.665 3.309e-17 2.838e-17 1.533e-17 0.0 -116.26 0.0
S372024 243.2486 83.6687 2.606e-16 2.192e-16 1.173e-16 0.0 -116.46 0.0
S372025 243.2452 83.666 1.626e-21 1.148e-21 4.0649999999999996e-22 0.0 -116.41 0.0
S372026 243.2602 83.6636 3.28e-19 4.005e-19 4.436e-19 0.0 -116.65 0.0
S372027 243.2432 83.663 1.545e-17 1.383e-17 8.009e-18 0.0 -116.37 0.0
S372028 243.2439 83.6612 9.004e-18 8.218e-18 4.997e-18 0.0 -116.37 0.0
S372029 243.2489 83.6636 3.679e-17 5.515e-17 9.336e-17 0.0 -116.46 0.0
S372030 243.2335 83.6681 5.903e-17 5.176e-17 2.812e-17 0.0 -116.21 0.0
S372031 243.2347 83.6681 2.296e-17 2.013e-17 1.088e-17 0.0 -116.25 0.0
S372032 243.2537 83.674 1.7100000000000002e-20 2.714e-20 5.017e-20 0.0 -116.52 0.0
S372033 243.2502 83.6684 4.11e-21 7.989000000000001e-21 2.2370000000000003e-20 0.0 -116.49 0.0
S372034 243.225 83.6594 2.4350000000000002e-20 4.0600000000000006e-20 8.235e-20 0.0 -116.07 0.0
S372035 243.2444 83.6744 1.895e-19 2.311e-19 2.545e-19 0.0 -116.4 0.0
S372036 243.2463 83.6663 9.924e-19 1.101e-18 9.821e-19 0.0 -116.42 0.0
S372037 243.2516 83.6649 2.107e-19 2.685e-19 3.19e-19 0.0 -116.49 0.0
S372038 243.2337 83.6655 4.1730000000000003e-20 6.229e-20 1.022e-19 0.0 -116.19 0.0
S372039 243.226 83.6614 1.234e-17 1.111e-17 6.385e-18 0.0 -116.04 0.0
S372040 243.2269 83.6661 4.088e-19 4.599e-19 4.218e-19 0.0 -116.14 0.0
S372041 243.2351 83.6636 2.335e-13 1.604e-13 5.495e-14 0.0 -116.2 0.0
S372042 243.244 83.6646 2.69e-23 7.154999999999999e-23 3.8699999999999995e-22 0.0 -116.4 0.0
S372043 243.2316 83.6636 1.097e-18 1.187e-18 1.054e-18 0.001 -116.2 0.0
S372044 243.2504 83.6704 3.988e-20 6.231e-20 1.13e-19 0.0 -116.47 0.0
S372045 243.2305 83.6574 1.592e-23 5.302999999999999e-23 4.599e-22 0.0 -116.16 0.0
S372046 243.2489 83.6688 3.752e-19 4.413e-19 4.575e-19 0.0 -116.47 0.0
S372047 243.2321 83.6621 1.804e-20 2.8870000000000005e-20 5.546e-20 0.0 -116.14 0.0
S372048 243.2236 83.666 3.059e-21 5.702e-21 1.4960000000000002e-20 0.0 -116.09 0.0
S372049 243.2505 83.6673 1.286e-16 9.981e-17 4.305e-17 0.0 -116.46 1.0
S372050 243.2565 83.6682 2.075e-17 1.976e-17 1.285e-17 0.0 -116.6 0.0
S372051 243.2568 83.6674 1.32e-21 9.246999999999998e-22 3.415e-22 0.0 -116.56 0.0
S372052 243.2327 83.6686 3.734e-18 3.692e-18 2.558e-18 0.0 -116.22 0.0
S372053 243.2265 83.6634 1.375e-17 1.21e-17 6.816e-18 0.0 -116.14 0.0
S372054 243.2174 83.6682 2.07e-21 1.41e-21 4.603e-22 0.0 -116.02 0.0
S372055 243.2455 83.666 1.979e-21 3.937e-21 1.2050000000000001e-20 0.0 -116.39 0.0
S372056 243.2267 83.665 2.2899999999999998e-23 7.015e-23 5.098999999999999e-22 0.0 -116.16 0.0
S372057 243.2504 83.6743 1.179e-18 1.327e-18 1.233e-18 0.0 -116.47 0.0
S372058 243.2481 83.6705 1.6600000000000001e-21 1.16e-21 3.9739999999999995e-22 0.0 -116.42 0.0
S372059 243.2522 83.679 7.43e-25 2.906e-24 3.626e-23 0.0 -116.5 0.0
S372060 243.2315 83.6628 6.24e-13 4.306e-13 1.546e-13 0.0 -116.18 0.0
S372061 243.2561 83.6666 3.265e-19 4.151e-19 4.958e-19 0.001 -116.52 0.0
S372062 243.2552 83.6613 4.192e-23 1.136e-22 6.442e-22 0.0 -116.49 0.0
S372063 243.2556 83.6684 9.61e-18 8.975e-18 5.672e-18 0.0 -116.53 0.0
S372064 243.2261 83.6613 2.931e-19 3.753e-19 4.273e-19 0.0 -116.17 0.0
S372065 243.2633 83.6705 8.416e-19 9.55e-19 9.241e-19 0.0 -116.55 0.0
S372066 243.2458 83.6623 2.9870000000000002e-21 5.683e-21 1.518e-20 0.0 -116.4 0.0
S372067 243.2289 83.6584 5.893e-24 1.825e-23 1.444e-22 0.0 -116.17 0.0
S372068 243.2519 83.6677 6.023e-20 8.298000000000001e-20 1.161e-19 0.0 -116.46 0.0
S372069 243.2593 83.6693 2.978e-24 9.248e-24 7.015e-23 0.0 -116.55 0.0
S372070 243.2579 83.6675 3.5160000000000004e-20 5.539e-20 1.014e-19 0.0 -116.55 0.0
S372071 243.2315 83.6623 3.112e-19 3.723e-19 3.826e-19 0.0 -116.21 0.0
S372072 243.2269 83.6652 4.783e-19 5.694e-19 5.833e-19 0.0 -116.17 0.0
S372073 243.2245 83.6608 1.803e-16 1.319e-16 5.107e-17 0.0 -116.1 0.0
S372074 243.2222 83.6662 4.716e-17 3.78e-17 1.8e-17 0.0 -116.12 0.0
S372075 243.2281 83.6655 3.2880000000000005e-20 4.7150000000000006e-20 6.980000000000001e-20 0.0 -116.19 0.0
S372076 243.2333 83.6647 5.466e-13 4.846e-13 2.762e-13 0.0 -116.24 1.0
S372077 243.264 83.6678 3.8539999999999994e-22 9.009999999999998e-22 3.814e-21 0.0 -116.59 0.0
S372078 243.2473 83.6652 3.0609999999999995e-22 6.281e-22 2.098e-21 0.0 -116.39 0.0
S372079 243.2464 83.6657 8.273999999999999e-22 1.668e-21 5.309e-21 0.0 -116.41 0.0
S372080 243.2564 83.6627 2.16e-16 1.802e-16 9.018e-17 0.0 -116.5 0.0
S372081 243.2499 83.6645 5.584e-16 4.142e-16 1.607e-16 0.0 -116.45 0.0
S372082 243.2404 83.6664 6.562e-19 7.39e-19 6.886e-19 0.0 -116.33 0.0
S372083 243.2575 83.6706 1.162e-18 1.266e-18 1.054e-18 0.0 -116.52 0.0
S372084 243.2528 83.6724 2.1749999999999998e-23 5.721e-23 3.177e-22 0.0 -116.48 0.0
S372085 243.2252 83.6573 1.035e-20 1.7400000000000003e-20 3.795e-20 0.0 -116.14 0.0
S372086 243.2357 83.6587 4.434e-18 4.447e-18 3.172e-18 0.0 -116.27 0.0
S372087 243.224 83.6634 3.105e-17 4.822e-17 8.751e-17 0.0 -116.17 0.0
S372088 243.2237 83.6622 7.969e-25 3.017e-24 3.462e-23 0.0 -116.14 0.0
S372089 243.2194 83.6646 4.121e-21 7.527e-21 1.973e-20 0.0 -116.14 0.0
S372090 243.2159 83.6605 4.368e-22 9.523999999999999e-22 3.318e-21 0.0 -116.1 0.0
S372091 243.2613 83.6671 1.929e-20 3.118e-20 6.205e-20 0.0 -116.52 0.0
S372092 243.2533 83.6683 1.333e-19 1.766e-19 2.291e-19 0.0 -116.44 0.0
S372093 243.2632 83.6717 1.683e-19 2.206e-19 2.778e-19 0.0 -116.54 0.0
S372094 243.261 83.6668 3.132e-17 2.721e-17 1.507e-17 0.0 -116.5 0.0
S372095 243.2579 83.6761 4.75e-17 3.758e-17 1.728e-17 0.0 -116.55 0.0
S372096 243.2496 83.6682 6.5449999999999995e-22 1.501e-21 5.85e-21 0.0 -116.42 0.0
S372097 243.2319 83.6612 1.421e-21 1.002e-21 3.6029999999999995e-22 0.0 -116.24 1.0
S372098 243.2603 83.6706 1.445e-21 1.0210000000000001e-21 3.7169999999999997e-22 0.0 -116.52 0.0
S372099 243.2566 83.6678 8.1e-17 6.551e-17 3.024e-17 0.0 -116.51 0.0
S372100 243.2613 83.6732 2.249e-17 2.024e-17 1.149e-17 0.0 -116.52 0.0
S372101 243.2598 83.6635 1.1119999999999998e-22 2.5289999999999997e-22 1.0240000000000001e-21 0.0 -116.49 0.0
S372102 243.2303 83.6571 3.05e-22 6.726e-22 2.466e-21 0.0 -116.23 0.0
S372103 243.2206 83.6647 1.852e-21 3.125e-21 6.813e-21 0.0 -116.13 0.0
S372104 243.2557 83.6675 4.144e-23 1.144e-22 6.745999999999999e-22 0.0 -116.46 0.0
S372105 243.2618 83.6726 9.274e-20 1.244e-19 1.715e-19 0.0 -116.52 0.0
S372106 243.2561 83.6669 5.786e-19 6.811e-19 6.973e-19 0.0 -116.46 0.0
S372107 243.2542 83.671 6.668e-13 4.965e-13 1.908e-13 0.0 -116.45 0.0
S372108 243.2654 83.667 2.32e-21 1.531e-21 4.854e-22 0.0 -116.54 0.0
S372109 243.2613 83.6687 1.713e-19 2.247e-19 2.819e-19 0.0 -116.5 0.0
S372110 243.2251 83.6649 9.64e-21 1.619e-20 3.346e-20 0.0 -116.19 0.0
S372111 243.2593 83.6672 2.5129999999999997e-22 5.896e-22 2.4640000000000002e-21 0.0 -116.49 0.0
S372112 243.2208 83.6641 1.554e-16 1.224e-16 5.503e-17 0.0 -116.15 1.0
S372113 243.212 83.6621 3.1650000000000003e-20 4.5430000000000006e-20 7.207000000000001e-20 0.0 -116.11 0.0
S372114 243.2549 83.6653 8.662e-17 6.883e-17 3.285e-17 0.0 -116.46 0.0
S372115 243.2231 83.6585 4.248e-17 3.372e-17 1.567e-17 0.0 -116.18 0.0
S372116 243.2197 83.6574 1.395e-16 1.357e-16 9.229e-17 0.0 -116.11 0.0
S372117 243.2191 83.6678 4.943e-22 1.152e-21 4.667e-21 0.0 -116.17 0.0
S372118 243.2657 83.6692 1.779e-17 1.595e-17 9.269e-18 0.0 -116.54 0.0
S372119 243.216 83.6614 1.606e-16 1.249e-16 5.277e-17 0.0 -116.13 1.0
S372120 243.218 83.6633 1.06e-15 7.345e-16 2.633e-16 0.0 -116.13 0.0
S372121 243.2612 83.6703 8.41e-19 9.753e-19 9.858e-19 0.0 -116.51 0.0
S372122 243.2206 83.6619 1.924e-17 1.816e-17 1.16e-17 0.0 -116.15 0.0
S372123 243.2228 83.6626 5.738e-20 8.579e-20 1.402e-19 0.001 -116.18 0.0
S372124 243.2593 83.6686 3.826e-16 2.851e-16 1.139e-16 0.0 -116.48 0.0
S372125 243.2238 83.6624 1.494e-15 1.056e-15 3.787e-16 0.0 -116.18 0.0
S372126 243.2547 83.669 1.108e-16 9.401e-17 4.729e-17 0.0 -116.45 0.0
S372127 243.2268 83.6619 1.495e-16 1.148e-16 4.999e-17 0.0 -116.21 1.0
S372128 243.2283 83.662 1.736e-15 1.243e-15 4.443e-16 0.0 -116.22 0.0
S372129 243.2298 83.662 4.163e-18 4.573e-18 3.968e-18 0.0 -116.24 0.0
S372130 243.2306 83.6625 6.346e-13 5.387e-13 2.765e-13 0.0 -116.24 1.0
S372131 243.2493 83.6673 8.038e-15 5.257e-15 1.632e-15 0.0 -116.4 0.0
S372132 243.2468 83.6682 5.341e-16 4.069e-16 1.675e-16 0.0 -116.38 0.0
S372133 243.2468 83.6673 7.287e-17 5.919e-17 2.74e-17 0.0 -116.38 0.0
S372134 243.2454 83.6681 1.846e-17 1.715e-17 1.075e-17 0.0 -116.37 0.0
S372135 243.2422 83.6666 1.91e-15 1.291e-15 4.281e-16 0.0 -116.34 0.0
S372136 243.2367 83.6629 3.691e-13 3.134e-13 1.634e-13 0.0 -116.3 1.0
S372137 243.2398 83.664 4.754e-23 1.2749999999999998e-22 7.072999999999999e-22 0.0 -116.32 0.0
S372138 243.2404 83.6654 7.16e-16 5.199e-16 2.034e-16 0.0 -116.32 0.0
S372139 243.2452 83.6649 2.877e-17 2.48e-17 1.336e-17 0.0 -116.36 0.0
S372140 243.2349 83.6657 1.131e-16 8.941e-17 4.011e-17 0.0 -116.28 1.0
S372141 243.2306 83.6648 2.181e-17 1.914e-17 1.081e-17 0.0 -116.25 0.0
S372142 243.2515 83.6686 2.051e-16 1.505e-16 6.041e-17 0.0 -116.41 0.0
S372143 243.2288 83.6643 3.533e-15 2.466e-15 8.656e-16 0.0 -116.23 0.0
S372144 243.2262 83.6645 1.1e-15 7.915e-16 2.986e-16 0.0 -116.22 0.0
S372145 243.2265 83.6635 4.9160000000000006e-20 7.099e-20 1.135e-19 0.0 -116.21 0.0
S372146 243.225 83.6649 2.126e-16 1.668e-16 7.452e-17 0.0 -116.21 1.0
S372147 243.258 83.6667 1.571e-15 1.093e-15 3.918e-16 0.0 -116.46 0.0
S372148 243.2167 83.6625 4.822e-17 4.005e-17 2.044e-17 0.0 -116.15 0.0
S372149 243.2173 83.663 2.134e-15 1.465e-15 5.015e-16 0.0 -116.15 0.0
S372150 243.2151 83.6632 9.135e-16 6.909e-16 2.8e-16 0.0 -116.14 0.0
S372151 243.2677 83.6683 1.181e-15 8.806e-16 3.48e-16 0.0 -116.52 0.0
S372152 243.2704 83.6706 2.866e-17 3.404e-17 3.505e-17 0.0 -116.55 0.0
S372153 243.2108 83.6617 9.586e-16 6.88e-16 2.495e-16 0.0 -116.11 0.0
S372154 243.2044 83.6606 6.152e-16 4.605e-16 1.892e-16 0.0 -116.07 0.0
S372155 243.2738 83.6691 6.784e-18 6.444e-18 4.088e-18 0.0 -116.56 0.0
S372156 243.2759 83.6695 1.635e-19 2.265e-19 3.169e-19 0.0 -116.58 0.0
S372157 243.197 83.6605 3.347e-13 2.369e-13 8.906e-14 0.0 -116.02 0.0
S372158 243.2853 83.6721 3.938e-17 3.378e-17 1.75e-17 0.0 -116.64 0.0
S372159 243.1967 83.6598 3.832e-17 5.019e-17 6.493e-17 0.0 -116.02 0.0
S372160 243.2906 83.6721 2.762e-16 2.101e-16 8.873e-17 0.0 -116.66 1.0
S372161 243.1913 83.6593 9.761e-16 6.991e-16 2.552e-16 0.0 -115.98 0.0
S372162 243.2951 83.6744 7.557e-17 6.329e-17 3.071e-17 0.0 -116.7 0.0
S372163 243.1834 83.6572 4.447e-15 2.974e-15 9.824e-16 0.001 -115.93 0.0
S372164 243.2949 83.6719 5.646e-16 4.261e-16 1.76e-16 0.0 -116.7 0.0
S372165 243.1811 83.6566 2.322e-16 1.71e-16 6.536e-17 0.0 -115.91 0.0
S372166 243.1765 83.6565 2.02e-13 1.342e-13 4.439e-14 0.0 -115.9 0.0
S372167 243.3118 83.6758 2.681e-17 2.008e-17 8.332e-18 0.0 -116.79 0.0
S372168 243.3087 83.6756 2.317e-18 2.35e-18 1.764e-18 0.0 -116.79 0.0
S372169 243.1684 83.656 3.865e-17 3.096e-17 1.433e-17 0.0 -115.84 0.0
S372170 243.1706 83.6556 3.946e-15 2.622e-15 8.411e-16 0.0 -115.84 0.0
S372171 243.3144 83.677 1.016e-12 7.685e-13 3.103e-13 0.0 -116.81 0.0
S372172 243.1633 83.654 7.027e-13 5.741e-13 2.852e-13 0.0 -115.82 1.0
S372173 243.3202 83.6761 3.65e-18 3.563e-18 2.479e-18 0.0 -116.84 0.0
S372174 243.1575 83.6531 1.215e-16 1.035e-16 5.426e-17 0.0 -115.78 0.0
S372175 243.1527 83.654 1.944e-15 1.341e-15 4.532e-16 0.0 -115.77 0.0
S372176 243.322 83.6761 1.436e-16 1.117e-16 4.945e-17 0.0 -116.87 1.0
S372177 243.3343 83.6778 7.004e-16 5.208e-16 2.077e-16 0.0 -116.92 0.0
S372178 243.3352 83.6794 3.214e-17 2.784e-17 1.453e-17 0.0 -116.92 0.0
S372179 243.3324 83.6787 2.898e-15 1.991e-15 6.821e-16 0.0 -116.91 0.0
S372180 243.1464 83.652 6.282e-16 4.735e-16 1.881e-16 0.0 -115.72 0.0
S372181 243.1496 83.652 1.946e-15 1.349e-15 4.765e-16 0.0 -115.72 0.0
S372182 243.1477 83.6515 1.047e-17 1.035e-17 7.438e-18 0.001 -115.71 0.0
S372183 243.148 83.6522 3.236e-23 8.837e-23 4.996999999999999e-22 0.0 -115.69 0.0
S372184 243.3502 83.6817 2.698e-16 1.856e-16 6.55e-17 0.0 -116.96 0.0
S372185 243.347 83.68 2.835e-17 2.422e-17 1.266e-17 0.0 -116.98 0.0
S372186 243.1312 83.6483 7.736e-17 6.183e-17 2.889e-17 0.0 -115.66 0.0
S372187 243.133 83.6498 7.457e-16 5.551e-16 2.249e-16 0.0 -115.67 0.0
S372188 243.3501 83.6826 6.025e-18 5.88e-18 3.923e-18 0.0 -116.99 0.0
S372189 243.3464 83.6823 1.467e-15 1.015e-15 3.505e-16 0.0 -116.98 0.0
S372190 243.1315 83.6477 3.617e-15 2.486e-15 8.632e-16 0.0 -115.64 0.0
S372191 243.3539 83.6829 9.534e-18 8.574e-18 5.015e-18 0.0 -117.01 0.0
S372192 243.1272 83.6491 8.299e-17 9.68e-17 1.001e-16 0.0 -115.65 0.0
S372193 243.3481 83.6821 4.388e-16 3.351e-16 1.361e-16 0.0 -117.0 0.0
S372194 243.349 83.6833 8.810000000000001e-20 1.282e-19 1.944e-19 0.0 -116.99 0.0
S372195 243.1221 83.6488 3.258e-18 4.436e-18 5.964e-18 0.0 -115.65 0.0
S372196 243.3593 83.684 2.293e-15 1.549e-15 5.285e-16 0.0 -117.01 0.0
S372197 243.3559 83.683 1.446e-15 9.985e-16 3.522e-16 0.0 -117.0 0.0
S372198 243.3514 83.6817 1.112e-17 9.88e-18 5.578e-18 0.0 -116.99 0.0
S372199 243.127 83.6479 7.265e-13 6.312e-13 3.47e-13 0.0 -115.66 1.0
S372200 243.2298 83.6632 6.381e-18 5.962e-18 3.899e-18 0.0 -116.24 0.0
S372201 243.2311 83.6644 1.719e-21 1.194e-21 4.1289999999999994e-22 0.0 -116.25 0.0
S372202 243.2338 83.6645 1.015e-16 1.051e-16 8.413e-17 0.0 -116.27 0.0
S372203 243.235 83.6633 1.688e-16 1.764e-16 1.393e-16 0.0 -116.28 0.0
S372204 243.2452 83.6673 7.754e-21 1.299e-20 2.6520000000000002e-20 0.0 -116.36 0.0
S372205 243.2318 83.6634 4.304e-18 4.285e-18 3.032e-18 0.0 -116.26 0.0
S372206 243.2387 83.6656 1.2719999999999999e-22 3.117e-22 1.492e-21 0.0 -116.31 0.0
S372207 243.2391 83.6656 1.027e-16 8.431e-17 4.01e-17 0.0 -116.31 0.0
S372208 243.2433 83.6642 3.154e-13 2.102e-13 6.989e-14 0.0 -116.35 0.0
S372209 243.2401 83.6678 3.278e-17 2.794e-17 1.494e-17 0.0 -116.33 0.0
S372210 243.2327 83.6659 6.218e-19 7.507e-19 8.034e-19 0.0 -116.26 0.0
S372211 243.2448 83.6625 1.817e-19 2.39e-19 3.086e-19 0.0 -116.35 0.0
S372212 243.2486 83.6661 5.536e-22 1.263e-21 4.943e-21 0.0 -116.39 0.0
S372213 243.2459 83.6662 9.084e-22 1.919e-21 6.642e-21 0.0 -116.37 0.0
S372214 243.2516 83.669 1.133e-17 1.007e-17 5.888e-18 0.0 -116.42 0.0
S372215 243.2551 83.6669 9.048000000000001e-21 1.5960000000000002e-20 3.6670000000000005e-20 0.0 -116.45 0.0
S372216 243.2307 83.6654 3.248e-17 2.712e-17 1.341e-17 0.0 -116.25 0.0
S372217 243.2562 83.6664 1.554e-16 1.201e-16 5.202e-17 0.0 -116.44 1.0
S372218 243.2221 83.666 2.77e-18 2.762e-18 1.964e-18 0.0 -116.18 0.0
S372219 243.2575 83.6686 2.208e-19 2.801e-19 3.355e-19 0.0 -116.46 0.0
S372220 243.2155 83.6624 1.081e-12 8.728e-13 4.169e-13 0.0 -116.14 1.0
S372221 243.2216 83.6643 1.341e-16 1.059e-16 4.669e-17 0.001 -116.17 1.0
S372222 243.212 83.6621 7.813e-16 5.63e-16 2.156e-16 0.0 -116.11 0.0
S372223 243.2151 83.6598 1.796e-16 1.433e-16 6.525e-17 0.0 -116.1 0.0
S372224 243.2148 83.6637 2.11e-18 2.184e-18 1.676e-18 0.0 -116.12 0.0
S372225 243.2106 83.6603 1.349e-18 1.429e-18 1.215e-18 0.0 -116.09 0.0
S372226 243.2628 83.6667 4.085e-21 7.342e-21 1.757e-20 0.0 -116.51 0.0
S372227 243.2724 83.6704 1.145e-17 1.02e-17 5.813e-18 0.0 -116.58 0.0
S372228 243.2032 83.6617 4.32e-22 9.41e-22 3.318e-21 0.0 -116.06 1.0
S372229 243.2797 83.6699 1.86e-17 1.646e-17 9.381e-18 0.0 -116.61 0.0
S372230 243.2811 83.6732 1.149e-16 8.958e-17 3.966e-17 0.0 -116.62 1.0
S372231 243.2059 83.6607 8.92e-18 8.963e-18 6.207e-18 0.0 -116.07 0.0
S372232 243.2815 83.6697 4.7120000000000003e-20 7.335e-20 1.28e-19 0.0 -116.65 0.0
S372233 243.2836 83.671 2.116e-16 1.592e-16 6.636e-17 0.001 -116.65 1.0
S372234 243.2949 83.6733 2.832e-17 2.402e-17 1.261e-17 0.0 -116.72 0.0
S372235 243.198 83.6607 4.281e-17 3.614e-17 1.881e-17 0.0 -116.0 0.0
S372236 243.1919 83.6598 3.787e-19 4.83e-19 5.809e-19 0.0 -115.96 0.0
S372237 243.1886 83.6568 4.347e-13 3.068e-13 1.09e-13 0.0 -115.98 0.0
S372238 243.1757 83.656 1.55e-19 1.986e-19 2.403e-19 0.0 -115.89 0.0
S372239 243.2908 83.6718 9.616e-17 1.089e-16 9.943e-17 0.0 -116.7 0.0
S372240 243.1813 83.6567 9.647e-18 8.552e-18 4.978e-18 0.0 -115.9 0.0
S372241 243.175 83.6566 5.202e-16 3.516e-16 1.219e-16 0.0 -115.89 0.0
S372242 243.3069 83.6768 2.525e-15 1.706e-15 5.53e-16 0.0 -116.76 0.0
S372243 243.3074 83.6755 2.367e-13 1.704e-13 6.382e-14 0.0 -116.78 0.0
S372244 243.3061 83.6738 4.557e-18 4.361e-18 2.767e-18 0.0 -116.8 0.0
S372245 243.3049 83.6767 5.556e-18 5.267e-18 3.319e-18 0.001 -116.8 0.0
S372246 243.3181 83.6769 7.627e-17 6.029e-17 2.779e-17 0.0 -116.84 0.0
S372247 243.164 83.6557 8.682e-17 6.999e-17 3.354e-17 0.0 -115.81 0.0
S372248 243.1708 83.6555 9.489e-17 8e-17 4.039e-17 0.0 -115.85 0.0
S372249 243.1558 83.6572 5.876e-17 4.793e-17 2.319e-17 0.0 -115.79 0.0
S372250 243.151 83.6531 9.309e-19 1.098e-18 1.161e-18 0.0 -115.76 0.0
S372251 243.1673 83.6548 6.598e-17 5.23e-17 2.361e-17 0.0 -115.8 0.0
S372252 243.3149 83.676 5.299e-17 7.502e-17 1.098e-16 0.0 -116.88 0.0
S372253 243.1389 83.6516 1.899e-16 1.577e-16 8.047e-17 0.0 -115.73 0.0
S372254 243.3243 83.6766 2.232e-17 1.882e-17 9.543e-18 0.0 -116.91 0.0
S372255 243.3269 83.6789 1.474e-17 1.72e-17 1.642e-17 0.0 -116.92 0.0
S372256 243.3395 83.6809 1.816e-18 1.923e-18 1.558e-18 0.0 -116.93 0.0
S372257 243.1551 83.6547 2.4609999999999998e-23 7.503999999999999e-23 5.792e-22 0.0 -115.72 0.0
S372258 243.3187 83.6773 6.759e-20 1.087e-19 2.033e-19 0.0 -116.92 0.0
S372259 243.3549 83.6842 2.82e-15 1.973e-15 7.096e-16 0.0 -116.97 0.0
S372260 243.1442 83.6539 4.074e-19 4.98e-19 5.341e-19 0.0 -115.68 0.0
S372261 243.3412 83.6803 4.69e-23 1.2519999999999998e-22 7.014999999999999e-22 0.0 -116.97 0.0
S372262 243.35 83.6815 3.31e-17 4.075e-17 4.379e-17 0.0 -116.97 0.0
S372263 243.1279 83.6489 1.012e-19 1.409e-19 2.039e-19 0.0 -115.67 0.0
S372264 243.1399 83.6511 7.055e-17 5.573e-17 2.552e-17 0.0 -115.66 0.0
S372265 243.3408 83.6821 2.715e-17 2.264e-17 1.129e-17 0.0 -117.0 0.0
S372266 243.3466 83.6825 1.7929999999999998e-23 5.135e-23 3.364e-22 0.0 -116.99 0.0
S372267 243.3512 83.6821 1.204e-16 9.537e-17 4.296e-17 0.0 -116.99 0.0
S372268 243.3472 83.683 3.181e-20 4.8970000000000004e-20 8.394e-20 0.0 -116.99 0.0
S372269 243.3489 83.6821 3.0890000000000004e-20 4.8970000000000004e-20 9.408000000000001e-20 0.0 -117.01 0.0
S372270 243.3634 83.6842 7.151e-19 8.71e-19 9.665e-19 0.0 -117.0 0.0
S372271 243.3522 83.6838 1.363e-22 3.312e-22 1.525e-21 0.0 -117.0 0.0
S372272 243.125 83.6472 1.292e-20 2.043e-20 3.975e-20 0.0 -115.65 0.0
S372273 243.3426 83.6821 4.33e-17 6.162e-17 8.986e-17 0.0 -116.99 0.0
S372274 243.1255 83.6493 3.6649999999999997e-22 7.356999999999999e-22 2.304e-21 0.0 -115.66 0.0
S372275 243.1384 83.6501 9.482999999999999e-23 2.2679999999999997e-22 9.929999999999998e-22 0.0 -115.66 0.0
S372276 243.3569 83.6827 1.2419999999999998e-22 2.8029999999999997e-22 1.118e-21 0.0 -116.98 0.0
S372277 243.3403 83.6797 8.348e-20 1.073e-19 1.322e-19 0.0 -116.97 0.0
S372278 243.3444 83.6803 6.277e-17 5.24e-17 2.541e-17 0.0 -116.96 0.0
S372279 243.3493 83.6842 1.183e-16 9.161e-17 3.956e-17 0.0 -116.97 1.0
S372280 243.1309 83.6492 8.114e-21 1.3920000000000002e-20 3.126e-20 0.0 -115.68 0.0
S372281 243.1254 83.6477 2.346e-20 3.796e-20 7.486000000000001e-20 0.001 -115.71 0.0
