Name Equatorial Polar BlueF GreenF RedF Parallax RadialVelocity Variable?
S261946 324.073 104.7355 5.15e-19 6.663e-19 8.038e-19 0.0 -101.19 0.0
S261947 324.1004 104.9051 2.002e-25 9.711000000000001e-25 1.831e-23 0.0 -101.38 0.0
S261948 324.0893 104.9051 4.1969999999999996e-23 1.1489999999999998e-22 6.482999999999999e-22 0.0 -101.46 0.0
S261949 324.1113 104.9023 9.72e-17 1.033e-16 8.612e-17 0.0 -101.4 0.0
S261950 324.1013 104.917 2.0130000000000003e-26 1.2520000000000001e-25 4.043e-24 0.0 -101.77 0.0
S261951 324.117 104.9264 5.715000000000001e-20 8.625000000000001e-20 1.477e-19 0.0 -101.72 1.0
S261952 324.1835 104.8396 1.217e-22 3.097e-22 1.521e-21 0.0 -101.29 0.0
S261953 324.1211 104.8478 4.907e-17 4.103e-17 2.077e-17 0.0 -101.22 0.0
S261954 324.1068 104.901 2.2739999999999996e-22 4.915e-22 1.73e-21 0.0 -101.34 0.0
S261955 324.1358 104.7539 3.093e-20 4.5580000000000005e-20 7.049e-20 0.0 -101.16 0.0
S261956 324.0963 104.9096 5.977000000000001e-20 8.858e-20 1.488e-19 0.0 -101.89 0.0
S261957 324.0868 104.9154 1.3099999999999999e-23 4.566e-23 4.603e-22 0.0 -101.66 0.0
S261958 324.0884 105.0028 1.399e-12 1.15e-12 5.605e-13 0.0 -101.94 1.0
S261959 324.0489 104.8859 1.327e-19 1.775e-19 2.305e-19 0.0 -101.44 0.0
S261960 324.0884 104.9243 2.915e-23 8.823e-23 6.406999999999999e-22 0.0 -101.89 0.0
S261961 324.1223 104.8277 2.4789999999999999e-23 7.67e-23 6.013e-22 0.0 -101.2 0.0
S261962 324.095 104.9027 9.838999999999998e-22 2.091e-21 7.012e-21 0.0 -101.35 0.0
S261963 324.1144 104.9597 1.035e-19 1.418e-19 1.945e-19 0.0 -101.78 0.0
S261964 324.1076 104.8743 3.528e-23 9.511e-23 5.304999999999999e-22 0.0 -101.25 0.0
S261965 324.0994 104.902 2.4869999999999998e-23 7.199e-23 4.666e-22 0.0 -101.3 0.0
S261966 324.1016 104.9178 2.604e-21 4.59e-21 1.1000000000000001e-20 0.0 -101.8 0.0
S261967 324.1087 104.9131 5.3740000000000004e-20 7.671000000000001e-20 1.155e-19 0.0 -101.58 0.0
S261968 324.0999 104.9087 2.0920000000000003e-20 3.313e-20 6.263000000000001e-20 0.0 -101.35 0.0
S261969 324.0828 105.0595 2.094e-16 2.071e-16 1.484e-16 0.0 -101.9 0.0
S261970 324.0934 104.9135 2.124e-18 2.199e-18 1.706e-18 0.0 -101.73 0.0
S261971 324.0437 104.8395 3.0039999999999997e-22 7.166999999999999e-22 3.115e-21 0.0 -101.32 0.0
S261972 324.0763 104.8958 6.235e-17 4.973e-17 2.335e-17 0.0 -101.46 0.0
S261973 324.109 104.8975 4.3009999999999996e-23 1.159e-22 6.776999999999999e-22 0.0 -101.36 0.0
S261974 324.0598 104.9595 2.445e-23 6.378e-23 3.4719999999999997e-22 0.0 -101.83 0.0
S261975 324.0975 104.9188 9.765999999999999e-23 2.515e-22 1.3270000000000001e-21 0.0 -101.75 0.0
S261976 324.0527 104.923 2.5729999999999998e-23 6.803e-23 3.8039999999999995e-22 0.0 -101.71 0.0
S261977 324.0707 104.8975 1.325e-22 3.2929999999999996e-22 1.58e-21 0.0 -101.48 0.0
S261978 324.0935 104.911 5.22e-17 6.947e-17 8.958e-17 0.0 -101.72 0.0
S261979 323.9713 104.9729 2.407e-19 3.17e-19 3.976e-19 0.0 -101.72 0.0
S261980 324.0951 104.9225 1.075e-20 1.698e-20 3.056e-20 0.0 -101.81 0.0
S261981 324.0944 104.9041 7.568e-13 5.416e-13 1.978e-13 0.0 -101.41 0.0
S261982 324.0667 104.9319 1.4289999999999998e-23 4.115e-23 2.724e-22 0.0 -101.79 0.0
S261983 324.0977 104.909 1.644e-19 2.116e-19 2.559e-19 0.0 -101.11 0.0
S261984 324.0946 104.901 1.477e-18 1.615e-18 1.382e-18 0.0 -101.28 0.0
S261985 324.1227 104.8098 1.445e-23 4.195e-23 2.756e-22 0.0 -101.19 0.0
S261986 324.1295 104.8797 1.772e-21 1.284e-21 4.823e-22 0.0 -101.28 0.0
S261987 324.1071 104.9503 1.741e-22 4.632e-22 2.584e-21 0.0 -101.81 0.0
S261988 324.0985 104.9099 6.204000000000001e-20 8.897e-20 1.383e-19 0.0 -101.79 1.0
S261989 324.1126 104.9035 5.823000000000001e-20 8.352e-20 1.3e-19 0.0 -101.45 0.0
S261990 324.1046 104.9588 2.034e-21 1.448e-21 5.218999999999999e-22 0.0 -101.83 0.0
S261991 324.1053 104.9201 4.0329999999999995e-22 9.379e-22 3.752e-21 0.0 -101.72 0.0
S261992 324.1314 104.9572 2.13e-21 1.481e-21 5.230999999999999e-22 0.0 -101.73 0.0
S261993 324.0772 104.9107 5.815e-24 1.8059999999999998e-23 1.388e-22 0.0 -101.62 0.0
S261994 324.0672 104.9654 3.339e-20 5.252e-20 9.348000000000001e-20 0.0 -101.86 0.0
S261995 324.0913 104.9103 1.146e-21 2.331e-21 7.515e-21 0.0 -101.62 0.0
S261996 324.1451 104.873 6.735999999999999e-23 1.9159999999999997e-22 1.199e-21 0.0 -101.28 0.0
S261997 324.2179 104.8948 1.12e-21 2.095e-21 5.417e-21 0.0 -101.45 0.0
S261998 324.0946 104.91 3.1710000000000002e-21 5.588e-21 1.2900000000000001e-20 0.0 -101.71 0.0
S261999 324.0994 104.8901 4.349e-21 7.954000000000001e-21 1.966e-20 0.0 -101.3 0.0
S262000 324.1056 104.7507 2.745e-18 2.835e-18 2.207e-18 0.0 -101.22 0.0
S262001 324.124 104.9027 3.9440000000000004e-26 2.246e-25 6.092e-24 0.0 -101.41 0.0
S262002 324.0645 104.9292 1.286e-12 9.301e-13 3.458e-13 0.0 -101.69 0.0
S262003 324.1683 104.8844 3.31e-22 6.791999999999999e-22 2.218e-21 0.0 -101.4 0.0
S262004 324.1984 104.9618 7.799e-25 3.007e-24 3.59e-23 0.0 -101.62 0.0
S262005 324.0902 104.9242 4.992e-18 4.96e-18 3.457e-18 0.0 -101.79 0.0
S262006 324.0973 104.9117 1.9469999999999998e-22 4.9549999999999995e-22 2.504e-21 0.0 -101.68 0.0
S262007 324.128 104.907 3.312e-20 4.8250000000000007e-20 7.356e-20 0.0 -101.5 0.0
S262008 324.0729 104.9035 9.059e-24 2.717e-23 1.9209999999999998e-22 0.0 -101.53 0.0
S262009 324.1248 104.8742 1.754e-19 2.317e-19 2.979e-19 0.0 -101.21 0.0
S262010 324.0988 104.9566 6.466999999999999e-23 1.485e-22 6.0099999999999995e-22 0.0 -101.84 0.0
S262011 324.071 104.8641 7.678e-21 1.268e-20 2.5320000000000002e-20 0.0 -101.23 0.0
S262012 324.0932 104.9187 2.9729999999999996e-22 7.324999999999999e-22 3.473e-21 0.0 -101.74 0.0
S262013 324.1115 104.9255 4.7e-19 5.843e-19 6.542e-19 0.0 -101.72 0.0
S262014 324.0896 104.8921 2.182e-21 1.518e-21 5.319999999999999e-22 0.0 -101.3 0.0
S262015 324.0535 104.8726 3.72e-18 5.474e-18 8.831e-18 0.0 -101.34 0.0
S262016 324.1345 104.8664 7.028e-24 2.231e-23 1.7689999999999998e-22 0.0 -101.25 0.0
S262017 324.1091 104.9749 1.47e-20 2.4990000000000003e-20 5.32e-20 0.0 -101.81 0.0
S262018 324.1404 104.997 1.107e-12 8.492e-13 3.492e-13 0.0 -101.8 1.0
S262019 324.0979 104.9104 1.741e-19 2.377e-19 3.373e-19 0.0 -101.9 0.0
S262020 324.0891 104.8929 6.444e-21 1.1520000000000001e-20 2.74e-20 0.0 -101.32 0.0
S262021 324.0848 104.9338 3.336e-19 4.21e-19 4.856e-19 0.0 -101.78 0.0
S262022 324.1164 104.9349 5.279999999999999e-22 1.088e-21 3.637e-21 0.0 -101.81 0.0
S262023 324.0692 104.924 8.325e-13 5.88e-13 2.112e-13 0.0 -101.67 0.0
S262024 324.1474 104.8796 3.281e-19 4.101e-19 4.689e-19 0.0 -101.34 0.0
S262025 324.1267 104.9049 7.5249999999999995e-22 1.675e-21 6.359e-21 0.0 -101.48 0.0
S262026 324.0598 104.8957 1.367e-21 2.824e-21 9.17e-21 0.0 -101.54 0.0
S262027 324.0978 104.9097 3.043e-16 2.908e-16 1.953e-16 0.0 -101.91 0.0
S262028 324.1255 104.8972 7.603e-21 1.3550000000000001e-20 3.29e-20 0.0 -101.38 0.0
S262029 324.0923 104.9087 2.562e-21 4.592e-21 1.149e-20 0.0 -101.57 0.0
S262030 324.0789 104.9458 1.061e-22 2.635e-22 1.291e-21 0.0 -101.82 0.0
S262031 324.1709 104.9066 2.24e-22 5.234999999999999e-22 2.108e-21 0.0 -101.42 0.0
S262032 324.1286 104.9057 8.582e-21 1.529e-20 3.7020000000000005e-20 0.0 -101.43 0.0
S262033 324.0825 104.8865 1.143e-17 1.081e-17 7.098e-18 0.0 -101.36 0.0
S262034 324.0712 104.904 2.542e-17 2.2e-17 1.205e-17 0.0 -101.52 0.0
S262035 324.0788 104.9419 4.727e-17 6.719e-17 1.011e-16 0.0 -101.86 0.0
S262036 324.1232 104.9052 9.667999999999999e-23 2.533e-22 1.3480000000000001e-21 0.0 -101.4 0.0
S262037 324.0002 104.8988 1.206e-20 2.1690000000000002e-20 5.458000000000001e-20 0.0 -101.55 0.0
S262038 324.1005 104.9131 1.87e-23 5.637999999999999e-23 4.0189999999999995e-22 0.0 -101.65 0.0
S262039 324.0937 104.8971 1.656e-23 5.079e-23 3.7819999999999996e-22 0.0 -101.31 0.0
S262040 324.1211 104.8701 1.644e-23 5.1159999999999995e-23 3.8319999999999994e-22 0.0 -101.25 0.0
S262041 324.0962 104.9002 6.274e-23 1.5419999999999998e-22 7.229e-22 0.0 -101.29 0.0
S262042 324.1278 104.8353 6.179e-23 1.6679999999999998e-22 9.040999999999999e-22 0.0 -101.22 0.0
S262043 324.1065 104.8843 4.28e-23 1.221e-22 7.529e-22 0.0 -101.25 0.0
S262044 324.1097 104.9123 8.991e-23 2.5709999999999996e-22 1.644e-21 0.0 -101.57 0.0
S262045 324.1023 104.9094 6.631999999999999e-22 1.5590000000000001e-21 6.4380000000000005e-21 0.0 -101.52 0.0
S262046 324.1261 104.9284 6.151999999999999e-22 1.438e-21 5.9030000000000005e-21 0.0 -101.74 0.0
S262047 324.0912 104.9071 5.673e-24 1.816e-23 1.5119999999999998e-22 0.0 -101.51 0.0
S262048 324.0908 104.8968 4.952e-24 1.7799999999999998e-23 1.8389999999999998e-22 0.0 -101.36 0.0
S262049 324.1036 105.0194 1.295e-18 1.376e-18 1.146e-18 0.0 -101.87 0.0
S262050 324.0952 104.9159 1.684e-19 2.226e-19 2.89e-19 0.0 -101.73 0.0
S262051 324.1135 104.9244 9.069e-24 2.6989999999999997e-23 1.882e-22 0.0 -101.7 0.0
S262052 324.1039 104.9119 2.887e-22 6.86e-22 2.926e-21 0.0 -101.61 0.0
S262053 324.0902 104.9042 5.663e-20 8.136000000000001e-20 1.255e-19 0.0 -101.41 0.0
S262054 324.0764 104.9337 5.426e-19 6.692e-19 7.548e-19 0.0 -101.78 0.0
S262055 324.0907 104.8933 6.805999999999999e-22 1.406e-21 4.431e-21 0.0 -101.34 0.0
S262056 324.0772 104.8916 9.302e-23 2.6259999999999998e-22 1.707e-21 0.0 -101.36 0.0
S262057 324.1044 104.9212 1.373e-21 2.911e-21 1.0030000000000001e-20 0.0 -101.69 0.0
S262058 324.0142 104.9512 1.9779999999999999e-22 4.352e-22 1.611e-21 0.001 -101.68 0.0
S262059 324.1076 104.9152 1.049e-21 2.204e-21 7.612e-21 0.0 -101.65 0.0
S262060 324.1373 104.8512 1.605e-23 5.1199999999999996e-23 4.1679999999999995e-22 0.0 -101.25 0.0
S262061 324.1495 104.9531 1.872e-23 5.582e-23 3.9139999999999995e-22 0.0 -101.69 0.0
S262062 324.1271 104.8821 1.301e-24 4.696e-24 5.0749999999999997e-23 0.0 -101.34 0.0
S262063 324.11 104.841 1.261e-23 3.853e-23 2.837e-22 0.0 -101.25 0.0
S262064 324.0878 104.8976 2.2449999999999996e-22 5.034e-22 1.908e-21 0.0 -101.39 0.0
S262065 324.0961 104.9097 1.804e-20 2.9700000000000005e-20 5.861e-20 0.0 -101.76 0.0
S262066 324.1372 104.8557 1.031e-12 7.392e-13 2.752e-13 0.0 -101.28 0.0
S262067 324.0899 104.9209 2.292e-21 1.602e-21 5.708999999999999e-22 0.0 -101.76 0.0
S262068 324.0826 104.9019 1.0270000000000001e-20 1.857e-20 4.4480000000000004e-20 0.0 -101.39 0.0
S262069 324.099 104.9139 5.896e-23 1.3239999999999999e-22 5.232999999999999e-22 0.0 -101.78 0.0
S262070 324.0799 104.9492 1.0190000000000001e-20 1.7170000000000002e-20 3.7090000000000005e-20 0.0 -101.79 0.0
S262071 324.1219 104.9193 3.967e-23 9.782e-23 4.592999999999999e-22 0.0 -101.62 0.0
S262072 323.9972 104.9059 6.715e-17 8.474e-17 9.708e-17 0.0 -101.52 0.0
S262073 324.0963 104.92 1.9479999999999999e-22 4.7469999999999995e-22 2.187e-21 0.0 -101.77 0.0
S262074 324.0523 104.7073 9.256e-19 1.031e-18 8.91e-19 0.0 -101.23 0.0
S262075 324.0738 104.8978 8.794e-22 6.902e-22 3.14e-22 0.0 -101.45 0.0
S262076 324.0896 104.8748 1.266e-18 1.435e-18 1.35e-18 0.0 -101.27 0.0
S262077 324.0969 104.9056 4.0409999999999996e-23 1.0999999999999998e-22 6.327e-22 0.0 -101.36 0.0
S262078 324.0725 104.9073 9.574e-23 2.478e-22 1.281e-21 0.0 -101.56 0.0
S262079 324.1599 105.0092 9.948e-21 1.757e-20 4.2620000000000004e-20 0.0 -101.82 0.0
S262080 324.2738 104.8352 2.997e-21 6.076e-21 1.8890000000000002e-20 0.0 -101.39 0.0
S262081 324.1108 104.9423 2.195e-21 1.563e-21 5.559999999999999e-22 0.0 -101.78 0.0
S262082 324.0708 104.6804 2.284e-17 2.056e-17 1.203e-17 0.0 -101.21 0.0
S262083 324.1299 104.907 1.592e-23 4.68e-23 3.1669999999999997e-22 0.0 -101.47 0.0
S262084 324.0762 104.9055 2.298e-24 8.455e-24 8.971e-23 0.0 -101.51 0.0
S262085 324.0873 104.897 6.887e-19 8.283e-19 8.729e-19 0.0 -101.35 0.0
S262086 324.1255 104.8396 3.151e-21 2.123e-21 6.785e-22 0.0 -101.22 0.0
S262087 324.0975 104.9127 2.9809999999999996e-22 7.444999999999999e-22 3.6320000000000004e-21 0.0 -101.78 0.0
S262088 324.1102 104.9374 1.996e-19 2.514e-19 2.817e-19 0.0 -101.78 0.0
S262089 324.1218 104.8376 3.991e-23 1.24e-22 9.867999999999998e-22 0.0 -101.23 0.0
S262090 324.0642 104.9213 1.774e-16 1.624e-16 1.007e-16 0.0 -101.68 0.0
S262091 324.0335 104.919 1.072e-16 1.026e-16 6.969e-17 0.0 -101.59 0.0
S262092 324.0624 104.8893 1.573e-24 5.941e-24 6.992e-23 0.0 -101.43 0.0
S262093 324.0929 104.843 4.6579999999999995e-22 9.696999999999999e-22 3.102e-21 0.0 -101.31 0.0
S262094 324.1581 104.9297 4.5440000000000005e-20 7.092e-20 1.264e-19 0.0 -101.58 0.0
S262095 324.0781 104.9277 8.194999999999999e-23 1.9719999999999997e-22 8.826e-22 0.0 -101.77 0.0
S262096 324.1002 104.9132 1.7230000000000003e-20 2.8180000000000005e-20 5.765e-20 0.0 -101.75 0.0
S262097 324.0794 104.9113 3.1969999999999997e-22 7.369999999999999e-22 3.0050000000000002e-21 0.0 -101.58 0.0
S262098 324.0986 104.9111 1.003e-19 1.405e-19 1.975e-19 0.0 -101.69 0.0
S262099 323.9685 104.9462 1.656e-21 3.479e-21 1.1760000000000001e-20 0.0 -101.65 0.0
S262100 324.1278 104.8384 1.543e-21 3.049e-21 8.835e-21 0.0 -101.2 0.0
S262101 324.1381 105.0404 5.0289999999999996e-23 1.3049999999999998e-22 6.795999999999999e-22 0.0 -101.85 0.0
S262102 324.1211 104.9846 8.147e-17 1.557e-16 4.233e-16 0.0 -101.82 0.0
S262103 324.1237 105.0062 6.805999999999999e-22 1.548e-21 6.119e-21 0.001 -101.83 0.0
S262104 324.0858 104.9229 3.1910000000000005e-20 4.8400000000000006e-20 8.225000000000001e-20 0.0 -101.79 0.0
S262105 324.1258 104.9179 4.909e-21 9.165e-21 2.3800000000000002e-20 0.0 -101.64 0.0
S262106 324.1078 104.9085 1.347e-18 1.508e-18 1.369e-18 0.0 -101.51 0.0
S262107 324.0802 104.9216 5.046e-17 7.453e-17 1.234e-16 0.0 -101.73 0.0
S262108 324.0948 104.8929 7.3469999999999995e-22 1.477e-21 4.589e-21 0.0 -101.33 0.0
S262109 324.1003 104.9305 3.526e-21 6.3430000000000005e-21 1.522e-20 0.0 -101.8 0.0
S262110 324.1687 104.8918 3.109e-23 9.167999999999999e-23 6.522999999999999e-22 0.0 -101.46 0.0
S262111 324.0884 104.8333 1.352e-21 2.448e-21 6.225e-21 0.0 -101.26 0.0
S262112 324.0964 104.9241 1.208e-19 1.642e-19 2.277e-19 0.0 -101.84 0.0
S262113 324.1238 104.9401 3.354e-19 4.401e-19 5.404e-19 0.0 -101.74 0.0
S262114 324.1145 104.9033 8.313e-19 9.488e-19 9.1e-19 0.0 -101.38 0.0
S262115 324.0269 104.9709 4.541e-13 3.185e-13 1.148e-13 0.0 -101.82 0.0
S262116 324.0955 104.8759 2.0650000000000002e-26 1.198e-25 3.395e-24 0.0 -101.23 0.0
S262117 324.1007 104.9307 7.784e-19 8.652e-19 7.933e-19 0.0 -101.77 0.0
S262118 324.0938 104.8515 2.451e-21 4.932e-21 1.4820000000000002e-20 0.0 -101.23 0.0
S262119 324.0955 104.872 1.1240000000000001e-20 1.8720000000000002e-20 3.8600000000000005e-20 0.0 -101.28 0.0
S262120 324.1386 104.886 6.031e-19 6.918e-19 6.527e-19 0.0 -101.38 0.0
S262121 324.0572 104.7984 2.562e-18 2.751e-18 2.334e-18 0.0 -101.25 0.0
S262122 324.1021 104.8892 7.827e-21 1.497e-20 4.1090000000000005e-20 0.0 -101.24 0.0
S262123 324.1443 104.8847 4.112e-18 4.064e-18 2.884e-18 0.0 -101.35 0.0
S262124 324.0829 104.8182 5.469999999999999e-22 1.154e-21 3.811e-21 0.0 -101.21 0.0
S262125 324.0933 104.9007 3.5959999999999997e-23 9.445999999999999e-23 5.244999999999999e-22 0.0 -101.38 0.0
S262126 323.9386 104.7873 4.813e-23 1.269e-22 7.100999999999999e-22 0.0 -101.35 0.0
S262127 324.0832 104.9176 2.884e-24 1.096e-23 1.247e-22 0.0 -101.69 0.0
S262128 324.0764 104.9171 3.307e-21 2.168e-21 6.936999999999999e-22 0.0 -101.66 0.0
S262129 324.134 104.8837 5.447e-18 5.531e-18 4.033e-18 0.0 -101.33 0.0
S262130 324.0801 104.9334 2.002e-24 8.188e-24 1.077e-22 0.0 -101.8 0.0
S262131 324.0903 104.9142 4.240999999999999e-22 9.893e-22 4.194e-21 0.0 -101.71 0.0
S262132 324.0998 104.9085 5.21e-21 9.299e-21 2.277e-20 0.0 -101.41 0.0
S262133 324.0735 104.8814 3.4960000000000004e-20 5.455e-20 9.538e-20 0.0 -101.32 0.0
S262134 324.0507 104.9608 5.2700000000000004e-20 7.676e-20 1.195e-19 0.0 -101.75 0.0
S262135 324.0901 104.9141 6.405e-24 1.974e-23 1.4279999999999999e-22 0.0 -101.73 0.0
S262136 324.0984 104.9063 1.1009999999999999e-22 2.643e-22 1.173e-21 0.0 -101.3 0.0
S262137 324.1313 104.9754 2.242e-22 4.931e-22 1.891e-21 0.0 -101.75 0.0
S262138 324.031 104.9383 2.4720000000000002e-26 1.387e-25 3.823e-24 0.0 -101.73 0.0
S262139 324.0834 104.9912 3.362e-20 5.045e-20 8.516e-20 0.0 -101.84 0.0
S262140 324.1123 105.0118 2.776e-23 7.996e-23 5.195e-22 0.0 -101.89 0.0
S262141 323.9873 104.994 9.671e-18 8.699e-18 5.099e-18 0.0 -101.78 0.0
S262142 324.0538 104.8453 9.634999999999999e-22 2.217e-21 9.09e-21 0.0 -101.35 0.0
S262143 324.1068 104.8555 1.988e-18 2.131e-18 1.823e-18 0.0 -101.26 0.0
S262144 324.1004 104.9078 4.286e-19 5.346e-19 6e-19 0.0 -101.42 0.0
S262145 324.0805 104.9463 1.05e-21 2.026e-21 5.719e-21 0.0 -101.77 0.0
S262146 324.1052 104.921 3.624e-19 4.439e-19 4.894e-19 0.0 -101.72 0.0
S262147 324.1318 104.8975 2.814e-22 6.850999999999999e-22 3.19e-21 0.0 -101.4 0.0
S262148 324.1116 104.9243 3.557e-19 4.321e-19 4.508e-19 0.0 -101.68 0.0
S262149 324.0846 104.8997 1.5960000000000002e-20 2.643e-20 5.707e-20 0.0 -101.4 0.0
S262150 324.1005 104.9098 2.423e-19 3.131e-19 3.744e-19 0.0 -101.55 0.0
S262151 324.0909 104.9085 8.821e-23 2.189e-22 1.037e-21 0.0 -101.57 0.0
S262152 324.0219 104.894 2.106e-23 5.810999999999999e-23 3.5069999999999996e-22 0.0 -101.46 0.0
S262153 324.0753 104.8841 7.541e-20 1.038e-19 1.451e-19 0.0 -101.36 0.0
S262154 324.1371 104.9227 1.677e-19 2.257e-19 2.945e-19 0.0 -101.55 0.0
S262155 324.0993 104.9041 2.169e-19 2.844e-19 3.671e-19 0.0 -101.33 0.0
S262156 324.0816 104.9296 1.02e-19 1.509e-19 2.368e-19 0.0 -101.82 0.0
S262157 324.0868 104.9121 9.039e-23 2.377e-22 1.297e-21 0.0 -101.63 0.0
S262158 324.0958 104.9025 3.941e-19 4.757e-19 5.047e-19 0.0 -101.3 0.0
S262159 324.1038 104.9211 4.507e-23 1.2149999999999998e-22 6.818999999999999e-22 0.0 -101.81 0.0
S262160 324.1088 104.8605 9.188999999999999e-23 2.3799999999999997e-22 1.236e-21 0.0 -101.25 0.0
S262161 324.1092 104.9211 4.316000000000001e-25 1.824e-24 2.588e-23 0.0 -101.73 0.0
S262162 324.1036 104.9652 2.4839999999999997e-22 5.836e-22 2.485e-21 0.0 -101.85 0.0
S262163 324.0659 104.8432 4.204e-19 5.378e-19 6.552e-19 0.0 -101.26 0.0
S262164 324.0876 104.9157 1.235e-20 2.1540000000000003e-20 4.7670000000000003e-20 0.0 -101.71 0.0
S262165 324.1029 104.9071 1.0370000000000001e-26 6.553e-26 2.293e-24 0.0 -101.46 0.0
S262166 324.0238 104.8673 2.351e-17 3.051e-17 3.709e-17 0.0 -101.45 0.0
S262167 324.0956 104.9166 2.938e-19 3.806e-19 4.747e-19 0.0 -101.76 0.0
S262168 324.0634 104.9232 3.461e-21 6.113e-21 1.456e-20 0.0 -101.74 0.0
S262169 324.1148 104.9238 9.875999999999999e-23 2.3789999999999996e-22 1.03e-21 0.0 -101.66 0.0
S262170 324.1319 104.901 3.774e-27 2.7340000000000004e-26 1.219e-24 0.0 -101.46 0.0
S262171 324.1257 104.8763 3.514e-20 5.28e-20 8.719000000000001e-20 0.0 -101.27 0.0
S262172 324.1184 104.9241 5.2629999999999996e-23 1.489e-22 9.263e-22 0.0 -101.67 0.0
S262173 323.9336 104.8867 4.7530000000000003e-20 7.479000000000001e-20 1.337e-19 0.0 -101.52 0.0
S262174 324.0884 104.8448 2.4900000000000002e-20 4.12e-20 8.269000000000001e-20 0.0 -101.23 0.0
S262175 324.0989 104.9309 5.394e-24 1.758e-23 1.522e-22 0.0 -101.79 0.0
S262176 324.2041 104.926 9.744e-23 2.244e-22 9.341999999999999e-22 0.0 -101.52 0.0
S262177 324.0877 104.9187 1.2520000000000001e-20 2.0280000000000002e-20 4.0070000000000004e-20 0.0 -101.76 0.0
S262178 324.0717 104.8535 3.306e-21 6.6990000000000004e-21 2.0750000000000003e-20 0.0 -101.25 0.0
S262179 324.0542 104.9068 2.711e-22 5.761e-22 2.027e-21 0.0 -101.58 0.0
S262180 324.0918 104.8941 2.057e-21 4.122e-21 1.223e-20 0.0 -101.27 0.0
S262181 324.0495 104.9697 1.4909999999999999e-22 3.7919999999999997e-22 1.875e-21 0.0 -101.8 0.0
S262182 324.0997 104.925 2.388e-18 2.543e-18 2.046e-18 0.0 -101.8 0.0
S262183 324.1134 104.915 2.548e-21 5.194e-21 1.6410000000000002e-20 0.0 -101.61 0.0
S262184 324.0996 104.9018 6.262e-19 7.894e-19 9.14e-19 0.0 -101.27 0.0
S262185 324.0859 104.8961 5.908e-19 6.971e-19 6.961e-19 0.0 -101.42 0.0
S262186 324.0812 104.9366 3.228e-21 5.889e-21 1.487e-20 0.0 -101.85 0.0
S262187 324.0612 104.9233 3.622e-18 3.782e-18 2.86e-18 0.0 -101.71 0.0
S262188 324.1283 104.9542 1.602e-13 1.06e-13 3.412e-14 0.0 -101.73 0.0
S262189 324.0912 104.9058 3.7009999999999996e-22 8.944e-22 4.118e-21 0.0 -101.47 0.0
S262190 324.0529 104.9448 1.491e-19 2.166e-19 3.395e-19 0.0 -101.77 0.0
S262191 324.0958 104.9036 4.0600000000000006e-20 6.057000000000001e-20 1e-19 0.0 -101.28 0.0
S262192 324.1477 104.9029 2.4520000000000002e-20 3.8120000000000005e-20 7.065000000000001e-20 0.0 -101.52 0.0
S262193 324.1695 104.9063 2.8330000000000002e-25 1.197e-24 1.745e-23 0.0 -101.49 0.0
S262194 324.0783 104.8618 5.463e-17 4.568e-17 2.284e-17 0.0 -101.28 0.0
S262195 324.0826 104.9327 1.044e-23 3.266e-23 2.4839999999999997e-22 0.0 -101.84 0.0
S262196 324.0604 104.9146 2.723e-19 3.431e-19 3.971e-19 0.0 -101.64 0.0
S262197 324.0373 104.8859 9.1e-19 1.073e-18 1.101e-18 0.0 -101.52 0.0
S262198 324.1396 104.9433 7.513e-22 1.7030000000000002e-21 6.5320000000000004e-21 0.0 -101.66 0.0
S262199 324.0905 104.9031 8.855999999999999e-23 2.3949999999999997e-22 1.377e-21 0.0 -101.4 0.0
S262200 324.0642 104.8465 2.067e-21 4.5230000000000004e-21 1.625e-20 0.0 -101.25 0.0
S262201 324.1469 104.8696 1.0899999999999999e-22 2.83e-22 1.5380000000000001e-21 0.0 -101.34 0.0
S262202 324.0887 104.9081 9.415e-18 9.477e-18 6.942e-18 0.0 -101.59 0.0
S262203 323.9152 104.9188 7.968e-23 2.144e-22 1.203e-21 0.0 -101.61 0.0
S262204 324.1056 104.9049 2.786e-23 7.422e-23 4.075e-22 0.0 -101.4 0.0
S262205 324.1345 104.848 4.252e-18 4.416e-18 3.431e-18 0.0 -101.17 1.0
S262206 324.0961 104.8548 4.344e-23 1.125e-22 5.989999999999999e-22 0.0 -101.14 0.0
S262207 324.0873 104.9021 1.061e-21 2.219e-21 7.282e-21 0.0 -101.36 0.0
S262208 324.0982 104.9055 2.32e-21 1.604e-21 5.684e-22 0.0 -101.29 0.0
S262209 324.0933 104.9086 1.351e-21 1.01e-21 4.017e-22 0.0 -101.54 0.0
S262210 324.1069 104.918 1.087e-18 1.237e-18 1.204e-18 0.0 -101.66 0.0
S262211 324.09 104.9082 3.044e-21 5.73e-21 1.5060000000000002e-20 0.0 -101.5 0.0
S262212 324.0779 104.8135 1.076e-22 3.0399999999999996e-22 1.914e-21 0.0 -101.27 0.0
S262213 324.1068 104.8728 2.635e-17 2.31e-17 1.237e-17 0.0 -101.22 0.0
S262214 324.1295 104.8535 2.227e-19 2.733e-19 2.976e-19 0.0 -101.24 0.0
S262215 324.1229 104.7984 1.463e-22 3.5739999999999996e-22 1.638e-21 0.0 -101.18 0.0
S262216 324.1907 104.8651 5.25e-18 5.189e-18 3.746e-18 0.0 -101.35 0.0
S262217 324.0738 104.8637 1.072e-22 2.6159999999999996e-22 1.2230000000000001e-21 0.0 -101.24 0.0
S262218 324.1562 104.9613 7.480999999999999e-23 1.7569999999999998e-22 7.627999999999999e-22 0.0 -101.76 1.0
S262219 323.9696 105.0592 2.183e-22 4.844e-22 1.757e-21 0.0 -101.82 0.0
S262220 324.0846 104.8761 8.487e-18 8.301e-18 5.585e-18 0.0 -101.24 0.0
S262221 324.0989 104.8971 2.84e-23 7.743e-23 4.610999999999999e-22 0.0 -101.3 0.0
S262222 324.0757 104.9164 3.63e-21 7.234e-21 2.225e-20 0.0 -101.62 0.0
S262223 324.098 104.9118 2.591e-20 4.0140000000000004e-20 6.979e-20 0.0 -101.82 0.0
S262224 324.1875 104.8776 8.463e-22 1.88e-21 7.225e-21 0.0 -101.41 0.0
S262225 324.1058 104.9126 1.784e-23 5.095e-23 3.3279999999999995e-22 0.0 -101.6 0.0
S262226 324.096 104.9078 1.1669999999999998e-22 2.91e-22 1.388e-21 0.0 -101.25 0.0
S262227 324.0734 104.9331 5.511e-19 6.66e-19 6.949e-19 0.0 -101.78 0.0
S262228 324.0966 104.9329 3.671e-23 9.280999999999999e-23 4.473999999999999e-22 0.0 -101.82 0.0
S262229 324.0744 104.9507 1.004e-14 1.966e-14 5.831e-14 0.0 -101.84 0.0
S262230 324.0987 104.9233 4.254e-18 4.421e-18 3.316e-18 0.0 -101.77 0.0
S262231 324.0658 104.9179 2.713e-21 4.929e-21 1.23e-20 0.0 -101.7 0.0
S262232 324.0989 104.9137 9.179e-19 1.087e-18 1.105e-18 0.0 -101.79 0.0
S262233 324.0985 104.9406 1.862e-19 2.579e-19 3.664e-19 0.0 -101.85 0.0
S262234 324.0039 104.9287 6.709e-22 1.483e-21 5.456e-21 0.0 -101.65 0.0
S262235 324.1038 104.9269 1.1340000000000001e-21 8.607e-22 3.6629999999999996e-22 0.0 -101.77 0.0
S262236 324.0852 104.9282 3.137e-21 5.898e-21 1.5750000000000002e-20 0.0 -101.85 0.0
S262237 324.0971 104.9519 2.4580000000000002e-21 4.826e-21 1.439e-20 0.0 -101.89 0.0
S262238 324.1013 104.9075 5.048e-25 2.2089999999999998e-24 3.504e-23 0.0 -101.43 0.0
S262239 324.0784 104.7968 3.413e-21 6.712e-21 1.987e-20 0.0 -101.23 0.0
S262240 324.1251 104.8862 5.096e-22 1.198e-21 5.122e-21 0.0 -101.31 0.0
S262241 324.0961 104.9081 1.395e-18 1.639e-18 1.639e-18 0.0 -101.29 0.0
S262242 324.0925 104.915 1.7920000000000003e-20 2.821e-20 5.4020000000000003e-20 0.0 -101.68 0.0
S262243 324.1405 105.003 6.590000000000001e-20 9.29e-20 1.333e-19 0.0 -101.82 0.0
S262244 324.1044 104.8471 1.895e-23 4.9999999999999997e-23 2.785e-22 0.0 -101.22 0.0
S262245 324.12 104.905 5.071e-25 2.319e-24 4.1289999999999997e-23 0.0 -101.42 0.0
S262246 324.0955 104.9092 5.754999999999999e-22 1.272e-21 4.6420000000000004e-21 0.0 -101.81 0.0
S262247 324.199 104.9372 5.449e-21 8.857e-21 1.756e-20 0.001 -101.57 0.0
S262248 324.1061 104.9114 1.0360000000000001e-20 1.874e-20 4.63e-20 0.0 -101.54 0.0
S262249 324.17 104.8529 2.534e-21 5.588e-21 2.1090000000000003e-20 0.0 -101.33 0.0
S262250 324.0966 104.897 2.032e-17 2.008e-17 1.381e-17 0.0 -101.31 0.0
S262251 324.0976 104.9752 7.986e-19 9.587e-19 1.005e-18 0.0 -101.82 0.0
S262252 324.0823 104.9051 1.951e-19 2.685e-19 3.614e-19 0.0 -101.51 0.0
S262253 324.1078 104.8988 2.199e-21 4.497e-21 1.428e-20 0.0 -101.32 0.0
S262254 324.1461 104.8711 7.306e-19 8.364e-19 8.118e-19 0.0 -101.36 0.0
S262255 324.0953 104.9177 4.4209999999999996e-23 1.1569999999999999e-22 6.194999999999999e-22 0.0 -101.72 0.0
S262256 324.0574 104.9572 1.0309999999999999e-22 2.9289999999999996e-22 1.868e-21 0.0 -101.81 0.0
S262257 324.1398 104.9186 1.946e-21 1.384e-21 4.948e-22 0.0 -101.63 0.0
S262258 324.0896 104.9082 2.1259999999999998e-23 6.128e-23 4.0959999999999997e-22 0.0 -101.55 0.0
S262259 324.1304 104.8969 4.881e-19 5.953e-19 6.46e-19 0.0 -101.46 0.0
S262260 324.2309 104.9008 7.826e-18 7.604e-18 5.217e-18 0.0 -101.48 0.0
S262261 324.0604 104.9053 1.772e-21 3.526e-21 1.1020000000000001e-20 0.0 -101.46 0.0
S262262 324.1298 104.9126 1.137e-21 2.33e-21 7.367e-21 0.0 -101.53 0.0
S262263 324.0995 104.9341 9.853e-19 1.111e-18 1.01e-18 0.0 -101.83 0.0
S262264 324.0604 104.8987 2.59e-22 6.655999999999999e-22 3.498e-21 0.0 -101.51 0.0
S262265 324.1159 104.8885 3.773e-17 7.058e-17 1.891e-16 0.0 -101.29 0.0
S262266 324.1001 104.9404 9.367e-19 1.11e-18 1.11e-18 0.0 -101.79 0.0
S262267 324.0926 104.9105 4.118e-21 7.99e-21 2.2210000000000002e-20 0.0 -101.62 0.0
S262268 324.1285 104.8747 2.302e-21 1.576e-21 5.551e-22 0.0 -101.3 0.0
S262269 324.1 104.899 6.108e-23 1.496e-22 7.017999999999999e-22 0.0 -101.33 0.0
S262270 324.0795 104.9495 1.1329999999999999e-23 3.1539999999999997e-23 1.9499999999999998e-22 0.0 -101.82 1.0
S262271 324.0838 104.8811 2.049e-22 5.211e-22 2.562e-21 0.0 -101.24 0.0
S262272 324.1005 104.9138 5.763e-19 7.047e-19 7.698e-19 0.0 -101.7 0.0
S262273 324.0871 104.9119 9.900999999999998e-22 1.909e-21 5.555e-21 0.0 -101.58 0.0
S262274 324.118 104.9464 8.467e-25 3.556e-24 4.9149999999999996e-23 0.0 -101.78 0.0
S262275 324.0352 104.8607 8.248000000000001e-20 1.163e-19 1.708e-19 0.0 -101.36 0.0
S262276 324.0989 104.8682 2.365e-21 1.632e-21 5.642e-22 0.0 -101.2 0.0
S262277 324.0932 104.8937 1.199e-16 1.234e-16 9.338e-17 0.0 -101.33 0.0
S262278 324.1171 104.8826 4.487e-21 8.798e-21 2.5090000000000004e-20 0.0 -101.28 0.0
S262279 324.0986 104.9095 1.2850000000000001e-20 2.1850000000000003e-20 4.8250000000000007e-20 0.0 -101.58 1.0
S262280 324.0502 104.8823 3.0540000000000004e-20 4.6060000000000005e-20 7.739000000000001e-20 0.0 -101.43 0.0
S262281 324.1383 104.9116 3.735e-19 4.857e-19 5.866e-19 0.0 -101.56 0.0
S262282 324.0842 104.9231 4.9230000000000006e-20 7.832000000000001e-20 1.489e-19 0.0 -101.76 0.0
S262283 324.0168 104.9383 1.992e-21 3.529e-21 8.208e-21 0.0 -101.69 0.0
S262284 324.1433 104.8789 8.309000000000001e-20 1.118e-19 1.541e-19 0.0 -101.32 0.0
S262285 324.0436 104.9801 1.201e-18 1.341e-18 1.223e-18 0.0 -101.85 0.0
S262286 324.1031 104.921 1.858e-17 1.622e-17 8.724e-18 0.0 -101.73 0.0
S262287 324.1115 104.9423 1.874e-18 1.961e-18 1.527e-18 0.0 -101.87 0.0
S262288 324.1156 104.8953 4.872e-21 8.683e-21 2.1030000000000002e-20 0.0 -101.37 0.0
S262289 324.1452 104.9021 1.261e-21 2.8740000000000002e-21 1.1480000000000001e-20 0.0 -101.48 0.0
S262290 324.1316 104.8735 2.15e-17 2.772e-17 3.448e-17 0.0 -101.31 0.0
S262291 324.0612 104.8806 2.129e-22 5.010999999999999e-22 2.213e-21 0.0 -101.35 0.0
S262292 324.0574 104.8865 6.834e-24 2.0089999999999998e-23 1.3559999999999998e-22 0.0 -101.49 0.0
S262293 324.0426 104.9706 3.215e-22 7.491999999999999e-22 3.156e-21 0.0 -101.72 0.0
S262294 324.0941 104.911 1.2840000000000002e-20 2.3090000000000003e-20 5.465000000000001e-20 0.0 -101.72 0.0
S262295 324.1024 104.9573 1.546e-20 2.6300000000000003e-20 5.598000000000001e-20 0.0 -101.88 0.0
S262296 324.1024 104.9091 1.008e-21 2.245e-21 8.313e-21 0.0 -101.49 0.0
S262297 324.1306 104.8969 1.044e-18 1.155e-18 1.06e-18 0.0 -101.44 0.0
S262298 324.0975 104.8739 1.2889999999999999e-23 4.214e-23 3.6869999999999997e-22 0.0 -101.24 0.0
S262299 324.083 104.8986 2.151e-22 5.198e-22 2.415e-21 0.0 -101.42 0.0
S262300 324.1225 104.9028 2.576e-21 5.133e-21 1.5270000000000002e-20 0.0 -101.44 0.0
S262301 324.1277 104.8959 1.067e-21 1.992e-21 5.088e-21 0.0 -101.38 0.0
S262302 324.0788 104.9191 1.574e-23 4.9249999999999996e-23 3.802e-22 0.0 -101.7 0.0
S262303 324.0479 104.8095 2.5410000000000003e-20 3.905e-20 7.001e-20 0.0 -101.34 0.0
S262304 324.0957 104.9089 9.995999999999999e-22 2.14e-21 7.28e-21 0.0 -101.54 0.0
S262305 324.1024 104.923 1.542e-21 1.105e-21 4.1979999999999996e-22 0.0 -101.79 0.0
S262306 324.0661 104.9268 9.884e-20 1.316e-19 1.778e-19 0.0 -101.72 0.0
S262307 324.0999 104.8986 1.365e-16 1.331e-16 8.952e-17 0.0 -101.33 0.0
S262308 324.1438 104.9925 3.548e-20 5.482e-20 9.701000000000001e-20 0.0 -101.86 0.0
S262309 324.0976 105.0153 1.773e-19 2.393e-19 3.138e-19 0.0 -101.89 0.0
S262310 324.0835 104.9603 1.972e-21 1.405e-21 5.097999999999999e-22 0.0 -101.9 0.0
S262311 324.0976 104.9094 8.527000000000001e-20 1.234e-19 1.853e-19 0.0 -101.66 0.0
S262312 324.0596 104.966 3.63e-23 9.973e-23 6.061e-22 0.0 -101.81 0.0
S262313 324.1333 104.9781 5.304e-21 9.545e-21 2.277e-20 0.0 -101.84 0.0
S262314 324.043 104.8568 3.543e-17 3.222e-17 1.993e-17 0.0 -101.35 0.0
S262315 324.1595 104.9691 2.4729999999999998e-24 8.135e-24 7.122999999999999e-23 0.0 -101.74 0.0
S262316 324.0965 104.9087 1.4499999999999998e-22 4.1559999999999997e-22 2.6660000000000002e-21 0.0 -101.4 0.0
S262317 324.0959 104.8974 6.405000000000001e-20 9.281e-20 1.457e-19 0.0 -101.35 0.0
S262318 324.0893 104.8789 7.304e-18 6.826e-18 4.336e-18 0.0 -101.3 0.0
S262319 324.1072 104.904 7.133e-18 6.922e-18 4.776e-18 0.0 -101.42 0.0
S262320 324.1405 104.946 1.3420000000000001e-21 2.792e-21 8.867e-21 0.0 -101.69 0.0
S262321 324.1194 104.9012 3.376e-21 6.142e-21 1.5160000000000003e-20 0.0 -101.45 0.0
S262322 324.0837 104.9305 1.211e-20 2.2090000000000003e-20 5.436e-20 0.0 -101.82 0.0
S262323 324.1535 104.8747 3.899e-23 1.1829999999999999e-22 8.748999999999999e-22 0.0 -101.34 0.0
S262324 324.131 104.8999 2.2889999999999996e-22 5.728e-22 2.715e-21 0.0 -101.43 0.0
S262325 324.0972 104.9116 5.3580000000000006e-20 8.396000000000001e-20 1.562e-19 0.0 -101.79 0.0
S262326 324.1176 104.8845 6.325e-22 1.387e-21 5.108e-21 0.0 -101.29 0.0
S262327 324.0899 104.8984 4.732e-19 5.658e-19 5.951e-19 0.0 -101.31 0.0
S262328 324.1513 104.9186 3.472e-21 2.318e-21 7.351e-22 0.0 -101.54 0.0
S262329 324.1351 104.9835 6.106000000000001e-20 8.876e-20 1.403e-19 0.0 -101.78 0.0
S262330 324.0213 104.8918 1.522e-19 2.082e-19 2.899e-19 0.0 -101.5 0.0
S262331 324.0703 104.9158 2.4820000000000002e-21 4.756e-21 1.3520000000000001e-20 0.0 -101.68 0.0
S262332 324.1387 104.8622 5.660999999999999e-23 1.593e-22 9.843999999999999e-22 0.0 -101.28 0.0
S262333 324.1053 104.9336 2.1099999999999998e-23 5.747e-23 3.34e-22 0.0 -101.81 0.0
S262334 324.1534 104.8864 2.809e-17 2.899e-17 2.205e-17 0.0 -101.37 0.0
S262335 324.1252 104.893 5.0150000000000005e-25 2.113e-24 3.062e-23 0.0 -101.38 0.0
S262336 324.0863 104.8972 2.509e-22 6.654999999999999e-22 3.714e-21 0.0 -101.38 0.0
S262337 324.1118 104.9051 9.23e-23 2.2449999999999996e-22 1.016e-21 0.0 -101.4 0.0
S262338 324.1128 104.8156 6.172e-20 8.716000000000001e-20 1.281e-19 0.0 -101.23 0.0
S262339 324.0925 104.8143 1.1100000000000001e-20 1.977e-20 4.486e-20 0.0 -101.16 0.0
S262340 324.1006 104.9096 2.118e-19 2.786e-19 3.622e-19 0.0 -101.59 0.0
S262341 323.9116 105.0026 2.229e-20 3.518e-20 6.624e-20 0.0 -101.72 0.0
S262342 324.1512 104.801 6.28e-17 5.111e-17 2.519e-17 0.0 -101.14 0.0
S262343 324.1056 104.9006 1.121e-22 2.911e-22 1.503e-21 0.0 -101.36 0.0
S262344 324.005 104.9464 3.738e-21 6.85e-21 1.8060000000000003e-20 0.0 -101.66 0.0
S262345 324.2009 104.9207 1.0069999999999999e-23 2.852e-23 1.8359999999999998e-22 0.0 -101.52 0.0
S262346 324.1099 104.853 6.919000000000001e-21 1.2140000000000001e-20 2.835e-20 0.0 -101.23 0.0
S262347 324.1316 104.8008 5.964e-20 9.233000000000001e-20 1.584e-19 0.0 -101.17 0.0
S262348 324.0902 104.8973 3.5710000000000005e-20 5.662e-20 1.074e-19 0.0 -101.38 0.0
S262349 324.0877 104.8871 5.925e-22 1.289e-21 4.499e-21 0.0 -101.28 0.0
S262350 324.1053 104.9017 6.297e-21 1.137e-20 2.7370000000000003e-20 0.0 -101.34 0.0
S262351 324.0954 104.9175 2.535e-25 1.134e-24 1.848e-23 0.0 -101.75 0.0
S262352 324.1013 104.9132 3.045e-18 3.174e-18 2.449e-18 0.0 -101.72 0.0
S262353 324.0849 104.9512 2.8809999999999997e-23 8.324e-23 5.443999999999999e-22 0.0 -101.85 0.0
S262354 324.0664 104.8133 1.377e-21 2.456e-21 5.702e-21 0.0 -101.23 0.0
S262355 324.0978 104.9454 2.527e-18 2.519e-18 1.876e-18 0.0 -101.84 0.0
S262356 324.1934 104.9311 1.856e-21 3.491e-21 9.506e-21 0.0 -101.59 0.0
S262357 324.0829 104.9483 8.069e-21 1.4440000000000002e-20 3.3350000000000006e-20 0.0 -101.88 0.0
S262358 324.0977 104.8839 2.5800000000000002e-20 4.0810000000000005e-20 7.426e-20 0.0 -101.29 0.0
S262359 324.1 104.9237 5.114e-17 6.225e-17 6.815e-17 0.0 -101.81 0.0
S262360 324.1259 104.9001 1.407e-17 1.276e-17 7.595e-18 0.0 -101.41 0.0
S262361 324.0848 104.932 2.486e-21 4.78e-21 1.359e-20 0.0 -101.78 0.0
S262362 324.08 104.899 2.307e-21 1.596e-21 5.636999999999999e-22 0.0 -101.33 0.0
S262363 324.0715 104.8994 3.988e-19 4.924e-19 5.582e-19 0.0 -101.47 0.0
S262364 324.1018 104.9146 3.22e-17 2.794e-17 1.567e-17 0.0 -101.65 0.0
S262365 324.0984 104.9249 1.197e-19 1.726e-19 2.655e-19 0.0 -101.71 0.0
S262366 324.1097 104.9032 3.393e-13 2.348e-13 8.339e-14 0.001 -101.36 0.0
S262367 324.1367 104.9019 2.888e-19 3.742e-19 4.666e-19 0.0 -101.42 0.0
S262368 324.0966 104.899 2.429e-18 2.498e-18 1.898e-18 0.0 -101.36 0.0
S262369 324.1244 104.9211 2.788e-21 5.151e-21 1.3410000000000002e-20 0.001 -101.68 0.0
S262370 324.0773 104.9022 1.495e-21 3.2660000000000002e-21 1.1860000000000001e-20 0.0 -101.48 0.0
S262371 324.0782 104.899 5.379e-13 5.803e-13 4.828e-13 0.0 -101.4 1.0
S262372 324.0763 104.9011 1.01e-15 7.598e-16 2.981e-16 0.0 -101.46 0.0
S262373 324.0795 104.9071 2.221e-13 1.831e-13 8.803e-14 0.0 -101.53 0.0
S262374 324.1119 104.9112 6.625e-19 7.855e-19 7.976e-19 0.0 -101.53 0.0
S262375 324.089 104.9478 2.456e-17 2.143e-17 1.19e-17 0.0 -101.89 0.0
S262376 324.0939 104.9397 1.01e-18 1.156e-18 1.151e-18 0.0 -101.81 0.0
S262377 324.1002 104.8881 9.844999999999999e-22 2.167e-21 7.999e-21 0.0 -101.25 1.0
S262378 324.1031 104.8996 2.24e-22 5.478e-22 2.574e-21 0.0 -101.3 0.0
S262379 324.0985 104.8854 1.348e-24 4.883e-24 5.2529999999999996e-23 0.0 -101.26 0.0
S262380 324.0891 104.9385 3.089e-22 6.636e-22 2.2620000000000002e-21 0.0 -101.84 0.0
S262381 324.0978 104.9023 1.094e-17 1.036e-17 6.584e-18 0.0 -101.32 0.0
S262382 324.0917 104.9166 2.831e-16 2.222e-16 1.013e-16 0.0 -101.69 1.0
S262383 324.1167 104.891 8.22e-19 9.67e-19 9.758e-19 0.0 -101.27 0.0
S262384 324.1026 104.9041 2.005e-16 1.801e-16 1.069e-16 0.0 -101.42 0.0
S262385 324.088 104.8866 2.4560000000000002e-20 4.0120000000000005e-20 7.81e-20 0.0 -101.34 0.0
S262386 324.0923 104.886 1.214e-12 9.358e-13 3.993e-13 0.0 -101.24 1.0
S262387 324.1064 104.9014 1.902e-17 1.58e-17 8.219e-18 0.0 -101.36 0.0
S262388 324.104 104.9202 5.609e-18 5.587e-18 3.992e-18 0.0 -101.66 0.0
S262389 324.1027 104.9426 6.6400000000000005e-21 1.1450000000000001e-20 2.457e-20 0.0 -101.82 0.0
S262390 324.0867 104.9263 9.527e-21 1.6710000000000003e-20 3.706e-20 0.0 -101.78 0.0
S262391 324.0652 104.898 1.8e-17 1.559e-17 8.649e-18 0.0 -101.41 0.0
S262392 324.0898 104.8914 5.869999999999999e-22 1.255e-21 4.555e-21 0.0 -101.19 0.0
S262393 324.1114 104.9199 2.188e-17 1.958e-17 1.108e-17 0.0 -101.67 0.0
S262394 324.0711 104.9059 2.371e-17 2.056e-17 1.153e-17 0.0 -101.56 0.0
S262395 324.0973 104.9024 4.12e-17 3.579e-17 1.935e-17 0.0 -101.34 0.0
S262396 324.1113 104.8815 4.052e-13 2.772e-13 9.724e-14 0.0 -101.31 0.0
S262397 324.0815 104.887 2.265e-21 1.57e-21 5.448e-22 0.0 -101.22 0.0
S262398 324.0942 104.924 4.8130000000000005e-20 7.314e-20 1.255e-19 0.0 -101.82 0.0
S262399 324.1027 104.9173 9.168e-18 8.756e-18 5.711e-18 0.0 -101.68 0.0
S262400 324.1082 104.9254 5.642e-22 4.668999999999999e-22 2.37e-22 0.0 -101.69 0.0
S262401 324.0562 104.9334 6.162e-22 1.365e-21 5.292e-21 0.0 -101.73 0.0
S262402 324.0922 104.9221 9.946e-18 1.241e-17 1.46e-17 0.0 -101.78 0.0
S262403 324.0796 104.9208 3.326e-17 3.179e-17 2.112e-17 0.0 -101.65 0.0
S262404 324.1011 104.9089 1.158e-19 1.599e-19 2.248e-19 0.0 -101.5 0.0
S262405 324.0916 104.9054 2.028e-19 2.595e-19 3.162e-19 0.0 -101.43 0.0
S262406 324.0515 104.9261 1.167e-18 1.229e-18 9.758e-19 0.0 -101.69 0.0
S262407 324.1305 104.9108 6.856e-17 5.784e-17 2.947e-17 0.0 -101.46 0.0
S262408 324.1105 104.8847 2.258e-16 1.847e-16 8.928e-17 0.0 -101.28 0.0
S262409 324.0661 104.8865 5.552e-20 8.455e-20 1.457e-19 0.0 -101.43 0.0
S262410 324.1225 104.8868 9.692e-17 1.147e-16 1.186e-16 0.0 -101.34 0.0
S262411 324.0801 104.9276 4.009e-17 3.502e-17 1.927e-17 0.0 -101.79 0.0
S262412 324.1043 104.8999 4.859e-19 6.489e-19 8.301e-19 0.0 -101.37 0.0
S262413 324.0871 104.8886 1.982e-18 2.153e-18 1.868e-18 0.0 -101.26 0.0
S262414 324.1292 104.8797 7.129e-20 1.035e-19 1.599e-19 0.0 -101.3 0.0
S262415 324.1003 104.9042 6.606e-26 3.381e-25 7.596e-24 0.0 -101.38 0.0
S262416 324.0838 104.9194 1.93e-18 2.055e-18 1.692e-18 0.0 -101.85 0.0
S262417 324.063 104.9434 2.348e-23 7.038999999999999e-23 5.232999999999999e-22 0.0 -101.8 0.0
S262418 324.0814 104.8807 5.578e-18 5.43e-18 3.764e-18 0.0 -101.31 0.0
S262419 324.0928 104.9025 2.205e-16 1.944e-16 1.049e-16 0.0 -101.27 0.0
S262420 324.1134 104.9183 4.0260000000000005e-20 6.061000000000001e-20 9.796000000000001e-20 0.0 -101.7 0.0
S262421 324.0875 104.8869 4.955e-20 7.481000000000001e-20 1.309e-19 0.0 -101.27 0.0
S262422 324.1119 104.9011 7.787000000000001e-20 1.08e-19 1.476e-19 0.0 -101.42 0.0
S262423 324.0816 104.8807 6.337e-17 9.065e-17 1.331e-16 0.0 -101.26 0.0
S262424 324.0935 104.8756 1.07e-21 2.223e-21 7.231e-21 0.0 -101.23 0.0
S262425 324.137 104.9224 1.384e-21 2.895e-21 9.701000000000001e-21 0.0 -101.62 0.0
S262426 324.1065 104.9048 2.521e-21 4.9630000000000004e-21 1.46e-20 0.0 -101.46 0.0
S262427 324.1028 104.8744 8.433e-24 2.761e-23 2.3349999999999997e-22 0.0 -101.29 0.0
S262428 324.0969 104.9128 1.683e-18 1.826e-18 1.543e-18 0.0 -101.81 0.0
S262429 324.0916 104.902 4.7850000000000006e-20 7.238000000000001e-20 1.25e-19 0.0 -101.28 0.0
S262430 324.0923 104.9162 6.122e-23 1.6569999999999998e-22 9.434999999999999e-22 0.0 -101.74 0.0
S262431 324.0956 104.9026 8.253e-19 9.212e-19 8.353e-19 0.0 -101.4 0.0
S262432 324.0817 104.905 2.4750000000000003e-20 3.8760000000000004e-20 6.960000000000001e-20 0.0 -101.51 0.0
S262433 324.0769 104.9142 8.765e-21 1.508e-20 3.245e-20 0.0 -101.61 0.0
S262434 324.0996 104.9204 1.903e-21 1.3240000000000001e-21 4.796e-22 0.0 -101.74 0.0
S262435 324.1184 104.9255 5.631e-18 5.402e-18 3.622e-18 0.0 -101.76 0.0
S262436 324.0947 104.9117 1.5530000000000001e-21 3.303e-21 1.1400000000000001e-20 0.0 -101.6 0.0
S262437 324.0797 104.9186 1.435e-17 1.933e-17 2.694e-17 0.0 -101.82 0.0
S262438 324.0977 104.8924 2.265e-21 1.598e-21 5.558999999999999e-22 0.0 -101.27 0.0
S262439 324.0876 104.9028 2.429e-16 2.263e-16 1.447e-16 0.0 -101.35 0.0
S262440 324.1054 104.9251 1.197e-18 1.332e-18 1.174e-18 0.0 -101.78 0.0
S262441 324.1009 104.8799 1.298e-16 1.04e-16 4.928e-17 0.0 -101.25 0.0
S262442 324.1112 104.948 3.239e-21 6.113e-21 1.6100000000000002e-20 0.0 -101.76 0.0
S262443 324.0758 104.8988 2.106e-21 1.485e-21 5.382999999999999e-22 0.0 -101.45 0.0
S262444 324.1019 104.8852 6.363000000000001e-26 3.3160000000000003e-25 7.798e-24 0.0 -101.24 0.0
S262445 324.0967 104.9008 6.582999999999999e-22 1.144e-21 2.676e-21 0.0 -101.29 0.0
S262446 324.0794 104.9398 2.668e-23 6.989999999999999e-23 3.7399999999999997e-22 0.0 -101.81 0.0
S262447 324.1181 104.9424 2.175e-16 2.277e-16 1.839e-16 0.0 -101.84 0.0
S262448 324.1162 104.8887 2.803e-16 2.582e-16 1.619e-16 0.0 -101.26 0.0
S262449 324.0877 104.8941 1.919e-19 2.632e-19 3.638e-19 0.0 -101.35 0.0
S262450 324.0994 104.9163 5.917e-21 1.0480000000000001e-20 2.495e-20 0.0 -101.71 0.0
S262451 324.1035 104.9067 7.804e-23 2.0109999999999999e-22 1.02e-21 0.0 -101.39 0.0
S262452 324.0727 104.9287 9.136e-20 1.275e-19 1.856e-19 0.0 -101.75 0.0
S262453 324.112 104.9339 1.468e-21 3.0050000000000002e-21 9.621e-21 0.0 -101.76 0.0
S262454 324.121 104.9026 3.999e-13 4.515e-13 4.114e-13 0.0 -101.41 0.0
S262455 324.1231 104.9022 2.162e-21 1.513e-21 5.393999999999999e-22 0.0 -101.41 0.0
S262456 324.0996 104.8789 8.139e-17 9.891e-17 1.022e-16 0.0 -101.26 0.0
S262457 324.0991 104.907 8.1489999999999995e-22 1.823e-21 7.1e-21 0.0 -101.45 0.0
S262458 324.0769 104.9038 5.797e-18 5.517e-18 3.61e-18 0.0 -101.48 0.0
S262459 324.1237 104.9217 7.879e-17 6.666e-17 3.507e-17 0.0 -101.57 0.0
S262460 324.1175 104.9257 7.365e-18 7.208e-18 5.027e-18 0.0 -101.62 0.0
S262461 324.1054 104.8863 5.703e-24 1.9879999999999998e-23 1.9289999999999998e-22 0.0 -101.3 0.0
S262462 324.0912 104.9119 1.055e-18 1.14e-18 9.932e-19 0.0 -101.6 0.0
S262463 324.0712 104.9363 3.5e-21 6.365e-21 1.595e-20 0.0 -101.91 0.0
S262464 324.0698 104.9215 3.215e-19 4.094e-19 5.036e-19 0.0 -101.73 0.0
S262465 324.1011 104.9271 8.167e-22 1.848e-21 7.517e-21 0.0 -101.8 0.0
S262466 324.0873 104.9476 8.326e-13 5.73e-13 1.97e-13 0.0 -101.83 0.0
S262467 324.1225 104.879 4.659e-16 3.686e-16 1.724e-16 0.0 -101.26 0.0
S262468 324.1132 104.9151 1.091e-22 2.532e-22 1.072e-21 0.0 -101.58 0.0
S262469 324.0623 104.9195 1.997e-17 1.834e-17 1.076e-17 0.0 -101.64 0.0
S262470 324.1066 104.9116 2.687e-18 2.796e-18 2.192e-18 0.0 -101.53 0.0
S262471 324.1078 104.9124 3.269e-17 3.052e-17 1.932e-17 0.0 -101.57 0.0
S262472 324.0986 104.9243 3.439e-21 7.064e-21 2.2400000000000003e-20 0.0 -101.71 0.0
S262473 324.0913 104.8852 5.928e-19 7.152e-19 7.342e-19 0.0 -101.23 0.0
S262474 324.0825 104.8954 2.511e-21 4.425e-21 1.042e-20 0.0 -101.28 0.0
S262475 324.0978 104.9226 2.2470000000000003e-20 3.6460000000000005e-20 6.808000000000001e-20 0.0 -101.79 0.0
S262476 324.0869 104.9232 1.249e-21 2.513e-21 7.587e-21 0.0 -101.74 0.0
S262477 324.1479 104.8937 8.146999999999999e-22 1.684e-21 5.303e-21 0.0 -101.42 0.0
S262478 324.1075 104.9181 5.504e-18 5.468e-18 3.865e-18 0.001 -101.86 0.0
S262479 324.0786 104.9291 1.5939999999999998e-22 4.48e-22 2.6960000000000002e-21 0.0 -101.75 0.0
S262480 324.0963 104.8814 1.001e-23 3.137e-23 2.458e-22 0.0 -101.25 0.0
S262481 324.0981 104.9361 4.846999999999999e-22 1.18e-21 5.437e-21 0.0 -101.86 0.0
S262482 324.138 104.9119 2.63e-17 2.321e-17 1.288e-17 0.0 -101.53 0.0
S262483 324.1226 104.8875 2.8459999999999996e-22 6.064999999999999e-22 2.035e-21 0.0 -101.21 0.0
S262484 324.0637 104.8896 1.43e-16 1.119e-16 4.976e-17 0.0 -101.38 1.0
S262485 324.0901 104.9132 4.224e-16 3.262e-16 1.438e-16 0.0 -101.7 1.0
S262486 324.0974 104.894 9.930999999999998e-22 2.038e-21 6.5320000000000004e-21 0.0 -101.36 0.0
S262487 324.1198 104.9041 8.465999999999999e-23 2.1579999999999998e-22 1.087e-21 0.0 -101.46 0.0
S262488 324.1188 104.8909 2.086e-18 2.301e-18 1.985e-18 0.0 -101.35 0.0
S262489 324.1199 104.9084 2.163e-21 1.548e-21 5.559999999999999e-22 0.0 -101.49 0.0
S262490 324.1135 104.92 2.883e-17 4.244e-17 6.676e-17 0.0 -101.7 0.0
S262491 324.1176 104.9082 8.487e-19 9.869e-19 9.611e-19 0.0 -101.47 0.0
S262492 324.0656 104.9362 1.361e-19 1.802e-19 2.355e-19 0.0 -101.83 0.0
S262493 324.0854 104.9126 8.661e-18 8.797e-18 6.716e-18 0.0 -101.6 0.0
S262494 324.1134 104.9398 1.23e-17 1.161e-17 7.709e-18 0.0 -101.74 0.0
S262495 324.0952 104.913 6.534e-19 7.608e-19 7.598e-19 0.001 -101.65 0.0
S262496 324.1009 104.9103 2.278e-21 1.616e-21 5.694999999999999e-22 0.0 -101.58 0.0
S262497 324.1046 104.8805 2.287e-17 1.964e-17 9.965e-18 0.0 -101.25 0.0
S262498 324.0994 104.8968 3.947e-19 4.836e-19 5.513e-19 0.0 -101.33 0.0
S262499 324.1065 104.8986 6.115e-19 7.586e-19 8.383e-19 0.0 -101.34 0.0
S262500 324.1279 104.9164 4.396e-23 1.236e-22 7.693e-22 0.0 -101.61 0.0
S262501 324.0694 104.9182 6.700000000000001e-20 9.587e-20 1.495e-19 0.0 -101.84 0.0
S262502 324.0869 104.9064 9.554e-22 1.85e-21 5.29e-21 0.0 -101.47 0.0
S262503 324.1124 104.9007 4.095e-24 1.317e-23 1.066e-22 0.0 -101.35 0.0
S262504 324.1214 104.9315 5.161e-18 5.032e-18 3.455e-18 0.0 -101.73 0.0
S262505 324.108 104.8877 5.202e-17 4.36e-17 2.244e-17 0.0 -101.24 0.0
S262506 324.0901 104.9211 6.209e-13 4.225e-13 1.41e-13 0.0 -101.71 0.0
S262507 324.0415 104.9086 2.543e-16 1.936e-16 8.258e-17 0.0 -101.55 1.0
S262508 324.0725 104.9274 1.504e-19 2.186e-19 3.459e-19 0.0 -101.77 0.0
S262509 324.0646 104.8937 5.985e-19 7.351e-19 8.324e-19 0.0 -101.45 0.0
S262510 324.0909 104.8824 3.0099999999999996e-22 6.209999999999999e-22 2.011e-21 0.0 -101.22 0.0
S262511 324.0649 104.9073 4.307e-18 4.408e-18 3.172e-18 0.0 -101.58 0.0
S262512 324.1173 104.9229 2.438e-18 2.69e-18 2.343e-18 0.0 -101.8 0.0
S262513 324.0895 104.9261 1.67e-17 1.485e-17 8.784e-18 0.0 -101.79 0.0
S262514 324.1241 104.9185 2.9490000000000005e-20 4.6270000000000005e-20 8.525e-20 0.0 -101.66 0.0
S262515 324.0879 104.893 1.709e-18 2e-18 1.933e-18 0.0 -101.23 0.0
S262516 324.0721 104.9355 6.077e-20 8.938000000000001e-20 1.385e-19 0.0 -101.78 0.0
S262517 324.0817 104.8974 1.397e-17 1.32e-17 8.604e-18 0.0 -101.38 0.0
S262518 324.1183 104.8761 4.564e-17 3.797e-17 1.919e-17 0.0 -101.25 0.0
S262519 324.1005 104.907 5.13e-19 6.152e-19 6.35e-19 0.0 -101.31 0.0
S262520 324.0953 104.8939 2.783e-21 5.4740000000000004e-21 1.5620000000000002e-20 0.0 -101.29 0.0
S262521 324.1033 104.9252 2.6540000000000004e-20 4.0880000000000005e-20 7.224000000000001e-20 0.0 -101.75 0.0
S262522 324.0918 104.8991 1.645e-18 1.82e-18 1.623e-18 0.0 -101.35 0.0
S262523 324.0855 104.8829 5.809e-24 1.8109999999999998e-23 1.3599999999999998e-22 0.0 -101.24 0.0
S262524 324.0752 104.8822 2.759e-21 5.015e-21 1.2710000000000001e-20 0.0 -101.45 0.0
S262525 324.094 104.854 2.658e-24 1.0849999999999999e-23 1.422e-22 0.0 -101.22 0.0
S262526 324.1201 104.8962 5.787e-18 5.692e-18 4.135e-18 0.0 -101.29 0.0
S262527 324.0871 104.9332 1.582e-23 4.4239999999999995e-23 2.7349999999999996e-22 0.0 -101.81 0.0
S262528 324.0815 104.9136 3.343e-21 5.685e-21 1.251e-20 0.0 -101.59 0.0
S262529 324.075 104.9182 4.251e-18 4.397e-18 3.313e-18 0.0 -101.66 0.0
S262530 324.103 104.9134 1.0439999999999999e-22 2.3409999999999996e-22 8.977999999999998e-22 0.0 -101.7 0.0
S262531 324.0949 104.9138 2.711e-16 2.041e-16 8.15e-17 0.001 -101.7 0.0
S262532 324.0831 104.9016 8.3e-18 8.274e-18 5.666e-18 0.0 -101.46 0.0
S262533 324.0943 104.897 6.874e-17 5.864e-17 3.115e-17 0.0 -101.32 0.0
S262534 324.0908 104.9192 1.764e-18 1.867e-18 1.466e-18 0.0 -101.73 0.0
S262535 324.1014 104.908 1.4790000000000002e-20 2.684e-20 6.423e-20 0.0 -101.54 0.0
S262536 324.1092 104.9074 4.78e-22 9.955e-22 3.281e-21 0.0 -101.27 0.0
S262537 324.1107 104.9272 1.383e-24 5.273e-24 6.286e-23 0.0 -101.69 0.0
S262538 324.11 104.9006 7.734e-18 7.619e-18 5.276e-18 0.0 -101.26 0.0
S262539 324.0891 104.917 3.374e-18 3.368e-18 2.483e-18 0.0 -101.82 0.0
S262540 324.0916 104.9359 2.275e-17 1.986e-17 1.068e-17 0.0 -101.85 0.0
S262541 324.0978 104.9083 4.047e-17 3.893e-17 2.571e-17 0.0 -101.51 0.0
S262542 324.0826 104.9064 9.473999999999999e-23 2.2909999999999997e-22 1.0000000000000001e-21 0.0 -101.53 0.0
S262543 324.1348 104.9069 3.346e-18 3.424e-18 2.561e-18 0.0 -101.49 0.0
S262544 324.11 104.9078 1.196e-17 1.197e-17 8.453e-18 0.0 -101.49 0.0
S262545 324.1088 104.9139 1.255e-16 1.183e-16 7.739e-17 0.0 -101.63 0.0
S262546 324.1352 104.9056 1.954e-21 3.857e-21 1.0840000000000001e-20 0.0 -101.47 0.0
S262547 324.0961 104.8944 4.347e-13 4.205e-13 2.827e-13 0.001 -101.27 1.0
S262548 324.0966 104.8981 1.624e-17 1.67e-17 1.276e-17 0.0 -101.34 0.0
S262549 324.0927 104.9025 2.7639999999999996e-22 7.042999999999999e-22 3.518e-21 0.0 -101.42 0.0
S262550 324.0884 104.9036 3.133e-23 8.468999999999999e-23 4.783e-22 0.0 -101.46 0.0
S262551 324.0679 104.8944 2.123e-17 1.98e-17 1.234e-17 0.0 -101.4 0.0
S262552 324.0831 104.9322 8.816e-18 8.502e-18 5.474e-18 0.0 -101.83 0.0
S262553 324.1071 104.898 3.418e-17 2.967e-17 1.692e-17 0.0 -101.43 0.0
S262554 324.0669 104.9361 9.502000000000001e-20 1.389e-19 2.169e-19 0.0 -101.75 0.0
S262555 324.0814 104.9049 4.793e-17 4.054e-17 2.136e-17 0.0 -101.48 0.0
S262556 324.1076 104.9119 9.115e-24 2.81e-23 2.168e-22 0.0 -101.56 0.0
S262557 324.1111 104.9296 1.295e-17 9.646e-18 4.041e-18 0.0 -101.82 0.0
S262558 324.0941 104.9288 7.157e-22 1.617e-21 6.324e-21 0.0 -101.85 0.0
S262559 324.0935 104.9255 7.976e-18 7.66e-18 5.2e-18 0.0 -101.78 0.0
S262560 324.096 104.9379 4e-19 5.016e-19 5.605e-19 0.0 -101.84 0.0
S262561 324.1205 104.8998 1.784e-21 3.667e-21 1.1620000000000001e-20 0.0 -101.37 0.0
S262562 324.0796 104.9104 3.803e-23 9.848e-23 5.324999999999999e-22 0.0 -101.65 0.0
S262563 324.0867 104.9021 5.75e-19 6.816e-19 7.091e-19 0.0 -101.33 0.0
S262564 324.0917 104.9439 1.107e-19 1.436e-19 1.764e-19 0.0 -101.85 0.0
S262565 324.1171 104.9046 1.353e-16 1.082e-16 5.023e-17 0.0 -101.4 0.0
S262566 324.1187 104.9165 9.085e-24 2.776e-23 2.045e-22 0.0 -101.6 0.0
S262567 324.1074 104.9269 1.1220000000000001e-21 2.496e-21 9.107000000000001e-21 0.0 -101.77 0.0
S262568 324.0694 104.9108 7.713e-21 1.425e-20 3.567e-20 0.0 -101.63 0.0
S262569 324.1187 104.9358 2.417e-18 2.592e-18 2.074e-18 0.0 -101.75 0.0
S262570 324.1386 104.9216 1.856e-17 1.7e-17 1.023e-17 0.0 -101.56 0.0
S262571 324.0703 104.9059 4.826e-17 5.643e-17 5.489e-17 0.0 -101.56 0.0
S262572 324.0826 104.899 6.602e-17 5.141e-17 2.347e-17 0.0 -101.43 0.0
S262573 324.1036 104.9198 7.836000000000001e-20 1.11e-19 1.626e-19 0.0 -101.76 0.0
S262574 324.1175 104.9221 3.11e-16 2.606e-16 1.282e-16 0.0 -101.67 0.0
S262575 324.075 104.9048 1.043e-19 1.384e-19 1.846e-19 0.0 -101.56 0.0
S262576 324.1233 104.9145 4.978e-18 4.782e-18 3.269e-18 0.0 -101.53 0.0
S262577 324.1225 104.9069 3.967e-20 6.233e-20 1.121e-19 0.0 -101.43 0.0
S262578 324.1214 104.9039 6.129e-13 4.255e-13 1.519e-13 0.0 -101.41 0.0
S262579 324.0699 104.901 2.017e-16 2.107e-16 1.743e-16 0.0 -101.46 0.0
S262580 324.0697 104.914 4.730999999999999e-22 1.1130000000000001e-21 4.7970000000000004e-21 0.0 -101.62 0.0
S262581 324.1292 104.9152 2.49e-21 1.745e-21 5.941e-22 0.0 -101.55 0.0
S262582 324.0719 104.9039 1.321e-23 4.023e-23 2.924e-22 0.0 -101.56 0.0
S262583 324.1239 104.9113 2.8960000000000003e-20 4.664e-20 9.143e-20 0.0 -101.51 0.0
S262584 324.0617 104.9054 2.703e-17 2.372e-17 1.295e-17 0.0 -101.52 0.0
S262585 324.0805 104.9062 1.635e-21 1.185e-21 4.432999999999999e-22 0.0 -101.5 0.0
S262586 324.1226 104.9166 2.117e-21 1.487e-21 5.2369999999999995e-22 0.0 -101.59 0.0
S262587 324.0721 104.9003 5.671e-22 1.421e-21 6.6630000000000004e-21 0.001 -101.54 0.0
S262588 324.1142 104.9283 2.9220000000000005e-20 4.5910000000000006e-20 8.805000000000001e-20 0.0 -101.78 0.0
S262589 324.1428 104.9154 5.897e-18 5.879e-18 4.273e-18 0.0 -101.54 0.0
S262590 324.0779 104.8975 3.955e-20 6.432e-20 1.27e-19 0.0 -101.39 0.0
S262591 324.0714 104.9048 5.924e-21 1.087e-20 2.7990000000000004e-20 0.0 -101.58 0.0
S262592 324.0642 104.9005 1.43e-16 1.1e-16 4.748e-17 0.0 -101.52 1.0
S262593 324.1312 104.9163 2.084e-21 4.004e-21 1.1550000000000001e-20 0.0 -101.56 0.0
S262594 324.0835 104.9059 1.845e-16 1.673e-16 1.013e-16 0.0 -101.54 0.0
S262595 324.0734 104.8937 2.564e-21 1.763e-21 6.017999999999999e-22 0.0 -101.41 0.0
S262596 324.0691 104.8984 1.646e-17 1.494e-17 9.224e-18 0.0 -101.49 0.0
S262597 324.1157 104.9026 4.543e-16 3.592e-16 1.627e-16 0.0 -101.47 1.0
S262598 324.1411 104.9144 5.363e-19 6.123e-19 5.768e-19 0.0 -101.52 0.0
S262599 324.0709 104.8925 1.743e-21 3.896e-21 1.484e-20 0.0 -101.46 0.0
S262600 324.0658 104.8963 3.516e-25 1.431e-24 1.969e-23 0.0 -101.4 0.0
S262601 324.117 104.9092 7.58e-19 8.88e-19 8.854e-19 0.0 -101.48 0.0
S262602 324.0678 104.9033 9.081e-24 2.6629999999999996e-23 1.7979999999999998e-22 0.0 -101.52 0.0
S262603 324.0856 104.9133 3.264e-21 6.121e-21 1.6230000000000003e-20 0.0 -101.67 0.0
S262604 324.0668 104.9064 3.6779999999999996e-22 8.512999999999999e-22 3.456e-21 0.0 -101.5 0.0
S262605 324.1329 104.9177 3.9860000000000004e-20 6.115000000000001e-20 1.045e-19 0.0 -101.53 0.0
S262606 324.0626 104.9038 2.8739999999999996e-23 8.422e-23 5.841999999999999e-22 0.0 -101.53 0.0
S262607 324.0482 104.9116 8.3719999999999995e-22 1.659e-21 4.931e-21 0.0 -101.64 0.0
S262608 324.1398 104.9198 8.264999999999999e-22 1.814e-21 6.457e-21 0.0 -101.58 0.0
S262609 324.1294 104.9198 8.483e-24 3.018e-23 3.1609999999999998e-22 0.0 -101.56 0.0
S262610 324.1372 104.9151 3.939e-18 4.074e-18 3.05e-18 0.0 -101.58 0.0
S262611 324.1295 104.9078 9.217e-18 8.294e-18 4.9e-18 0.0 -101.5 0.0
S262612 324.0687 104.8979 4.06e-17 3.246e-17 1.487e-17 0.0 -101.48 0.0
S262613 324.1348 104.9116 2.764e-21 5.397e-21 1.5680000000000002e-20 0.0 -101.5 0.0
S262614 324.1434 104.9252 3.907e-18 4.06e-18 3.215e-18 0.0 -101.63 0.0
S262615 324.1429 104.9113 1.156e-19 1.627e-19 2.375e-19 0.0 -101.52 0.0
S262616 324.0679 104.8996 1.78e-17 1.62e-17 9.338e-18 0.0 -101.49 0.0
S262617 324.0833 104.9087 8.841e-13 6.289e-13 2.258e-13 0.0 -101.57 0.0
S262618 324.0718 104.9028 7.413e-13 5.475e-13 2.134e-13 0.0 -101.52 0.0
S262619 324.0623 104.9162 2.103e-16 1.736e-16 8.494e-17 0.0 -101.59 0.0
S262620 324.0618 104.9025 6.191e-13 4.437e-13 1.643e-13 0.0 -101.53 0.0
S262621 324.1204 104.9011 6.164e-19 7.651e-19 8.328e-19 0.0 -101.46 0.0
S262622 324.0479 104.912 2.0399999999999998e-22 4.853e-22 2.074e-21 0.0 -101.56 0.0
S262623 324.0728 104.9085 2.675e-18 2.591e-18 1.79e-18 0.0 -101.56 0.0
S262624 324.0447 104.9029 7.927e-17 6.384e-17 3.049e-17 0.0 -101.55 0.0
S262625 324.1365 104.9043 6.037e-19 7.089e-19 7.191e-19 0.0 -101.5 0.0
S262626 324.0601 104.9014 9.623e-23 2.7439999999999997e-22 1.693e-21 0.0 -101.51 0.0
S262627 324.1344 104.9098 1.639e-20 2.7060000000000003e-20 5.523000000000001e-20 0.0 -101.45 0.0
S262628 324.1385 104.9159 4.144e-24 1.3149999999999999e-23 1.0789999999999999e-22 0.0 -101.52 0.0
S262629 324.1352 104.9167 1.272e-16 3.093e-16 1.416e-15 0.0 -101.54 0.0
S262630 324.0536 104.9023 1.674e-17 1.519e-17 8.876e-18 0.0 -101.5 0.0
S262631 324.0606 104.8975 2.2240000000000002e-20 3.4880000000000005e-20 6.609000000000001e-20 0.0 -101.53 0.0
S262632 324.125 104.9137 3.17e-21 5.947e-21 1.58e-20 0.0 -101.52 0.0
S262633 324.1419 104.9184 8.209e-17 6.712e-17 3.123e-17 0.0 -101.51 0.0
S262634 324.1282 104.921 5.583e-21 1.023e-20 2.5780000000000004e-20 0.0 -101.55 0.0
S262635 324.1347 104.9169 4.319e-19 5.3e-19 6.003e-19 0.0 -101.59 0.0
S262636 324.0592 104.9072 4.462e-18 4.578e-18 3.564e-18 0.0 -101.54 0.0
S262637 324.0548 104.905 3.6620000000000004e-20 5.701000000000001e-20 1.005e-19 0.0 -101.58 0.0
S262638 324.1209 104.915 4.525e-22 1.059e-21 4.534e-21 0.0 -101.57 0.0
S262639 324.113 104.919 2.027e-22 5.195e-22 2.679e-21 0.0 -101.61 0.0
S262640 324.046 104.8917 2.778e-22 6.149e-22 2.372e-21 0.0 -101.5 0.0
S262641 324.054 104.8944 9.095e-18 8.57e-18 5.421e-18 0.0 -101.48 0.0
S262642 324.0581 104.9091 5.837e-21 1.0810000000000001e-20 2.724e-20 0.0 -101.58 0.0
S262643 324.1384 104.9141 1.136e-21 2.312e-21 7.167e-21 0.0 -101.54 0.0
S262644 324.0556 104.9112 7.516999999999999e-22 1.491e-21 4.2500000000000004e-21 0.0 -101.64 0.0
S262645 324.1397 104.9121 1.083e-16 9.653e-17 5.54e-17 0.0 -101.51 0.0
S262646 324.0701 104.9084 9.811e-23 2.404e-22 1.121e-21 0.0 -101.56 0.0
S262647 324.1395 104.9165 2.5800000000000002e-20 3.9710000000000005e-20 6.855e-20 0.0 -101.6 0.0
S262648 324.1446 104.9165 2.617e-21 1.8040000000000002e-21 6.075999999999999e-22 0.0 -101.54 0.0
S262649 324.0526 104.8949 1.177e-17 1.098e-17 6.718e-18 0.0 -101.49 0.0
S262650 324.0603 104.8986 1.197e-17 1.134e-17 7.112e-18 0.0 -101.5 1.0
S262651 324.1322 104.9189 1.185e-16 9.487e-17 4.365e-17 0.0 -101.56 0.0
S262652 324.142 104.9178 7.984e-19 1.008e-18 1.143e-18 0.0 -101.54 0.0
S262653 324.1339 104.9318 4.929e-22 1.037e-21 3.526e-21 0.0 -101.65 0.0
S262654 324.053 104.901 2.33e-23 6.368999999999999e-23 3.7599999999999996e-22 0.0 -101.5 0.0
S262655 324.0554 104.903 2.33e-24 8.398e-24 9.049999999999999e-23 0.0 -101.53 0.0
S262656 324.0408 104.9054 1.408e-12 1.078e-12 4.503e-13 0.0 -101.58 1.0
S262657 324.0382 104.8878 9.576e-17 8.218e-17 4.347e-17 0.0 -101.49 0.0
S262658 324.1399 104.9102 1.321e-17 1.225e-17 7.484e-18 0.0 -101.54 0.0
S262659 324.0508 104.9067 1.694e-17 1.512e-17 8.72e-18 0.0 -101.55 0.0
S262660 324.0525 104.9035 1.1e-19 1.469e-19 1.918e-19 0.0 -101.54 0.0
S262661 324.0496 104.9072 2.1730000000000002e-20 3.6940000000000006e-20 7.958000000000001e-20 0.0 -101.55 0.0
S262662 324.1412 104.9107 1.32e-20 2.1400000000000003e-20 4.3580000000000005e-20 0.0 -101.53 0.0
S262663 324.1459 104.9363 5.418e-13 3.825e-13 1.393e-13 0.0 -101.64 0.0
S262664 324.15 104.9185 9.832e-17 7.684e-17 3.414e-17 0.001 -101.57 0.0
S262665 324.0561 104.9012 1.609e-17 1.467e-17 9.14e-18 0.0 -101.54 0.0
S262666 324.1366 104.9193 5.204999999999999e-22 1.126e-21 3.906e-21 0.0 -101.59 0.0
S262667 324.1435 104.9197 6.68e-13 4.615e-13 1.66e-13 0.0 -101.58 0.0
S262668 324.0569 104.8944 2.996e-20 4.6430000000000003e-20 8.579e-20 0.0 -101.47 0.0
S262669 324.0336 104.8883 2.028e-21 3.854e-21 1.0650000000000001e-20 0.0 -101.48 0.0
S262670 324.0392 104.902 2.377e-17 2.09e-17 1.161e-17 0.0 -101.51 0.0
S262671 324.0434 104.8899 7.225e-19 8.546e-19 8.488e-19 0.0 -101.47 0.0
S262672 324.0504 104.9036 1.66e-16 1.686e-16 1.304e-16 0.0 -101.56 0.0
S262673 324.0685 104.8995 4.615e-24 1.687e-23 1.86e-22 0.0 -101.5 0.0
S262674 324.1435 104.9151 3.209e-20 5.0690000000000005e-20 9.458000000000001e-20 0.0 -101.58 0.0
S262675 324.044 104.8937 1.701e-16 1.399e-16 6.87e-17 0.0 -101.48 0.0
S262676 324.0502 104.9002 3.026e-21 6.087e-21 1.8850000000000003e-20 0.0 -101.57 0.0
S262677 324.0478 104.9079 4.295e-17 7.093e-17 1.473e-16 0.0 -101.55 0.0
S262678 324.0499 104.9021 1.3480000000000001e-21 2.887e-21 1.006e-20 0.0 -101.56 0.0
S262679 324.0494 104.898 1.85e-18 2.036e-18 1.806e-18 0.0 -101.53 0.0
S262680 324.1366 104.9248 5.696e-17 5.004e-17 2.788e-17 0.0 -101.62 0.0
S262681 324.1452 104.9207 7.213e-23 1.893e-22 1.01e-21 0.0 -101.6 0.0
S262682 324.1606 104.915 7.443000000000001e-21 1.337e-20 3.2610000000000004e-20 0.0 -101.54 0.0
S262683 324.0583 104.9063 5.191e-14 3.417e-14 1.071e-14 0.0 -101.59 0.0
S262684 324.046 104.901 9.558e-19 1.132e-18 1.144e-18 0.001 -101.51 0.0
S262685 324.1423 104.9105 4.489e-21 8.227000000000001e-21 2.0620000000000002e-20 0.0 -101.53 0.0
S262686 324.1464 104.9198 6.463e-23 1.9619999999999998e-22 1.459e-21 0.0 -101.57 0.0
S262687 324.1371 104.9146 2.975e-24 9.926e-24 9.12e-23 0.001 -101.49 0.0
S262688 324.1539 104.9334 2.902e-22 6.703999999999999e-22 2.786e-21 0.0 -101.59 0.0
S262689 324.034 104.9065 8.859e-19 1.015e-18 9.3e-19 0.0 -101.54 0.0
S262690 324.0418 104.8922 1.1569999999999999e-22 3.3239999999999997e-22 2.166e-21 0.0 -101.5 0.0
S262691 324.0631 104.894 1.314e-16 1.066e-16 4.918e-17 0.0 -101.46 0.0
S262692 324.0498 104.8982 7.425e-23 2.206e-22 1.542e-21 0.0 -101.51 0.0
S262693 324.0564 104.9028 2.337e-18 2.537e-18 2.184e-18 0.0 -101.52 0.0
S262694 324.0431 104.9001 2.103e-18 2.226e-18 1.772e-18 0.0 -101.52 0.0
S262695 324.1541 104.9239 5.796e-20 8.487000000000001e-20 1.335e-19 0.0 -101.58 0.0
S262696 324.1482 104.9181 7.466e-17 8.168e-17 6.989e-17 0.0 -101.52 0.0
S262697 324.046 104.9068 5.478e-22 1.2350000000000001e-21 4.865e-21 0.0 -101.59 0.0
S262698 324.1554 104.9243 2.111e-21 1.48e-21 5.209e-22 0.0 -101.62 0.0
S262699 324.023 104.9054 4.827e-17 9.02e-17 2.307e-16 0.0 -101.54 0.0
S262700 324.1676 104.9288 2.654e-17 2.318e-17 1.283e-17 0.0 -101.58 0.0
S262701 324.1504 104.9097 4.1639999999999995e-23 1.0279999999999999e-22 4.8059999999999995e-22 0.0 -101.5 0.0
S262702 324.0326 104.8985 1.367e-18 1.479e-18 1.286e-18 0.0 -101.51 0.0
S262703 324.0303 104.8972 3.269e-16 2.826e-16 1.498e-16 0.0 -101.51 0.0
S262704 324.1655 104.9219 1.433e-19 2.045e-19 3.156e-19 0.0 -101.61 0.0
S262705 324.1638 104.9264 1.708e-16 1.334e-16 5.593e-17 0.0 -101.61 1.0
S262706 324.1502 104.9102 4.051e-18 4.244e-18 3.362e-18 0.0 -101.5 0.0
S262707 324.0564 104.903 8.69e-18 8.57e-18 6.199e-18 0.0 -101.54 0.0
S262708 324.029 104.8961 5.406e-17 5.031e-17 3.21e-17 0.0 -101.48 0.0
S262709 324.1485 104.9165 2.7300000000000004e-20 4.197e-20 7.425000000000001e-20 0.0 -101.54 0.0
S262710 324.0272 104.8996 2.255e-17 2.002e-17 1.127e-17 0.0 -101.52 0.0
S262711 324.0314 104.9044 7.529999999999999e-22 1.605e-21 5.406e-21 0.0 -101.5 0.0
S262712 324.0439 104.9113 7.282e-24 2.351e-23 1.938e-22 0.0 -101.58 0.0
S262713 324.0347 104.8977 1.554e-18 1.756e-18 1.569e-18 0.0 -101.52 0.0
S262714 324.0221 104.8918 1.929e-16 2.078e-16 1.706e-16 0.0 -101.48 0.0
S262715 324.1713 104.9274 3.006e-17 2.579e-17 1.328e-17 0.0 -101.56 0.0
S262716 324.032 104.8991 7.757e-18 7.194e-18 4.446e-18 0.0 -101.55 0.0
S262717 324.1547 104.9032 1.147e-16 8.717e-17 3.684e-17 0.0 -101.47 0.0
S262718 324.0345 104.902 1.238e-16 1.153e-16 7.392e-17 0.0 -101.55 0.0
S262719 324.1654 104.9222 4.401e-21 8.588e-21 2.4180000000000002e-20 0.0 -101.59 0.0
S262720 324.044 104.8972 7.314e-13 5.041e-13 1.75e-13 0.0 -101.43 1.0
S262721 324.166 104.9295 1.913e-18 2.137e-18 1.915e-18 0.0 -101.58 0.0
S262722 324.0395 104.9023 1.958e-19 2.534e-19 3.154e-19 0.0 -101.56 0.0
S262723 324.0504 104.9014 2.3e-21 4.587e-21 1.37e-20 0.0 -101.58 0.0
S262724 324.0344 104.8992 1.443e-17 1.379e-17 8.764e-18 0.0 -101.52 0.0
S262725 324.1665 104.9192 3.104e-17 3.501e-17 3.354e-17 0.0 -101.49 0.0
S262726 324.1635 104.9272 1.341e-16 1.048e-16 4.562e-17 0.0 -101.56 0.0
S262727 324.1649 104.9234 4.606e-17 3.821e-17 1.928e-17 0.0 -101.57 0.0
S262728 324.1545 104.9299 8.956e-23 2.474e-22 1.474e-21 0.0 -101.63 0.0
S262729 324.0416 104.8983 9.031e-22 1.981e-21 7.287e-21 0.0 -101.52 0.0
S262730 324.1599 104.9274 1.394e-23 4.2519999999999996e-23 3.2049999999999997e-22 0.001 -101.61 0.0
S262731 324.0357 104.9025 5.141e-23 1.2519999999999998e-22 5.854999999999999e-22 0.0 -101.58 0.0
S262732 324.1568 104.9272 1.07e-18 1.202e-18 1.118e-18 0.0 -101.62 0.0
S262733 324.1757 104.9189 2.2520000000000002e-20 3.775e-20 7.763e-20 0.0 -101.52 0.0
S262734 324.0209 104.889 4.858e-22 1.068e-21 4.008e-21 0.0 -101.48 0.0
S262735 324.0301 104.8983 1.536e-19 2.111e-19 2.854e-19 0.0 -101.5 0.0
S262736 324.0337 104.8984 3.934e-22 8.099999999999999e-22 2.721e-21 0.0 -101.5 0.0
S262737 324.1742 104.9187 2.618e-17 2.229e-17 1.178e-17 0.0 -101.57 0.0
S262738 324.1557 104.9171 2.713e-21 1.863e-21 6.253e-22 0.0 -101.54 0.0
S262739 324.0247 104.9044 9.821000000000001e-21 1.7450000000000002e-20 4.1930000000000004e-20 0.0 -101.57 0.0
S262740 324.1805 104.9333 3.841e-17 3.629e-17 2.419e-17 0.0 -101.57 0.0
S262741 324.174 104.9125 3.628e-16 2.818e-16 1.23e-16 0.0 -101.48 1.0
S262742 324.0167 104.8927 8.983e-17 7.111e-17 3.183e-17 0.0 -101.49 0.0
S262743 324.1453 104.9064 4.881e-17 4.159e-17 2.273e-17 0.0 -101.49 0.0
S262744 324.1587 104.9155 1.1770000000000002e-20 1.9480000000000002e-20 4.1710000000000005e-20 0.0 -101.52 0.0
S262745 324.1801 104.93 1.122e-23 3.429e-23 2.4839999999999997e-22 0.0 -101.56 0.0
S262746 324.0293 104.8997 2.329e-19 2.961e-19 3.581e-19 0.0 -101.49 0.0
S262747 324.0227 104.8946 2.572e-21 5.123e-21 1.56e-20 0.0 -101.51 0.0
S262748 324.0232 104.9069 6.071e-19 7.35e-19 8.078e-19 0.0 -101.57 0.0
S262749 324.1634 104.9161 6.226e-19 7.669e-19 8.719e-19 0.0 -101.52 0.0
S262750 324.0201 104.8976 6.153e-19 7.433e-19 7.773e-19 0.0 -101.54 0.0
S262751 324.0246 104.9034 8.053999999999999e-22 1.763e-21 6.678e-21 0.0 -101.52 0.0
S262752 324.0278 104.8926 1.8220000000000002e-21 1.281e-21 4.573e-22 0.0 -101.53 0.0
S262753 324.1611 104.9208 3.604e-16 2.73e-16 1.119e-16 0.0 -101.55 1.0
S262754 324.1584 104.9211 5.776e-17 6.735e-17 6.435e-17 0.0 -101.54 0.0
S262755 324.0227 104.8918 2.583e-19 3.251e-19 3.762e-19 0.0 -101.47 0.0
S262756 324.1779 104.9341 6.96e-28 6.13e-27 4.255e-25 0.0 -101.53 0.0
S262757 324.1902 104.9391 2.734e-20 4.375e-20 8.414000000000001e-20 0.0 -101.59 0.0
S262758 324.0137 104.8965 6.725e-20 9.442e-20 1.333e-19 0.0 -101.57 0.0
S262759 324.0085 104.8943 9.855999999999999e-23 2.526e-22 1.283e-21 0.0 -101.58 0.0
S262760 324.0086 104.9089 1.611e-17 1.483e-17 8.766e-18 0.0 -101.61 0.0
S262761 324.189 104.9283 4.096e-17 3.549e-17 1.857e-17 0.0 -101.56 0.0
S262762 324.0183 104.8991 7.133000000000001e-21 1.2590000000000001e-20 2.926e-20 0.0 -101.56 0.0
S262763 324.0115 104.8942 2.828e-17 2.421e-17 1.318e-17 0.0 -101.53 0.0
S262764 324.1715 104.9204 2.532e-19 3.145e-19 3.678e-19 0.0 -101.55 0.0
S262765 324.0193 104.903 1.9589999999999999e-22 4.626999999999999e-22 2.019e-21 0.0 -101.57 0.0
S262766 323.9936 104.8934 5.429e-24 1.886e-23 1.8029999999999999e-22 0.0 -101.58 0.0
S262767 324.0217 104.9009 2.9659999999999996e-22 7.245e-22 3.44e-21 0.0 -101.51 0.0
S262768 324.0211 104.895 9.818e-17 7.28e-17 2.861e-17 0.0 -101.5 0.0
S262769 324.0131 104.8908 1.859e-21 1.337e-21 4.913e-22 0.0 -101.52 0.0
S262770 323.9934 104.8964 5.683999999999999e-23 1.7159999999999998e-22 1.248e-21 0.0 -101.54 0.0
S262771 324.1936 104.9411 1.035e-21 2.1130000000000002e-21 6.617e-21 0.0 -101.56 0.0
S262772 324.0025 104.8902 5.936e-13 4.862e-13 2.317e-13 0.0 -101.49 1.0
S262773 324.1809 104.9272 2.278e-21 1.6e-21 5.498999999999999e-22 0.0 -101.57 0.0
S262774 324.0108 104.8957 1.286e-19 1.804e-19 2.631e-19 0.0 -101.55 0.0
S262775 324.1842 104.9285 1.627e-21 3.389e-21 1.0980000000000001e-20 0.0 -101.61 0.0
S262776 324.0248 104.898 8.361e-19 9.668e-19 9.379e-19 0.0 -101.55 0.0
S262777 324.1798 104.9271 2.035e-21 4.114e-21 1.299e-20 0.0 -101.52 0.0
S262778 324.1828 104.932 1.349e-14 8.853e-15 2.844e-15 0.0 -101.57 0.0
S262779 324.0129 104.8896 1.948e-21 1.376e-21 4.9099999999999995e-22 0.0 -101.53 0.0
S262780 324.1786 104.9288 3.606e-15 2.449e-15 8.187e-16 0.0 -101.57 0.0
S262781 324.1811 104.9279 1.811e-16 1.488e-16 7.04e-17 0.0 -101.6 0.0
S262782 324.1938 104.9298 5.102e-16 3.83e-16 1.573e-16 0.001 -101.54 1.0
S262783 324.005 104.8925 1.011e-16 8.135e-17 3.822e-17 0.0 -101.56 0.0
S262784 324.1799 104.9222 1.549e-16 1.265e-16 5.976e-17 0.0 -101.58 0.0
S262785 324.193 104.9239 6.556e-15 4.526e-15 1.556e-15 0.0 -101.54 0.0
S262786 324.1858 104.9228 7.983e-16 5.918e-16 2.299e-16 0.0 -101.55 0.0
S262787 324.1964 104.9215 7.437e-16 5.392e-16 2.064e-16 0.0 -101.61 0.0
S262788 324.0076 104.8983 1.177e-17 1.144e-17 8.012e-18 0.0 -101.53 0.0
S262789 324.1874 104.9176 1.112e-17 1.104e-17 7.971e-18 0.0 -101.55 0.0
S262790 324.1892 104.9163 2.682e-15 1.885e-15 6.797e-16 0.0 -101.57 0.0
S262791 323.9991 104.9012 5.263e-16 3.86e-16 1.524e-16 0.0 -101.52 0.0
S262792 323.998 104.9038 2.277e-16 1.804e-16 7.876e-17 0.0 -101.52 1.0
S262793 323.995 104.9034 8.582e-17 6.662e-17 3.004e-17 0.001 -101.58 0.0
S262794 324.0018 104.9085 4.431e-16 3.221e-16 1.206e-16 0.0 -101.57 0.0
S262795 324.0049 104.9085 1.704e-15 1.217e-15 4.594e-16 0.0 -101.61 0.0
S262796 324.1941 104.9092 1.238e-16 9.791e-17 4.317e-17 0.0 -101.47 0.0
S262797 324.1948 104.9063 5.736e-17 4.762e-17 2.372e-17 0.0 -101.44 0.0
S262798 324.1942 104.9044 2.26e-17 3.695e-17 7.392e-17 0.0 -101.53 0.0
S262799 324.1884 104.9007 1.034e-15 7.797e-16 3.156e-16 0.0 -101.48 0.0
S262800 324.192 104.899 8.884e-16 6.402e-16 2.317e-16 0.0 -101.49 0.0
S262801 323.9973 104.9186 4.713e-16 3.443e-16 1.313e-16 0.0 -101.61 0.0
S262802 324.1918 104.8972 2.012e-16 1.458e-16 5.393e-17 0.0 -101.47 0.0
S262803 324.2 104.8942 3.177e-17 2.75e-17 1.489e-17 0.0 -101.46 0.0
S262804 324.1916 104.8947 1.973e-16 1.594e-16 7.497e-17 0.0 -101.46 0.0
S262805 323.9987 104.9278 1.846e-21 3.696e-21 1.1220000000000001e-20 0.0 -101.7 0.0
S262806 323.9915 104.9273 1.954e-16 1.524e-16 6.725e-17 0.0 -101.62 1.0
S262807 323.9969 104.933 3.579e-18 3.813e-18 3.042e-18 0.0 -101.68 0.0
S262808 324.1969 104.8852 1.372e-15 9.804e-16 3.673e-16 0.0 -101.42 0.0
S262809 324.2039 104.8847 4.865e-18 4.75e-18 3.206e-18 0.0 -101.42 0.0
S262810 324.1928 104.8812 1.547e-15 1.129e-15 4.356e-16 0.0 -101.47 0.0
S262811 323.9941 104.9371 4.91e-17 4.226e-17 2.309e-17 0.0 -101.69 0.0
S262812 324.1994 104.8817 5.627e-17 4.835e-17 2.57e-17 0.0 -101.46 0.0
S262813 324.1992 104.8789 2.742e-15 1.88e-15 6.262e-16 0.0 -101.37 0.0
S262814 324.1984 104.8759 7.885e-17 6.445e-17 3.132e-17 0.0 -101.41 0.0
S262815 324.2016 104.873 4.615e-17 3.933e-17 2.006e-17 0.0 -101.36 1.0
S262816 324.0 104.9448 1.225e-12 9.153e-13 3.668e-13 0.0 -101.68 0.0
S262817 323.9988 104.945 1.901e-15 1.324e-15 4.724e-16 0.0 -101.67 0.0
S262818 324.1938 104.8653 1.586e-15 1.108e-15 3.96e-16 0.0 -101.34 0.0
S262819 323.9983 104.9554 6.829e-16 5.044e-16 1.983e-16 0.0 -101.69 0.0
S262820 323.9963 104.9574 6.946e-17 5.538e-17 2.592e-17 0.0 -101.75 0.0
S262821 323.9943 104.9566 4.913e-16 3.683e-16 1.498e-16 0.0 -101.7 0.0
S262822 323.9995 104.9644 1.317e-17 1.235e-17 7.522e-18 0.0 -101.74 0.0
S262823 324.1945 104.859 5.203e-16 3.725e-16 1.429e-16 0.0 -101.33 0.0
S262824 324.1948 104.8525 2.845e-16 2.162e-16 8.733e-17 0.0 -101.32 0.0
S262825 323.9982 104.9657 2.804e-15 1.95e-15 6.797e-16 0.0 -101.72 0.0
S262826 324.0016 104.9657 2.396e-16 1.842e-16 8.116e-17 0.0 -101.73 1.0
S262827 324.1907 104.8416 5.193e-17 4.487e-17 2.315e-17 0.0 -101.33 0.0
S262828 324.0027 104.97 5.196e-17 4.32e-17 2.153e-17 0.0 -101.75 0.0
S262829 324.0077 104.9758 2.402e-21 1.6570000000000001e-21 5.773e-22 0.0 -101.73 0.0
S262830 324.0052 104.9725 4.862e-17 4.15e-17 2.196e-17 0.0 -101.79 1.0
S262831 324.0053 104.9804 1.734e-16 1.355e-16 6.054e-17 0.0 -101.76 1.0
S262832 324.0069 104.9803 7.528e-18 9.685e-18 1.16e-17 0.0 -101.79 0.0
S262833 324.0036 104.99 3.942e-16 2.918e-16 1.159e-16 0.0 -101.77 0.0
S262834 324.0079 104.9936 2.225e-16 1.827e-16 8.973e-17 0.0 -101.76 0.0
S262835 324.1819 104.8268 3.495e-19 4.633e-19 6.047e-19 0.0 -101.23 0.0
S262836 324.1809 104.8296 4.167e-16 3.253e-16 1.427e-16 0.0 -101.25 0.0
S262837 324.0104 104.9906 1.959e-17 1.663e-17 8.655e-18 0.0 -101.82 0.0
S262838 324.1858 104.824 2.004e-16 1.542e-16 6.815e-17 0.0 -101.25 1.0
S262839 324.1776 104.8169 1.85e-19 2.417e-19 3.05e-19 0.0 -101.2 0.0
S262840 324.1797 104.8153 7.136e-19 8.15e-19 7.919e-19 0.0 -101.27 0.0
S262841 324.1851 104.8094 1.093e-16 8.839e-17 4.25e-17 0.0 -101.25 0.0
S262842 324.0225 105.0068 3.454e-15 2.365e-15 7.813e-16 0.0 -101.86 0.0
S262843 324.1785 104.8069 1.588e-15 1.129e-15 4.215e-16 0.0 -101.23 0.0
S262844 324.1761 104.8023 1.182e-13 1.66e-13 2.378e-13 0.0 -101.23 0.0
S262845 324.1695 104.8077 1.946e-16 1.51e-16 6.394e-17 0.0 -101.24 1.0
S262846 324.0209 105.011 9.853e-18 9.927e-18 7.006e-18 0.0 -101.85 0.0
S262847 324.0206 105.0111 2.62e-16 1.999e-16 8.139e-17 0.0 -101.82 1.0
S262848 324.1647 104.7998 7.084e-15 4.746e-15 1.525e-15 0.0 -101.24 0.0
S262849 324.1626 104.7996 5.313e-17 5.269e-17 3.708e-17 0.0 -101.22 0.0
S262850 324.162 104.7944 5.481e-17 4.614e-17 2.344e-17 0.0 -101.28 0.0
S262851 324.158 104.7949 3.532e-15 2.503e-15 8.695e-16 0.0 -101.29 0.0
S262852 324.036 105.0174 1.276e-16 9.75e-17 4.254e-17 0.0 -101.79 0.0
S262853 324.0363 105.039 2.33e-18 2.518e-18 2.102e-18 0.0 -101.85 0.0
S262854 324.0412 105.0265 9.856e-18 9.006e-18 5.486e-18 0.0 -101.84 0.0
S262855 324.1504 104.7961 8.325e-13 5.83e-13 2.021e-13 0.0 -101.18 0.0
S262856 324.0491 105.0279 6.777e-13 6.322e-13 3.805e-13 0.0 -101.87 1.0
S262857 324.0485 105.0357 1.63e-15 1.158e-15 4.221e-16 0.0 -101.88 0.0
S262858 324.0534 105.0337 1.512e-16 1.227e-16 5.751e-17 0.0 -101.86 0.0
S262859 324.1388 104.7831 1.816e-17 1.68e-17 1.011e-17 0.0 -101.15 0.0
S262860 324.1385 104.7666 1.337e-16 1.05e-16 4.502e-17 0.0 -101.22 0.0
S262861 324.1342 104.7795 4.811e-17 4.314e-17 2.479e-17 0.0 -101.19 0.0
S262862 324.0631 105.0406 7.27e-16 5.264e-16 2.013e-16 0.0 -101.88 0.0
S262863 324.0666 105.0502 5.652e-17 7.59e-17 9.969e-17 0.0 -101.87 0.0
S262864 324.1231 104.7717 8.258e-19 9.918e-19 1.024e-18 0.0 -101.16 0.0
S262865 324.0732 105.0515 1.18e-18 1.285e-18 1.131e-18 0.0 -101.91 0.0
S262866 324.12 104.765 9.246e-15 6.303e-15 2.161e-15 0.0 -101.22 0.0
S262867 324.1148 104.7639 3.612e-15 2.51e-15 8.891e-16 0.0 -101.2 0.0
S262868 324.0847 105.048 3.509e-13 2.347e-13 7.821e-14 0.0 -101.92 0.0
S262869 324.0877 105.0488 4.57e-17 3.804e-17 1.873e-17 0.0 -101.88 0.0
S262870 324.0909 105.0491 2.572e-16 2.02e-16 9e-17 0.0 -101.93 1.0
S262871 324.1035 104.762 6.695e-17 6.08e-17 3.54e-17 0.0 -101.23 0.0
S262872 324.0972 105.0475 3.009e-17 2.659e-17 1.467e-17 0.0 -101.92 0.0
S262873 324.1005 105.0452 3.973e-17 3.318e-17 1.677e-17 0.0 -101.94 0.0
S262874 324.1072 105.0592 2.637e-16 2.221e-16 1.115e-16 0.0 -101.87 0.0
S262875 324.088 104.7595 4.129e-15 2.918e-15 1.055e-15 0.0 -101.16 0.0
S262876 324.114 105.0578 6.258e-17 5.14e-17 2.407e-17 0.0 -101.91 0.0
S262877 324.0743 104.7626 3.077e-15 2.148e-15 7.607e-16 0.0 -101.13 0.0
S262878 324.1224 105.0513 4.944e-15 3.575e-15 1.337e-15 0.0 -101.93 0.0
S262879 324.069 104.7563 4.271e-19 5.037e-19 5.005e-19 0.0 -101.18 0.0
S262880 324.0656 104.7661 2.137e-15 1.483e-15 4.921e-16 0.0 -101.23 0.0
S262881 324.0579 104.7723 1.872e-16 1.987e-16 1.632e-16 0.0 -101.19 0.0
S262882 324.204 104.9174 2.19e-17 3.392e-17 6.042e-17 0.0 -101.55 0.0
S262883 324.1808 104.9088 3.2840000000000002e-21 6.237e-21 1.649e-20 0.0 -101.53 0.0
S262884 324.0125 104.9099 1.816e-15 1.243e-15 4.306e-16 0.0 -101.58 0.0
S262885 323.9968 104.9086 1.4190000000000001e-21 2.9810000000000002e-21 9.983e-21 0.0 -101.59 0.0
S262886 324.192 104.9047 1.158e-17 1.065e-17 6.637e-18 0.0 -101.5 0.0
S262887 324.196 104.9088 9.057e-18 8.473e-18 5.342e-18 0.0 -101.51 0.0
S262888 324.183 104.904 8.255e-16 5.949e-16 2.26e-16 0.0 -101.49 0.0
S262889 324.1902 104.9034 5.337e-16 4.012e-16 1.612e-16 0.001 -101.49 0.0
S262890 324.0142 104.9152 1.085e-16 1.224e-16 1.163e-16 0.0 -101.57 0.0
S262891 324.1972 104.9029 5.879e-17 4.969e-17 2.527e-17 0.0 -101.48 0.0
S262892 324.1974 104.9021 8.383e-17 6.956e-17 3.566e-17 0.0 -101.47 0.0
S262893 324.0119 104.9223 1.256e-19 1.622e-19 2.016e-19 0.0 -101.6 0.0
S262894 324.1852 104.8933 1.16e-17 1.097e-17 7.173e-18 0.0 -101.42 0.0
S262895 324.002 104.9265 6.902e-21 1.3170000000000001e-20 3.532e-20 0.0 -101.63 0.0
S262896 324.1833 104.8955 2.25e-16 2.183e-16 1.511e-16 0.0 -101.43 0.0
S262897 324.1984 104.8888 1.466e-16 1.764e-16 1.841e-16 0.0 -101.43 0.0
S262898 324.0098 104.9282 1.053e-17 9.607e-18 5.571e-18 0.0 -101.65 0.0
S262899 324.0026 104.9307 3.527e-18 3.733e-18 3.183e-18 0.0 -101.68 0.0
S262900 324.007 104.9294 6.919e-16 4.815e-16 1.752e-16 0.0 -101.62 0.0
S262901 324.0038 104.9316 6.407e-18 6.301e-18 4.519e-18 0.0 -101.65 0.0
S262902 324.1918 104.8899 1.39e-16 1.109e-16 5.207e-17 0.0 -101.4 0.0
S262903 324.0002 104.9361 1.203e-21 2.349e-21 6.756e-21 0.0 -101.67 0.0
S262904 324.0109 104.932 9.835e-17 7.607e-17 3.284e-17 0.0 -101.71 0.0
S262905 323.9922 104.9369 1.761e-21 1.291e-21 4.918999999999999e-22 0.0 -101.65 0.0
S262906 324.0018 104.9427 2.261e-19 2.917e-19 3.532e-19 0.0 -101.69 0.0
S262907 324.0043 104.951 2.842e-16 2.137e-16 8.568e-17 0.0 -101.75 0.0
S262908 324.0084 104.9472 6.521e-18 6.419e-18 4.451e-18 0.0 -101.71 0.0
S262909 324.0075 104.951 7.676e-18 7.367e-18 4.93e-18 0.0 -101.69 0.0
S262910 324.1959 104.8684 3.209e-19 3.836e-19 3.981e-19 0.0 -101.41 0.0
S262911 324.196 104.8682 1.917e-15 1.31e-15 4.469e-16 0.0 -101.34 0.0
S262912 324.0017 104.9581 3.632e-16 2.691e-16 1.107e-16 0.0 -101.68 1.0
S262913 323.9957 104.9502 1.971e-21 1.394e-21 5.057999999999999e-22 0.0 -101.71 0.0
S262914 324.0049 104.9521 1.502e-18 1.517e-18 1.147e-18 0.0 -101.68 0.0
S262915 324.1903 104.8623 3.8340000000000004e-21 7.162e-21 1.8790000000000002e-20 0.0 -101.34 0.0
S262916 324.1825 104.8657 3.676e-18 3.726e-18 2.767e-18 0.0 -101.38 0.0
S262917 324.0042 104.961 7.12e-18 7.239e-18 5.26e-18 0.0 -101.71 0.0
S262918 323.9986 104.9702 1.116e-12 8.284e-13 3.209e-13 0.0 -101.76 0.0
S262919 324.1768 104.8501 1.717e-17 1.606e-17 1.014e-17 0.0 -101.33 0.0
S262920 324.1901 104.8513 5.435e-18 5.295e-18 3.586e-18 0.0 -101.36 0.0
S262921 324.2 104.843 7.412e-20 1.084e-19 1.72e-19 0.0 -101.34 0.0
S262922 324.0188 104.9748 1.8450000000000002e-20 3.133e-20 6.586e-20 0.0 -101.77 0.0
S262923 324.0095 104.9662 1.661e-16 1.451e-16 7.786e-17 0.0 -101.71 0.0
S262924 324.0016 104.9844 9.618e-20 1.356e-19 2.005e-19 0.0 -101.79 0.0
S262925 324.1843 104.8414 1.587e-16 1.299e-16 6.383e-17 0.0 -101.27 0.0
S262926 324.1905 104.8385 5.538e-19 6.332e-19 6.104e-19 0.0 -101.3 0.0
S262927 323.9953 104.9773 3.118e-18 3.219e-18 2.579e-18 0.0 -101.74 0.0
S262928 324.1834 104.8449 6.535e-17 5.531e-17 2.902e-17 0.0 -101.25 1.0
S262929 324.1729 104.8252 7.261e-18 7.062e-18 4.867e-18 0.0 -101.24 0.0
S262930 324.1855 104.8361 2.193e-18 2.296e-18 1.876e-18 0.0 -101.3 0.0
S262931 324.0175 104.9675 1.178e-16 9.458e-17 4.385e-17 0.0 -101.76 0.0
S262932 324.0143 104.9728 2.8410000000000003e-20 4.465e-20 8.102e-20 0.0 -101.8 0.0
S262933 324.1852 104.8257 1.368e-21 2.58e-21 7.084e-21 0.0 -101.27 0.0
S262934 324.0164 105.0021 5.214e-17 4.525e-17 2.442e-17 0.0 -101.81 0.0
S262935 324.1764 104.8201 3.336e-16 2.506e-16 1.049e-16 0.0 -101.29 1.0
S262936 324.1762 104.8154 2.075e-16 1.845e-16 1.072e-16 0.0 -101.2 0.0
S262937 324.0244 104.9979 1.771e-18 1.948e-18 1.64e-18 0.0 -101.86 0.0
S262938 324.1658 104.8248 3.834e-16 2.775e-16 1.037e-16 0.0 -101.26 0.0
S262939 324.1613 104.8046 2.824e-17 2.448e-17 1.363e-17 0.0 -101.29 0.0
S262940 324.0234 105.0119 6.248e-17 7.105e-17 6.648e-17 0.0 -101.87 0.0
S262941 324.1692 104.7982 2.39e-18 2.589e-18 2.244e-18 0.0 -101.22 0.0
S262942 324.0302 105.0083 3.782e-16 3.343e-16 1.822e-16 0.0 -101.88 0.0
S262943 324.1596 104.8009 1.685e-22 4.0649999999999996e-22 1.832e-21 0.0 -101.21 0.0
S262944 324.1639 104.7884 2.171e-18 2.398e-18 2.114e-18 0.0 -101.22 0.0
S262945 324.1508 104.8023 9.038e-16 6.666e-16 2.643e-16 0.0 -101.26 0.0
S262946 324.0394 105.0155 7.942e-17 6.748e-17 3.606e-17 0.0 -101.9 0.0
S262947 324.032 105.0221 3.091e-16 2.338e-16 9.718e-17 0.0 -101.85 1.0
S262948 324.1571 104.7886 4.695e-16 3.526e-16 1.418e-16 0.0 -101.21 0.0
S262949 324.1564 104.7886 2.84e-16 2.152e-16 8.933e-17 0.0 -101.24 1.0
S262950 324.1522 104.7903 7.476e-18 6.863e-18 4.243e-18 0.0 -101.23 0.0
S262951 324.1499 104.7858 1.813e-17 1.593e-17 9.054e-18 0.0 -101.18 0.0
S262952 324.0456 105.0354 1.5199999999999998e-22 4.0929999999999995e-22 2.289e-21 0.0 -101.83 0.0
S262953 324.0516 105.0327 3.178e-16 3.064e-16 2.045e-16 0.0 -101.94 0.0
S262954 324.0559 105.0335 3.6120000000000005e-20 5.918e-20 1.177e-19 0.0 -101.9 0.0
S262955 324.139 104.7999 6.168e-21 1.1030000000000001e-20 2.6440000000000003e-20 0.0 -101.22 0.0
S262956 324.0614 105.0332 5.022e-18 4.962e-18 3.505e-18 0.0 -101.89 0.0
S262957 324.0606 105.0463 1.972e-16 1.49e-16 6.088e-17 0.0 -101.91 1.0
S262958 324.0619 105.0484 4.244e-16 3.3e-16 1.419e-16 0.0 -101.86 1.0
S262959 324.1274 104.7913 7.841000000000001e-20 1.112e-19 1.661e-19 0.0 -101.17 0.0
S262960 324.1274 104.7676 6.806e-20 9.818000000000001e-20 1.494e-19 0.0 -101.22 0.0
S262961 324.117 104.7975 1.346e-21 1.0060000000000001e-21 3.9739999999999995e-22 0.0 -101.17 0.0
S262962 324.076 105.0504 7.648e-16 5.496e-16 2.081e-16 0.0 -101.88 0.0
S262963 324.1156 104.767 1.054e-16 8.396e-17 3.991e-17 0.0 -101.19 0.0
S262964 324.1135 104.7678 6.683e-17 5.564e-17 2.793e-17 0.0 -101.22 0.0
S262965 324.1083 104.7697 1.288e-22 3.163e-22 1.469e-21 0.0 -101.18 0.0
S262966 324.0905 105.0374 4.378e-16 3.329e-16 1.365e-16 0.0 -101.83 1.0
S262967 324.1032 104.7669 1.7e-16 1.349e-16 6.008e-17 0.0 -101.2 1.0
S262968 324.0971 105.0484 4.43e-16 3.229e-16 1.275e-16 0.0 -101.93 0.0
S262969 324.0937 104.7869 6.649e-17 5.478e-17 2.7e-17 0.0 -101.2 0.0
S262970 324.1008 105.0454 9.083999999999999e-23 2.302e-22 1.094e-21 0.0 -101.84 0.0
S262971 324.09 104.7701 2.524e-13 1.712e-13 5.852e-14 0.0 -101.19 0.0
S262972 324.1071 105.0566 5.844e-19 6.524e-19 6.105e-19 0.0 -101.89 0.0
S262973 324.1079 105.0567 1.783e-23 5.29e-23 3.7919999999999997e-22 0.0 -101.9 0.0
S262974 324.0804 104.7628 1.072e-16 8.821e-17 4.301e-17 0.0 -101.17 0.0
S262975 324.0754 104.7672 6.788e-17 5.818e-17 3.099e-17 0.0 -101.17 0.0
S262976 324.0639 104.7803 1.208e-18 1.363e-18 1.276e-18 0.0 -101.22 0.0
S262977 324.1216 105.0641 1.315e-15 9.424e-16 3.526e-16 0.0 -101.89 0.0
S262978 324.0602 104.7681 2.616e-16 2.341e-16 1.352e-16 0.0 -101.22 0.0
S262979 324.1348 105.0432 3.618e-16 3.224e-16 1.861e-16 0.0 -101.89 0.0
S262980 324.0506 104.7477 9.776e-19 1.131e-18 1.062e-18 0.0 -101.27 0.0
S262981 324.1452 105.0593 1.478e-16 1.178e-16 5.297e-17 0.0 -101.85 1.0
S262982 324.1391 105.0603 9.473e-17 7.739e-17 3.73e-17 0.0 -101.88 0.0
S262983 324.0505 104.776 3.497e-17 3.07e-17 1.8e-17 0.0 -101.23 0.0
S262984 324.1542 105.0474 6.368e-17 5.408e-17 2.808e-17 0.0 -101.82 0.0
S262985 324.0387 104.765 4.02e-17 3.463e-17 1.856e-17 0.0 -101.27 0.0
