Name Equatorial Polar BlueF GreenF RedF Parallax RadialVelocity Variable?
S116281 337.5839 109.5547 2.2760000000000002e-20 3.663e-20 6.881e-20 0.001 -90.38 0.0
S116282 337.6231 109.6382 5.763e-23 1.567e-22 8.972e-22 0.0 -90.39 0.0
S116283 337.585 109.5491 2.751e-21 5.295e-21 1.456e-20 0.0 -90.5 0.0
S116284 337.5808 109.5309 3.997e-21 7.516e-21 1.9400000000000003e-20 0.0 -90.87 0.0
S116285 337.5937 109.427 3.524e-24 1.1969999999999999e-23 1.081e-22 0.0 -91.25 0.0
S116286 337.5696 109.53 7.876999999999999e-23 1.7899999999999997e-22 7.267999999999999e-22 0.0 -90.82 0.0
S116287 337.554 109.6575 3.178e-23 9.224e-23 5.975999999999999e-22 0.0 -90.17 0.0
S116288 337.5679 109.5385 9.383e-21 1.6340000000000002e-20 3.7150000000000006e-20 0.0 -90.49 0.0
S116289 337.5855 109.55 4.3069999999999995e-23 1.1229999999999998e-22 5.974999999999999e-22 0.0 -90.51 0.0
S116290 337.5765 109.5691 2.8e-20 4.5370000000000005e-20 9.008000000000001e-20 0.0 -90.23 0.0
S116291 337.5552 109.6066 4.4110000000000007e-20 6.519e-20 1.06e-19 0.0 -90.19 0.0
S116292 337.5636 109.5712 1.909e-16 1.834e-16 1.22e-16 0.0 -90.19 0.0
S116293 337.579 109.5402 1.199e-18 1.373e-18 1.321e-18 0.0 -90.42 0.0
S116294 337.5608 109.487 2.668e-19 3.319e-19 3.891e-19 0.0 -91.12 0.0
S116295 337.5726 109.5464 3.0389999999999996e-22 8.049999999999999e-22 4.388e-21 0.0 -90.35 0.0
S116296 337.5764 109.5035 3.281e-19 4.116e-19 4.728e-19 0.0 -91.21 0.0
S116297 337.5739 109.5415 7.031e-13 5.289e-13 2.156e-13 0.0 -90.39 0.0
S116298 337.4869 109.4772 3.7069999999999996e-24 1.1629999999999999e-23 8.902999999999999e-23 0.0 -90.83 0.0
S116299 337.5176 109.5183 1.2200000000000001e-21 2.712e-21 1.0220000000000001e-20 0.0 -90.75 0.0
S116300 337.5889 109.5227 1.387e-21 2.9870000000000002e-21 1.0140000000000001e-20 0.0 -91.0 0.0
S116301 337.5398 109.5905 6.091e-17 4.959e-17 2.349e-17 0.0 -90.21 0.0
S116302 337.5937 109.531 1.307e-19 1.776e-19 2.366e-19 0.0 -90.86 0.0
S116303 337.5572 109.5355 7.749e-25 3.097e-24 4.037e-23 0.0 -90.62 0.0
S116304 337.5817 109.5461 8.269e-23 2.0289999999999998e-22 9.250999999999999e-22 0.0 -90.45 0.0
S116305 337.5812 109.5444 7.021e-19 8.198e-19 7.983e-19 0.0 -90.46 0.0
S116306 337.5649 109.5342 8.179e-18 7.79e-18 5.152e-18 0.0 -90.66 0.0
S116307 337.5736 109.5339 1.8789999999999997e-22 4.303e-22 1.731e-21 0.0 -90.72 0.0
S116308 337.5685 109.5684 1.849e-22 4.830999999999999e-22 2.525e-21 0.0 -90.2 0.0
S116309 337.5788 109.5475 4.5590000000000004e-20 6.749000000000001e-20 1.134e-19 0.0 -90.43 0.0
S116310 337.5808 109.5391 6.45e-19 7.546e-19 7.263e-19 0.0 -90.62 0.0
S116311 337.5642 109.5587 1.024e-19 1.421e-19 2.026e-19 0.0 -90.22 0.0
S116312 337.6095 109.5125 1.3119999999999998e-22 3.356e-22 1.741e-21 0.0 -90.95 0.0
S116313 337.5717 109.5377 9.186e-24 2.921e-23 2.3279999999999997e-22 0.0 -90.29 0.0
S116314 337.5324 109.595 1.1079999999999998e-22 2.8339999999999997e-22 1.476e-21 0.0 -90.27 0.0
S116315 337.5844 109.6217 1.013e-21 2.127e-21 7.414e-21 0.0 -90.22 0.0
S116316 337.5793 109.5608 2.105e-21 1.483e-21 5.100999999999999e-22 0.0 -90.31 0.0
S116317 337.5844 109.5412 4.976e-19 6.284e-19 7.22e-19 0.0 -90.45 0.0
S116318 337.6321 109.4831 2.9160000000000002e-21 5.539e-21 1.495e-20 0.0 -91.02 0.0
S116319 337.5814 109.5267 5.753e-19 7.123e-19 7.771e-19 0.0 -90.94 0.0
S116320 337.612 109.6441 4.858e-25 1.906e-24 2.4299999999999998e-23 0.001 -90.33 0.0
S116321 337.5442 109.5236 7.467e-24 2.666e-23 2.708e-22 0.0 -90.76 0.0
S116322 337.5542 109.4761 1.498e-21 2.938e-21 8.561e-21 0.0 -91.12 0.0
S116323 337.5656 109.5211 1.282e-18 1.404e-18 1.177e-18 0.0 -91.09 0.0
S116324 337.5624 109.5404 1.169e-17 1.112e-17 7.297e-18 0.0 -90.42 0.0
S116325 337.584 109.5315 1.27e-18 1.358e-18 1.137e-18 0.0 -90.91 0.0
S116326 337.5759 109.5152 3.382e-20 4.9170000000000005e-20 7.726e-20 0.0 -91.17 0.0
S116327 337.581 109.5429 3.557e-21 6.573e-21 1.636e-20 0.0 -90.5 0.0
S116328 337.5544 109.5942 2.474e-21 1.711e-21 5.903999999999999e-22 0.0 -90.22 0.0
S116329 337.595 109.5008 9.567000000000001e-20 1.339e-19 1.96e-19 0.0 -91.2 0.0
S116330 337.5749 109.5353 6.465999999999999e-22 1.51e-21 6.292e-21 0.0 -90.24 0.0
S116331 337.5761 109.5325 6.32e-19 7.126e-19 6.816e-19 0.0 -91.0 0.0
S116332 337.5714 109.4518 1.5069999999999998e-23 4.231e-23 2.619e-22 0.0 -91.23 0.0
S116333 337.5778 109.6581 1.524e-16 1.48e-16 9.797e-17 0.0 -90.2 0.0
S116334 337.5667 109.5234 4.603e-24 1.8789999999999998e-23 2.532e-22 0.0 -90.93 0.0
S116335 337.574 109.5331 1.167e-17 1.068e-17 6.208e-18 0.0 -90.75 0.0
S116336 337.6218 109.4892 2.776e-20 4.4490000000000004e-20 8.238e-20 0.0 -91.09 0.0
S116337 337.599 109.5784 5.922e-20 8.553000000000001e-20 1.33e-19 0.0 -90.4 0.0
S116338 337.5848 109.5617 4.0819999999999997e-22 9.615e-22 4.184e-21 0.0 -90.36 0.0
S116339 337.5711 109.5338 2.3629999999999996e-22 5.765999999999999e-22 2.6540000000000002e-21 0.0 -90.67 0.0
S116340 337.5743 109.5347 3.672e-23 9.433999999999999e-23 5.018e-22 0.0 -90.47 0.0
S116341 337.5978 109.5538 4.282e-17 5.697e-17 7.417e-17 0.0 -90.53 0.0
S116342 337.5831 109.5473 5.915999999999999e-22 1.245e-21 4.181e-21 0.0 -90.45 0.0
S116343 337.5855 109.5191 2.061e-21 1.4310000000000001e-21 4.992999999999999e-22 0.0 -91.13 0.0
S116344 337.5689 109.5346 8.035e-18 7.707e-18 5.18e-18 0.0 -90.65 0.0
S116345 337.6101 109.6096 9.191e-17 1.238e-16 1.607e-16 0.0 -90.4 0.0
S116346 337.6175 109.5137 6.408e-21 1.0770000000000002e-20 2.2830000000000002e-20 0.0 -90.98 0.0
S116347 337.571 109.5485 1.072e-22 2.34e-22 8.753e-22 0.0 -90.27 0.0
S116348 337.587 109.539 2.044e-21 3.3200000000000002e-21 6.782e-21 0.0 -90.67 0.0
S116349 337.5573 109.572 2.6690000000000002e-25 1.178e-24 1.847e-23 0.0 -90.21 0.0
S116350 337.5742 109.5401 1.432e-22 3.4629999999999996e-22 1.617e-21 0.0 -90.3 0.0
S116351 337.5631 109.5278 6.012e-21 1.087e-20 2.6660000000000002e-20 0.0 -90.8 0.0
S116352 337.5743 109.5643 3.702e-18 3.848e-18 3.024e-18 0.0 -90.22 0.0
S116353 337.5626 109.502 1.111e-19 1.541e-19 2.216e-19 0.0 -91.12 0.0
S116354 337.5734 109.5063 2.7899999999999997e-23 7.638e-23 4.367e-22 0.0 -91.2 0.0
S116355 337.5718 109.5335 1.105e-19 1.465e-19 1.896e-19 0.0 -90.69 0.0
S116356 337.5739 109.5392 6.963999999999999e-23 1.9689999999999998e-22 1.216e-21 0.0 -90.34 0.0
S116357 337.5731 109.5275 2.0319999999999998e-22 4.921999999999999e-22 2.223e-21 0.0 -91.03 0.0
S116358 337.5637 109.536 2.986e-19 3.676e-19 4.075e-19 0.0 -90.58 0.0
S116359 337.5822 109.5946 5.995e-20 8.719000000000001e-20 1.367e-19 0.0 -90.23 0.0
S116360 337.5673 109.5367 4.204e-19 4.975e-19 5.133e-19 0.0 -90.34 0.0
S116361 337.5511 109.5276 4.924e-19 4.765e-19 3.186e-19 0.0 -90.73 0.0
S116362 337.5854 109.5343 1.685e-18 1.677e-18 1.222e-18 0.0 -90.72 0.0
S116363 337.5537 109.5249 5.155e-21 9.485e-21 2.3760000000000002e-20 0.0 -90.79 0.0
S116364 337.53 109.5787 9.421999999999999e-23 2.7649999999999996e-22 1.876e-21 0.0 -90.34 0.0
S116365 337.5679 109.5685 1.149e-18 1.282e-18 1.171e-18 0.0 -90.22 0.0
S116366 337.5805 109.5046 1.283e-17 1.249e-17 8.474e-18 0.0 -91.23 0.0
S116367 337.5898 109.6078 5.576e-21 9.918e-21 2.3850000000000003e-20 0.0 -90.3 0.0
S116368 337.575 109.5529 1.6270000000000002e-20 2.5690000000000002e-20 4.9530000000000004e-20 0.0 -90.23 0.0
S116369 337.5818 109.53 6.336e-21 1.1170000000000001e-20 2.6350000000000002e-20 0.0 -91.06 0.0
S116370 337.5241 109.4827 2.331e-19 2.909e-19 3.44e-19 0.0 -90.91 0.0
S116371 337.5643 109.5225 6.327e-24 1.977e-23 1.5599999999999998e-22 0.0 -90.97 0.0
S116372 337.5982 109.5652 7.816e-21 1.5e-20 4.099e-20 0.0 -90.48 0.0
S116373 337.567 109.5175 2.8969999999999995e-22 6.912999999999999e-22 2.933e-21 0.0 -91.03 0.0
S116374 337.5496 109.4757 5.733e-22 1.337e-21 5.52e-21 0.0 -91.07 0.0
S116375 337.5924 109.5454 7.084e-22 1.5320000000000001e-21 5.521e-21 0.0 -90.59 0.0
S116376 337.5729 109.6367 1.505e-18 1.774e-18 1.782e-18 0.0 -90.23 0.0
S116377 337.5122 109.5924 5.632e-19 6.894e-19 7.564e-19 0.0 -90.33 0.0
S116378 337.5096 109.6353 4.411e-19 5.392e-19 5.584e-19 0.0 -90.25 0.0
S116379 337.5547 109.53 2.934e-20 4.5660000000000004e-20 8.466000000000001e-20 0.0 -90.76 0.0
S116380 337.5958 109.5237 1.21e-22 2.584e-22 9.352e-22 0.0 -90.88 0.0
S116381 337.5661 109.5842 5.292999999999999e-22 1.135e-21 4.162e-21 0.0 -90.2 0.0
S116382 337.588 109.5341 2.026e-18 2.183e-18 1.789e-18 0.0 -90.77 0.0
S116383 337.5766 109.5718 4.176e-21 7.225e-21 1.657e-20 0.0 -90.25 0.0
S116384 337.5588 109.5529 4.1909999999999996e-22 8.828999999999998e-22 2.92e-21 0.0 -90.28 0.0
S116385 337.5953 109.4807 6.071e-21 1.0430000000000001e-20 2.2540000000000003e-20 0.0 -91.17 0.0
S116386 337.5625 109.5105 9.441e-13 8.101e-13 4.198e-13 0.0 -91.04 1.0
S116387 337.602 109.5897 2.1400000000000003e-20 3.368e-20 6.512e-20 0.0 -90.39 0.0
S116388 337.5768 109.5336 7.034e-13 5.097e-13 1.912e-13 0.0 -90.75 0.0
S116389 337.5752 109.5363 4.291e-13 2.956e-13 1.023e-13 0.0 -90.44 0.0
S116390 337.5725 109.5347 5.2050000000000007e-20 7.442e-20 1.118e-19 0.0 -90.68 0.0
S116391 337.5841 109.5271 7.537000000000001e-20 1.05e-19 1.49e-19 0.0 -90.89 0.0
S116392 337.5724 109.5276 1.454e-23 5.1949999999999997e-23 5.305999999999999e-22 0.0 -91.13 0.0
S116393 337.5751 109.5173 1.876e-18 2.141e-18 2.078e-18 0.0 -91.15 0.0
S116394 337.5805 109.5486 4.269999999999999e-22 9.238e-22 3.248e-21 0.0 -90.36 0.0
S116395 337.5659 109.5397 1.9020000000000003e-20 3.18e-20 6.566e-20 0.0 -90.52 0.0
S116396 337.5934 109.6085 7.094e-24 2.1149999999999999e-23 1.4759999999999998e-22 0.0 -90.29 0.0
S116397 337.5581 109.5463 1.652e-20 2.6940000000000002e-20 5.1930000000000005e-20 0.0 -90.34 0.0
S116398 337.5534 109.5418 3.0249999999999996e-22 6.711e-22 2.573e-21 0.0 -90.52 0.0
S116399 337.5744 109.5346 2.9849999999999998e-24 1.1549999999999999e-23 1.373e-22 0.0 -90.62 0.0
S116400 337.6905 109.4489 6.677999999999999e-23 1.901e-22 1.227e-21 0.0 -91.01 0.0
S116401 337.5513 109.4329 5.68e-24 1.8269999999999998e-23 1.5239999999999998e-22 0.0 -91.16 0.0
S116402 337.5664 109.5278 1.075e-21 2.224e-21 7.02e-21 0.0 -90.87 0.0
S116403 337.5988 109.4985 4.849e-23 1.2079999999999998e-22 5.992999999999999e-22 0.0 -91.17 0.0
S116404 337.5685 109.5205 7.460999999999999e-22 1.5620000000000001e-21 5.374e-21 0.0 -91.05 0.0
S116405 337.5886 109.5318 2.264e-21 1.549e-21 5.485999999999999e-22 0.0 -90.83 0.0
S116406 337.5741 109.5361 1.434e-18 1.658e-18 1.582e-18 0.0 -90.57 0.0
S116407 337.5738 109.5478 1.428e-23 4.5279999999999995e-23 3.518e-22 0.0 -90.28 0.0
S116408 337.6045 109.5226 1.102e-19 1.454e-19 1.788e-19 0.0 -90.91 0.0
S116409 337.5468 109.5457 2.507e-23 6.668e-23 3.7239999999999997e-22 0.0 -90.49 0.0
S116410 337.5827 109.5512 1.1190000000000001e-20 1.9850000000000003e-20 4.5980000000000006e-20 0.0 -90.35 0.0
S116411 337.5887 109.517 3.2e-24 1.07e-23 9.188999999999999e-23 0.0 -91.03 0.0
S116412 337.5702 109.5331 5.423e-13 3.768e-13 1.394e-13 0.0 -90.73 0.0
S116413 337.5721 109.5587 7.251e-23 2.228e-22 1.625e-21 0.0 -90.21 0.0
S116414 337.5752 109.5475 1.045e-17 9.665e-18 5.866e-18 0.0 -90.39 0.0
S116415 337.5924 109.5034 1.291e-22 3.3589999999999996e-22 1.783e-21 0.0 -91.15 1.0
S116416 337.5661 109.5405 1.96e-21 1.382e-21 4.933999999999999e-22 0.0 -90.38 0.0
S116417 337.5949 109.5512 3.312e-24 1.0509999999999999e-23 8.344999999999999e-23 0.0 -90.55 0.0
S116418 337.5699 109.53 1.353e-21 2.738e-21 8.178e-21 0.0 -91.03 0.0
S116419 337.5474 109.5275 2.371e-20 3.5650000000000004e-20 5.974e-20 0.0 -90.76 0.0
S116420 337.5843 109.5563 1.689e-18 2.055e-18 2.269e-18 0.0 -90.38 0.0
S116421 337.5661 109.5442 2.6690000000000003e-20 4.369e-20 8.548000000000001e-20 0.0 -90.38 0.0
S116422 337.5608 109.4839 9.474e-19 1.064e-18 9.724e-19 0.0 -91.12 0.0
S116423 337.5826 109.5437 3.5049999999999997e-23 9.647e-23 5.908e-22 0.0 -90.46 0.0
S116424 337.5642 109.5992 2.2860000000000002e-20 3.4550000000000003e-20 5.731e-20 0.0 -90.18 0.0
S116425 337.5785 109.4998 5.224e-22 1.187e-21 4.578e-21 0.0 -91.25 0.0
S116426 337.5733 109.5339 1.825e-23 5.336e-23 3.482e-22 0.0 -90.59 0.0
S116427 337.5172 109.5288 9.157999999999998e-22 1.868e-21 5.907e-21 0.0 -90.65 0.0
S116428 337.5781 109.5367 4.81e-20 6.958e-20 1.077e-19 0.0 -90.52 0.0
S116429 337.6052 109.4236 4.4820000000000005e-20 6.612e-20 1.049e-19 0.0 -91.25 0.0
S116430 337.5776 109.5319 2.7040000000000002e-20 4.114e-20 6.973000000000001e-20 0.0 -90.92 0.0
S116431 337.5821 109.4698 8.882e-24 2.729e-23 2.0759999999999997e-22 0.0 -91.25 0.0
S116432 337.5736 109.5337 7.659000000000001e-20 1.106e-19 1.731e-19 0.0 -91.88 0.0
S116433 337.5705 109.5298 2.4780000000000004e-20 4.2070000000000004e-20 8.918e-20 0.0 -90.91 0.0
S116434 337.5796 109.5442 1.5339999999999998e-22 3.527e-22 1.471e-21 0.0 -90.39 0.0
S116435 337.596 109.572 6.599000000000001e-20 9.243000000000001e-20 1.347e-19 0.0 -90.37 0.0
S116436 337.5743 109.5296 3.499e-23 1.177e-22 1.077e-21 0.0 -91.12 0.0
S116437 337.5236 109.5444 3.588e-24 1.287e-23 1.288e-22 0.0 -90.57 0.0
S116438 337.5868 109.5178 2.371e-21 4.734e-21 1.422e-20 0.0 -91.06 0.0
S116439 337.5732 109.552 1.935e-20 3.332e-20 7.352000000000001e-20 0.0 -90.26 0.0
S116440 337.5725 109.5122 2.0889999999999999e-22 4.429999999999999e-22 1.498e-21 0.0 -91.16 0.0
S116441 337.5548 109.5941 1.775e-21 3.449e-21 9.82e-21 0.0 -90.18 0.0
S116442 337.5718 109.5369 4.514e-19 6.018e-19 7.877e-19 0.0 -90.28 0.0
S116443 337.5449 109.5744 1.967e-19 2.706e-19 3.707e-19 0.0 -90.28 0.0
S116444 337.5924 109.5566 5.025999999999999e-22 1.153e-21 4.593e-21 0.001 -90.45 0.0
S116445 337.5544 109.5611 3.778e-22 8.397999999999999e-22 3.2250000000000002e-21 0.0 -90.24 0.0
S116446 337.5784 109.521 9.386e-24 2.902e-23 2.192e-22 0.0 -91.12 0.0
S116447 337.5901 109.5612 6.099e-19 7.208e-19 7.282e-19 0.0 -90.41 0.0
S116448 337.5061 109.5205 7.748e-18 7.724e-18 5.577e-18 0.0 -90.72 0.0
S116449 337.592 109.53 7.809e-22 1.684e-21 5.9860000000000004e-21 0.0 -90.85 0.0
S116450 337.5725 109.5619 1.9759999999999998e-22 5.054999999999999e-22 2.595e-21 0.0 -90.23 0.0
S116451 337.6164 109.5077 1.151e-23 3.488e-23 2.4319999999999997e-22 0.0 -90.98 0.0
S116452 337.5974 109.5508 1.307e-18 1.466e-18 1.285e-18 0.0 -90.53 0.0
S116453 337.5691 109.5451 1.143e-22 3.0529999999999995e-22 1.646e-21 0.0 -90.31 0.0
S116454 337.5447 109.3911 2.406e-21 1.6420000000000001e-21 5.669e-22 0.0 -91.18 0.0
S116455 337.6067 109.544 2.112e-21 4.299e-21 1.37e-20 0.0 -90.68 0.0
S116456 337.5753 109.5351 2.852e-19 3.476e-19 3.785e-19 0.001 -90.4 0.0
S116457 337.5838 109.5442 1.787e-21 1.285e-21 4.667999999999999e-22 0.0 -90.53 0.0
S116458 337.5665 109.5249 2.105e-22 5.137e-22 2.309e-21 0.0 -91.04 0.0
S116459 337.5721 109.57 2.984e-23 8.728e-23 5.753999999999999e-22 0.0 -90.23 0.0
S116460 337.5219 109.5675 3.2849999999999996e-27 2.395e-26 1.108e-24 0.0 -90.41 0.0
S116461 337.5948 109.5441 1.6619999999999999e-22 3.8219999999999997e-22 1.549e-21 0.0 -90.62 0.0
S116462 337.5918 109.4834 8.246e-23 1.8179999999999999e-22 6.839999999999999e-22 0.0 -91.23 1.0
S116463 337.5765 109.5362 6.922e-24 2.075e-23 1.451e-22 0.0 -90.34 0.0
S116464 337.5655 109.5319 8.411999999999999e-22 1.79e-21 6.139e-21 0.0 -90.73 0.0
S116465 337.5687 109.5558 5.747e-13 4.32e-13 1.726e-13 0.0 -90.24 0.0
S116466 337.6058 109.5117 4.205e-19 4.922e-19 4.8e-19 0.0 -91.01 0.0
S116467 337.5473 109.5253 5.484e-24 1.6419999999999998e-23 1.148e-22 0.0 -90.77 0.0
S116468 337.5549 109.5134 1.96e-21 1.373e-21 4.96e-22 0.0 -90.96 0.0
S116469 337.5871 109.511 6.894e-13 4.691e-13 1.621e-13 0.0 -91.16 0.0
S116470 337.5527 109.5084 1.379e-17 1.261e-17 7.797e-18 0.0 -90.98 0.0
S116471 337.5729 109.5389 1.964e-16 2.151e-16 1.935e-16 0.0 -90.41 0.0
S116472 337.5828 109.5424 6.902e-20 9.805e-20 1.475e-19 0.0 -90.61 0.0
S116473 337.5781 109.5267 1.344e-21 2.671e-21 8.077e-21 0.0 -91.09 0.0
S116474 337.5666 109.5312 1.482e-19 1.995e-19 2.616e-19 0.0 -90.81 0.0
S116475 337.5509 109.4445 9.435e-20 1.272e-19 1.714e-19 0.0 -91.18 0.0
S116476 337.588 109.5389 4.07e-20 6.150000000000001e-20 1.039e-19 0.0 -90.69 0.0
S116477 337.4761 109.6547 1.787e-21 3.306e-21 8.715e-21 0.0 -90.29 0.0
S116478 337.5581 109.4358 1.618e-21 2.919e-21 7.413e-21 0.0 -91.17 0.0
S116479 337.5965 109.4912 3.265e-21 6.183e-21 1.739e-20 0.0 -91.2 0.0
S116480 337.5697 109.5335 2.58e-21 4.957e-21 1.3260000000000001e-20 0.0 -90.45 0.0
S116481 337.5781 109.5225 9.769000000000001e-20 1.351e-19 1.898e-19 0.0 -91.1 0.0
S116482 337.564 109.553 8.129e-23 2.207e-22 1.274e-21 0.0 -90.26 0.0
S116483 337.5525 109.5529 1.457e-19 1.957e-19 2.497e-19 0.0 -90.4 0.0
S116484 337.5766 109.5392 1.25e-19 1.778e-19 2.591e-19 0.0 -90.3 0.0
S116485 337.5697 109.5707 2.1709999999999996e-22 4.918999999999999e-22 1.924e-21 0.0 -90.21 0.0
S116486 337.535 109.5803 2.4280000000000002e-21 5.051e-21 1.7090000000000003e-20 0.0 -90.26 0.0
S116487 337.5791 109.528 4.278e-20 6.664e-20 1.2e-19 0.0 -90.87 0.0
S116488 337.57 109.5272 1.06e-17 9.437e-18 5.574e-18 0.0 -91.04 0.0
S116489 337.593 109.5076 1.321e-22 3.1059999999999996e-22 1.3180000000000001e-21 0.0 -91.12 0.0
S116490 337.5766 109.5364 2.62e-18 2.772e-18 2.224e-18 0.0 -90.37 0.0
S116491 337.547 109.5101 6.275e-19 7.312e-19 7.202e-19 0.0 -90.89 0.0
S116492 337.5759 109.5335 1.275e-25 6.261000000000001e-25 1.261e-23 0.0 -91.19 0.0
S116493 337.5464 109.6374 2.6689999999999997e-22 5.73e-22 2.056e-21 0.0 -90.15 0.0
S116494 337.5906 109.5483 2.747e-23 7.742e-23 4.841e-22 0.0 -90.5 0.0
S116495 337.5851 109.5598 6.232999999999999e-23 1.537e-22 7.167999999999999e-22 0.0 -90.36 0.0
S116496 337.5755 109.5286 3.4689999999999995e-22 7.828999999999999e-22 3.115e-21 0.0 -91.11 0.0
S116497 337.5435 109.5967 8.625e-24 2.853e-23 2.523e-22 0.0 -90.23 0.0
S116498 337.5809 109.3442 1.794e-23 5.213e-23 3.363e-22 0.0 -91.23 0.0
S116499 337.5528 109.5348 4.057e-20 5.820000000000001e-20 9.061e-20 0.0 -90.61 0.0
S116500 337.5711 109.4985 1.006e-19 1.417e-19 2.033e-19 0.0 -91.19 0.0
S116501 337.5757 109.5763 3.3099999999999997e-23 9.026999999999999e-23 5.033e-22 0.0 -90.23 0.0
S116502 337.5681 109.5913 1.837e-24 6.576e-24 6.614e-23 0.0 -90.19 0.0
S116503 337.619 109.5088 5.1259999999999995e-23 1.347e-22 7.085999999999999e-22 0.0 -90.99 0.0
S116504 337.5739 109.5204 5.462e-22 1.228e-21 4.603e-21 0.0 -91.11 0.0
S116505 337.576 109.5376 6.518e-17 5.111e-17 2.327e-17 0.0 -90.49 0.0
S116506 337.5569 109.5646 2.502e-20 3.9770000000000006e-20 7.626000000000001e-20 0.0 -90.25 0.0
S116507 337.5379 109.4297 3.658e-17 3.073e-17 1.534e-17 0.0 -91.1 0.0
S116508 337.6676 109.5047 5.017e-20 7.673000000000001e-20 1.343e-19 0.0 -90.88 0.0
S116509 337.5719 109.5202 2.412e-22 5.767999999999999e-22 2.423e-21 0.0 -91.06 0.0
S116510 337.494 109.6203 9.559e-22 1.953e-21 6.162e-21 0.0 -90.3 0.0
S116511 337.5788 109.5327 1.058e-21 2.344e-21 8.593e-21 0.0 -91.1 0.0
S116512 337.5558 109.4936 4.416e-19 5.285e-19 5.587e-19 0.0 -91.09 0.0
S116513 337.5755 109.5346 9.873999999999999e-22 2.028e-21 6.658e-21 0.0 -90.6 0.0
S116514 337.5833 109.5187 2.329e-24 8.238e-24 8.188e-23 0.0 -91.14 0.0
S116515 337.5474 109.5062 5.831e-18 5.741e-18 3.97e-18 0.0 -90.91 0.0
S116516 337.5704 109.5198 8.992e-22 1.83e-21 5.866e-21 0.0 -90.99 0.0
S116517 337.5784 109.5273 5.107e-22 1.173e-21 4.774e-21 0.0 -91.1 0.0
S116518 337.5683 109.5431 7.286e-24 2.4529999999999999e-23 2.199e-22 0.0 -90.34 0.0
S116519 337.5741 109.5523 1.7680000000000003e-20 2.9440000000000004e-20 6.128e-20 0.001 -90.28 0.0
S116520 337.5868 109.5246 1.726e-22 4.1459999999999996e-22 1.866e-21 0.0 -90.94 0.0
S116521 337.5613 109.5245 1.333e-23 3.63e-23 2.0939999999999997e-22 0.0 -90.87 0.0
S116522 337.5593 109.5564 1.9720000000000002e-20 3.307e-20 6.845000000000001e-20 0.0 -90.22 0.0
S116523 337.5807 109.5334 1.161e-20 1.925e-20 3.962e-20 0.0 -90.81 0.0
S116524 337.5792 109.5459 3.496e-22 8.160999999999999e-22 3.287e-21 0.0 -90.28 0.0
S116525 337.5658 109.5419 2.956e-22 6.511999999999999e-22 2.377e-21 0.0 -90.46 0.0
S116526 337.5917 109.4715 1.9229999999999998e-23 6.271e-23 5.3109999999999995e-22 0.0 -91.24 0.0
S116527 337.5692 109.5378 5.227e-21 1.0030000000000001e-20 2.6860000000000003e-20 0.0 -90.46 0.0
S116528 337.5451 109.6415 1.287e-21 2.399e-21 6.2240000000000005e-21 0.0 -90.16 0.0
S116529 337.6216 109.5747 1.36e-18 1.453e-18 1.215e-18 0.0 -90.51 0.0
S116530 337.5885 109.5004 1.337e-24 5.023e-24 5.579e-23 0.001 -91.18 0.0
S116531 337.6347 109.454 9.777e-20 1.343e-19 1.892e-19 0.0 -91.13 0.0
S116532 337.5712 109.5205 1.27e-25 6.287000000000001e-25 1.281e-23 0.0 -91.01 0.0
S116533 337.5706 109.5267 1.362e-16 1.281e-16 8.164e-17 0.0 -91.11 0.0
S116534 337.5802 109.4509 3.483e-23 1.0819999999999998e-22 8.236999999999999e-22 0.0 -91.26 0.0
S116535 337.5778 109.5234 2.357e-19 2.992e-19 3.488e-19 0.0 -91.16 0.0
S116536 337.5748 109.5375 5.549e-19 6.89e-19 7.651e-19 0.0 -90.38 0.0
S116537 337.5565 109.4834 1.313e-17 1.706e-17 2.136e-17 0.0 -91.07 0.0
S116538 337.5841 109.5642 1.958e-24 6.831e-24 6.5e-23 0.0 -90.36 0.0
S116539 337.5959 109.5324 5.472999999999999e-23 1.533e-22 9.533e-22 0.0 -90.79 0.0
S116540 337.5665 109.5482 2.383e-18 2.395e-18 1.721e-18 0.0 -90.33 0.0
S116541 337.5637 109.5305 1.469e-20 2.3940000000000002e-20 4.5630000000000007e-20 0.0 -90.76 0.0
S116542 337.5629 109.5504 4.872e-19 5.855e-19 6.362e-19 0.0 -90.27 0.0
S116543 337.5658 109.5249 1.948e-18 2.051e-18 1.642e-18 0.0 -90.88 0.0
S116544 337.5832 109.5529 7.883e-24 2.4269999999999999e-23 1.852e-22 0.0 -90.4 0.0
S116545 337.5835 109.5282 2.3300000000000003e-20 3.652e-20 6.551e-20 0.0 -90.89 0.0
S116546 337.5785 109.5346 1.109e-17 1.318e-17 1.307e-17 0.0 -90.74 0.0
S116547 337.6336 109.4638 4.75e-22 1.049e-21 3.942e-21 0.0 -91.13 0.0
S116548 337.5937 109.5957 7.286999999999999e-22 1.542e-21 5.406e-21 0.0 -90.37 0.0
S116549 337.5584 109.4525 6.368e-23 1.6939999999999998e-22 9.045999999999999e-22 0.0 -91.12 0.0
S116550 337.5519 109.5278 2.495e-19 3.152e-19 3.714e-19 0.0 -90.76 0.0
S116551 337.5763 109.5334 1.2200000000000002e-20 2.043e-20 4.2140000000000004e-20 0.0 -90.87 0.0
S116552 337.5719 109.5231 2.398e-21 1.678e-21 5.832e-22 0.0 -91.12 0.0
S116553 337.5865 109.5455 1.0030000000000001e-21 1.892e-21 5.233e-21 0.0 -90.54 0.0
S116554 337.5715 109.5338 4.1539999999999996e-24 1.394e-23 1.262e-22 0.0 -90.6 0.0
S116555 337.5916 109.5232 1.56e-21 3.158e-21 9.663e-21 0.0 -90.99 0.0
S116556 337.5737 109.5338 4.311e-18 4.163e-18 2.818e-18 0.0 -90.72 0.0
S116557 337.5586 109.523 2.179e-23 5.929e-23 3.4189999999999996e-22 0.0 -90.83 0.0
S116558 337.5694 109.5261 7.453e-23 1.8089999999999998e-22 8.506999999999999e-22 0.0 -90.98 0.0
S116559 337.578 109.5165 8.655e-13 6.5e-13 2.738e-13 0.0 -91.14 1.0
S116560 337.5703 109.5311 7.983e-21 1.38e-20 3.071e-20 0.0 -91.11 0.0
S116561 337.5606 109.6397 4.203e-24 1.3509999999999998e-23 1.1189999999999998e-22 0.0 -90.21 0.0
S116562 337.5687 109.5261 1.9630000000000002e-25 8.883e-25 1.4989999999999998e-23 0.0 -90.95 0.0
S116563 337.5715 109.5335 1.481e-19 1.962e-19 2.478e-19 0.0 -90.58 0.0
S116564 337.6119 109.5392 2.05e-19 2.714e-19 3.546e-19 0.0 -90.76 0.0
S116565 337.5614 109.591 1.736e-19 2.187e-19 2.435e-19 0.0 -90.17 0.0
S116566 337.597 109.5333 6.797e-23 1.6539999999999998e-22 7.47e-22 0.0 -90.79 0.0
S116567 337.5835 109.5328 2.954e-21 5.43e-21 1.384e-20 0.0 -90.79 0.0
S116568 337.5754 109.5225 4.147e-18 4.189e-18 3.102e-18 0.0 -91.06 0.0
S116569 337.5715 109.5333 1.139e-23 3.748e-23 3.3019999999999997e-22 0.0 -90.97 0.0
S116570 337.5681 109.5304 6.226999999999999e-22 1.362e-21 4.9870000000000004e-21 0.0 -90.88 0.0
S116571 337.5724 109.5358 1.912e-16 1.959e-16 1.476e-16 0.0 -90.63 0.0
S116572 337.5353 109.5609 2.019e-22 5.116999999999999e-22 2.465e-21 0.0 -90.4 0.0
S116573 337.5712 109.5315 1.6529999999999998e-22 4.1389999999999996e-22 1.946e-21 0.0 -90.84 0.0
S116574 337.5705 109.5314 4.502e-19 5.617e-19 6.473e-19 0.0 -90.91 0.0
S116575 337.5567 109.6002 5.7840000000000004e-21 1.075e-20 2.681e-20 0.0 -90.19 0.0
S116576 337.554 109.4928 4.205e-21 7.79e-21 1.9610000000000003e-20 0.0 -91.06 0.0
S116577 337.574 109.5127 1.472e-19 1.903e-19 2.356e-19 0.0 -91.18 0.0
S116578 337.5789 109.53 2.3649999999999998e-23 6.693e-23 4.0949999999999996e-22 0.0 -90.9 0.0
S116579 337.5781 109.5354 4.208e-21 7.672e-21 1.942e-20 0.0 -90.38 0.0
S116580 337.5305 109.5731 3.892e-18 3.948e-18 2.983e-18 0.0 -90.34 0.0
S116581 337.5646 109.5106 3.488e-21 6.606e-21 1.825e-20 0.0 -91.1 0.0
S116582 337.555 109.5556 1.671e-22 4.334e-22 2.248e-21 0.0 -90.31 0.0
S116583 337.5685 109.519 1.087e-22 2.591e-22 1.1340000000000001e-21 0.0 -91.02 0.0
S116584 337.5773 109.5479 5.301e-22 1.102e-21 3.61e-21 0.0 -90.28 0.0
S116585 337.5647 109.5069 1.324e-17 1.273e-17 8.567e-18 0.0 -91.13 0.0
S116586 337.5603 109.5591 3.5319999999999997e-22 8.917999999999998e-22 4.48e-21 0.0 -90.24 0.0
S116587 337.5753 109.5597 1.7939999999999998e-22 3.8499999999999996e-22 1.3180000000000001e-21 0.0 -90.27 0.0
S116588 337.5738 109.5295 1.571e-21 2.645e-21 5.595e-21 0.0 -91.01 0.0
S116589 337.5505 109.5656 2.4799999999999997e-23 6.839e-23 4.121e-22 0.0 -90.28 0.0
S116590 337.5757 109.5456 1.992e-21 1.399e-21 5.055999999999999e-22 0.0 -90.31 0.0
S116591 337.5678 109.509 2.986e-23 8.855999999999999e-23 5.887999999999999e-22 0.0 -91.11 0.0
S116592 337.5791 109.5262 4.88e-18 4.819e-18 3.248e-18 0.0 -90.91 0.0
S116593 337.5743 109.5333 7.953999999999999e-22 1.514e-21 4.182e-21 0.0 -90.78 0.0
S116594 337.5781 109.5216 3.2059999999999997e-23 7.869e-23 3.6269999999999996e-22 0.0 -91.13 0.0
S116595 337.5309 109.5648 2.365e-21 4.608e-21 1.2910000000000002e-20 0.0 -90.37 0.0
S116596 337.5827 109.488 2.684e-23 7.08e-23 3.778e-22 0.0 -91.21 0.0
S116597 337.5174 109.5553 1.342e-13 9.077e-14 2.909e-14 0.0 -90.51 0.0
S116598 337.584 109.5464 1.265e-19 1.782e-19 2.538e-19 0.0 -90.41 0.0
S116599 337.6364 109.5429 1.495e-20 2.4940000000000002e-20 5.1300000000000006e-20 0.0 -90.71 0.0
S116600 337.5701 109.5349 1.2270000000000002e-20 2.0240000000000002e-20 4.1850000000000005e-20 0.0 -90.42 0.0
S116601 337.5639 109.5222 2.4029999999999997e-22 5.467e-22 2.188e-21 0.0 -90.92 0.0
S116602 337.5679 109.6115 2.2529999999999997e-22 5.294999999999999e-22 2.23e-21 0.0 -90.19 0.0
S116603 337.5782 109.528 2.7850000000000004e-20 4.153e-20 7.061e-20 0.0 -91.04 0.0
S116604 337.643 109.581 5.871e-20 9.001000000000001e-20 1.552e-19 0.0 -90.55 0.0
S116605 337.5538 109.4393 1.422e-22 3.7599999999999996e-22 2.066e-21 0.0 -91.15 0.0
S116606 337.5283 109.5406 1.7580000000000002e-20 2.863e-20 5.696e-20 0.0 -90.61 0.0
S116607 337.5795 109.5371 5.773e-23 1.4909999999999999e-22 7.814999999999999e-22 0.0 -90.61 0.0
S116608 337.5723 109.5338 7.425e-24 2.426e-23 2.0779999999999999e-22 0.0 -90.38 0.0
S116609 337.5564 109.5498 2.871e-20 4.3790000000000004e-20 7.657000000000001e-20 0.0 -90.35 0.0
S116610 337.5684 109.5812 2.926e-22 6.3659999999999995e-22 2.279e-21 0.0 -90.2 0.0
S116611 337.5833 109.5423 2.644e-22 5.6e-22 1.968e-21 0.0 -90.49 0.0
S116612 337.5496 109.5396 4.0879999999999997e-22 9.06e-22 3.3940000000000004e-21 0.0 -90.6 0.0
S116613 337.5647 109.5339 1.5530000000000001e-21 3.422e-21 1.2530000000000002e-20 0.0 -90.64 0.0
S116614 337.5644 109.4989 2.48e-21 5.087e-21 1.6020000000000003e-20 0.0 -91.07 0.0
S116615 337.5714 109.5386 2.5990000000000003e-20 4.0070000000000004e-20 7.194e-20 0.0 -90.34 0.0
S116616 337.57 109.5311 2.18e-24 7.547e-24 7.342e-23 0.0 -91.12 1.0
S116617 337.5787 109.5205 9.872e-19 1.138e-18 1.109e-18 0.0 -91.15 0.0
S116618 337.5348 109.5683 3.2499999999999997e-22 7.38e-22 2.928e-21 0.0 -90.39 0.0
S116619 337.6849 109.4339 1.6720000000000002e-20 2.745e-20 5.524e-20 0.0 -91.07 0.0
S116620 337.5684 109.533 1.176e-21 2.4580000000000002e-21 8.014e-21 0.0 -90.62 0.0
S116621 337.5626 109.5344 7.276e-22 1.738e-21 7.566e-21 0.0 -90.69 0.0
S116622 337.5733 109.5487 1.182e-23 3.698e-23 2.8969999999999995e-22 0.0 -90.3 0.0
S116623 337.5737 109.5321 7.650000000000001e-20 1.112e-19 1.66e-19 0.0 -90.81 0.0
S116624 337.6124 109.5235 8.826000000000001e-20 1.221e-19 1.704e-19 0.0 -90.85 0.0
S116625 337.575 109.5405 1.0950000000000001e-20 1.8130000000000002e-20 3.776e-20 0.0 -90.45 0.0
S116626 337.5482 109.6011 1.052e-18 1.261e-18 1.285e-18 0.0 -90.18 0.0
S116627 337.5859 109.5554 4.248e-22 1.025e-21 4.378e-21 0.0 -90.43 0.0
S116628 337.5904 109.5416 3.1009999999999997e-22 6.86e-22 2.518e-21 0.0 -90.61 0.0
S116629 337.5432 109.553 1.776e-21 1.259e-21 4.618e-22 0.0 -90.43 0.0
S116630 337.5697 109.542 5.946e-23 1.551e-22 8.162999999999999e-22 0.0 -90.3 0.0
S116631 337.5358 109.5948 3.072e-22 6.998999999999999e-22 2.875e-21 0.0 -90.25 0.0
S116632 337.5636 109.5217 1.022e-19 1.385e-19 1.923e-19 0.0 -90.93 0.0
S116633 337.5833 109.5553 3.8940000000000006e-20 5.839000000000001e-20 9.773000000000001e-20 0.0 -90.31 0.0
S116634 337.584 109.6259 1.443e-19 1.88e-19 2.363e-19 0.0 -90.24 0.0
S116635 337.6241 109.5181 8.475e-18 8.02e-18 5.192e-18 0.0 -90.9 0.0
S116636 337.5591 109.5518 6.854999999999999e-22 1.563e-21 6.345e-21 0.0 -90.33 0.0
S116637 337.5851 109.5729 1.846e-21 3.8460000000000004e-21 1.249e-20 0.0 -90.28 0.0
S116638 337.5816 109.5305 7.843999999999999e-22 1.712e-21 6.209e-21 0.0 -90.93 0.0
S116639 337.5605 109.5346 1.707e-16 1.654e-16 1.161e-16 0.0 -90.64 0.0
S116640 337.5753 109.5341 3.34e-20 4.9220000000000007e-20 7.646e-20 0.0 -90.73 0.0
S116641 337.5677 109.5338 2.286e-17 1.926e-17 9.986e-18 0.0 -90.62 0.0
S116642 337.608 109.5376 1.24e-22 3.2649999999999998e-22 1.799e-21 0.0 -90.76 1.0
S116643 337.5927 109.5869 1.521e-20 2.4870000000000002e-20 4.851e-20 0.0 -90.35 0.0
S116644 337.5707 109.539 5.715000000000001e-20 8.213000000000001e-20 1.229e-19 0.0 -90.3 0.0
S116645 337.556 109.5014 9.684e-23 2.4609999999999997e-22 1.288e-21 0.0 -90.97 0.0
S116646 337.5782 109.5495 1.196e-19 1.689e-19 2.546e-19 0.0 -90.33 0.0
S116647 337.5671 109.5031 9.686e-22 2.115e-21 7.472e-21 0.0 -91.18 0.0
S116648 337.5764 109.6198 5.0479999999999995e-23 1.344e-22 7.269999999999999e-22 0.0 -90.21 0.0
S116649 337.5733 109.5235 3.8649999999999996e-22 7.794e-22 2.33e-21 0.0 -91.14 0.0
S116650 337.5769 109.5434 2.195e-20 3.499e-20 6.480000000000001e-20 0.0 -90.37 0.0
S116651 337.5524 109.5607 3.0410000000000003e-20 4.6830000000000004e-20 8.431000000000001e-20 0.0 -90.32 0.0
S116652 337.5525 109.5104 3.926e-23 9.955e-23 4.739e-22 0.0 -90.96 0.0
S116653 337.5661 109.5422 6.4699999999999995e-22 1.3270000000000001e-21 4.248e-21 0.0 -90.37 0.0
S116654 337.7132 109.4573 8.144e-14 5.417e-14 1.707e-14 0.0 -90.96 0.0
S116655 337.5845 109.5295 2.5110000000000002e-20 3.802e-20 6.625000000000001e-20 0.0 -90.98 0.0
S116656 337.5688 109.5337 2.669e-23 6.767e-23 3.386e-22 0.0 -90.42 0.0
S116657 337.5867 109.5214 2.232e-18 2.449e-18 2.096e-18 0.0 -91.06 0.0
S116658 337.5966 109.5895 2.278e-22 5.112999999999999e-22 1.969e-21 0.0 -90.34 0.0
S116659 337.5571 109.5388 2.307e-22 5.620999999999999e-22 2.689e-21 0.0 -90.54 0.0
S116660 337.5851 109.5388 1.3789999999999998e-22 3.1499999999999995e-22 1.224e-21 0.0 -90.66 0.0
S116661 337.5874 109.5289 2.027e-21 1.4340000000000001e-21 5.12e-22 0.0 -90.89 0.0
S116662 337.6101 109.4352 1.862e-19 2.574e-19 3.713e-19 0.0 -91.21 0.0
S116663 337.5376 109.6485 1.085e-18 1.191e-18 1.067e-18 0.0 -90.17 0.0
S116664 337.5773 109.5306 6.672e-24 2.484e-23 2.6769999999999997e-22 0.0 -90.97 0.0
S116665 337.5817 109.5661 1.579e-21 3.154e-21 9.611e-21 0.0 -90.28 0.0
S116666 337.5928 109.4983 2.131e-19 2.796e-19 3.554e-19 0.0 -91.2 0.0
S116667 337.5753 109.5448 1.508e-23 4.761e-23 3.8799999999999997e-22 0.0 -90.26 0.0
S116668 337.5676 109.5247 5.514000000000001e-20 7.679e-20 1.075e-19 0.0 -90.93 0.0
S116669 337.5682 109.5365 2.189e-18 2.298e-18 1.864e-18 0.0 -90.59 0.0
S116670 337.5439 109.5055 1.679e-19 2.263e-19 2.92e-19 0.0 -90.93 0.0
S116671 337.5827 109.533 6.928e-19 7.711e-19 7.082e-19 0.0 -90.87 0.0
S116672 337.5648 109.548 3.683e-24 1.361e-23 1.5459999999999998e-22 0.0 -90.4 0.0
S116673 337.6076 109.5092 4.4509999999999997e-23 1.166e-22 6.149e-22 0.0 -90.98 0.0
S116674 337.5182 109.545 2.533e-22 6.110999999999999e-22 2.617e-21 0.0 -90.58 0.0
S116675 337.579 109.5319 9.177e-22 1.931e-21 6.825e-21 0.0 -90.81 0.0
S116676 337.5693 109.5316 2.407e-18 2.647e-18 2.346e-18 0.0 -90.78 0.0
S116677 337.6051 109.3836 6.452999999999999e-22 1.382e-21 4.915e-21 0.0 -91.25 0.0
S116678 337.574 109.5295 3.324e-24 1.047e-23 8.225999999999999e-23 0.0 -91.05 0.0
S116679 337.5995 109.5237 8.452e-17 1.099e-16 1.313e-16 0.0 -90.96 0.0
S116680 337.572 109.503 9.979999999999999e-23 2.37e-22 1.023e-21 0.0 -91.16 0.0
S116681 337.5998 109.5156 3.1569999999999995e-22 7.400999999999999e-22 3.071e-21 0.0 -91.01 0.0
S116682 337.5501 109.5324 1.607e-18 1.746e-18 1.547e-18 0.0 -90.65 0.0
S116683 337.5596 109.5246 1.083e-23 3.112e-23 1.9959999999999998e-22 0.0 -90.82 0.0
S116684 337.6325 109.4979 1.916e-17 1.704e-17 9.665e-18 0.0 -90.99 0.0
S116685 337.5843 109.4853 2.2240000000000002e-20 3.685e-20 7.457e-20 0.0 -91.24 0.0
S116686 337.582 109.5142 5.222e-23 1.255e-22 5.452e-22 0.0 -91.14 0.0
S116687 337.5777 109.5349 1.087e-20 1.7890000000000002e-20 3.5560000000000006e-20 0.0 -90.62 0.0
S116688 337.5799 109.5289 5.663e-20 8.565e-20 1.44e-19 0.0 -90.98 0.0
S116689 337.5707 109.5329 6.557e-19 7.834e-19 8.005e-19 0.0 -91.09 0.0
S116690 337.5759 109.5299 1.47e-20 2.295e-20 4.3010000000000006e-20 0.0 -91.09 0.0
S116691 337.5702 109.5295 1.388e-19 1.818e-19 2.256e-19 0.0 -91.02 0.0
S116692 337.5428 109.5654 3.786e-13 2.618e-13 9.133e-14 0.0 -90.35 0.0
S116693 337.5664 109.5628 1.988e-16 1.606e-16 7.375e-17 0.0 -90.22 0.0
S116694 337.5601 109.5267 1.219e-21 2.521e-21 8.403e-21 0.0 -90.83 0.0
S116695 337.5777 109.5088 9.25e-21 1.564e-20 3.29e-20 0.0 -91.2 0.0
S116696 337.6065 109.5341 6.136e-23 1.5199999999999998e-22 7.129e-22 0.0 -90.77 0.0
S116697 337.5562 109.5265 3.878e-20 5.743000000000001e-20 8.968000000000001e-20 0.0 -90.82 0.0
S116698 337.5958 109.5116 4.1039999999999997e-22 9.176e-22 3.621e-21 0.0 -91.14 0.0
S116699 337.5359 109.627 2.792e-18 2.946e-18 2.376e-18 0.0 -90.18 0.0
S116700 337.6713 109.4548 1.239e-21 2.6300000000000002e-21 9.113e-21 0.0 -91.0 0.0
S116701 337.5331 109.5726 1.6869999999999998e-22 4.0949999999999996e-22 1.837e-21 0.0 -90.36 0.0
S116702 337.5658 109.5758 7.151999999999999e-23 1.9659999999999998e-22 1.159e-21 0.0 -90.17 0.0
S116703 337.5273 109.5158 1.258e-22 3.028e-22 1.3330000000000001e-21 0.0 -90.77 0.0
S116704 337.5542 109.5287 1.476e-24 5.463e-24 5.997e-23 0.0 -90.73 0.0
S116705 337.5715 109.5345 1.0049999999999999e-22 2.671e-22 1.4250000000000001e-21 0.0 -90.47 0.0
S116706 337.5903 109.5363 1.1529999999999999e-22 2.909e-22 1.474e-21 0.0 -90.73 0.0
S116707 337.5265 109.5807 1.6879999999999999e-22 4.0059999999999996e-22 1.766e-21 0.0 -90.36 0.0
S116708 337.5705 109.5352 2.7920000000000004e-20 4.1800000000000003e-20 6.935e-20 0.0 -90.37 0.0
S116709 337.4921 109.6108 2.717e-17 3.528e-17 4.32e-17 0.0 -90.38 0.0
S116710 337.5643 109.5457 1.266e-19 1.796e-19 2.625e-19 0.0 -90.39 0.0
S116711 337.5626 109.4556 1.02e-21 1.964e-21 5.497e-21 0.0 -91.14 0.0
S116712 337.576 109.5408 8.334e-20 1.192e-19 1.827e-19 0.0 -90.34 0.0
S116713 337.5459 109.6449 9.426e-21 1.515e-20 3.024e-20 0.0 -90.18 0.0
S116714 337.5888 109.4994 4e-17 3.404e-17 1.818e-17 0.0 -91.22 0.0
S116715 337.5711 109.5315 2.5420000000000002e-20 3.997e-20 7.545e-20 0.0 -90.84 0.0
S116716 337.5847 109.6058 8.091e-18 7.472e-18 4.726e-18 0.0 -90.21 0.0
S116717 337.5425 109.6247 1.189e-18 1.235e-18 9.752e-19 0.0 -90.18 0.0
S116718 337.5653 109.5055 2.631e-19 3.354e-19 4.023e-19 0.0 -91.08 0.0
S116719 337.5705 109.4779 3.492e-24 1.136e-23 9.369999999999999e-23 0.0 -91.18 0.0
S116720 337.581 109.5695 1.377e-20 2.3100000000000003e-20 4.673e-20 0.0 -90.26 0.0
S116721 337.5264 109.5812 1.082e-18 1.248e-18 1.218e-18 0.0 -90.36 0.0
S116722 337.5679 109.5324 1.305e-21 2.587e-21 7.638e-21 0.0 -90.7 0.0
S116723 337.5887 109.5169 3.311e-29 4.205e-28 6.236e-26 0.0 -91.15 0.0
S116724 337.5811 109.5296 5.311e-17 9.546e-17 2.343e-16 0.0 -90.82 0.0
S116725 337.5856 109.5194 1.924e-21 1.354e-21 4.882e-22 0.0 -91.0 0.0
S116726 337.5872 109.5407 3.885e-18 3.902e-18 2.912e-18 0.0 -90.28 0.0
S116727 337.5975 109.5224 6.974e-13 4.878e-13 1.722e-13 0.0 -91.02 0.0
S116728 337.5772 109.5568 1.478e-17 1.35e-17 7.877e-18 0.0 -90.31 0.0
S116729 337.5649 109.5459 7.275000000000001e-20 1.087e-19 1.792e-19 0.0 -90.32 0.0
S116730 337.5493 109.5213 3.762e-17 3.189e-17 1.656e-17 0.0 -90.91 0.0
S116731 337.57 109.5596 1.362e-17 1.242e-17 7.468e-18 0.0 -90.19 0.0
S116732 337.5905 109.5503 2.42e-21 1.659e-21 5.79e-22 0.0 -90.5 0.0
S116733 337.5993 109.5223 1.173e-21 2.451e-21 8.221e-21 0.0 -91.0 0.0
S116734 337.5684 109.5323 3.584e-13 2.409e-13 8.029e-14 0.0 -90.74 0.0
S116735 337.5654 109.5352 4.506e-18 4.418e-18 3.173e-18 0.0 -90.64 0.0
S116736 337.5657 109.5295 3.9409999999999998e-22 8.852e-22 3.554e-21 0.0 -91.06 0.0
S116737 337.6116 109.5257 6.394999999999999e-23 1.76e-22 1.05e-21 0.0 -91.01 0.0
S116738 337.5968 109.5264 1.9660000000000002e-25 9.069000000000001e-25 1.587e-23 0.0 -91.09 0.0
S116739 337.5491 109.5395 7.287e-17 6.499e-17 3.752e-17 0.0 -90.5 0.0
S116740 337.5754 109.5358 2.828e-18 2.887e-18 2.226e-18 0.0 -90.65 0.0
S116741 337.5892 109.5225 5.7830000000000004e-21 1.0670000000000001e-20 2.828e-20 0.0 -91.08 0.0
S116742 337.5898 109.5204 2.0109999999999999e-22 5.185999999999999e-22 2.665e-21 0.0 -91.08 0.0
S116743 337.58 109.5365 1.233e-17 1.15e-17 7.176e-18 0.0 -90.66 0.0
S116744 337.576 109.5491 9.607999999999999e-24 3.275e-23 2.976e-22 0.0 -90.38 0.0
S116745 337.5601 109.5258 7.493999999999999e-22 1.6390000000000001e-21 6.066e-21 0.0 -91.0 0.0
S116746 337.5726 109.5372 1.244e-23 4.137e-23 3.6989999999999995e-22 0.0 -90.52 0.0
S116747 337.5762 109.5332 3.719e-20 5.771000000000001e-20 1.035e-19 0.0 -90.78 0.0
S116748 337.5879 109.5356 6.628e-27 4.6350000000000007e-26 1.896e-24 0.0 -90.8 0.0
S116749 337.5657 109.5186 1.296e-17 1.199e-17 7.55e-18 0.0 -91.16 0.0
S116750 337.5649 109.5223 4.059e-21 7.309e-21 1.7960000000000002e-20 0.0 -91.13 0.0
S116751 337.5834 109.5167 6.510000000000001e-20 9.225e-20 1.344e-19 0.0 -91.15 0.0
S116752 337.5558 109.5284 2.152e-17 1.911e-17 1.093e-17 0.0 -90.73 0.0
S116753 337.5885 109.5202 1.897e-21 3.699e-21 1.0810000000000001e-20 0.0 -91.07 0.0
S116754 337.5646 109.5105 8.377e-18 7.944e-18 5.131e-18 0.0 -91.18 0.0
S116755 337.5735 109.5597 3.385e-19 4.417e-19 5.495e-19 0.0 -90.26 0.0
S116756 337.543 109.5287 7.928e-17 6.254e-17 2.914e-17 0.0 -90.69 0.0
S116757 337.5509 109.5009 7.688e-17 7.279e-17 4.552e-17 0.0 -91.11 0.0
S116758 337.55 109.5095 3.635e-16 2.891e-16 1.361e-16 0.0 -90.99 0.0
S116759 337.5896 109.5348 1.857e-23 5.81e-23 4.5389999999999995e-22 0.0 -90.81 0.0
S116760 337.5632 109.5117 4.795e-21 8.927e-21 2.3580000000000003e-20 0.0 -91.2 0.0
S116761 337.591 109.5116 1.359e-18 1.424e-18 1.123e-18 0.0 -91.22 0.0
S116762 337.5619 109.5384 1.977e-20 3.175e-20 5.979e-20 0.0 -90.34 0.0
S116763 337.5939 109.5043 2.959e-18 3.057e-18 2.258e-18 0.0 -91.13 0.0
S116764 337.5727 109.5263 1.6319999999999998e-23 5.422e-23 4.664e-22 0.0 -91.1 0.0
S116765 337.563 109.5191 3.455e-19 4.208e-19 4.664e-19 0.0 -91.09 0.0
S116766 337.568 109.5321 1.879e-17 1.706e-17 1.013e-17 0.0 -90.88 0.0
S116767 337.5478 109.5115 1.223e-20 2.0900000000000002e-20 4.471e-20 0.0 -90.99 0.0
S116768 337.5897 109.5328 7.394e-22 1.467e-21 4.462e-21 0.0 -90.82 0.0
S116769 337.5891 109.5536 2.461e-21 1.682e-21 5.8459999999999995e-22 0.0 -90.22 0.0
S116770 337.5659 109.5109 4.9160000000000004e-21 8.748e-21 2.0610000000000003e-20 0.0 -91.23 0.0
S116771 337.5618 109.5103 2.061e-19 2.749e-19 3.543e-19 0.0 -91.07 0.0
S116772 337.5656 109.5378 6.656e-18 6.356e-18 4.3e-18 0.0 -90.33 0.0
S116773 337.5852 109.5127 1.019e-22 2.555e-22 1.203e-21 0.0 -91.17 0.0
S116774 337.5619 109.5413 3.685e-20 5.791e-20 1.058e-19 0.0 -90.46 0.0
S116775 337.5476 109.5315 3.6180000000000003e-25 1.506e-24 2.052e-23 0.0 -90.65 0.0
S116776 337.582 109.5252 2.06e-22 5.481e-22 3.131e-21 0.0 -91.12 0.0
S116777 337.5851 109.5271 6.614e-17 5.342e-17 2.566e-17 0.0 -90.99 0.0
S116778 337.5711 109.5193 3.456e-18 3.615e-18 2.951e-18 0.0 -91.13 0.0
S116779 337.6019 109.5072 2.9450000000000002e-21 1.974e-21 6.4999999999999995e-22 0.0 -91.14 0.0
S116780 337.5763 109.5209 1.371e-16 1.068e-16 4.62e-17 0.0 -91.1 1.0
S116781 337.5829 109.5447 5.425e-17 4.502e-17 2.242e-17 0.0 -90.45 0.0
S116782 337.5974 109.5357 1.283e-23 3.858e-23 2.7149999999999997e-22 0.0 -90.76 0.0
S116783 337.5671 109.515 3.6249999999999995e-22 7.984999999999999e-22 3.036e-21 0.0 -91.19 0.0
S116784 337.5717 109.5131 1.239e-23 4.143e-23 3.7549999999999997e-22 0.0 -91.23 0.0
S116785 337.5788 109.5243 2.372e-19 3.076e-19 3.728e-19 0.0 -90.97 0.0
S116786 337.5858 109.5297 7.505000000000001e-20 1.099e-19 1.717e-19 0.0 -90.87 0.0
S116787 337.582 109.5211 7.571e-20 1.153e-19 2e-19 0.0 -91.11 0.0
S116788 337.5949 109.5178 4.8659999999999995e-22 1.175e-21 5.157e-21 0.0 -90.97 0.0
S116789 337.5744 109.5466 3.1560000000000005e-20 4.9030000000000005e-20 8.649e-20 0.0 -90.29 0.0
S116790 337.5615 109.5373 5.039999999999999e-22 1.002e-21 3.132e-21 0.0 -90.35 0.0
S116791 337.5665 109.545 9.617e-23 2.413e-22 1.147e-21 0.0 -90.44 0.0
S116792 337.5782 109.543 2.294e-19 2.986e-19 3.659e-19 0.0 -90.27 0.0
S116793 337.5453 109.5491 2.077e-21 1.461e-21 5.194e-22 0.0 -90.22 0.0
S116794 337.5581 109.5494 5.654e-17 4.706e-17 2.35e-17 0.0 -90.27 0.0
S116795 337.5784 109.5173 4.416999999999999e-22 1.06e-21 4.729e-21 0.0 -91.07 0.0
S116796 337.5652 109.5323 1.194e-19 1.59e-19 1.991e-19 0.0 -90.71 0.0
S116797 337.5631 109.559 1.689e-18 1.759e-18 1.378e-18 0.0 -90.28 0.0
S116798 337.5529 109.5268 8.083999999999999e-22 1.595e-21 4.597e-21 0.0 -90.75 0.0
S116799 337.5968 109.5686 2.178e-16 2.245e-16 1.715e-16 0.0 -90.25 0.0
S116800 337.6029 109.5117 4.1979999999999996e-22 9.505e-22 3.633e-21 0.0 -91.13 0.0
S116801 337.5485 109.539 5.609e-20 8.168e-20 1.34e-19 0.0 -90.36 0.0
S116802 337.5603 109.5264 1.903e-21 3.75e-21 1.0980000000000001e-20 0.0 -91.11 0.0
S116803 337.5747 109.5626 2.161e-22 4.9549999999999995e-22 1.958e-21 0.0 -90.19 0.0
S116804 337.5844 109.5144 2.94e-18 3.039e-18 2.406e-18 0.0 -91.15 0.0
S116805 337.5633 109.5434 1.156e-18 1.294e-18 1.15e-18 0.0 -90.36 0.0
S116806 337.5725 109.5535 1.351e-18 1.557e-18 1.553e-18 0.0 -90.28 0.0
S116807 337.5842 109.5357 2.3860000000000002e-20 3.6480000000000004e-20 6.275e-20 0.0 -90.72 0.0
S116808 337.6057 109.5321 1.305e-18 1.424e-18 1.244e-18 0.0 -90.82 0.0
S116809 337.5684 109.5182 2.343e-21 1.635e-21 5.6089999999999995e-22 0.0 -91.13 0.0
S116810 337.5691 109.5248 6.877e-20 9.699000000000001e-20 1.445e-19 0.0 -91.02 0.0
S116811 337.5679 109.5384 1.497e-19 2.06e-19 2.8e-19 0.0 -90.59 0.0
S116812 337.5843 109.5406 1.555e-21 1.138e-21 4.3159999999999995e-22 0.0 -90.3 0.0
S116813 337.5488 109.5451 7.655e-23 1.9579999999999998e-22 9.969999999999999e-22 0.0 -90.23 0.0
S116814 337.6037 109.5418 2.891e-18 3.151e-18 2.668e-18 0.0 -90.65 0.0
S116815 337.5865 109.5571 1.824e-17 1.577e-17 8.346e-18 0.0 -90.31 0.0
S116816 337.5793 109.509 7.092e-20 1.097e-19 2.009e-19 0.0 -91.2 0.0
S116817 337.5891 109.5271 1.323e-18 1.503e-18 1.369e-18 0.0 -90.95 0.0
S116818 337.5875 109.5133 3.816e-19 4.522e-19 4.7e-19 0.0 -91.1 0.0
S116819 337.566 109.5226 2.283e-21 4.602e-21 1.3860000000000002e-20 0.0 -91.07 0.0
S116820 337.5622 109.5352 2.0139999999999998e-23 6.709e-23 5.752999999999999e-22 0.0 -90.46 0.0
S116821 337.6027 109.5314 2.942e-21 1.994e-21 6.643999999999999e-22 0.0 -91.14 0.0
S116822 337.5853 109.5251 2.393e-21 4.503e-21 1.216e-20 0.0 -91.13 0.0
S116823 337.5595 109.5245 2.395e-18 2.731e-18 2.617e-18 0.0 -91.17 0.0
S116824 337.5669 109.5263 9.906e-18 9.403e-18 6.178e-18 0.0 -91.06 0.0
S116825 337.5792 109.5786 1.744e-17 1.565e-17 9.171e-18 0.0 -90.2 0.0
S116826 337.5813 109.5342 2.361e-21 1.631e-21 5.614e-22 0.0 -90.75 0.0
S116827 337.5628 109.5467 1.103e-18 1.297e-18 1.306e-18 0.0 -90.45 0.0
S116828 337.5802 109.5512 4.493e-20 6.512e-20 9.973e-20 0.0 -90.4 0.0
S116829 337.5606 109.5458 6.1e-19 7.375e-19 8.106e-19 0.0 -90.27 0.0
S116830 337.5905 109.5102 4.1079999999999995e-22 9.136999999999999e-22 3.463e-21 0.0 -91.15 0.0
S116831 337.5694 109.5577 3.065e-22 6.481999999999999e-22 2.184e-21 0.0 -90.28 0.0
S116832 337.5819 109.5378 3.759e-17 5.006e-17 6.49e-17 0.0 -90.68 0.0
S116833 337.5625 109.4994 2.592e-17 4.716e-17 1.195e-16 0.0 -91.2 0.0
S116834 337.6011 109.5395 4.706e-20 7.101e-20 1.212e-19 0.0 -90.69 0.0
S116835 337.5746 109.5394 3.4759999999999995e-22 9.023e-22 4.7490000000000004e-21 0.0 -90.34 0.0
S116836 337.6103 109.5227 7.509000000000001e-20 1.178e-19 2.148e-19 0.0 -91.15 0.0
S116837 337.5537 109.5267 7.45e-18 7.178e-18 4.705e-18 0.0 -90.75 0.0
S116838 337.5708 109.5545 7.002e-17 7.213e-17 5.575e-17 0.0 -90.27 0.0
S116839 337.5902 109.5519 3.08e-17 2.761e-17 1.69e-17 0.0 -90.31 0.0
S116840 337.5711 109.5138 5.868e-13 4.201e-13 1.526e-13 0.0 -91.13 0.0
S116841 337.5721 109.5301 3.886e-20 6.286000000000001e-20 1.205e-19 0.0 -91.07 0.0
S116842 337.5889 109.5604 2.8189999999999997e-22 6.371e-22 2.49e-21 0.0 -90.38 0.0
S116843 337.5719 109.4987 2.316e-21 1.601e-21 5.630999999999999e-22 0.0 -91.15 0.0
S116844 337.5504 109.5475 1.431e-18 1.564e-18 1.325e-18 0.0 -90.24 0.0
S116845 337.5672 109.532 6.418e-13 4.493e-13 1.525e-13 0.0 -90.77 0.0
S116846 337.5481 109.5195 1.538e-17 1.417e-17 8.713e-18 0.0 -90.9 0.0
S116847 337.5601 109.5395 8.8e-21 1.5440000000000002e-20 3.4660000000000006e-20 0.0 -90.52 0.0
S116848 337.5948 109.5336 3.495e-19 4.334e-19 4.957e-19 0.0 -91.14 0.0
S116849 337.5731 109.5604 1.478e-22 3.326e-22 1.297e-21 0.0 -90.25 0.0
S116850 337.5889 109.522 1.995e-20 3.092e-20 5.3940000000000004e-20 0.0 -91.16 0.0
S116851 337.578 109.5188 9.306000000000001e-20 1.268e-19 1.755e-19 0.0 -91.12 0.0
S116852 337.5814 109.5418 2.651e-23 7.239e-23 4.21e-22 0.0 -90.59 0.0
S116853 337.5758 109.5071 1.051e-16 1.154e-16 1.005e-16 0.0 -91.12 0.0
S116854 337.5584 109.5328 1.473e-21 3.151e-21 1.0740000000000001e-20 0.0 -90.68 0.0
S116855 337.5508 109.5423 9.369000000000001e-20 1.295e-19 1.786e-19 0.0 -90.27 0.0
S116856 337.5887 109.5439 1.621e-21 1.161e-21 4.339e-22 0.0 -90.27 0.0
S116857 337.5966 109.5037 9.918e-23 2.79e-22 1.6630000000000001e-21 0.0 -91.24 0.0
S116858 337.5775 109.5607 2.303e-17 1.936e-17 9.983e-18 0.0 -90.2 0.0
S116859 337.5854 109.5271 7.723e-18 7.282e-18 4.49e-18 0.0 -91.01 0.0
S116860 337.589 109.5463 1.8579999999999998e-22 4.365e-22 1.8990000000000002e-21 0.0 -90.22 0.0
S116861 337.5844 109.5409 1.503e-22 3.9819999999999995e-22 2.201e-21 0.0 -90.55 0.0
S116862 337.5877 109.5553 1.338e-16 1.151e-16 5.992e-17 0.0 -90.22 0.0
S116863 337.6035 109.5177 7.902e-17 2.019e-16 1.034e-15 0.0 -91.15 0.0
S116864 337.5861 109.5223 8.212e-20 1.149e-19 1.683e-19 0.0 -90.88 0.0
S116865 337.5416 109.5384 1.182e-18 1.325e-18 1.24e-18 0.0 -90.43 0.0
S116866 337.5626 109.5053 1.26e-13 8.272e-14 2.707e-14 0.0 -91.18 0.0
S116867 337.5879 109.5191 5.141e-18 5.065e-18 3.515e-18 0.0 -91.14 0.0
S116868 337.5731 109.5251 7.708999999999999e-22 1.577e-21 4.9990000000000004e-21 0.0 -91.14 0.0
S116869 337.6025 109.5366 4.353e-19 5.111e-19 5.256e-19 0.0 -90.76 0.0
S116870 337.567 109.551 5.025e-21 9.142000000000001e-21 2.2410000000000002e-20 0.0 -90.26 0.0
S116871 337.569 109.5706 4.532e-22 1.046e-21 4.319e-21 0.0 -90.2 0.0
S116872 337.5712 109.546 6.129e-17 5.131e-17 2.529e-17 0.0 -90.46 0.0
S116873 337.574 109.5141 3.453e-21 2.272e-21 7.176999999999999e-22 0.0 -91.2 0.0
S116874 337.5825 109.5457 7.206e-19 8.508e-19 8.682e-19 0.0 -90.33 0.0
S116875 337.6005 109.5381 5.252e-19 6.261e-19 6.535e-19 0.0 -90.75 1.0
S116876 337.5627 109.519 1.955e-16 1.752e-16 9.996e-17 0.0 -90.93 0.0
S116877 337.5687 109.5556 3.062e-17 4.152e-17 5.483e-17 0.0 -90.23 0.0
S116878 337.5316 109.5202 2.063e-18 2.255e-18 1.893e-18 0.0 -90.88 0.0
S116879 337.5724 109.5231 3.033e-16 2.982e-16 2.09e-16 0.0 -90.97 0.0
S116880 337.5574 109.5127 6.847e-24 2.3419999999999998e-23 2.192e-22 0.0 -91.17 0.0
S116881 337.5666 109.5482 3.935e-19 4.789e-19 5.251e-19 0.0 -90.29 0.0
S116882 337.5636 109.5385 6.877e-17 5.772e-17 3.043e-17 0.0 -90.43 0.0
S116883 337.5752 109.5404 4.276e-21 7.882000000000001e-21 1.9650000000000002e-20 0.0 -90.57 0.0
S116884 337.5861 109.5305 2.033e-19 2.633e-19 3.246e-19 0.0 -91.01 0.0
S116885 337.5564 109.5299 2.99e-23 8.413e-23 5.226e-22 0.0 -90.75 0.0
S116886 337.5473 109.5518 1.94e-21 1.351e-21 4.968999999999999e-22 0.0 -90.3 0.0
S116887 337.5778 109.5539 3.944e-17 3.379e-17 1.744e-17 0.0 -90.23 0.0
S116888 337.5855 109.5581 3.7879999999999995e-22 8.554e-22 3.243e-21 0.0 -90.27 0.0
S116889 337.5732 109.5133 1.053e-16 7.866e-17 3.311e-17 0.0 -91.16 0.0
S116890 337.5616 109.5221 6.051e-20 8.908000000000001e-20 1.443e-19 0.0 -90.89 0.0
S116891 337.5653 109.5507 4.9869999999999997e-23 1.199e-22 5.399999999999999e-22 0.0 -90.34 0.0
S116892 337.5912 109.5235 7.096e-17 5.85e-17 2.782e-17 0.0 -91.18 0.0
S116893 337.5815 109.5348 6.405e-23 1.7949999999999998e-22 1.141e-21 0.0 -90.73 0.0
S116894 337.5894 109.5415 4.117e-17 3.127e-17 1.307e-17 0.0 -90.4 0.0
S116895 337.5619 109.5422 1.916e-24 6.5749999999999996e-24 6.015e-23 0.0 -90.28 0.0
S116896 337.5649 109.556 3.9150000000000006e-20 5.901e-20 9.780000000000001e-20 0.0 -90.21 0.0
S116897 337.592 109.5203 3.737e-24 1.283e-23 1.195e-22 0.0 -91.05 0.0
S116898 337.5782 109.5268 7.547000000000001e-20 1.123e-19 1.844e-19 0.0 -90.86 0.0
S116899 337.5872 109.521 3.308e-18 3.363e-18 2.536e-18 0.0 -90.92 0.0
S116900 337.5738 109.5339 6.795e-16 4.807e-16 1.737e-16 0.0 -89.27 0.0
S116901 337.5728 109.5484 1.568e-17 1.474e-17 9.689e-18 0.0 -90.29 0.0
S116902 337.5767 109.5145 4.224e-17 3.619e-17 1.897e-17 0.0 -91.17 0.0
S116903 337.5748 109.5163 1.019e-12 7.114e-13 2.599e-13 0.0 -91.17 0.0
S116904 337.575 109.5126 5.012e-17 4.061e-17 1.974e-17 0.0 -91.16 0.0
S116905 337.5754 109.5106 4.766e-19 5.989e-19 7.067e-19 0.0 -91.15 0.0
S116906 337.5722 109.5605 2.977e-16 2.196e-16 8.524e-17 0.0 -90.25 0.0
S116907 337.5747 109.51 1.106e-15 7.916e-16 2.888e-16 0.0 -91.16 0.0
S116908 337.5757 109.56 4.61e-16 3.351e-16 1.31e-16 0.0 -90.26 0.0
S116909 337.5719 109.5005 5.081e-16 3.847e-16 1.616e-16 0.0 -91.21 0.0
S116910 337.5713 109.5037 1.183e-15 8.486e-16 3.1e-16 0.0 -91.2 0.0
S116911 337.5706 109.4995 3.021e-15 2.095e-15 7.217e-16 0.0 -91.16 0.0
S116912 337.5691 109.4989 4.243e-13 4.869e-13 4.681e-13 0.0 -91.17 0.0
S116913 337.5695 109.4962 5.379e-16 3.75e-16 1.379e-16 0.0 -91.21 0.0
S116914 337.5799 109.5725 1.072e-16 8.47e-17 3.92e-17 0.0 -90.26 0.0
S116915 337.5813 109.5736 7.368e-13 5.096e-13 1.818e-13 0.0 -90.24 0.0
S116916 337.5817 109.5756 5.54e-15 3.75e-15 1.265e-15 0.0 -90.3 0.0
S116917 337.5637 109.4933 2.121e-13 2.48e-13 2.563e-13 0.0 -91.15 0.0
S116918 337.5634 109.49 8.719e-16 6.254e-16 2.403e-16 0.0 -91.12 0.0
S116919 337.5858 109.5789 6.866e-17 5.846e-17 3.067e-17 0.0 -90.27 0.0
S116920 337.5891 109.5815 8.404e-19 9.79e-19 9.984e-19 0.0 -90.31 0.0
S116921 337.5564 109.487 2.343e-15 1.638e-15 5.607e-16 0.0 -91.07 0.0
S116922 337.5575 109.4835 2.829e-15 1.984e-15 6.871e-16 0.0 -91.1 0.0
S116923 337.5557 109.4833 1.08e-14 7.078e-15 2.217e-15 0.0 -91.11 0.0
S116924 337.5931 109.5826 2.569e-17 2.166e-17 1.114e-17 0.0 -90.37 0.0
S116925 337.5529 109.4862 3.584e-17 2.991e-17 1.48e-17 0.0 -91.07 0.0
S116926 337.5525 109.4845 6.023e-17 7.106e-17 7.282e-17 0.0 -91.07 0.0
S116927 337.5996 109.588 2.712e-15 1.846e-15 6.299e-16 0.0 -90.37 0.0
S116928 337.6001 109.5858 2.377e-15 1.741e-15 6.572e-16 0.0 -90.36 0.0
S116929 337.6042 109.5799 4.951e-16 3.964e-16 1.849e-16 0.0 -90.43 0.0
S116930 337.6042 109.5869 9.036e-17 7.363e-17 3.538e-17 0.0 -90.36 0.0
S116931 337.541 109.483 4.077e-19 4.567e-19 4.297e-19 0.0 -90.99 0.0
S116932 337.6055 109.5849 8.654e-18 1.237e-17 1.895e-17 0.0 -90.43 0.0
S116933 337.5383 109.4849 9.14e-16 6.328e-16 2.189e-16 0.0 -90.99 0.0
S116934 337.5363 109.4838 5.135e-19 6.124e-19 6.255e-19 0.0 -91.02 0.0
S116935 337.5339 109.4834 4.9230000000000006e-20 7.261000000000001e-20 1.173e-19 0.0 -90.97 0.0
S116936 337.5328 109.4852 2.168e-16 1.592e-16 6.362e-17 0.0 -90.92 0.0
S116937 337.5292 109.487 9.672e-16 6.757e-16 2.417e-16 0.0 -90.92 0.0
S116938 337.6233 109.5793 1.038e-16 1.312e-16 1.52e-16 0.0 -90.49 0.0
S116939 337.5219 109.49 5.222e-16 4.026e-16 1.683e-16 0.0 -90.88 0.0
S116940 337.6246 109.5791 4.549e-16 3.539e-16 1.493e-16 0.0 -90.57 1.0
S116941 337.5204 109.4936 3.154e-16 2.397e-16 1.028e-16 0.001 -90.88 0.0
S116942 337.5138 109.4932 1.259e-18 1.392e-18 1.233e-18 0.0 -90.86 0.0
S116943 337.6365 109.5754 7.959e-17 6.874e-17 3.758e-17 0.0 -90.63 0.0
S116944 337.5081 109.4964 5.706e-13 3.951e-13 1.391e-13 0.0 -90.85 0.0
S116945 337.5116 109.4963 4.169e-15 2.847e-15 9.827e-16 0.0 -90.8 0.0
S116946 337.6352 109.5659 6.894e-16 4.962e-16 1.867e-16 0.0 -90.64 0.0
S116947 337.5119 109.5032 9.656e-17 7.69e-17 3.514e-17 0.0 -90.82 0.0
S116948 337.504 109.5066 4.433e-17 3.811e-17 2.066e-17 0.0 -90.82 0.0
S116949 337.6425 109.5603 1.375e-15 9.121e-16 3.038e-16 0.0 -90.63 0.0
S116950 337.6479 109.5582 4.677e-16 3.517e-16 1.444e-16 0.0 -90.67 1.0
S116951 337.6478 109.5544 8.994e-18 8.37e-18 5.269e-18 0.0 -90.73 0.0
S116952 337.6476 109.55 2.39e-15 1.644e-15 5.715e-16 0.0 -90.69 0.0
S116953 337.6579 109.5502 1.39e-16 1.079e-16 4.777e-17 0.0 -90.67 1.0
S116954 337.6513 109.5447 7.488e-16 5.534e-16 2.2e-16 0.0 -90.77 0.0
S116955 337.6587 109.5429 1.63e-15 1.165e-15 4.297e-16 0.0 -90.74 0.0
S116956 337.6542 109.5375 7.366e-18 6.834e-18 4.269e-18 0.0 -90.78 0.0
S116957 337.6641 109.5375 1.535e-16 1.27e-16 6.222e-17 0.0 -90.78 0.0
S116958 337.4826 109.5341 1.494e-16 1.18e-16 5.266e-17 0.0 -90.66 1.0
S116959 337.6611 109.5253 5.84e-16 4.278e-16 1.62e-16 0.0 -90.78 0.0
S116960 337.6628 109.5266 3.036e-17 2.801e-17 1.756e-17 0.0 -90.78 0.0
S116961 337.6666 109.5215 2.263e-17 2.014e-17 1.143e-17 0.0 -90.83 0.0
S116962 337.6711 109.516 4.75e-16 3.649e-16 1.493e-16 0.0 -90.86 1.0
S116963 337.4779 109.556 4.14e-15 2.749e-15 8.852e-16 0.0 -90.53 0.0
S116964 337.4704 109.5617 1.115e-15 8.04e-16 2.947e-16 0.0 -90.55 0.0
S116965 337.4676 109.566 7.437e-17 6.346e-17 3.224e-17 0.0 -90.55 0.0
S116966 337.6798 109.5023 1.03e-12 8.453e-13 4.051e-13 0.0 -90.91 1.0
S116967 337.6776 109.4968 2.063e-16 1.596e-16 6.764e-17 0.0 -90.92 1.0
S116968 337.6748 109.4902 1.942e-17 1.793e-17 1.109e-17 0.0 -90.9 0.0
S116969 337.6774 109.4889 6.643e-13 5.616e-13 2.925e-13 0.0 -90.96 1.0
S116970 337.6776 109.4778 1.952e-15 1.394e-15 5.057e-16 0.0 -90.92 0.0
S116971 337.4718 109.5923 2.978e-15 2.126e-15 7.557e-16 0.0 -90.45 0.0
S116972 337.4678 109.5974 5.843e-13 5.428e-13 3.471e-13 0.0 -90.46 1.0
S116973 337.461 109.6043 2.609e-18 2.629e-18 1.872e-18 0.0 -90.4 0.0
S116974 337.6807 109.4679 6.64e-16 4.73e-16 1.77e-16 0.0 -90.96 0.0
S116975 337.6778 109.4554 8.555e-16 6.256e-16 2.44e-16 0.0 -91.02 0.0
S116976 337.6883 109.4549 2.388e-15 1.689e-15 6.086e-16 0.0 -91.01 0.0
S116977 337.4646 109.6211 3.527e-15 2.521e-15 9.541e-16 0.0 -90.39 0.0
S116978 337.6875 109.45 3.2349999999999996e-23 8.702e-23 4.918999999999999e-22 0.0 -91.0 0.0
S116979 337.689 109.4305 1.173e-16 1.101e-16 7.149e-17 0.0 -91.06 0.0
S116980 337.6862 109.4345 1.046e-16 8.003e-17 3.422e-17 0.0 -91.04 0.0
S116981 337.6879 109.4283 3.426e-15 2.295e-15 7.571e-16 0.0 -91.04 0.0
S116982 337.6847 109.421 4.748e-17 3.965e-17 2.07e-17 0.0 -91.09 0.0
S116983 337.6893 109.4177 8.218e-13 6.535e-13 3.046e-13 0.0 -91.07 1.0
S116984 337.6824 109.4155 4.089e-19 5.23e-19 6.235e-19 0.0 -91.09 0.0
S116985 337.6885 109.398 1.185e-14 8.047e-15 2.646e-15 0.0 -91.08 0.0
S116986 337.6812 109.3986 7.398e-13 5.145e-13 1.824e-13 0.0 -91.12 0.0
S116987 337.466 109.6769 1.828e-15 1.276e-15 4.51e-16 0.0 -90.31 0.0
S116988 337.4613 109.6785 1.29e-17 1.198e-17 7.245e-18 0.0 -90.3 0.0
S116989 337.5722 109.5186 5.255e-16 3.918e-16 1.57e-16 0.0 -91.1 0.0
S116990 337.572 109.5175 1.883e-16 1.456e-16 6.2e-17 0.001 -91.11 1.0
S116991 337.5708 109.5193 1.728e-16 1.602e-16 1.008e-16 0.0 -91.12 0.0
S116992 337.5716 109.5512 1.357e-19 1.804e-19 2.338e-19 0.0 -90.29 0.0
S116993 337.5765 109.5508 2.182e-21 1.513e-21 5.082999999999999e-22 0.0 -90.3 0.0
S116994 337.5796 109.5549 1.397e-18 1.489e-18 1.269e-18 0.0 -90.3 0.0
S116995 337.5705 109.5185 4.207e-17 4.99e-17 5.01e-17 0.0 -91.1 0.0
S116996 337.5798 109.554 2.2989999999999997e-22 5.672e-22 2.656e-21 0.0 -90.31 0.0
S116997 337.5709 109.5101 5.434e-17 4.287e-17 1.875e-17 0.0 -91.16 0.0
S116998 337.5718 109.5582 7.332e-17 5.848e-17 2.771e-17 0.0 -90.27 0.0
S116999 337.5709 109.5119 6.52e-17 5.446e-17 2.741e-17 0.0 -91.11 0.0
S117000 337.5785 109.5546 9.482e-24 2.753e-23 1.8099999999999998e-22 0.0 -90.3 0.0
S117001 337.5687 109.5088 2.512e-16 2.019e-16 9.389e-17 0.0 -91.11 0.0
S117002 337.581 109.5643 2.805e-21 1.897e-21 6.497999999999999e-22 0.0 -90.24 0.0
S117003 337.5702 109.5076 9.778e-17 7.71e-17 3.426e-17 0.0 -91.15 0.0
S117004 337.5803 109.5604 1.6060000000000002e-20 2.5380000000000002e-20 4.6810000000000006e-20 0.0 -90.31 0.0
S117005 337.5682 109.5118 6.472e-17 5.781e-17 3.24e-17 0.0 -91.09 0.0
S117006 337.5844 109.5631 2.49e-17 2.545e-17 1.866e-17 0.0 -90.32 0.0
S117007 337.5815 109.56 4.965e-18 4.909e-18 3.487e-18 0.0 -90.33 0.0
S117008 337.5682 109.5041 1.009e-16 8.505e-17 4.206e-17 0.0 -91.11 0.0
S117009 337.5676 109.5021 2.973e-18 3.053e-18 2.419e-18 0.0 -91.18 0.0
S117010 337.5665 109.5052 1.938e-17 1.608e-17 8.175e-18 0.0 -91.09 0.0
S117011 337.5801 109.5692 1.9480000000000002e-20 2.905e-20 4.809e-20 0.0 -90.27 0.0
S117012 337.5642 109.5025 1.604e-19 2.126e-19 2.838e-19 0.0 -91.13 0.0
S117013 337.5615 109.4978 2.21e-17 2.226e-17 1.606e-17 0.0 -91.11 0.0
S117014 337.5796 109.5733 1.6e-16 1.84e-16 1.794e-16 0.0 -90.26 0.0
S117015 337.5854 109.5641 2.631e-21 1.825e-21 6.266e-22 0.0 -90.34 0.0
S117016 337.5894 109.5684 4.733e-16 3.583e-16 1.519e-16 0.0 -90.36 1.0
S117017 337.5852 109.5725 8.939e-18 8.604e-18 5.77e-18 0.0 -90.29 0.0
S117018 337.5591 109.5004 8.466000000000001e-20 1.157e-19 1.593e-19 0.0 -91.1 0.0
S117019 337.5879 109.5693 2.0609999999999997e-22 5.279999999999999e-22 2.591e-21 0.0 -90.34 0.0
S117020 337.5561 109.4943 2.619e-21 1.797e-21 5.990999999999999e-22 0.0 -91.05 0.0
S117021 337.5596 109.4983 1.75e-16 1.689e-16 1.156e-16 0.0 -91.07 0.0
S117022 337.5885 109.5797 3.478e-17 2.97e-17 1.551e-17 0.0 -90.34 0.0
S117023 337.5572 109.4909 3.618e-21 6.930000000000001e-21 1.8650000000000002e-20 0.0 -91.09 0.0
S117024 337.5894 109.567 4.495e-23 1.092e-22 4.916e-22 0.0 -90.38 0.0
S117025 337.5516 109.4942 7.4e-13 6.582e-13 3.719e-13 0.0 -90.98 1.0
S117026 337.5902 109.5761 2.302e-21 4.3930000000000004e-21 1.204e-20 0.0 -90.34 0.0
S117027 337.5514 109.4882 4.339e-18 4.309e-18 3.077e-18 0.001 -91.02 0.0
S117028 337.5506 109.4943 4.429e-19 5.66e-19 6.676e-19 0.0 -91.03 0.0
S117029 337.5943 109.5736 2.91e-18 2.953e-18 2.172e-18 0.0 -90.4 0.0
S117030 337.5515 109.4987 1.045e-24 4.195e-24 5.484e-23 0.0 -91.0 0.0
S117031 337.593 109.5753 4.649e-17 7.572e-17 1.451e-16 0.0 -90.35 0.0
S117032 337.5972 109.577 2.169e-17 1.949e-17 1.108e-17 0.0 -90.39 0.0
S117033 337.5449 109.4891 5.124e-19 6.225e-19 6.601e-19 0.0 -91.01 0.0
S117034 337.5969 109.5769 2.298e-21 1.599e-21 5.562999999999999e-22 0.0 -90.38 0.0
S117035 337.55 109.4903 2.256e-16 2.3e-16 1.743e-16 0.0 -91.02 0.0
S117036 337.5402 109.4889 2.885e-17 2.519e-17 1.364e-17 0.0 -91.0 0.0
S117037 337.6025 109.5735 7.951e-18 7.575e-18 4.94e-18 0.0 -90.39 0.0
S117038 337.5462 109.494 6.061e-17 5.082e-17 2.656e-17 0.0 -91.01 0.0
S117039 337.5474 109.4982 2.147e-18 2.212e-18 1.694e-18 0.0 -90.94 0.0
S117040 337.5976 109.5742 1.942e-21 4.1550000000000004e-21 1.419e-20 0.0 -90.42 0.0
S117041 337.543 109.491 7.686e-17 6.14e-17 2.879e-17 0.0 -90.98 0.0
S117042 337.5369 109.4983 4.094e-16 2.976e-16 1.15e-16 0.0 -90.92 0.0
S117043 337.6052 109.5731 2.174e-16 2.169e-16 1.539e-16 0.0 -90.43 0.0
S117044 337.6031 109.5687 6.294e-17 1.14e-16 2.786e-16 0.0 -90.46 0.0
S117045 337.5374 109.4925 4.294e-16 3.302e-16 1.352e-16 0.0 -90.94 1.0
S117046 337.5451 109.4971 1.634e-17 1.532e-17 9.382e-18 0.0 -90.96 0.0
S117047 337.5247 109.4959 1.116e-17 1.04e-17 6.672e-18 0.0 -90.89 0.0
S117048 337.6182 109.569 1.381e-16 1.179e-16 6.216e-17 0.0 -90.54 0.0
S117049 337.5391 109.4979 2.404e-16 2.168e-16 1.248e-16 0.0 -90.9 0.0
S117050 337.5327 109.4954 1.569e-16 1.245e-16 5.62e-17 0.0 -90.93 1.0
S117051 337.6141 109.5694 6.311e-17 5.061e-17 2.371e-17 0.001 -90.53 0.0
S117052 337.6161 109.5677 4.197e-17 3.545e-17 1.799e-17 0.0 -90.51 0.0
S117053 337.5251 109.4987 2.353e-16 2.338e-16 1.618e-16 0.0 -90.86 0.0
S117054 337.6227 109.5694 3.424e-20 5.363000000000001e-20 9.518000000000001e-20 0.0 -90.56 0.0
S117055 337.6221 109.5696 1.214e-18 1.391e-18 1.322e-18 0.0 -90.56 0.0
S117056 337.6215 109.5682 9.190999999999999e-23 2.16e-22 9.358e-22 0.0 -90.55 0.0
S117057 337.5306 109.4997 7.326e-18 1.219e-17 2.618e-17 0.0 -90.92 0.0
S117058 337.5205 109.4985 1.72e-16 1.359e-16 6.05e-17 0.0 -90.87 1.0
S117059 337.617 109.5666 9.729e-17 7.999e-17 3.86e-17 0.0 -90.55 0.0
S117060 337.5199 109.4973 5.759e-18 5.645e-18 3.867e-18 0.0 -90.83 0.0
S117061 337.6308 109.5675 1.914e-17 2.662e-17 3.844e-17 0.0 -90.61 0.0
S117062 337.6246 109.5628 5.0759999999999996e-24 1.703e-23 1.5019999999999998e-22 0.0 -90.63 0.0
S117063 337.6274 109.5687 3.526e-17 2.813e-17 1.332e-17 0.0 -90.58 0.0
S117064 337.6273 109.5594 7.581e-16 5.374e-16 1.98e-16 0.0 -90.59 0.0
S117065 337.6287 109.5588 4.605e-17 6.474e-17 9.71e-17 0.0 -90.64 0.0
S117066 337.629 109.5603 4.296e-17 3.701e-17 2.026e-17 0.0 -90.59 0.0
S117067 337.6398 109.5588 1.346e-21 2.6960000000000002e-21 8.012e-21 0.0 -90.63 0.0
S117068 337.5175 109.5099 2.303e-19 3.014e-19 3.905e-19 0.0 -90.78 0.0
S117069 337.637 109.5596 2.059e-18 2.271e-18 2.014e-18 0.0 -90.66 0.0
S117070 337.632 109.5564 6.712e-17 8.396e-17 9.098e-17 0.0 -90.62 0.0
S117071 337.5122 109.5147 4.982e-19 6.088e-19 6.386e-19 0.0 -90.73 0.0
S117072 337.6322 109.5556 7.942e-17 1.379e-16 3.121e-16 0.0 -90.65 0.0
S117073 337.6361 109.5537 3.404e-17 3.113e-17 1.829e-17 0.0 -90.67 0.0
S117074 337.5036 109.5128 4.739e-17 5.545e-17 5.454e-17 0.0 -90.79 0.0
S117075 337.6357 109.5519 1.729e-21 3.447e-21 1.004e-20 0.0 -90.68 0.0
S117076 337.5052 109.5156 6.248e-17 5.146e-17 2.605e-17 0.0 -90.75 0.0
S117077 337.507 109.5191 1.239e-19 1.74e-19 2.541e-19 0.0 -90.76 0.0
S117078 337.5074 109.52 4.709e-17 4.166e-17 2.331e-17 0.0 -90.7 0.0
S117079 337.5176 109.5225 7.831e-17 6.58e-17 3.295e-17 0.0 -90.76 0.0
S117080 337.6443 109.5466 9.109e-16 6.633e-16 2.424e-16 0.0 -90.74 0.0
S117081 337.5014 109.5219 3.7379999999999996e-22 8.241e-22 3.14e-21 0.0 -90.74 0.0
S117082 337.5004 109.5228 3.133e-17 2.813e-17 1.559e-17 0.0 -90.7 0.0
S117083 337.5041 109.5275 1.017e-17 9.412e-18 6.012e-18 0.0 -90.7 0.0
S117084 337.6439 109.5378 1.073e-22 2.8859999999999997e-22 1.601e-21 0.0 -90.74 0.0
S117085 337.493 109.5273 1.325e-17 2.288e-17 5.198e-17 0.0 -90.67 1.0
S117086 337.4864 109.5289 8.519e-18 8.444e-18 5.822e-18 0.0 -90.69 0.0
S117087 337.6442 109.5343 4.193e-16 3.194e-16 1.336e-16 0.0 -90.79 1.0
S117088 337.6383 109.5311 7.76e-17 6.174e-17 2.77e-17 0.0 -90.76 0.0
S117089 337.4921 109.5327 2.349e-13 1.578e-13 5.186e-14 0.0 -90.7 0.0
S117090 337.4984 109.5379 9.664999999999999e-23 2.701e-22 1.624e-21 0.001 -90.65 0.0
S117091 337.4937 109.5375 1.287e-16 1.161e-16 6.782e-17 0.0 -90.6 0.0
S117092 337.4869 109.5388 9.614e-16 6.796e-16 2.532e-16 0.0 -90.66 0.0
S117093 337.6646 109.5255 9.745e-24 2.8939999999999997e-23 1.9809999999999998e-22 0.0 -90.83 0.0
S117094 337.6536 109.5229 6.615e-17 7.687e-17 7.665e-17 0.0 -90.81 0.0
S117095 337.501 109.5476 2.769e-16 2.037e-16 8.024e-17 0.0 -90.59 0.0
S117096 337.6566 109.5183 2.086e-16 1.593e-16 6.678e-17 0.0 -90.82 1.0
S117097 337.6524 109.5176 2.415e-17 2.148e-17 1.206e-17 0.0 -90.87 0.0
S117098 337.4885 109.5448 8.892e-21 1.5610000000000002e-20 3.644e-20 0.0 -90.61 0.0
S117099 337.6595 109.5156 2.142e-16 1.618e-16 6.774e-17 0.0 -90.85 1.0
S117100 337.6543 109.5129 1.184e-15 8.204e-16 2.943e-16 0.0 -90.81 0.0
S117101 337.65 109.5157 4.437e-22 1.105e-21 5.111e-21 0.0 -90.88 0.0
S117102 337.4844 109.5556 5.088e-17 4.634e-17 2.677e-17 0.0 -90.57 0.0
S117103 337.6651 109.5162 4.443e-17 6.53e-17 1.058e-16 0.0 -90.88 0.0
S117104 337.4852 109.5561 4.101e-18 4.331e-18 3.588e-18 0.0 -90.55 0.0
S117105 337.6736 109.5031 7.092999999999999e-22 1.519e-21 5.139e-21 0.0 -90.89 0.0
S117106 337.6696 109.5104 4.2000000000000004e-20 6.375000000000001e-20 1.071e-19 0.0 -90.85 0.0
S117107 337.6726 109.5054 3.445e-20 5.448e-20 9.890000000000001e-20 0.0 -90.9 0.0
S117108 337.6627 109.4994 3.992e-13 2.817e-13 1.011e-13 0.0 -90.93 0.0
S117109 337.6722 109.4997 5.396e-17 4.557e-17 2.331e-17 0.0 -90.88 0.0
S117110 337.6754 109.4997 4.141e-18 4.138e-18 2.905e-18 0.001 -90.88 0.0
S117111 337.6669 109.4902 5.349e-17 6.019e-17 5.496e-17 0.0 -90.93 0.0
S117112 337.6721 109.4857 6.791000000000001e-20 1.012e-19 1.613e-19 0.0 -90.93 0.0
S117113 337.6736 109.4922 2.436e-23 7.515999999999999e-23 5.765999999999999e-22 0.0 -90.92 0.0
S117114 337.4763 109.5761 3.683e-21 6.957e-21 1.935e-20 0.0 -90.52 0.0
S117115 337.6801 109.486 3.7440000000000003e-28 3.572e-27 2.936e-25 0.0 -90.91 0.0
S117116 337.6699 109.4717 3.613e-19 4.653e-19 5.666e-19 0.0 -90.98 0.0
S117117 337.478 109.594 5.594e-18 4.981e-18 2.747e-18 0.0 -90.43 0.0
S117118 337.6652 109.4743 2.26e-21 1.571e-21 5.473999999999999e-22 0.0 -90.95 0.0
S117119 337.4699 109.5815 1.109e-16 1.08e-16 7.204e-17 0.0 -90.5 0.0
S117120 337.4753 109.5969 8.251000000000001e-21 1.4720000000000002e-20 3.389e-20 0.0 -90.4 0.0
S117121 337.6783 109.4787 3.572e-17 5.807e-17 1.193e-16 0.0 -90.98 0.0
S117122 337.6644 109.4724 1.098e-17 9.567e-18 5.121e-18 0.0 -91.02 0.0
S117123 337.6747 109.4719 1.099e-16 8.349e-17 3.579e-17 0.0 -90.99 0.0
S117124 337.479 109.6112 2.851e-16 2.139e-16 8.471e-17 0.0 -90.42 0.0
S117125 337.4812 109.6075 1.552e-16 1.601e-16 1.208e-16 0.0 -90.37 0.0
S117126 337.4687 109.6002 2.021e-19 2.729e-19 3.745e-19 0.0 -90.44 0.0
S117127 337.6819 109.4706 1.784e-18 1.953e-18 1.715e-18 0.0 -91.01 0.0
S117128 337.6731 109.469 1.3939999999999998e-22 3.3049999999999995e-22 1.424e-21 0.0 -91.0 0.0
S117129 337.6692 109.4602 9.645e-18 9.241e-18 6.069e-18 0.0 -91.02 0.0
S117130 337.6787 109.447 1.3669999999999998e-22 3.1529999999999997e-22 1.273e-21 0.0 -91.04 0.0
S117131 337.4675 109.6304 1.368e-16 1.033e-16 4.329e-17 0.0 -90.35 0.0
S117132 337.4697 109.6348 7.849e-19 8.868e-19 8.305e-19 0.0 -90.37 0.0
S117133 337.6764 109.4372 8.71e-19 1.048e-18 1.09e-18 0.0 -91.09 0.0
S117134 337.4765 109.6275 1.066e-22 2.591e-22 1.209e-21 0.0 -90.34 0.0
S117135 337.4598 109.629 3.431e-20 5.1780000000000006e-20 8.745e-20 0.0 -90.41 0.0
S117136 337.6792 109.4421 5.5349999999999996e-24 1.604e-23 1.1049999999999999e-22 0.0 -91.02 0.0
S117137 337.4801 109.6311 3.555e-22 8.081999999999999e-22 3.288e-21 0.0 -90.37 0.0
S117138 337.68 109.4276 5.843e-19 7.112e-19 7.668e-19 0.0 -91.06 0.0
S117139 337.6771 109.422 4.094e-16 2.979e-16 1.148e-16 0.0 -91.07 0.0
S117140 337.4837 109.6273 3.798e-19 4.825e-19 5.681e-19 0.0 -90.34 0.0
S117141 337.6882 109.4223 8.939e-22 1.878e-21 6.345e-21 0.0 -91.06 0.0
S117142 337.6777 109.4341 4.407e-16 3.272e-16 1.334e-16 0.0 -91.1 0.0
S117143 337.471 109.6529 1.744e-15 1.219e-15 4.426e-16 0.0 -90.34 0.0
S117144 337.4698 109.6625 4.366e-16 3.289e-16 1.35e-16 0.0 -90.3 1.0
S117145 337.4657 109.6475 1.464e-19 2.028e-19 2.879e-19 0.0 -90.35 0.0
S117146 337.4647 109.6586 4.0730000000000006e-20 6.243e-20 1.07e-19 0.0 -90.32 0.0
S117147 337.4738 109.6608 1.987e-16 1.597e-16 7.561e-17 0.0 -90.31 0.0
S117148 337.6735 109.4311 1.432e-16 1.216e-16 6.196e-17 0.0 -91.07 0.0
S117149 337.6739 109.4126 3.559e-18 4.03e-18 3.826e-18 0.0 -91.14 0.0
S117150 337.674 109.4085 4.6180000000000007e-20 6.902e-20 1.103e-19 0.0 -91.11 1.0
S117151 337.4767 109.6691 2.911e-19 3.625e-19 4.123e-19 0.0 -90.29 0.0
S117152 337.4831 109.6526 1.683e-19 2.251e-19 2.955e-19 0.0 -90.27 0.0
S117153 337.6688 109.3971 3.403e-17 3.717e-17 3.095e-17 0.0 -91.15 0.0
S117154 337.6702 109.3756 3.578e-18 3.701e-18 2.8e-18 0.0 -91.17 0.0
S117155 337.4768 109.6947 8.393e-17 6.762e-17 3.094e-17 0.0 -90.27 0.0
S117156 337.4768 109.6698 6.87e-19 8.269e-19 9.064e-19 0.0 -90.25 0.0
S117157 337.6792 109.3949 3.296e-18 3.284e-18 2.426e-18 0.0 -91.11 0.0
S117158 337.6743 109.3786 2.677e-16 2.339e-16 1.333e-16 0.0 -91.17 0.0
S117159 337.4906 109.695 2.317e-22 5.708999999999999e-22 2.738e-21 0.0 -90.24 0.0
S117160 337.6657 109.3743 4.422e-13 4.197e-13 2.662e-13 0.0 -91.19 1.0
S117161 337.4792 109.7018 3.906e-20 6.146000000000001e-20 1.169e-19 0.0 -90.26 0.0
S117162 337.483 109.6822 1.109e-18 1.273e-18 1.193e-18 0.0 -90.23 0.0
S117163 337.6591 109.388 7.918e-17 6.582e-17 3.158e-17 0.0 -91.16 0.0
S117164 337.6633 109.3704 2.174e-16 1.644e-16 6.822e-17 0.0 -91.21 1.0
S117165 337.4787 109.6953 8.705e-18 8.325e-18 5.277e-18 0.0 -90.26 0.0
